"","ShrubID","Year","RingWidth","BAI","Age","Estab","Section","SiteID","Species","StemLength","StemHeight","StemDiam","CanopyCover","Twigs","Moose","Hare","Ptarmagin","PropMoose","PropHare","PropPtarmagin","Bin_Moose","Bin_Hare","Bin_Ptarmagin","Binary_Browse","MooseFeces","HareFeces","PtarmaginFeces","DistToRoad","RoadSide","GMU","VegCoverGIS","VegCoverOBS","SoilText","SoilMoist","LastBurn","Elevation","Aspect","Slope","X_Cord","Y_Cord","resid","resid_t","Shrub_ID_year","iem.summ.temp","iem.temp","iem.summ.rain","iem.wint.rain","summ.temp","temp","summ.min","summ.max","wint.rain","pet","wet","frost","summ.rain","HareIndex","GMU_year","MooseDensity"
"1","102-1-B-BENA",2018,0.096,0.169947596188593,15,2003,5,"102-1","BENA",81,NA,11,0,18,0,0,2,0,0,0.111111111,NA,NA,"Ptarmagin",1,0,0,0,978.645101,"West","24A","Low Shrub","Low Shrub","Sandy Loam","Mesic",2004,428.203827,339,4.033863,-150.565499,66.400721,-1.6770827207769,0.186918474808746,"102-1-B-BENA_2018",NA,NA,NA,NA,12.8333336512248,-3.62499998013178,7.80000003178914,17.9000005722046,68.4000000953674,1.17500001875063,121.439995765686,242.559998769313,178.299999237061,3,"24A_2018",0.77
"2","102-1-C-BENA",2018,0.1245,0.23311245808167,13,2005,5,"102-1","BENA",109,NA,11,0,37,0,0,3,0,0,0.081081081,NA,NA,"Ptarmagin",1,0,0,0,978.645101,"West","24A","Low Shrub","Low Shrub","Sandy Loam","Mesic",2004,428.203827,339,4.033863,-150.565499,66.400721,-1.53181962994335,0.216142010795171,"102-1-C-BENA_2018",NA,NA,NA,NA,12.8333336512248,-3.62499998013178,7.80000003178914,17.9000005722046,68.4000000953674,1.17500001875063,121.439995765686,242.559998769313,178.299999237061,3,"24A_2018",0.77
"3","102-2-B-BENA",2018,0.1585,0.392129668030261,15,2003,5,"102-2","BENA",63,NA,11,0,9,0,0,0,0,0,0,NA,NA,NA,0,0,0,1,973.266715,"West","24A","Tall Shrub (Open-Closed)","Low Shrub","Sandy Loam","Mesic",2004,426.001434,321,4.435797,-150.566012,66.400957,-0.840980281707441,0.431287532858884,"102-2-B-BENA_2018",NA,NA,NA,NA,12.8333336512248,-3.62499998013178,7.80000003178914,17.9000005722046,68.4000000953674,1.17500001875063,121.439995765686,242.559998769313,178.299999237061,3,"24A_2018",0.77
"4","102-2-C-BENA",2018,0.08475,0.292009662704387,14,2004,5,"102-2","BENA",167,NA,16,0,31,0,0,0,0,0,0,NA,NA,NA,0,0,0,1,973.266715,"West","24A","Tall Shrub (Open-Closed)","Low Shrub","Sandy Loam","Mesic",2004,426.001434,321,4.435797,-150.566012,66.400957,-1.21811781935668,0.29578636669955,"102-2-C-BENA_2018",NA,NA,NA,NA,12.8333336512248,-3.62499998013178,7.80000003178914,17.9000005722046,68.4000000953674,1.17500001875063,121.439995765686,242.559998769313,178.299999237061,3,"24A_2018",0.77
"5","102-3-A-BENA",2018,0.04975,0.078186190816675,14,2004,5,"102-3","BENA",118,NA,7,10,21,0,0,0,0,0,0,NA,NA,NA,0,0,0,0,939.238254,"West","24A","Tussock Tundra (Low shrub or Herbaceous)","Low Shrub","Sandy Loam","Mesic",2004,424.339783,330,3.896938,-150.565669,66.401242,-2.53581166859512,0.0791974111183908,"102-3-A-BENA_2018",NA,NA,NA,NA,12.8333336512248,-3.62499998013178,7.80000003178914,17.9000005722046,68.4000000953674,1.17500001875063,121.439995765686,242.559998769313,178.299999237061,3,"24A_2018",0.77
"6","102-3-B-BENA",2018,0.082,0.12429711333928,38,1980,5,"102-3","BENA",72,NA,16,0,12,0,0,0,0,0,0,NA,NA,NA,0,0,0,0,939.238254,"West","24A","Tussock Tundra (Low shrub or Herbaceous)","Low Shrub","Sandy Loam","Mesic",2004,424.339783,330,3.896938,-150.565669,66.401242,-0.880646894126955,0.414514677820862,"102-3-B-BENA_2018",NA,NA,NA,NA,12.8333336512248,-3.62499998013178,7.80000003178914,17.9000005722046,68.4000000953674,1.17500001875063,121.439995765686,242.559998769313,178.299999237061,3,"24A_2018",0.77
"7","102-4-A-BENA",2018,0.1505,0.468554407115977,14,2004,5,"102-4","BENA",88,NA,11,0,17,0,0,0,0,0,0,NA,NA,NA,0,0,0,0,934.189604,"West","24A","Low Shrub","Low Shrub","Sandy Loam","Mesic",2004,423.102509,349,3.666453,-150.566049,66.401434,-0.745252487144648,0.474614450762879,"102-4-A-BENA_2018",NA,NA,NA,NA,12.8333336512248,-3.62499998013178,7.80000003178914,17.9000005722046,68.4000000953674,1.17500001875063,121.439995765686,242.559998769313,178.299999237061,3,"24A_2018",0.77
"8","102-4-C-BENA",2018,0.0236666666666667,0.0586629681307075,14,2004,5,"102-4","BENA",97,NA,15,5,9,0,0,0,0,0,0,NA,NA,NA,0,0,0,0,934.189604,"West","24A","Low Shrub","Low Shrub","Sandy Loam","Mesic",2004,423.102509,349,3.666453,-150.566049,66.401434,-2.82309605137467,0.0594216850308794,"102-4-C-BENA_2018",NA,NA,NA,NA,12.8333336512248,-3.62499998013178,7.80000003178914,17.9000005722046,68.4000000953674,1.17500001875063,121.439995765686,242.559998769313,178.299999237061,3,"24A_2018",0.77
"9","111-1-A-BENA",2018,0.13025,0.296562223158519,30,1988,6,"111-1","BENA",45,37,7,0,7,0,0,0,0,0,0,NA,NA,NA,0,0,0,0,640.914524,"West","24A","Tall Shrub (Open-Closed)","Low Shrub","Gravely Sand Loam","Mesic",0,512.854736,12,8.158982,-150.736683,66.498494,-0.293156478405648,0.74590541347495,"111-1-A-BENA_2018",NA,NA,NA,NA,12.8333336512248,-3.62499998013178,7.80000003178914,17.9000005722046,68.4000000953674,1.17500001875063,121.439995765686,242.559998769313,178.299999237061,3,"24A_2018",0.77
"10","111-1-B-BENA",2018,0.0895,0.114718397338485,22,1996,6,"111-1","BENA",89,51,9,0,12,0,0,0,0,0,0,NA,NA,NA,0,0,0,0,640.914524,"West","24A","Tall Shrub (Open-Closed)","Low Shrub","Gravely Sand Loam","Mesic",0,512.854736,12,8.158982,-150.736683,66.498494,-1.61305298977582,0.199278289836675,"111-1-B-BENA_2018",NA,NA,NA,NA,12.8333336512248,-3.62499998013178,7.80000003178914,17.9000005722046,68.4000000953674,1.17500001875063,121.439995765686,242.559998769313,178.299999237061,3,"24A_2018",0.77
"11","111-2-A-BENA",2018,0.11,0.229807502610092,18,2000,6,"111-2","BENA",70,39,11,0,13,0,0,0,0,0,0,NA,NA,NA,0,0,0,0,685.564701,"West","24A","Tall Shrub (Open-Closed)","Low Shrub","Gravely Sand Loam","Mesic",0,516.430603,8,6.353059,-150.737535,66.498284,-1.15775947930385,0.314189340586614,"111-2-A-BENA_2018",NA,NA,NA,NA,12.8333336512248,-3.62499998013178,7.80000003178914,17.9000005722046,68.4000000953674,1.17500001875063,121.439995765686,242.559998769313,178.299999237061,3,"24A_2018",0.77
"12","111-2-D-BENA",2018,0.0705,0.146289047312572,22,1996,6,"111-2","BENA",75,31,6,0,7,0,0,0,0,0,0,NA,NA,NA,0,0,0,0,685.564701,"West","24A","Tall Shrub (Open-Closed)","Low Shrub","Gravely Sand Loam","Mesic",0,516.430603,8,6.353059,-150.737535,66.498284,-1.36994895568019,0.254119930600756,"111-2-D-BENA_2018",NA,NA,NA,NA,12.8333336512248,-3.62499998013178,7.80000003178914,17.9000005722046,68.4000000953674,1.17500001875063,121.439995765686,242.559998769313,178.299999237061,3,"24A_2018",0.77
"13","111-3-A-BENA",2018,0.08375,0.113991707687801,31,1987,6,"111-3","BENA",108,46,7,0,11,0,0,0,0,0,0,NA,NA,NA,0,0,0,0,664.632709,"West","24A","Tall Shrub (Open-Closed)","Low Shrub","Gravely Sand Loam","Mesic",0,511.257965,359,9.703425,-150.737553,66.498636,-1.21015846472463,0.298150029423945,"111-3-A-BENA_2018",NA,NA,NA,NA,12.8333336512248,-3.62499998013178,7.80000003178914,17.9000005722046,68.4000000953674,1.17500001875063,121.439995765686,242.559998769313,178.299999237061,3,"24A_2018",0.77
"14","111-3-D-BENA",2018,0.2775,0.974227516832279,21,1997,6,"111-3","BENA",95,38,7,3,16,0,0,0,0,0,0,NA,NA,NA,0,0,0,0,664.632709,"West","24A","Tall Shrub (Open-Closed)","Low Shrub","Gravely Sand Loam","Mesic",0,511.257965,359,9.703425,-150.737553,66.498636,0.470597337679648,1.60095021554184,"111-3-D-BENA_2018",NA,NA,NA,NA,12.8333336512248,-3.62499998013178,7.80000003178914,17.9000005722046,68.4000000953674,1.17500001875063,121.439995765686,242.559998769313,178.299999237061,3,"24A_2018",0.77
"15","111-4-A-BENA",2018,0.28275,0.818332853631815,20,1998,6,"111-4","BENA",112,61,10,0,19,0,0,0,0,0,0,NA,NA,NA,0,0,0,0,707.594422,"West","24A","Tall Shrub (Open-Closed)","Low Shrub","Gravely Sand Loam","Mesic",0,515.006653,353,8.170983,-150.73833,66.498407,0.237998447989882,1.26870722377693,"111-4-A-BENA_2018",NA,NA,NA,NA,12.8333336512248,-3.62499998013178,7.80000003178914,17.9000005722046,68.4000000953674,1.17500001875063,121.439995765686,242.559998769313,178.299999237061,3,"24A_2018",0.77
"16","111-4-C-BENA",2018,0.0663333333333333,0.0949574277937475,26,1992,6,"111-4","BENA",51,30,7,0,13,0,0,0,0,0,0,NA,NA,NA,0,0,0,0,707.594422,"West","24A","Tall Shrub (Open-Closed)","Low Shrub","Gravely Sand Loam","Mesic",0,515.006653,353,8.170983,-150.73833,66.498407,-1.60275263822295,0.2013415341075,"111-4-C-BENA_2018",NA,NA,NA,NA,12.8333336512248,-3.62499998013178,7.80000003178914,17.9000005722046,68.4000000953674,1.17500001875063,121.439995765686,242.559998769313,178.299999237061,3,"24A_2018",0.77
"17","121-1-C-BENA",2018,0.1105,0.158645716617304,46,1972,7,"121-1","BENA",60,36,11,0,11,0,0,0,0,0,0,NA,NA,NA,0,0,0,0,1394.51987,"East","24A","Tall Shrub (Open-Closed)","Low Shrub","Clay Loam","Mesic",2005,466.470276,61,7.209129,-150.675843,66.599029,-0.40865455250523,0.664543757651705,"121-1-C-BENA_2018",NA,NA,NA,NA,12.9000002543132,-3.66666666666667,7.83333365122477,17.9999996821086,72.3000011444092,1.17500000881652,118.059997081757,243.039998054504,173.5,3,"24A_2018",0.77
"18","121-1-D-BENA",2018,0.19525,0.418796095522555,34,1984,7,"121-1","BENA",73,42,19,0,25,0,0,0,0,0,0,NA,NA,NA,0,0,0,0,1394.51987,"East","24A","Tall Shrub (Open-Closed)","Low Shrub","Clay Loam","Mesic",2005,466.470276,61,7.209129,-150.675843,66.599029,0.201332637947106,1.2230315308655,"121-1-D-BENA_2018",NA,NA,NA,NA,12.9000002543132,-3.66666666666667,7.83333365122477,17.9999996821086,72.3000011444092,1.17500000881652,118.059997081757,243.039998054504,173.5,3,"24A_2018",0.77
"19","121-2-A-BENA",2018,0.139666666666667,0.820656974003888,12,2006,7,"121-2","BENA",78,45,15,0,25,0,0,0,0,0,0,NA,NA,NA,0,0,0,0,1360.369622,"East","24A","Low Shrub","Low Shrub","Clay Loam","Mesic",2005,467.582397,57,7.419251,-150.676297,66.599294,-0.368753469000087,0.691595889261404,"121-2-A-BENA_2018",NA,NA,NA,NA,12.9000002543132,-3.66666666666667,7.83333365122477,17.9999996821086,72.3000011444092,1.17500000881652,118.059997081757,243.039998054504,173.5,3,"24A_2018",0.77
"20","121-2-B-BENA",2018,0.1185,0.275300120428564,11,2007,7,"121-2","BENA",101,47,16,0,31,0,0,0,0,0,0,NA,NA,NA,0,0,0,0,1360.369622,"East","24A","Low Shrub","Low Shrub","Clay Loam","Mesic",2005,467.582397,57,7.419251,-150.676297,66.599294,-1.56483086561842,0.209123380135886,"121-2-B-BENA_2018",NA,NA,NA,NA,12.9000002543132,-3.66666666666667,7.83333365122477,17.9999996821086,72.3000011444092,1.17500000881652,118.059997081757,243.039998054504,173.5,3,"24A_2018",0.77
"21","121-3-C-BENA",2018,0.51825,2.72996763599814,10,2008,7,"121-3","BENA",83,36,13,0,12,0,0,0,0,0,0,NA,NA,NA,0,0,0,0,1376.839212,"East","24A","Low Shrub","Low Shrub","Clay Loam","Mesic",2005,462.586914,66,7.264894,-150.675497,66.599464,0.615614996902168,1.85079448249851,"121-3-C-BENA_2018",NA,NA,NA,NA,12.9000002543132,-3.66666666666667,7.83333365122477,17.9999996821086,72.3000011444092,1.17500000881652,118.059997081757,243.039998054504,173.5,3,"24A_2018",0.77
"22","121-3-D-BENA",2018,0.12525,0.345971228918772,14,2004,7,"121-3","BENA",88,37,15,0,15,0,0,0,0,0,0,NA,NA,NA,0,0,0,0,1376.839212,"East","24A","Low Shrub","Low Shrub","Clay Loam","Mesic",2005,462.586914,66,7.264894,-150.675497,66.599464,-1.0485490943445,0.350445844280358,"121-3-D-BENA_2018",NA,NA,NA,NA,12.9000002543132,-3.66666666666667,7.83333365122477,17.9999996821086,72.3000011444092,1.17500000881652,118.059997081757,243.039998054504,173.5,3,"24A_2018",0.77
"23","121-4-A-BENA",2018,0.60425,3.3832582940204,13,2005,7,"121-4","BENA",61,33,21,0,34,0,0,0,0,0,0,NA,NA,NA,0,0,0,0,1343.63337,"East","24A","Tall Shrub (Open-Closed)","Low Shrub","Clay Loam","Mesic",2005,462.975769,50,6.55981,-150.675949,66.599719,1.14325389666787,3.13695911718632,"121-4-A-BENA_2018",NA,NA,NA,NA,12.9000002543132,-3.66666666666667,7.83333365122477,17.9999996821086,72.3000011444092,1.17500000881652,118.059997081757,243.039998054504,173.5,3,"24A_2018",0.77
"24","121-4-B-BENA",2018,0.311,0.851974794912324,11,2007,7,"121-4","BENA",58,29,8,0,9,0,0,0,0,0,0,NA,NA,NA,0,0,0,0,1343.63337,"East","24A","Tall Shrub (Open-Closed)","Low Shrub","Clay Loam","Mesic",2005,462.975769,50,6.55981,-150.675949,66.599719,-0.435135772256252,0.647176792459396,"121-4-B-BENA_2018",NA,NA,NA,NA,12.9000002543132,-3.66666666666667,7.83333365122477,17.9999996821086,72.3000011444092,1.17500000881652,118.059997081757,243.039998054504,173.5,3,"24A_2018",0.77
"25","129-1-A-BENA",2018,0.26975,1.17053287903495,13,2005,8,"129-1","BENA",104,71,16,0,11,0,0,0,0,0,0,NA,NA,NA,0,0,0,0,982.902287,"East","24A","Tussock Tundra (Low shrub or Herbaceous)","Low Shrub","Sandy Loam","Mesic - Hydric",2005,301.875214,348,5.919549,-150.647865,66.709988,0.0818737564908491,1.08531878672841,"129-1-A-BENA_2018",NA,NA,NA,NA,12.9000002543132,-3.66666666666667,7.83333365122477,17.9999996821086,72.3000011444092,1.17500000881652,118.059997081757,243.039998054504,173.5,3,"24A_2018",0.77
"26","129-1-B-BENA",2018,0.1945,0.439337595437593,15,2003,8,"129-1","BENA",131,89,21,0,13,0,0,0,0,0,0,NA,NA,NA,0,0,0,0,982.902287,"East","24A","Tussock Tundra (Low shrub or Herbaceous)","Low Shrub","Sandy Loam","Mesic - Hydric",2005,301.875214,348,5.919549,-150.647865,66.709988,-0.727304724945014,0.483209619359409,"129-1-B-BENA_2018",NA,NA,NA,NA,12.9000002543132,-3.66666666666667,7.83333365122477,17.9999996821086,72.3000011444092,1.17500000881652,118.059997081757,243.039998054504,173.5,3,"24A_2018",0.77
"27","129-2-B-BENA",2018,0.2315,0.819279454768253,13,2005,8,"129-2","BENA",85,42,10,0,15,0,0,0,0,0,0,NA,NA,NA,0,0,0,0,1017.146639,"East","24A","Tussock Tundra (Low shrub or Herbaceous)","Low Shrub","Sandy Loam","Mesic - Hydric",2005,305.151764,352,5.708165,-150.647276,66.70977,-0.274915379514868,0.759636401306111,"129-2-B-BENA_2018",NA,NA,NA,NA,12.9000002543132,-3.66666666666667,7.83333365122477,17.9999996821086,72.3000011444092,1.17500000881652,118.059997081757,243.039998054504,173.5,3,"24A_2018",0.77
"28","129-2-C-BENA",2018,0.2035,0.806814400516969,13,2005,8,"129-2","BENA",109,67,13,0,10,0,0,0,0,0,0,NA,NA,NA,0,0,0,0,1017.146639,"East","24A","Tussock Tundra (Low shrub or Herbaceous)","Low Shrub","Sandy Loam","Mesic - Hydric",2005,305.151764,352,5.708165,-150.647276,66.70977,-0.290246964929651,0.748078795536284,"129-2-C-BENA_2018",NA,NA,NA,NA,12.9000002543132,-3.66666666666667,7.83333365122477,17.9999996821086,72.3000011444092,1.17500000881652,118.059997081757,243.039998054504,173.5,3,"24A_2018",0.77
"29","129-3-A-BENA",2018,0.401,1.26607754735995,66,1952,8,"129-3","BENA",51,35,12,0,6,0,0,0,0,0,0,NA,NA,NA,0,0,0,0,1022.673056,"East","24A","Tussock Tundra (Low shrub or Herbaceous)","Low Shrub-Tussock Tundra","Sandy Loam","Mesic - Hydric",2005,301.546051,352,6.265718,-150.646771,66.710061,2.09916196089163,8.15932920960397,"129-3-A-BENA_2018",NA,NA,NA,NA,12.9000002543132,-3.66666666666667,7.83333365122477,17.9999996821086,72.3000011444092,1.17500000881652,118.059997081757,243.039998054504,173.5,3,"24A_2018",0.77
"30","129-3-B-BENA",2018,0.25175,0.708445047697307,14,2004,8,"129-3","BENA",105,47,16,0,13,0,0,0,0,0,0,NA,NA,NA,0,0,0,0,1022.673056,"East","24A","Tussock Tundra (Low shrub or Herbaceous)","Low Shrub-Tussock Tundra","Sandy Loam","Mesic - Hydric",2005,301.546051,352,6.265718,-150.646771,66.710061,-0.331832217879833,0.717607714498165,"129-3-B-BENA_2018",NA,NA,NA,NA,12.9000002543132,-3.66666666666667,7.83333365122477,17.9999996821086,72.3000011444092,1.17500000881652,118.059997081757,243.039998054504,173.5,3,"24A_2018",0.77
"31","129-4-C-BENA",2018,0.3315,1.54601465854522,12,2006,8,"129-4","BENA",93,53,15,0,11,0,0,0,0,0,0,NA,NA,NA,0,0,0,0,1057.255538,"East","24A","Tussock Tundra (Low shrub or Herbaceous)","Tall Shrub","Sandy Loam","Mesic - Hydric",2005,303.823029,358,6.979915,-150.646167,66.709845,0.264577034408618,1.30287978590027,"129-4-C-BENA_2018",NA,NA,NA,NA,12.9000002543132,-3.66666666666667,7.83333365122477,17.9999996821086,72.3000011444092,1.17500000881652,118.059997081757,243.039998054504,173.5,3,"24A_2018",0.77
"32","129-4-D-BENA",2018,0.24575,0.660678702195801,57,1961,8,"129-4","BENA",87,41,18,0,9,0,0,0,0,0,0,NA,NA,NA,0,0,0,0,1057.255538,"East","24A","Tussock Tundra (Low shrub or Herbaceous)","Tall Shrub","Sandy Loam","Mesic - Hydric",2005,303.823029,358,6.979915,-150.646167,66.709845,1.27380315793632,3.57442083181968,"129-4-D-BENA_2018",NA,NA,NA,NA,12.9000002543132,-3.66666666666667,7.83333365122477,17.9999996821086,72.3000011444092,1.17500000881652,118.059997081757,243.039998054504,173.5,3,"24A_2018",0.77
"33","147-1-A-BENA",2018,0.03125,0.0341893638003952,19,1999,9,"147-1","BENA",104,58,9,25,11,1,1,0,0.090909091,0.090909091,0,"Moose","Hare",NA,1,1,0,0,984.758365,"West","24A","Low Shrub","Tall Shrub","Clay Loam","Mesic - Hydric",0,426.634277,145,7.907337,-150.485282,66.911769,-2.9985663922116,0.0498584946832657,"147-1-A-BENA_2018",NA,NA,NA,NA,11.3666667938232,-5.0583334962527,6.40000009536743,16.3666671117147,48.2000012397766,1.09166669597228,111.439997673035,256.819996714592,171.700004577637,3,"24A_2018",0.77
"34","147-1-B-BENA",2018,0.0225,0.0243512700561379,11,2007,9,"147-1","BENA",103,61,6,31,12,0,0,0,0,0,0,NA,NA,NA,0,1,0,0,984.758365,"West","24A","Low Shrub","Tall Shrub","Clay Loam","Mesic - Hydric",0,426.634277,145,7.907337,-150.485282,66.911769,-3.99010870868038,0.0184977031496169,"147-1-B-BENA_2018",NA,NA,NA,NA,11.3666667938232,-5.0583334962527,6.40000009536743,16.3666671117147,48.2000012397766,1.09166669597228,111.439997673035,256.819996714592,171.700004577637,3,"24A_2018",0.77
"35","147-2-A-BENA",2018,0.018,0.012186237903275,23,1995,9,"147-2","BENA",89,56,6,61,9,0,0,0,0,0,0,NA,NA,NA,0,2,1,0,986.173835,"West","24A","Low Shrub","Tall Shrub","Clay Loam","Mesic - Hydric",0,428.943481,147,8.698308,-150.484958,66.912025,-3.80218011580094,0.0223220541074256,"147-2-A-BENA_2018",NA,NA,NA,NA,11.3666667938232,-5.0583334962527,6.40000009536743,16.3666671117147,48.2000012397766,1.09166669597228,111.439997673035,256.819996714592,171.700004577637,3,"24A_2018",0.77
"36","147-2-D-BENA",2018,0.027,0.0286701745566606,12,2006,9,"147-2","BENA",91,53,5,37,5,0,0,0,0,0,0,NA,NA,NA,0,2,1,0,986.173835,"West","24A","Low Shrub","Tall Shrub","Clay Loam","Mesic - Hydric",0,428.943481,147,8.698308,-150.484958,66.912025,-3.72300130793376,0.024161343284581,"147-2-D-BENA_2018",NA,NA,NA,NA,11.3666667938232,-5.0583334962527,6.40000009536743,16.3666671117147,48.2000012397766,1.09166669597228,111.439997673035,256.819996714592,171.700004577637,3,"24A_2018",0.77
"37","147-3-A-BENA",2018,0.014,0.0116992910419686,28,1990,9,"147-3","BENA",107,63,8,18,8,1,0,0,0.125,0,0,"Moose",NA,NA,1,2,1,0,952.272152,"West","24A","White Spruce or Black Spruce (Woodland)","Black Spruce Woodland","Clay Loam","Mesic - Hydric",0,425.583191,170,6.572863,-150.484233,66.911912,-3.60821714838292,0.0271001193138002,"147-3-A-BENA_2018",NA,NA,NA,NA,11.3666667938232,-5.0583334962527,6.40000009536743,16.3666671117147,48.2000012397766,1.09166669597228,111.439997673035,256.819996714592,171.700004577637,3,"24A_2018",0.77
"38","147-3-C-BENA",2018,0.0275,0.0432832927848331,24,1994,9,"147-3","BENA",136,53,12,30,29,2,1,0,0.068965517,0.034482759,0,"Moose","Hare",NA,1,2,1,0,952.272152,"West","24A","White Spruce or Black Spruce (Woodland)","Black Spruce Woodland","Clay Loam","Mesic - Hydric",0,425.583191,170,6.572863,-150.484233,66.911912,-2.48393264478006,0.0834145399587387,"147-3-C-BENA_2018",NA,NA,NA,NA,11.3666667938232,-5.0583334962527,6.40000009536743,16.3666671117147,48.2000012397766,1.09166669597228,111.439997673035,256.819996714592,171.700004577637,3,"24A_2018",0.77
"39","147-4-A-BENA",2018,0.02,0.0223367237670234,18,2000,9,"147-4","BENA",65,33,9,8,10,0,0,0,0,0,0,NA,NA,NA,0,0,1,0,956.341518,"West","24A","Tall Shrub (Open-Closed)","Tall Shrub","Clay Loam","Mesic - Hydric",0,428.39856,129,7.52786,-150.483929,66.912191,-3.48876936295483,0.0305384307801892,"147-4-A-BENA_2018",NA,NA,NA,NA,11.3666667938232,-5.0583334962527,6.40000009536743,16.3666671117147,48.2000012397766,1.09166669597228,111.439997673035,256.819996714592,171.700004577637,3,"24A_2018",0.77
"40","147-4-D-BENA",2018,0.036,0.0545129157250901,32,1986,9,"147-4","BENA",94,47,7,14,7,0,0,0,0,0,0,NA,NA,NA,0,0,1,0,956.341518,"West","24A","Tall Shrub (Open-Closed)","Tall Shrub","Clay Loam","Mesic - Hydric",0,428.39856,129,7.52786,-150.483929,66.912191,-1.90995956281606,0.148086374670363,"147-4-D-BENA_2018",NA,NA,NA,NA,11.3666667938232,-5.0583334962527,6.40000009536743,16.3666671117147,48.2000012397766,1.09166669597228,111.439997673035,256.819996714592,171.700004577637,3,"24A_2018",0.77
"41","151-1-C-BENA",2018,0.28525,0.759702095336035,20,1998,10,"151-1","BENA",118,82,11,0,4,0,0,0,0,0,0,NA,NA,NA,0,0,0,0,725.03173,"East","24A","White Spruce or Black Spruce (Open-Closed)","Low Shrub","Clay Loam","Mesic",0,471.29071,296,22.022722,-150.362735,66.958242,0.163655659238042,1.17780867772046,"151-1-C-BENA_2018",NA,NA,NA,NA,11.3666667938232,-5.0583334962527,6.40000009536743,16.3666671117147,48.2000012397766,1.09166669597228,111.439997673035,256.819996714592,171.700004577637,3,"24A_2018",0.77
"42","151-1-D-BENA",2018,0.058,0.0864597714194446,34,1984,10,"151-1","BENA",90,67,12,0,8,0,0,0,0,0,0,NA,NA,NA,0,0,0,0,725.03173,"East","24A","White Spruce or Black Spruce (Open-Closed)","Low Shrub","Clay Loam","Mesic",0,471.29071,296,22.022722,-150.362735,66.958242,-1.37637228253011,0.252492866404266,"151-1-D-BENA_2018",NA,NA,NA,NA,11.3666667938232,-5.0583334962527,6.40000009536743,16.3666671117147,48.2000012397766,1.09166669597228,111.439997673035,256.819996714592,171.700004577637,3,"24A_2018",0.77
"43","151-2-A-BENA",2018,0.12625,0.217053618184222,23,1995,10,"151-2","BENA",119,71,11,0,4,0,0,0,0,0,0,NA,NA,NA,0,1,0,0,737.726474,"East","24A","Low Shrub","Low Shrub","Clay Loam","Mesic",0,482.941345,297,25.566626,-150.361917,66.958285,-0.922342978682481,0.397586412457828,"151-2-A-BENA_2018",NA,NA,NA,NA,11.3666667938232,-5.0583334962527,6.40000009536743,16.3666671117147,48.2000012397766,1.09166669597228,111.439997673035,256.819996714592,171.700004577637,3,"24A_2018",0.77
"44","151-2-B-BENA",2018,0.028,0.0278407940961124,23,1995,10,"151-2","BENA",142,91,14,0,17,0,0,0,0,0,0,NA,NA,NA,0,1,0,0,737.726474,"East","24A","Low Shrub","Low Shrub","Clay Loam","Mesic",0,482.941345,297,25.566626,-150.361917,66.958285,-2.9759850314815,0.0509971754318124,"151-2-B-BENA_2018",NA,NA,NA,NA,11.3666667938232,-5.0583334962527,6.40000009536743,16.3666671117147,48.2000012397766,1.09166669597228,111.439997673035,256.819996714592,171.700004577637,3,"24A_2018",0.77
"45","151-3-A-BENA",2018,0.016,0.0106562822809766,16,2002,10,"151-3","BENA",91,52,9,0,6,0,0,0,0,0,0,NA,NA,NA,0,0,0,0,698.113665,"East","24A","White Spruce or Black Spruce (Open-Closed)","Low Shrub","Clay Loam","Mesic",0,469.98999,301,21.5443,-150.36215,66.958641,-4.36940693729465,0.012658745772271,"151-3-A-BENA_2018",NA,NA,NA,NA,11.3666667938232,-5.0583334962527,6.40000009536743,16.3666671117147,48.2000012397766,1.09166669597228,111.439997673035,256.819996714592,171.700004577637,3,"24A_2018",0.77
"46","151-3-C-BENA",2018,0.0895,0.21355054602593,32,1986,10,"151-3","BENA",86,51,13,0,9,0,0,0,0,0,0,NA,NA,NA,0,0,0,0,698.113665,"East","24A","White Spruce or Black Spruce (Open-Closed)","Low Shrub","Clay Loam","Mesic",0,469.98999,301,21.5443,-150.36215,66.958641,-0.544523668006129,0.58011804632386,"151-3-C-BENA_2018",NA,NA,NA,NA,11.3666667938232,-5.0583334962527,6.40000009536743,16.3666671117147,48.2000012397766,1.09166669597228,111.439997673035,256.819996714592,171.700004577637,3,"24A_2018",0.77
"47","151-4-A-BENA",2018,0.08975,0.151199945678756,32,1986,10,"151-4","BENA",65,36,9,0,8,0,0,0,0,0,0,NA,NA,NA,0,0,0,0,714.907956,"East","24A","Low Shrub","Low Shrub","Clay Loam","Mesic",0,485.466003,301,24.973797,-150.361301,66.958638,-0.889794117712152,0.410740308202176,"151-4-A-BENA_2018",NA,NA,NA,NA,11.3666667938232,-5.0583334962527,6.40000009536743,16.3666671117147,48.2000012397766,1.09166669597228,111.439997673035,256.819996714592,171.700004577637,3,"24A_2018",0.77
"48","151-4-D-BENA",2018,0.13775,0.285076953116076,25,1993,10,"151-4","BENA",83,56,8,0,9,0,0,0,0,0,0,NA,NA,NA,0,0,0,0,714.907956,"East","24A","Low Shrub","Low Shrub","Clay Loam","Mesic",0,485.466003,301,24.973797,-150.361301,66.958638,-0.550225738924747,0.576819585049675,"151-4-D-BENA_2018",NA,NA,NA,NA,11.3666667938232,-5.0583334962527,6.40000009536743,16.3666671117147,48.2000012397766,1.09166669597228,111.439997673035,256.819996714592,171.700004577637,3,"24A_2018",0.77
"49","158-1-B-BENA",2018,0.2565,0.672455551306406,12,2006,11,"158-1","BENA",75,35,10,0,16,0,0,0,0,0,0,NA,NA,NA,0,0,0,0,1304.611642,"East","24A","Low Shrub","Low Shrub","Sandy Loam","Mesic - Xeric",2005,586.787537,51,13.434302,-150.285356,67.046606,-0.5679226617084,0.566701447409278,"158-1-B-BENA_2018",NA,NA,NA,NA,11.266666730245,-5.20000012715658,6.30000019073486,16.266666730245,47.4000000953674,1.1083333529532,109.979997158051,257.61999976635,166.799999237061,3,"24A_2018",0.77
"50","158-1-D-BENA",2018,0.407333333333333,1.73950545297046,11,2007,11,"158-1","BENA",103,41,13,0,31,0,0,0,0,0,0,NA,NA,NA,0,0,0,0,1304.611642,"East","24A","Low Shrub","Low Shrub","Sandy Loam","Mesic - Xeric",2005,586.787537,51,13.434302,-150.285356,67.046606,0.278663414167227,1.32136251710933,"158-1-D-BENA_2018",NA,NA,NA,NA,11.266666730245,-5.20000012715658,6.30000019073486,16.266666730245,47.4000000953674,1.1083333529532,109.979997158051,257.61999976635,166.799999237061,3,"24A_2018",0.77
"51","158-2-B-BENA",2018,0.984333333333333,6.48934760101491,11,2007,11,"158-2","BENA",139,50,23,0,53,0,0,7,0,0,0.132075472,NA,NA,"Ptarmagin",1,0,0,1,1283.38641,"East","24A","Tussock Tundra (Low shrub or Herbaceous)","Low Shrub","Sandy Loam","Mesic - Xeric",2005,590.000549,54,15.617359,-150.286104,67.046812,1.59522456570704,4.92943593009826,"158-2-B-BENA_2018",NA,NA,NA,NA,11.266666730245,-5.20000012715658,6.30000019073486,16.266666730245,47.4000000953674,1.1083333529532,109.979997158051,257.61999976635,166.799999237061,3,"24A_2018",0.77
"52","158-2-C-BENA",2018,0.0395,0.0512503717543369,30,1988,11,"158-2","BENA",54,29,8,0,53,0,0,0,0,0,0,NA,NA,NA,0,0,0,1,1283.38641,"East","24A","Tussock Tundra (Low shrub or Herbaceous)","Low Shrub","Sandy Loam","Mesic - Xeric",2005,590.000549,54,15.617359,-150.286104,67.046812,-2.04869066197279,0.128903571490054,"158-2-C-BENA_2018",NA,NA,NA,NA,11.266666730245,-5.20000012715658,6.30000019073486,16.266666730245,47.4000000953674,1.1083333529532,109.979997158051,257.61999976635,166.799999237061,3,"24A_2018",0.77
"53","158-3-A-BENA",2018,0.32875,1.44359422199875,12,2006,11,"158-3","BENA",100,56,15,0,32,0,0,1,0,0,0.03125,NA,NA,"Ptarmagin",1,0,0,0,1313.543229,"East","24A","Tussock Tundra (Low shrub or Herbaceous)","Low Shrub","Sandy Loam","Mesic - Xeric",2005,580.218689,48,13.61797,-150.285679,67.047111,0.196032593977613,1.21656655743124,"158-3-A-BENA_2018",NA,NA,NA,NA,11.266666730245,-5.20000012715658,6.30000019073486,16.266666730245,47.4000000953674,1.1083333529532,109.979997158051,257.61999976635,166.799999237061,3,"24A_2018",0.77
"54","158-3-D-BENA",2018,0.3685,1.55939077466604,13,2005,11,"158-3","BENA",119,49,12,0,19,0,0,0,0,0,0,NA,NA,NA,0,0,0,0,1313.543229,"East","24A","Tussock Tundra (Low shrub or Herbaceous)","Low Shrub","Sandy Loam","Mesic - Xeric",2005,580.218689,48,13.61797,-150.285679,67.047111,0.368709875126296,1.44586806052928,"158-3-D-BENA_2018",NA,NA,NA,NA,11.266666730245,-5.20000012715658,6.30000019073486,16.266666730245,47.4000000953674,1.1083333529532,109.979997158051,257.61999976635,166.799999237061,3,"24A_2018",0.77
"55","158-4-A-BENA",2018,0.721,4.76687833416488,12,2006,11,"158-4","BENA",119,54,13,0,42,0,0,0,0,0,0,NA,NA,NA,0,0,0,0,1283.367604,"East","24A","Tussock Tundra (Low shrub or Herbaceous)","Low Shrub","Sandy Loam","Mesic - Xeric",2005,587.563538,57,15.053073,-150.286524,67.047197,1.39058825607446,4.01721250772197,"158-4-A-BENA_2018",NA,NA,NA,NA,11.266666730245,-5.20000012715658,6.30000019073486,16.266666730245,47.4000000953674,1.1083333529532,109.979997158051,257.61999976635,166.799999237061,3,"24A_2018",0.77
"56","158-4-C-BENA",2018,0.647333333333333,2.87321930061379,13,2005,11,"158-4","BENA",107,46,13,4,33,0,0,0,0,0,0,NA,NA,NA,0,0,0,0,1283.367604,"East","24A","Tussock Tundra (Low shrub or Herbaceous)","Low Shrub","Sandy Loam","Mesic - Xeric",2005,587.563538,57,15.053073,-150.286524,67.047197,0.979847767860048,2.66405065692622,"158-4-C-BENA_2018",NA,NA,NA,NA,11.266666730245,-5.20000012715658,6.30000019073486,16.266666730245,47.4000000953674,1.1083333529532,109.979997158051,257.61999976635,166.799999237061,3,"24A_2018",0.77
"57","173-1-A-BENA",2018,0.084,0.121127246351808,50,1968,12,"173-1","BENA",69,40,12,0,9,0,0,0,0,0,0,NA,NA,NA,0,0,0,0,1301.486525,"East","24A","Low Shrub","Low Shrub","Clay Loam","Mesic",0,349.871613,358,2.901099,-150.191497,67.228159,-0.578983959025813,0.56046753534765,"173-1-A-BENA_2018",NA,NA,NA,NA,11.266666730245,-5.20000012715658,6.30000019073486,16.266666730245,47.4000000953674,1.1083333529532,109.979997158051,257.61999976635,166.799999237061,3,"24A_2018",0.77
"58","173-1-B-BENA",2018,0.009,0.00827024266057546,28,1990,12,"173-1","BENA",101,53,11,0,7,0,0,0,0,0,0,NA,NA,NA,0,0,0,0,1301.486525,"East","24A","Low Shrub","Low Shrub","Clay Loam","Mesic",0,349.871613,358,2.901099,-150.191497,67.228159,-3.95508154277172,0.0191571063624008,"173-1-B-BENA_2018",NA,NA,NA,NA,11.266666730245,-5.20000012715658,6.30000019073486,16.266666730245,47.4000000953674,1.1083333529532,109.979997158051,257.61999976635,166.799999237061,3,"24A_2018",0.77
"59","173-2-A-BENA",2018,0.09425,0.158336858789548,59,1959,12,"173-2","BENA",94,43,12,0,6,0,0,0,0,0,0,NA,NA,NA,0,2,0,0,1323.706943,"East","24A","Tussock Tundra (Low shrub or Herbaceous)","Low Shrub","Clay Loam","Mesic",0,348.371155,13,2.823825,-150.190835,67.228457,-0.113586017504585,0.892627411526347,"173-2-A-BENA_2018",NA,NA,NA,NA,11.266666730245,-5.20000012715658,6.30000019073486,16.266666730245,47.4000000953674,1.1083333529532,109.979997158051,257.61999976635,166.799999237061,3,"24A_2018",0.77
"60","173-2-C-BENA",2018,0.3395,1.26335300113113,21,1997,12,"173-2","BENA",107,64,12,0,13,0,0,0,0,0,0,NA,NA,NA,0,2,0,0,1323.706943,"East","24A","Tussock Tundra (Low shrub or Herbaceous)","Low Shrub","Clay Loam","Mesic",0,348.371155,13,2.823825,-150.190835,67.228457,0.730477048603027,2.07607075813535,"173-2-C-BENA_2018",NA,NA,NA,NA,11.266666730245,-5.20000012715658,6.30000019073486,16.266666730245,47.4000000953674,1.1083333529532,109.979997158051,257.61999976635,166.799999237061,3,"24A_2018",0.77
"61","173-3-B-BENA",2018,0.0155,0.015071005357433,53,1965,12,"173-3","BENA",70,51,14,0,9,0,0,0,0,0,0,NA,NA,NA,0,0,0,0,1278.311889,"East","24A","Low Shrub","Low Shrub","Clay Loam","Mesic",0,347.24527,24,1.739254,-150.191816,67.228627,-2.59351831187496,0.0747565599618492,"173-3-B-BENA_2018",NA,NA,NA,NA,11.266666730245,-5.20000012715658,6.30000019073486,16.266666730245,47.4000000953674,1.1083333529532,109.979997158051,257.61999976635,166.799999237061,3,"24A_2018",0.77
"62","173-3-C-BENA",2018,0.07725,0.0858508914932707,17,2001,12,"173-3","BENA",32,27,6,0,6,0,0,0,0,0,0,NA,NA,NA,0,0,0,0,1278.311889,"East","24A","Low Shrub","Low Shrub","Clay Loam","Mesic",0,347.24527,24,1.739254,-150.191816,67.228627,-2.21059886527488,0.109634972274057,"173-3-C-BENA_2018",NA,NA,NA,NA,11.266666730245,-5.20000012715658,6.30000019073486,16.266666730245,47.4000000953674,1.1083333529532,109.979997158051,257.61999976635,166.799999237061,3,"24A_2018",0.77
"63","173-4-B-BENA",2018,0.051,0.0725001044632188,28,1990,12,"173-4","BENA",124,71,14,0,12,0,0,0,0,0,0,NA,NA,NA,0,1,0,0,1308.377258,"East","24A","Low Shrub","Low Shrub","Clay Loam","Mesic",0,346.165253,355,1.872125,-150.190975,67.22891,-1.78415739091558,0.167938507911981,"173-4-B-BENA_2018",NA,NA,NA,NA,11.266666730245,-5.20000012715658,6.30000019073486,16.266666730245,47.4000000953674,1.1083333529532,109.979997158051,257.61999976635,166.799999237061,3,"24A_2018",0.77
"64","173-4-C-BENA",2018,0.07325,0.116268969662572,49,1969,12,"173-4","BENA",119,74,14,0,14,0,0,0,0,0,0,NA,NA,NA,0,1,0,0,1308.377258,"East","24A","Low Shrub","Low Shrub","Clay Loam","Mesic",0,346.165253,355,1.872125,-150.190975,67.22891,-0.644028035172438,0.525172743552624,"173-4-C-BENA_2018",NA,NA,NA,NA,11.266666730245,-5.20000012715658,6.30000019073486,16.266666730245,47.4000000953674,1.1083333529532,109.979997158051,257.61999976635,166.799999237061,3,"24A_2018",0.77
"65","184-1-B-BENA",2018,0.2235,0.839766565860475,66,1952,13,"184-1","BENA",128,51,19,0,13,0,1,0,0,0.076923077,0,NA,"Hare",NA,1,2,0,0,692.283244,"East","24A","White Spruce or Black Spruce (Open-Closed)","Tall Shrub","Clay Loam","Mesic",0,423.977753,249,10.469168,-150.109686,67.368938,1.68860706165609,5.4119369578601,"184-1-B-BENA_2018",NA,NA,NA,NA,11.266666730245,-5.20000012715658,6.30000019073486,16.266666730245,47.4000000953674,1.1083333529532,109.979997158051,257.61999976635,166.799999237061,3,"24A_2018",0.77
"66","184-1-C-BENA",2018,0.18,0.350318996801799,27,1991,13,"184-1","BENA",166,49,15,8,26,1,2,0,0.038461538,0.076923077,0,"Moose","Hare",NA,1,2,0,0,692.283244,"East","24A","White Spruce or Black Spruce (Open-Closed)","Tall Shrub","Clay Loam","Mesic",0,423.977753,249,10.469168,-150.109686,67.368938,-0.252300150123699,0.777011482972194,"184-1-C-BENA_2018",NA,NA,NA,NA,11.266666730245,-5.20000012715658,6.30000019073486,16.266666730245,47.4000000953674,1.1083333529532,109.979997158051,257.61999976635,166.799999237061,3,"24A_2018",0.77
"67","184-2-A-BENA",2018,0.025,0.0351858377202062,33,1985,13,"184-2","BENA",89,39,11,0,12,0,1,0,0,0.083333333,0,NA,"Hare",NA,1,1,0,0,706.210196,"East","24A","White Spruce or Black Spruce (Open-Closed)","Tall Shrub","Clay Loam","Mesic",0,429.192566,258,16.706417,-150.109279,67.369156,-2.31103254850859,0.0991588123981902,"184-2-A-BENA_2018",NA,NA,NA,NA,11.266666730245,-5.20000012715658,6.30000019073486,16.266666730245,47.4000000953674,1.1083333529532,109.979997158051,257.61999976635,166.799999237061,3,"24A_2018",0.77
"68","184-2-D-BENA",2018,0.0175,0.0163834056884708,47,1971,13,"184-2","BENA",84,38,12,10,7,0,0,0,0,0,0,NA,NA,NA,0,1,0,0,706.210196,"East","24A","White Spruce or Black Spruce (Open-Closed)","Tall Shrub","Clay Loam","Mesic",0,429.192566,258,16.706417,-150.109279,67.369156,-2.65339491107374,0.0704117651569854,"184-2-D-BENA_2018",NA,NA,NA,NA,11.266666730245,-5.20000012715658,6.30000019073486,16.266666730245,47.4000000953674,1.1083333529532,109.979997158051,257.61999976635,166.799999237061,3,"24A_2018",0.77
"69","184-3-B-BENA",2018,0.0746666666666667,0.119475455661388,41,1977,13,"184-3","BENA",71,35,17,0,17,0,2,0,0,0.117647059,0,NA,"Hare",NA,1,1,3,0,683.765397,"East","24A","White Spruce or Black Spruce (Open-Closed)","Tall Shrub","Clay Loam","Mesic",0,425.482941,261,10.788996,-150.109693,67.36937,-0.829533791263803,0.43625262370338,"184-3-B-BENA_2018",NA,NA,NA,NA,11.266666730245,-5.20000012715658,6.30000019073486,16.266666730245,47.4000000953674,1.1083333529532,109.979997158051,257.61999976635,166.799999237061,3,"24A_2018",0.77
"70","184-3-D-BENA",2018,0.03975,0.0298771351842612,30,1988,13,"184-3","BENA",103,48,17,7,31,3,1,0,0.096774194,0.032258065,0,"Moose","Hare",NA,1,1,3,0,683.765397,"East","24A","White Spruce or Black Spruce (Open-Closed)","Tall Shrub","Clay Loam","Mesic",0,425.482941,261,10.788996,-150.109693,67.36937,-2.5883200554075,0.0751461755166005,"184-3-D-BENA_2018",NA,NA,NA,NA,11.266666730245,-5.20000012715658,6.30000019073486,16.266666730245,47.4000000953674,1.1083333529532,109.979997158051,257.61999976635,166.799999237061,3,"24A_2018",0.77
"71","191-1-C-BENA",2018,0.016,0.0177185825662464,16,2002,14,"191-1","BENA",105,51,8,16,13,0,0,0,0,0,0,NA,NA,NA,0,1,0,0,1595.806211,"East","24A","Low Shrub","Low Shrub","Clay Loam","Mesic",0,492.755432,293,2.980974,-149.860617,67.475764,-3.86094258971434,0.0210481503996487,"191-1-C-BENA_2018",NA,NA,NA,NA,9.39999993642171,-6.67500012119611,4.60000014305115,14.2666670481364,23.4000000953674,1.00000002359351,86.6199967861176,274.969997167587,163.299999237061,3,"24A_2018",0.77
"72","191-1-D-BENA",2018,0.0465,0.0613553045246086,20,1998,14,"191-1","BENA",135,61,10,9,18,0,0,0,0,0,0,NA,NA,NA,0,1,0,0,1595.806211,"East","24A","Low Shrub","Low Shrub","Clay Loam","Mesic",0,492.755432,293,2.980974,-149.860617,67.475764,-2.35258908663917,0.0951225625635548,"191-1-D-BENA_2018",NA,NA,NA,NA,9.39999993642171,-6.67500012119611,4.60000014305115,14.2666670481364,23.4000000953674,1.00000002359351,86.6199967861176,274.969997167587,163.299999237061,3,"24A_2018",0.77
"73","191-2-A-BENA",2018,0.02975,0.0277349616935948,25,1993,14,"191-2","BENA",82,51,10,0,13,1,0,0,0.076923077,0,0,"Moose",NA,NA,1,0,0,0,1628.072852,"East","24A","Low Shrub","Low Shrub","Clay Loam","Mesic",0,494.812988,260,1.497492,-149.859771,67.475671,-2.88029112133193,0.0561184231857353,"191-2-A-BENA_2018",NA,NA,NA,NA,9.39999993642171,-6.67500012119611,4.60000014305115,14.2666670481364,23.4000000953674,1.00000002359351,86.6199967861176,274.969997167587,163.299999237061,3,"24A_2018",0.77
"74","191-2-B-BENA",2018,0.08425,0.14709545487684,23,1995,14,"191-2","BENA",92,71,8,0,13,0,0,0,0,0,0,NA,NA,NA,0,0,0,0,1628.072852,"East","24A","Low Shrub","Low Shrub","Clay Loam","Mesic",0,494.812988,260,1.497492,-149.859771,67.475671,-1.31140566116414,0.269441047251736,"191-2-B-BENA_2018",NA,NA,NA,NA,9.39999993642171,-6.67500012119611,4.60000014305115,14.2666670481364,23.4000000953674,1.00000002359351,86.6199967861176,274.969997167587,163.299999237061,3,"24A_2018",0.77
"75","191-3-A-BENA",2018,0.0246666666666667,0.0270190975104291,37,1981,14,"191-3","BENA",102,51,9,0,9,0,1,0,0,0.111111111,0,NA,"Hare",NA,1,2,0,0,1608.343863,"East","24A","Low Shrub","Low Shrub","Clay Loam","Mesic",0,494.475037,298,4.15829,-149.859591,67.475979,-2.43860198776259,0.0872827886139035,"191-3-A-BENA_2018",NA,NA,NA,NA,9.39999993642171,-6.67500012119611,4.60000014305115,14.2666670481364,23.4000000953674,1.00000002359351,86.6199967861176,274.969997167587,163.299999237061,3,"24A_2018",0.77
"76","191-3-D-BENA",2018,0.091,0.18201340827938,32,1986,14,"191-3","BENA",110,71,10,0,16,0,0,0,0,0,0,NA,NA,NA,0,2,0,0,1608.343863,"East","24A","Low Shrub","Low Shrub","Clay Loam","Mesic",0,494.475037,298,4.15829,-149.859591,67.475979,-0.704316865962146,0.494446231961216,"191-3-D-BENA_2018",NA,NA,NA,NA,9.39999993642171,-6.67500012119611,4.60000014305115,14.2666670481364,23.4000000953674,1.00000002359351,86.6199967861176,274.969997167587,163.299999237061,3,"24A_2018",0.77
"77","191-4-A-BENA",2018,0.21775,0.732138546791598,19,1999,14,"191-4","BENA",105,69,11,0,12,0,0,0,0,0,0,NA,NA,NA,0,1,0,0,1634.196324,"East","24A","Low Shrub","Low Shrub","Clay Loam","Mesic",0,497.007599,303,3.553675,-149.85875,67.475963,0.0654887797037412,1.06768075755188,"191-4-A-BENA_2018",NA,NA,NA,NA,9.39999993642171,-6.67500012119611,4.60000014305115,14.2666670481364,23.4000000953674,1.00000002359351,86.6199967861176,274.969997167587,163.299999237061,3,"24A_2018",0.77
"78","191-4-B-BENA",2018,0.02425,0.0331208295990922,35,1983,14,"191-4","BENA",77,59,11,0,12,0,1,0,0,0.083333333,0,NA,"Hare",NA,1,1,0,0,1634.196324,"East","24A","Low Shrub","Low Shrub","Clay Loam","Mesic",0,497.007599,303,3.553675,-149.85875,67.475963,-2.30129719246548,0.10012887302286,"191-4-B-BENA_2018",NA,NA,NA,NA,9.39999993642171,-6.67500012119611,4.60000014305115,14.2666670481364,23.4000000953674,1.00000002359351,86.6199967861176,274.969997167587,163.299999237061,3,"24A_2018",0.77
"79","203-1-A-BENA",2018,0.09225,0.129908194168133,28,1990,15,"203-1","BENA",97,41,11,0,17,1,0,0,0.058823529,0,0,"Moose",NA,NA,1,1,0,0,905.036767,"East","24A","Low Shrub","Low Shrub","Loam","Mesic",0,550.644958,299,23.927214,-149.794431,67.571449,-1.20091739137401,0.300918025645111,"203-1-A-BENA_2018",NA,NA,NA,NA,8.46666669845581,-7.60833365718524,3.800000111262,13.2333339055379,15.4000004529953,0.950000015397867,76.2999960184097,282.969997882843,158.100002288818,3,"24A_2018",0.77
"80","203-1-D-BENA",2018,0.2515,0.643940100187934,26,1992,15,"203-1","BENA",143,46,14,0,26,2,0,0,0.076923077,0,0,"Moose",NA,NA,1,1,0,0,905.036767,"East","24A","Low Shrub","Low Shrub","Loam","Mesic",0,550.644958,299,23.927214,-149.794431,67.571449,0.311424408750873,1.36536857260694,"203-1-D-BENA_2018",NA,NA,NA,NA,8.46666669845581,-7.60833365718524,3.800000111262,13.2333339055379,15.4000004529953,0.950000015397867,76.2999960184097,282.969997882843,158.100002288818,3,"24A_2018",0.77
"81","203-2-B-BENA",2018,0.177,0.400642598723325,20,1998,15,"203-2","BENA",146,44,15,0,20,0,0,0,0,0,0,NA,NA,NA,0,0,1,0,933.944119,"East","24A","Low Shrub","Low Shrub","Loam","Mesic",0,566.911377,300,26.508135,-149.793674,67.571447,-0.47620096249649,0.621138644131401,"203-2-B-BENA_2018",NA,NA,NA,NA,8.46666669845581,-7.60833365718524,3.800000111262,13.2333339055379,15.4000004529953,0.950000015397867,76.2999960184097,282.969997882843,158.100002288818,3,"24A_2018",0.77
"82","203-2-C-BENA",2018,0.044,0.0751971617563262,42,1976,15,"203-2","BENA",118,35,14,0,38,0,0,0,0,0,0,NA,NA,NA,0,0,1,0,933.944119,"East","24A","Low Shrub","Low Shrub","Loam","Mesic",0,566.911377,300,26.508135,-149.793674,67.571447,-1.26377472233667,0.282585329596037,"203-2-C-BENA_2018",NA,NA,NA,NA,8.46666669845581,-7.60833365718524,3.800000111262,13.2333339055379,15.4000004529953,0.950000015397867,76.2999960184097,282.969997882843,158.100002288818,3,"24A_2018",0.77
"83","203-3-B-BENA",2018,0.11125,0.214157462456695,22,1996,15,"203-3","BENA",108,53,11,7,21,0,0,0,0,0,0,NA,NA,NA,0,0,1,0,922.335664,"East","24A","Low Shrub","Low Shrub","Loam","Mesic",0,556.241272,305,23.609533,-149.79364,67.571701,-0.988821846006219,0.372014723568799,"203-3-B-BENA_2018",NA,NA,NA,NA,8.46666669845581,-7.60833365718524,3.800000111262,13.2333339055379,15.4000004529953,0.950000015397867,76.2999960184097,282.969997882843,158.100002288818,3,"24A_2018",0.77
"84","203-3-D-BENA",2018,0.11675,0.160191576552411,26,1992,15,"203-3","BENA",108,52,11,0,7,1,0,0,0.14,0,0,"Moose",NA,NA,1,0,1,0,922.335664,"East","24A","Low Shrub","Low Shrub","Loam","Mesic",0,556.241272,305,23.609533,-149.79364,67.571701,-1.07981084846661,0.339659766734805,"203-3-D-BENA_2018",NA,NA,NA,NA,8.46666669845581,-7.60833365718524,3.800000111262,13.2333339055379,15.4000004529953,0.950000015397867,76.2999960184097,282.969997882843,158.100002288818,3,"24A_2018",0.77
"85","203-4-A-BENA",2018,0.1845,0.358497347877256,22,1996,15,"203-4","BENA",85,42,10,0,10,0,0,0,0,0,0,NA,NA,NA,0,1,1,0,951.384807,"East","24A","Low Shrub","Low Shrub","Loam","Mesic",0,569.135193,316,29.227108,-149.792864,67.571712,-0.473612134147666,0.622748748704813,"203-4-A-BENA_2018",NA,NA,NA,NA,8.46666669845581,-7.60833365718524,3.800000111262,13.2333339055379,15.4000004529953,0.950000015397867,76.2999960184097,282.969997882843,158.100002288818,3,"24A_2018",0.77
"86","203-4-B-BENA",2018,0.3335,0.818270218128285,39,1979,15,"203-4","BENA",99,36,12,0,12,0,0,0,0,0,0,NA,NA,NA,0,1,1,0,951.384807,"East","24A","Low Shrub","Low Shrub","Loam","Mesic",0,569.135193,316,29.227108,-149.792864,67.571712,1.03486850483458,2.81473608710085,"203-4-B-BENA_2018",NA,NA,NA,NA,8.46666669845581,-7.60833365718524,3.800000111262,13.2333339055379,15.4000004529953,0.950000015397867,76.2999960184097,282.969997882843,158.100002288818,3,"24A_2018",0.77
"87","209-1-C-BENA",2018,0.0923333333333333,0.165825433865172,29,1989,16,"209-1","BENA",58,59,14,0,9,0,0,0,0,0,0,NA,NA,NA,0,0,1,0,698.873831,"East","24A","Low Shrub","Black Spruce Woodland","Sandy Loam","Mesic - Xeric",0,553.345276,287,19.679848,-149.692986,67.655886,-0.914933933716776,0.400543087609772,"209-1-C-BENA_2018",NA,NA,NA,NA,8.46666669845581,-7.60833365718524,3.800000111262,13.2333339055379,15.4000004529953,0.950000015397867,76.2999960184097,282.969997882843,158.100002288818,3,"24A_2018",0.77
"88","209-1-D-BENA",2018,0.07275,0.116160977415105,34,1984,16,"209-1","BENA",76,39,10,0,6,0,0,0,0,0,0,NA,NA,NA,0,0,1,0,698.873831,"East","24A","Low Shrub","Black Spruce Woodland","Sandy Loam","Mesic - Xeric",0,553.345276,287,19.679848,-149.692986,67.655886,-1.08107455256645,0.339230808390328,"209-1-D-BENA_2018",NA,NA,NA,NA,8.46666669845581,-7.60833365718524,3.800000111262,13.2333339055379,15.4000004529953,0.950000015397867,76.2999960184097,282.969997882843,158.100002288818,3,"24A_2018",0.77
"89","209-2-B-BENA",2018,0.0575,0.073250159709263,50,1968,16,"209-2","BENA",104,57,18,0,18,0,0,0,0,0,0,NA,NA,NA,0,0,0,0,728.528855,"East","24A","Low Shrub","Black Spruce Woodland","Sandy Loam","Mesic - Xeric",0,561.911133,287,21.070175,-149.692261,67.656,-1.0819451465709,0.338935604602388,"209-2-B-BENA_2018",NA,NA,NA,NA,8.46666669845581,-7.60833365718524,3.800000111262,13.2333339055379,15.4000004529953,0.950000015397867,76.2999960184097,282.969997882843,158.100002288818,3,"24A_2018",0.77
"90","209-2-D-BENA",2018,0.04475,0.047061254300316,57,1961,16,"209-2","BENA",86,47,10,0,6,0,0,0,0,0,0,NA,NA,NA,0,0,0,0,728.528855,"East","24A","Low Shrub","Black Spruce Woodland","Sandy Loam","Mesic - Xeric",0,561.911133,287,21.070175,-149.692261,67.656,-1.3680144492091,0.254612003056154,"209-2-D-BENA_2018",NA,NA,NA,NA,8.46666669845581,-7.60833365718524,3.800000111262,13.2333339055379,15.4000004529953,0.950000015397867,76.2999960184097,282.969997882843,158.100002288818,3,"24A_2018",0.77
"91","209-3-A-BENA",2018,0.12725,0.225568905071779,58,1960,16,"209-3","BENA",67,52,13,0,10,0,0,0,0,0,0,NA,NA,NA,0,0,1,0,711.058695,"East","24A","Low Shrub","Black Spruce Woodland","Sandy Loam","Mesic - Xeric",0,553.430786,276,18.070417,-149.69261,67.656251,0.219915431350372,1.2459713560167,"209-3-A-BENA_2018",NA,NA,NA,NA,8.46666669845581,-7.60833365718524,3.800000111262,13.2333339055379,15.4000004529953,0.950000015397867,76.2999960184097,282.969997882843,158.100002288818,3,"24A_2018",0.77
"92","209-3-D-BENA",2018,0.036,0.0464264562347495,36,1982,16,"209-3","BENA",84,39,10,0,8,0,0,0,0,0,0,NA,NA,NA,0,0,1,0,711.058695,"East","24A","Low Shrub","Black Spruce Woodland","Sandy Loam","Mesic - Xeric",0,553.430786,276,18.070417,-149.69261,67.656251,-1.92997269951985,0.145152161153226,"209-3-D-BENA_2018",NA,NA,NA,NA,8.46666669845581,-7.60833365718524,3.800000111262,13.2333339055379,15.4000004529953,0.950000015397867,76.2999960184097,282.969997882843,158.100002288818,3,"24A_2018",0.77
"93","209-4-C-BENA",2018,0.03375,0.040211404218245,27,1991,16,"209-4","BENA",57,38,10,0,7,0,0,0,0,0,0,NA,NA,NA,0,0,0,0,738.024448,"East","24A","Low Shrub","Black Spruce Woodland","Sandy Loam","Mesic - Xeric",0,561.090881,296,18.584587,-149.691928,67.656444,-2.41699366653593,0.0891893477352309,"209-4-C-BENA_2018",NA,NA,NA,NA,8.46666669845581,-7.60833365718524,3.800000111262,13.2333339055379,15.4000004529953,0.950000015397867,76.2999960184097,282.969997882843,158.100002288818,3,"24A_2018",0.77
"94","209-4-D-BENA",2018,0.027,0.0238352459326985,46,1972,16,"209-4","BENA",71,50,9,0,8,0,0,0,0,0,0,NA,NA,NA,0,0,0,0,738.024448,"East","24A","Low Shrub","Black Spruce Woodland","Sandy Loam","Mesic - Xeric",0,561.090881,296,18.584587,-149.691928,67.656444,-2.30416266448802,0.0998423672217838,"209-4-D-BENA_2018",NA,NA,NA,NA,8.46666669845581,-7.60833365718524,3.800000111262,13.2333339055379,15.4000004529953,0.950000015397867,76.2999960184097,282.969997882843,158.100002288818,3,"24A_2018",0.77
"95","222-1-B-BENA",2018,0.08575,0.129105909944222,38,1980,17,"222-1","BENA",63,58,19,0,9,0,2,0,0,0.222222222,0,NA,"Hare",NA,1,2,18,0,769.468544,"East","24A","Low Shrub","Tall Shrub","Clay Loam","Mesic",0,669.484009,287,15.029548,-149.809491,67.826198,-0.842688594198443,0.430551387941094,"222-1-B-BENA_2018",NA,NA,NA,NA,8.46666669845581,-7.60833365718524,3.800000111262,13.2333339055379,15.4000004529953,0.950000015397867,76.2999960184097,282.969997882843,158.100002288818,3,"24A_2018",0.77
"96","222-1-D-BENA",2018,0.02175,0.0215409190779609,37,1981,17,"222-1","BENA",78,38,9,0,9,0,2,0,0,0.222222222,0,NA,"Hare",NA,1,2,18,0,769.468544,"East","24A","Low Shrub","Tall Shrub","Clay Loam","Mesic",0,669.484009,287,15.029548,-149.809491,67.826198,-2.66519157969151,0.069586020987753,"222-1-D-BENA_2018",NA,NA,NA,NA,8.46666669845581,-7.60833365718524,3.800000111262,13.2333339055379,15.4000004529953,0.950000015397867,76.2999960184097,282.969997882843,158.100002288818,3,"24A_2018",0.77
"97","222-2-A-BENA",2018,0.02325,0.019630045346415,32,1986,17,"222-2","BENA",81,59,12,0,9,0,0,0,0,0,0,NA,NA,NA,0,3,13,0,794.735172,"East","24A","Low Shrub","Tall Shrub","Clay Loam","Mesic",0,676.198608,282,15.59229,-149.808768,67.826375,-2.93133590384753,0.0533257524625027,"222-2-A-BENA_2018",NA,NA,NA,NA,8.46666669845581,-7.60833365718524,3.800000111262,13.2333339055379,15.4000004529953,0.950000015397867,76.2999960184097,282.969997882843,158.100002288818,3,"24A_2018",0.77
"98","222-2-D-BENA",2018,0.0445,0.0652171072940342,18,2000,17,"222-2","BENA",62,59,8,0,6,0,1,0,0,0.166666667,0,NA,"Hare",NA,1,3,13,0,794.735172,"East","24A","Low Shrub","Tall Shrub","Clay Loam","Mesic",0,676.198608,282,15.59229,-149.808768,67.826375,-2.41727967629251,0.0891638423591625,"222-2-D-BENA_2018",NA,NA,NA,NA,8.46666669845581,-7.60833365718524,3.800000111262,13.2333339055379,15.4000004529953,0.950000015397867,76.2999960184097,282.969997882843,158.100002288818,3,"24A_2018",0.77
"99","222-3-A-BENA",2018,0.0365,0.0318204065900478,56,1962,17,"222-3","BENA",126,65,16,0,21,0,3,0,0,0.142857143,0,NA,"Hare",NA,1,2,11,1,778.440723,"East","24A","Low Shrub","Low Shrub","Clay Loam","Mesic",0,672.469177,278,13.422374,-149.809021,67.826615,-1.78047827412128,0.168557511291484,"222-3-A-BENA_2018",NA,NA,NA,NA,8.46666669845581,-7.60833365718524,3.800000111262,13.2333339055379,15.4000004529953,0.950000015397867,76.2999960184097,282.969997882843,158.100002288818,3,"24A_2018",0.77
"100","222-3-B-BENA",2018,0.077,0.109944747301355,15,2003,17,"222-3","BENA",70,62,8,0,8,0,0,0,0,0,0,NA,NA,NA,0,2,11,1,778.440723,"East","24A","Low Shrub","Low Shrub","Clay Loam","Mesic",0,672.469177,278,13.422374,-149.809021,67.826615,-2.11259491025335,0.120923772619866,"222-3-B-BENA_2018",NA,NA,NA,NA,8.46666669845581,-7.60833365718524,3.800000111262,13.2333339055379,15.4000004529953,0.950000015397867,76.2999960184097,282.969997882843,158.100002288818,3,"24A_2018",0.77
"101","222-4-C-BENA",2018,0.17825,0.238415270131388,16,2002,17,"222-4","BENA",92,74,9,12,11,0,1,0,0,0.090909091,0,NA,"Hare",NA,1,0,15,0,805.061274,"East","24A","Low Shrub","Low Shrub","Clay Loam","Mesic",0,678.755371,278,16.631924,-149.808355,67.826658,-1.26154255536924,0.283216811758855,"222-4-C-BENA_2018",NA,NA,NA,NA,8.46666669845581,-7.60833365718524,3.800000111262,13.2333339055379,15.4000004529953,0.950000015397867,76.2999960184097,282.969997882843,158.100002288818,3,"24A_2018",0.77
"102","222-4-D-BENA",2018,0.153,0.282149577811553,23,1995,17,"222-4","BENA",107,70,8,0,14,0,0,0,0,0,0,NA,NA,NA,0,0,15,0,805.061274,"East","24A","Low Shrub","Low Shrub","Clay Loam","Mesic",0,678.755371,278,16.631924,-149.808355,67.826658,-0.660050042020389,0.51682547085382,"222-4-D-BENA_2018",NA,NA,NA,NA,8.46666669845581,-7.60833365718524,3.800000111262,13.2333339055379,15.4000004529953,0.950000015397867,76.2999960184097,282.969997882843,158.100002288818,3,"24A_2018",0.77
"103","235-1-A-BENA",2018,0.104,0.184109895870976,39,1979,18,"235-1","BENA",59,29,10,0,18,0,0,0,0,0,0,NA,NA,NA,0,0,5,0,477.732622,"East","24A","Low Shrub","Low Shrub","Sandy Gravel","Mesic",0,813.776917,295,20.303024,-149.727576,68.004859,-0.456791277739581,0.633312512687795,"235-1-A-BENA_2018",NA,NA,NA,NA,7.26666688919067,-8.74166694780191,2.70000004768372,11.8999999364217,9.19999998807907,0.883333337803682,58.1799991130829,293.519998073578,152.100002288818,3,"24A_2018",0.77
"104","235-1-B-BENA",2018,0.16275,0.274437164196531,26,1992,18,"235-1","BENA",42,18,10,0,10,0,1,0,0,0.1,0,NA,"Hare",NA,1,0,5,0,477.732622,"East","24A","Low Shrub","Low Shrub","Sandy Gravel","Mesic",0,813.776917,295,20.303024,-149.727576,68.004859,-0.541458976182214,0.581898656474345,"235-1-B-BENA_2018",NA,NA,NA,NA,7.26666688919067,-8.74166694780191,2.70000004768372,11.8999999364217,9.19999998807907,0.883333337803682,58.1799991130829,293.519998073578,152.100002288818,3,"24A_2018",0.77
"105","235-2-A-BENA",2018,0.09875,0.181563438675701,18,2000,18,"235-2","BENA",71,49,9,0,16,0,0,0,0,0,0,NA,NA,NA,0,0,0,0,510.631222,"East","24A","Dwarf Shrub-Lichen","Low Shrub","Sandy Gravel","Mesic",0,828.022217,289,26.243103,-149.726481,68.004961,-1.39339637559986,0.248230786307024,"235-2-A-BENA_2018",NA,NA,NA,NA,7.26666688919067,-8.74166694780191,2.70000004768372,11.8999999364217,9.19999998807907,0.883333337803682,58.1799991130829,293.519998073578,152.100002288818,3,"24A_2018",0.77
"106","235-2-B-BENA",2018,0.03575,0.0408534672168228,35,1983,18,"235-2","BENA",54,38,8,0,9,0,0,0,0,0,0,NA,NA,NA,NA,0,0,0,510.631222,"East","24A","Dwarf Shrub-Lichen","Low Shrub","Sandy Gravel","Mesic",0,828.022217,289,26.243103,-149.726481,68.004961,-2.09146787545762,0.123505711692951,"235-2-B-BENA_2018",NA,NA,NA,NA,7.26666688919067,-8.74166694780191,2.70000004768372,11.8999999364217,9.19999998807907,0.883333337803682,58.1799991130829,293.519998073578,152.100002288818,3,"24A_2018",0.77
"107","235-2-C-BENA",2018,0.016,0.0114856627415243,30,1988,18,"235-2","BENA",58,33,8,0,9,0,2,0,0,0.222222222,0,NA,"Hare",NA,1,0,0,0,510.631222,"East","24A","Dwarf Shrub-Lichen","Low Shrub","Sandy Gravel","Mesic",0,828.022217,289,26.243103,-149.726481,68.004961,-3.54431399426685,0.0288884333446311,"235-2-C-BENA_2018",NA,NA,NA,NA,7.26666688919067,-8.74166694780191,2.70000004768372,11.8999999364217,9.19999998807907,0.883333337803682,58.1799991130829,293.519998073578,152.100002288818,3,"24A_2018",0.77
"108","235-3-B-BENA",2018,0.0205,0.0274033273191006,33,1985,18,"235-3","BENA",59,31,10,0,15,0,0,0,0,0,0,NA,NA,NA,0,0,1,0,482.982181,"East","24A","Dwarf Shrub-Lichen","Low Shrub","Sandy Gravel","Mesic",0,817.546387,298,18.704132,-149.726784,68.005244,-2.56101177163399,0.0772265652541346,"235-3-B-BENA_2018",NA,NA,NA,NA,7.26666688919067,-8.74166694780191,2.70000004768372,11.8999999364217,9.19999998807907,0.883333337803682,58.1799991130829,293.519998073578,152.100002288818,3,"24A_2018",0.77
"109","235-3-C-BENA",2018,0.157,0.350439948118961,18,2000,18,"235-3","BENA",57,42,7,0,11,0,0,0,0,0,0,NA,NA,NA,0,0,1,0,482.982181,"East","24A","Dwarf Shrub-Lichen","Low Shrub","Sandy Gravel","Mesic",0,817.546387,298,18.704132,-149.726784,68.005244,-0.735812132866649,0.479116194920384,"235-3-C-BENA_2018",NA,NA,NA,NA,7.26666688919067,-8.74166694780191,2.70000004768372,11.8999999364217,9.19999998807907,0.883333337803682,58.1799991130829,293.519998073578,152.100002288818,3,"24A_2018",0.77
"110","235-4-A-BENA",2018,0.10375,0.17413357204996,28,1990,18,"235-4","BENA",45,36,11,0,13,0,0,0,0,0,0,NA,NA,NA,0,0,0,0,503.848767,"East","24A","Low Shrub","Low Shrub","Sandy Gravel","Mesic",0,825.290771,293,20.728168,-149.726015,68.005351,-0.907922733469832,0.403361243186758,"235-4-A-BENA_2018",NA,NA,NA,NA,7.26666688919067,-8.74166694780191,2.70000004768372,11.8999999364217,9.19999998807907,0.883333337803682,58.1799991130829,293.519998073578,152.100002288818,3,"24A_2018",0.77
"111","235-4-C-BENA",2018,0.358,1.18317405882437,22,1996,18,"235-4","BENA",61,45,11,0,10,0,0,0,0,0,0,NA,NA,NA,0,0,0,0,503.848767,"East","24A","Low Shrub","Low Shrub","Sandy Gravel","Mesic",0,825.290771,293,20.728168,-149.726015,68.005351,0.720422590237565,2.0553015775312,"235-4-C-BENA_2018",NA,NA,NA,NA,7.26666688919067,-8.74166694780191,2.70000004768372,11.8999999364217,9.19999998807907,0.883333337803682,58.1799991130829,293.519998073578,152.100002288818,3,"24A_2018",0.77
"112","240-1-C-BENA",2018,0.32675,1.11607886817212,12,2006,19,"240-1","BENA",52,36,9,0,17,0,0,0,0,0,0,NA,NA,NA,0,0,1,0,395.986648,"West","24A","Low Shrub","Low Shrub","Sandy Loam","Mesic",0,1043.032227,75,23.365055,-149.606437,68.069578,-0.0612818654390349,0.940558091590286,"240-1-C-BENA_2018",NA,NA,NA,NA,7.26666688919067,-8.74166694780191,2.70000004768372,11.8999999364217,9.19999998807907,0.883333337803682,58.1799991130829,293.519998073578,152.100002288818,3,"24A_2018",0.77
"113","240-1-D-BENA",2018,0.07325,0.114082813874755,19,1999,19,"240-1","BENA",70,38,7,0,13,0,0,0,0,0,0,NA,NA,NA,0,0,1,0,395.986648,"West","24A","Low Shrub","Low Shrub","Sandy Loam","Mesic",0,1043.032227,75,23.365055,-149.606437,68.069578,-1.79355636575684,0.166367452820539,"240-1-D-BENA_2018",NA,NA,NA,NA,7.26666688919067,-8.74166694780191,2.70000004768372,11.8999999364217,9.19999998807907,0.883333337803682,58.1799991130829,293.519998073578,152.100002288818,3,"24A_2018",0.77
"114","240-2-A-BENA",2018,0.085,0.180248878499714,22,1996,19,"240-2","BENA",90,57,9,0,23,0,0,2,0,0,0.086956522,NA,NA,"Ptarmagin",1,0,0,0,426.292991,"West","24A","Tussock Tundra (Low shrub or Herbaceous)","Low Shrub","Sandy Loam","Mesic",0,1048.270996,87,24.096361,-149.606886,68.069926,-1.16119484209795,0.313111838081367,"240-2-A-BENA_2018",NA,NA,NA,NA,7.26666688919067,-8.74166694780191,2.70000004768372,11.8999999364217,9.19999998807907,0.883333337803682,58.1799991130829,293.519998073578,152.100002288818,3,"24A_2018",0.77
"115","240-2-D-BENA",2018,0.052,0.0634664547878211,20,1998,19,"240-2","BENA",84,31,8,0,10,0,0,0,0,0,0,NA,NA,NA,0,0,0,0,426.292991,"West","24A","Tussock Tundra (Low shrub or Herbaceous)","Low Shrub","Sandy Loam","Mesic",0,1048.270996,87,24.096361,-149.606886,68.069926,-2.31875922212076,0.0983955969743439,"240-2-D-BENA_2018",NA,NA,NA,NA,7.26666688919067,-8.74166694780191,2.70000004768372,11.8999999364217,9.19999998807907,0.883333337803682,58.1799991130829,293.519998073578,152.100002288818,3,"24A_2018",0.77
"116","240-3-A-BENA",2018,0.25225,0.595340643584605,14,2004,19,"240-3","BENA",66,43,8,0,18,0,0,0,0,0,0,NA,NA,NA,0,0,1,3,399.798137,"West","24A","Low Shrub","Low Shrub","Sandy Loam","Mesic",0,1034.808228,93,20.584356,-149.606025,68.07014,-0.505770960580431,0.60304047572812,"240-3-A-BENA_2018",NA,NA,NA,NA,7.26666688919067,-8.74166694780191,2.70000004768372,11.8999999364217,9.19999998807907,0.883333337803682,58.1799991130829,293.519998073578,152.100002288818,3,"24A_2018",0.77
"117","240-3-D-BENA",2018,0.179,0.419228260861964,34,1984,19,"240-3","BENA",97,46,12,0,13,0,0,2,0,0,0.153846154,NA,NA,"Ptarmagin",1,0,1,3,399.798137,"West","24A","Low Shrub","Low Shrub","Sandy Loam","Mesic",0,1034.808228,93,20.584356,-149.606025,68.07014,0.202364028919043,1.22429360527903,"240-3-D-BENA_2018",NA,NA,NA,NA,7.26666688919067,-8.74166694780191,2.70000004768372,11.8999999364217,9.19999998807907,0.883333337803682,58.1799991130829,293.519998073578,152.100002288818,3,"24A_2018",0.77
"118","240-4-B-BENA",2018,0.0785,0.120224823862065,50,1968,19,"240-4","BENA",102,72,15,0,13,0,0,0,0,0,0,NA,NA,NA,0,0,2,0,431.079046,"West","24A","Low Shrub","Low Shrub","Sandy Loam","Mesic",0,1046.807861,94,24.616484,-149.606605,68.070368,-0.586462052703403,0.556291938824969,"240-4-B-BENA_2018",NA,NA,NA,NA,7.26666688919067,-8.74166694780191,2.70000004768372,11.8999999364217,9.19999998807907,0.883333337803682,58.1799991130829,293.519998073578,152.100002288818,3,"24A_2018",0.77
"119","240-4-D-BENA",2018,0.0145,0.0176973768158346,33,1985,19,"240-4","BENA",83,41,16,0,29,0,0,3,0,0,0.103448276,NA,NA,"Ptarmagin",1,0,2,0,431.079046,"West","24A","Low Shrub","Low Shrub","Sandy Loam","Mesic",0,1046.807861,94,24.616484,-149.606605,68.070368,-2.99825978655756,0.0498737839234012,"240-4-D-BENA_2018",NA,NA,NA,NA,7.26666688919067,-8.74166694780191,2.70000004768372,11.8999999364217,9.19999998807907,0.883333337803682,58.1799991130829,293.519998073578,152.100002288818,3,"24A_2018",0.77
"120","255-1-A-BENA",2018,0.06725,0.112660850499923,49,1969,20,"255-1","BENA",71,26,15,0,17,0,0,0,0,0,0,NA,NA,NA,0,0,0,0,585.543915,"East","26B","Low Shrub","Low Shrub","Sandy Gravel","Mesic - Xeric",0,991.483582,331,1.701594,-149.392735,68.222633,-0.675552263519942,0.508875309721292,"255-1-A-BENA_2018",NA,NA,NA,NA,5.40000001589457,-10.3083334465822,0.933333329856396,9.90000041325887,6.00000029802322,0.791666680326064,48.2899986505508,310.479998588562,155.299999237061,3,"26B_2018",0.27
"121","255-1-B-BENA",2018,0.018,0.0214602194166716,19,1999,20,"255-1","BENA",41,27,7,0,12,0,0,0,0,0,0,NA,NA,NA,0,0,0,0,585.543915,"East","26B","Low Shrub","Low Shrub","Sandy Gravel","Mesic - Xeric",0,991.483582,331,1.701594,-149.392735,68.222633,-3.46428002632209,0.0312955292743842,"255-1-B-BENA_2018",NA,NA,NA,NA,5.40000001589457,-10.3083334465822,0.933333329856396,9.90000041325887,6.00000029802322,0.791666680326064,48.2899986505508,310.479998588562,155.299999237061,3,"26B_2018",0.27
"122","255-2-C-BENA",2018,0.03,0.0385002179697432,37,1981,20,"255-2","BENA",65,27,8,0,20,0,0,0,0,0,0,NA,NA,NA,0,0,1,1,631.079496,"East","26B","Low Shrub","Low Shrub","Sandy Gravel","Mesic - Xeric",0,993.382141,286,2.676414,-149.39171,68.222788,-2.08448201610901,0.124371525930695,"255-2-C-BENA_2018",NA,NA,NA,NA,5.40000001589457,-10.3083334465822,0.933333329856396,9.90000041325887,6.00000029802322,0.791666680326064,48.2899986505508,310.479998588562,155.299999237061,3,"26B_2018",0.27
"123","255-2-D-BENA",2018,0.08925,0.162694640499158,29,1989,20,"255-2","BENA",60,32,10,0,11,0,0,0,0,0,0,NA,NA,NA,0,0,1,1,631.079496,"East","26B","Low Shrub","Low Shrub","Sandy Gravel","Mesic - Xeric",0,993.382141,286,2.676414,-149.39171,68.222788,-0.93399449284729,0.392980811954814,"255-2-D-BENA_2018",NA,NA,NA,NA,5.40000001589457,-10.3083334465822,0.933333329856396,9.90000041325887,6.00000029802322,0.791666680326064,48.2899986505508,310.479998588562,155.299999237061,3,"26B_2018",0.27
"124","255-3-A-BENA",2018,0.12425,0.187267000138293,18,2000,20,"255-3","BENA",61,31,7,0,17,0,0,0,0,0,0,NA,NA,NA,0,0,1,0,600.399561,"East","26B","Tussock Tundra (Low shrub or Herbaceous)","Low Shrub","Sandy Gravel","Mesic - Xeric",0,990.277893,304,2.837043,-149.392647,68.223106,-1.36246608588756,0.256028609243934,"255-3-A-BENA_2018",NA,NA,NA,NA,5.40000001589457,-10.3083334465822,0.933333329856396,9.90000041325887,6.00000029802322,0.791666680326064,48.2899986505508,310.479998588562,155.299999237061,3,"26B_2018",0.27
"125","255-3-D-BENA",2018,0.03825,0.0823436959946199,13,2005,20,"255-3","BENA",53,42,6,0,12,0,0,1,0,0,0.083333333,NA,NA,"Ptarmagin",1,0,1,0,600.399561,"East","26B","Tussock Tundra (Low shrub or Herbaceous)","Low Shrub","Sandy Gravel","Mesic - Xeric",0,990.277893,304,2.837043,-149.392647,68.223106,-2.57243871745801,0.0763491242597939,"255-3-D-BENA_2018",NA,NA,NA,NA,5.40000001589457,-10.3083334465822,0.933333329856396,9.90000041325887,6.00000029802322,0.791666680326064,48.2899986505508,310.479998588562,155.299999237061,3,"26B_2018",0.27
"126","255-4-B-BENA",2018,0.29175,1.03639983179636,22,1996,20,"255-4","BENA",49,32,10,0,25,0,0,0,0,0,0,NA,NA,NA,0,0,0,2,644.564014,"East","26B","Low Shrub","Low Shrub","Sandy Gravel","Mesic - Xeric",0,993.003235,239,7.430982,-149.391619,68.223199,0.587974890063827,1.80033883717892,"255-4-B-BENA_2018",NA,NA,NA,NA,5.40000001589457,-10.3083334465822,0.933333329856396,9.90000041325887,6.00000029802322,0.791666680326064,48.2899986505508,310.479998588562,155.299999237061,3,"26B_2018",0.27
"127","255-4-D-BENA",2018,0.0535,0.0567253823513808,41,1977,20,"255-4","BENA",56,29,5,0,12,0,0,0,0,0,0,NA,NA,NA,0,0,0,2,644.564014,"East","26B","Low Shrub","Low Shrub","Sandy Gravel","Mesic - Xeric",0,993.003235,239,7.430982,-149.391619,68.223199,-1.57442297850283,0.207127034957731,"255-4-D-BENA_2018",NA,NA,NA,NA,5.40000001589457,-10.3083334465822,0.933333329856396,9.90000041325887,6.00000029802322,0.791666680326064,48.2899986505508,310.479998588562,155.299999237061,3,"26B_2018",0.27
"128","261-1-C-BENA",2018,0.0256666666666667,0.0210992888738687,42,1976,21,"261-1","BENA",52,23,10,0,13,0,0,0,0,0,0,NA,NA,NA,0,0,0,0,356.206777,"East","26B","Dwarf Shrub","Low Shrub","Sandy Loam","Mesic",0,883.832947,287,13.943512,-149.352299,68.301689,-2.53464887272433,0.079289555102957,"261-1-C-BENA_2018",NA,NA,NA,NA,5.40000001589457,-10.3083334465822,0.933333329856396,9.90000041325887,6.00000029802322,0.791666680326064,48.2899986505508,310.479998588562,155.299999237061,3,"26B_2018",0.27
"129","261-1-D-BENA",2018,0.0735,0.133233373642417,29,1989,21,"261-1","BENA",59,19,9,0,15,0,0,0,0,0,0,NA,NA,NA,0,0,0,0,356.206777,"East","26B","Dwarf Shrub","Low Shrub","Sandy Loam","Mesic",0,883.832947,287,13.943512,-149.352299,68.301689,-1.13376728593469,0.321818587218593,"261-1-D-BENA_2018",NA,NA,NA,NA,5.40000001589457,-10.3083334465822,0.933333329856396,9.90000041325887,6.00000029802322,0.791666680326064,48.2899986505508,310.479998588562,155.299999237061,3,"26B_2018",0.27
"130","261-2-B-BENA",2018,0.12175,0.232075143457362,32,1986,21,"261-2","BENA",66,25,12,0,19,0,0,0,0,0,0,NA,NA,NA,0,0,0,1,388.99561,"East","26B","Dwarf Shrub-Lichen","Low Shrub","Sandy Loam","Mesic",0,888.892761,295,13.025289,-149.351465,68.301786,-0.46133600875336,0.630440808175069,"261-2-B-BENA_2018",NA,NA,NA,NA,5.40000001589457,-10.3083334465822,0.933333329856396,9.90000041325887,6.00000029802322,0.791666680326064,48.2899986505508,310.479998588562,155.299999237061,3,"26B_2018",0.27
"131","261-2-C-BENA",2018,0.015,0.011097676048806,27,1991,21,"261-2","BENA",37,18,8,0,13,0,0,0,0,0,0,NA,NA,NA,0,0,0,1,388.99561,"East","26B","Dwarf Shrub-Lichen","Low Shrub","Sandy Loam","Mesic",0,888.892761,295,13.025289,-149.351465,68.301786,-3.70440858752442,0.024614770546133,"261-2-C-BENA_2018",NA,NA,NA,NA,5.40000001589457,-10.3083334465822,0.933333329856396,9.90000041325887,6.00000029802322,0.791666680326064,48.2899986505508,310.479998588562,155.299999237061,3,"26B_2018",0.27
"132","261-3-A-BENA",2018,0.14175,0.38130589959094,13,2005,21,"261-3","BENA",70,41,11,0,15,0,0,0,0,0,0,NA,NA,NA,0,0,0,1,380.53651,"East","26B","Tussock Tundra (Low shrub or Herbaceous)","Low Shrub","Sandy Loam","Mesic",0,884.224731,295,11.657486,-149.351558,68.302088,-1.03973868072916,0.35354705854791,"261-3-A-BENA_2018",NA,NA,NA,NA,5.40000001589457,-10.3083334465822,0.933333329856396,9.90000041325887,6.00000029802322,0.791666680326064,48.2899986505508,310.479998588562,155.299999237061,3,"26B_2018",0.27
"133","261-3-D-BENA",2018,0.028,0.0308462416851564,38,1980,21,"261-3","BENA",74,41,14,0,26,0,0,0,0,0,0,NA,NA,NA,0,0,0,1,380.53651,"East","26B","Tussock Tundra (Low shrub or Herbaceous)","Low Shrub","Sandy Loam","Mesic",0,884.224731,295,11.657486,-149.351558,68.302088,-2.27430675154807,0.10286819694039,"261-3-D-BENA_2018",NA,NA,NA,NA,5.40000001589457,-10.3083334465822,0.933333329856396,9.90000041325887,6.00000029802322,0.791666680326064,48.2899986505508,310.479998588562,155.299999237061,3,"26B_2018",0.27
"134","261-4-A-BENA",2018,0.06575,0.0697655444078088,53,1965,21,"261-4","BENA",45,23,13,0,13,0,0,0,0,0,0,NA,NA,NA,0,0,0,0,405.679111,"East","26B","Low Shrub","Low Shrub","Sandy Loam","Mesic",0,886.626587,308,9.946874,-149.350886,68.302265,-1.0611507800266,0.346057345220248,"261-4-A-BENA_2018",NA,NA,NA,NA,5.40000001589457,-10.3083334465822,0.933333329856396,9.90000041325887,6.00000029802322,0.791666680326064,48.2899986505508,310.479998588562,155.299999237061,3,"26B_2018",0.27
"135","261-4-B-BENA",2018,0.02075,0.0209742543030693,32,1986,21,"261-4","BENA",71,30,12,0,13,0,0,0,0,0,0,NA,NA,NA,0,0,0,0,405.679111,"East","26B","Low Shrub","Low Shrub","Sandy Loam","Mesic",0,886.626587,308,9.946874,-149.350886,68.302265,-2.86510152216984,0.0569773463745625,"261-4-B-BENA_2018",NA,NA,NA,NA,5.40000001589457,-10.3083334465822,0.933333329856396,9.90000041325887,6.00000029802322,0.791666680326064,48.2899986505508,310.479998588562,155.299999237061,3,"26B_2018",0.27
"136","268-1-B-BENA",2018,0.067,0.0908250144116078,33,1985,22,"268-1","BENA",63,26,6,0,12,0,0,0,0,0,0,NA,NA,NA,0,0,1,2,212.091228,"West","26B","Low Shrub","Low Shrub","Sandy Gravel","Mesic",0,818.738892,195,1.432166,-149.327109,68.400098,-1.36274147587734,0.255958111235521,"268-1-B-BENA_2018",NA,NA,NA,NA,5.40000001589457,-10.3083334465822,0.933333329856396,9.90000041325887,6.00000029802322,0.791666680326064,48.2899986505508,310.479998588562,155.299999237061,3,"26B_2018",0.27
"137","268-1-C-BENA",2018,0.084,0.100147690611135,30,1988,22,"268-1","BENA",47,18,6,0,11,0,0,0,0,0,0,NA,NA,NA,0,0,1,2,212.091228,"West","26B","Low Shrub","Low Shrub","Sandy Gravel","Mesic",0,818.738892,195,1.432166,-149.327109,68.400098,-1.37876753116189,0.251888806936584,"268-1-C-BENA_2018",NA,NA,NA,NA,5.40000001589457,-10.3083334465822,0.933333329856396,9.90000041325887,6.00000029802322,0.791666680326064,48.2899986505508,310.479998588562,155.299999237061,3,"26B_2018",0.27
"138","268-2-A-BENA",2018,0.13475,0.203304045236706,28,1990,22,"268-2","BENA",60,23,9,0,24,0,0,0,0,0,0,NA,NA,NA,0,0,0,4,184.615387,"West","26B","Low Shrub","Low Shrub","Sandy Gravel","Mesic",0,819.441162,203,1.359031,-149.326454,68.400307,-0.75304277534212,0.470931431924262,"268-2-A-BENA_2018",NA,NA,NA,NA,5.40000001589457,-10.3083334465822,0.933333329856396,9.90000041325887,6.00000029802322,0.791666680326064,48.2899986505508,310.479998588562,155.299999237061,3,"26B_2018",0.27
"139","268-3-C-BENA",2018,0.0785,0.152778006938562,15,2003,22,"268-3","BENA",50,27,5,0,11,0,0,0,0,0,0,NA,NA,NA,0,0,0,0,206.549982,"West","26B","Low Shrub","Low Shrub","Sandy Gravel","Mesic",0,819.661011,150,1.610195,-149.326989,68.400547,-1.783586919867,0.168034339300604,"268-3-C-BENA_2018",NA,NA,NA,NA,5.40000001589457,-10.3083334465822,0.933333329856396,9.90000041325887,6.00000029802322,0.791666680326064,48.2899986505508,310.479998588562,155.299999237061,3,"26B_2018",0.27
"140","268-4-C-BENA",2018,0.111,0.191271156324834,39,1979,22,"268-4","BENA",58,32,8,0,18,0,0,0,0,0,0,NA,NA,NA,0,0,0,5,171.881056,"West","26B","Dwarf Shrub-Lichen","Low Shrub","Sandy Gravel","Mesic",0,820.486511,188,1.085947,-149.326166,68.400831,-0.418632029333165,0.657946255651959,"268-4-C-BENA_2018",NA,NA,NA,NA,5.40000001589457,-10.3083334465822,0.933333329856396,9.90000041325887,6.00000029802322,0.791666680326064,48.2899986505508,310.479998588562,155.299999237061,3,"26B_2018",0.27
"141","268-4-D-BENA",2018,0.05325,0.0693834482013169,30,1988,22,"268-4","BENA",57,23,7,0,15,0,0,0,0,0,0,NA,NA,NA,0,0,0,5,171.881056,"West","26B","Dwarf Shrub-Lichen","Low Shrub","Sandy Gravel","Mesic",0,820.486511,188,1.085947,-149.326166,68.400831,-1.7457651931808,0.174511402928274,"268-4-D-BENA_2018",NA,NA,NA,NA,5.40000001589457,-10.3083334465822,0.933333329856396,9.90000041325887,6.00000029802322,0.791666680326064,48.2899986505508,310.479998588562,155.299999237061,3,"26B_2018",0.27
"142","282-1-B-BENA",2018,0.0593333333333333,0.0644947997811295,29,1989,23,"282-1","BENA",41,18,8,0,9,0,0,0,0,0,0,NA,NA,NA,0,0,0,0,577.316923,"West","26B","Tussock Tundra (Low shrub or Herbaceous)","Tussock Tundra","Clay Loam","Mesic",0,826.622314,26,2.82316,-149.530032,68.582817,-1.85928496852575,0.15578398100325,"282-1-B-BENA_2018",NA,NA,NA,NA,9.80000019073486,-6.77500009536743,5.20000020662944,14.466667175293,26.6999998092651,1.05000002682209,79.419998049736,269.809995770454,132.000003814697,3,"26B_2018",0.27
"143","282-1-D-BENA",2018,0.15125,0.366946857668627,28,1990,23,"282-1","BENA",74,20,11,0,15,0,0,0,0,0,0,NA,NA,NA,0,0,0,0,577.316923,"West","26B","Tussock Tundra (Low shrub or Herbaceous)","Tussock Tundra","Clay Loam","Mesic",0,826.622314,26,2.82316,-149.530032,68.582817,-0.162528358070249,0.849991985751178,"282-1-D-BENA_2018",NA,NA,NA,NA,9.80000019073486,-6.77500009536743,5.20000020662944,14.466667175293,26.6999998092651,1.05000002682209,79.419998049736,269.809995770454,132.000003814697,3,"26B_2018",0.27
"144","282-2-A-BENA",2018,0.01675,0.0126423578866679,31,1987,23,"282-2","BENA",44,16,6,0,7,0,0,0,0,0,0,NA,NA,NA,0,0,0,0,604.079816,"West","26B","Low Shrub","Low Shrub-Tussock Tundra","Clay Loam","Mesic",0,826.41803,354,3.355184,-149.530916,68.583004,-3.40923125790404,0.033066610303106,"282-2-A-BENA_2018",NA,NA,NA,NA,9.80000019073486,-6.77500009536743,5.20000020662944,14.466667175293,26.6999998092651,1.05000002682209,79.419998049736,269.809995770454,132.000003814697,3,"26B_2018",0.27
"145","282-2-B-BENA",2018,0.042,0.0534384910375624,27,1991,23,"282-2","BENA",27,18,6,0,5,0,0,0,0,0,0,NA,NA,NA,0,0,0,0,604.079816,"West","26B","Low Shrub","Low Shrub-Tussock Tundra","Clay Loam","Mesic",0,826.41803,354,3.355184,-149.530916,68.583004,-2.1326130166932,0.11852717536864,"282-2-B-BENA_2018",NA,NA,NA,NA,9.80000019073486,-6.77500009536743,5.20000020662944,14.466667175293,26.6999998092651,1.05000002682209,79.419998049736,269.809995770454,132.000003814697,3,"26B_2018",0.27
"146","282-3-B-BENA",2018,0.0555,0.0923227687092065,24,1994,23,"282-3","BENA",31,18,7,0,8,0,0,0,0,0,0,NA,NA,NA,0,0,0,0,571.732475,"West","26B","Low Shrub","Low Shrub-Tussock Tundra","Clay Loam","Mesic",0,823.876221,27,3.830761,-149.53038,68.583298,-1.72640856474359,0.177922260163488,"282-3-B-BENA_2018",NA,NA,NA,NA,9.80000019073486,-6.77500009536743,5.20000020662944,14.466667175293,26.6999998092651,1.05000002682209,79.419998049736,269.809995770454,132.000003814697,3,"26B_2018",0.27
"147","282-3-D-BENA",2018,0.08625,0.158445243736096,21,1997,23,"282-3","BENA",82,20,10,0,18,0,0,0,0,0,0,NA,NA,NA,0,0,0,0,571.732475,"West","26B","Low Shrub","Low Shrub-Tussock Tundra","Clay Loam","Mesic",0,823.876221,27,3.830761,-149.53038,68.583298,-1.34563846061881,0.260373416607727,"282-3-D-BENA_2018",NA,NA,NA,NA,9.80000019073486,-6.77500009536743,5.20000020662944,14.466667175293,26.6999998092651,1.05000002682209,79.419998049736,269.809995770454,132.000003814697,3,"26B_2018",0.27
"148","282-4-A-BENA",2018,0.216,0.463133588992207,30,1988,23,"282-4","BENA",52,15,7,0,6,0,0,0,0,0,0,NA,NA,NA,0,0,0,0,597.547448,"West","26B","Tussock Tundra (Low shrub or Herbaceous)","Low Shrub-Tussock Tundra","Clay Loam","Mesic",0,823.620117,358,4.137664,-149.531178,68.583423,0.152602007902389,1.16486128109013,"282-4-A-BENA_2018",NA,NA,NA,NA,9.80000019073486,-6.77500009536743,5.20000020662944,14.466667175293,26.6999998092651,1.05000002682209,79.419998049736,269.809995770454,132.000003814697,3,"26B_2018",0.27
"149","282-4-C-BENA",2018,0.0315,0.0471050402479252,18,2000,23,"282-4","BENA",38,12,6,0,9,0,0,0,0,0,0,NA,NA,NA,0,0,0,0,597.547448,"West","26B","Tussock Tundra (Low shrub or Herbaceous)","Low Shrub-Tussock Tundra","Clay Loam","Mesic",0,823.620117,358,4.137664,-149.531178,68.583423,-2.74262148568911,0.0644012983288544,"282-4-C-BENA_2018",NA,NA,NA,NA,9.80000019073486,-6.77500009536743,5.20000020662944,14.466667175293,26.6999998092651,1.05000002682209,79.419998049736,269.809995770454,132.000003814697,3,"26B_2018",0.27
"150","60-1-A-BENA",2018,0.3325,1.17201826331148,14,2004,1,"60-1","BENA",121,NA,11,3,23,0,2,0,0,0.086956522,0,NA,"Hare",NA,1,0,1,0,1438.56091,"West","20F","Low Shrub","Low Shrub-Tussock Tundra","Silt Loam","Mesic",0,110.943649,215,1.507567,-149.840126,65.909691,0.171577840514983,1.18717654956974,"60-1-A-BENA_2018",NA,NA,NA,NA,14.0666669209798,-2.43333329260349,9.06666692097982,19.1333335240682,75.1000003814697,1.07500002284845,118.799997091293,232.519998252392,171.300003051758,3,"20F_2018",0.375
"151","60-1-B-BENA",2018,0.1295,0.198536089336261,14,2004,1,"60-1","BENA",129,NA,14,0,32,0,4,0,0,0.125,0,NA,"Hare",NA,1,0,1,0,1438.56091,"West","20F","Low Shrub","Low Shrub-Tussock Tundra","Silt Loam","Mesic",0,110.943649,215,1.507567,-149.840126,65.909691,-1.60393381867083,0.201103853823353,"60-1-B-BENA_2018",NA,NA,NA,NA,14.0666669209798,-2.43333329260349,9.06666692097982,19.1333335240682,75.1000003814697,1.07500002284845,118.799997091293,232.519998252392,171.300003051758,3,"20F_2018",0.375
"152","60-2-A-BENA",2018,0.113,0.284887475809157,17,2001,1,"60-2","BENA",89,NA,9,0,10,0,0,0,0,0,0,NA,NA,NA,0,0,2,0,1432.670461,"West","20F","Low Shrub","Low Shrub","Silt Loam","Mesic",0,110.927505,264,1.953402,-149.84073,65.909949,-1.01111655629367,0.363812535528662,"60-2-A-BENA_2018",NA,NA,NA,NA,14.0666669209798,-2.43333329260349,9.06666692097982,19.1333335240682,75.1000003814697,1.07500002284845,118.799997091293,232.519998252392,171.300003051758,3,"20F_2018",0.375
"153","60-2-D-BENA",2018,0.0925,0.182931013227717,17,2001,1,"60-2","BENA",102,NA,7,0,18,0,0,0,0,0,0,NA,NA,NA,0,0,2,0,1432.670461,"West","20F","Low Shrub","Low Shrub","Silt Loam","Mesic",0,110.927505,264,1.953402,-149.84073,65.909949,-1.4541017320074,0.233610114169378,"60-2-D-BENA_2018",NA,NA,NA,NA,14.0666669209798,-2.43333329260349,9.06666692097982,19.1333335240682,75.1000003814697,1.07500002284845,118.799997091293,232.519998252392,171.300003051758,3,"20F_2018",0.375
"154","60-3-A-BENA",2018,0.113,0.315949973171525,11,2007,1,"60-3","BENA",83,NA,8,11,15,0,0,0,0,0,0,NA,NA,NA,0,0,3,0,1403.187226,"West","20F","Low Shrub","Black Spruce Woodland","Silt Loam","Mesic",0,111.24585,78,1.323723,-149.840194,65.910114,-1.42710882690594,0.240001806903011,"60-3-A-BENA_2018",NA,NA,NA,NA,14.0666669209798,-2.43333329260349,9.06666692097982,19.1333335240682,75.1000003814697,1.07500002284845,118.799997091293,232.519998252392,171.300003051758,3,"20F_2018",0.375
"155","60-3-D-BENA",2018,0.071,0.124575144289122,14,2004,1,"60-3","BENA",101,NA,8,0,12,0,0,0,0,0,0,NA,NA,NA,0,0,3,0,1403.187226,"West","20F","Low Shrub","Black Spruce Woodland","Silt Loam","Mesic",0,111.24585,78,1.323723,-149.840194,65.910114,-2.069995610113,0.126186335647577,"60-3-D-BENA_2018",NA,NA,NA,NA,14.0666669209798,-2.43333329260349,9.06666692097982,19.1333335240682,75.1000003814697,1.07500002284845,118.799997091293,232.519998252392,171.300003051758,3,"20F_2018",0.375
"156","60-4-A-BENA",2018,0.071,0.0897788640579619,19,1999,1,"60-4","BENA",92,NA,7,13,13,0,0,0,0,0,0,NA,NA,NA,0,0,1,0,1406.241796,"West","20F","Tall Shrub (Open-Closed)","Black Spruce Woodland","Silt Loam","Mesic",0,110.670654,252,1.181915,-149.840942,65.910317,-2.03313140715399,0.130924899405463,"60-4-A-BENA_2018",NA,NA,NA,NA,14.0666669209798,-2.43333329260349,9.06666692097982,19.1333335240682,75.1000003814697,1.07500002284845,118.799997091293,232.519998252392,171.300003051758,3,"20F_2018",0.375
"157","60-4-B-BENA",2018,0.0505,0.101060323277003,28,1990,1,"60-4","BENA",95,NA,9,0,9,0,2,0,0,0.222222222,0,NA,"Hare",NA,1,0,1,0,1406.241796,"West","20F","Tall Shrub (Open-Closed)","Black Spruce Woodland","Silt Loam","Mesic",0,110.670654,252,1.181915,-149.840942,65.910317,-1.45202779492642,0.234095109598809,"60-4-B-BENA_2018",NA,NA,NA,NA,14.0666669209798,-2.43333329260349,9.06666692097982,19.1333335240682,75.1000003814697,1.07500002284845,118.799997091293,232.519998252392,171.300003051758,3,"20F_2018",0.375
"158","72-1-C-BENA",2018,0.02975,0.0376887053174124,50,1968,2,"72-1","BENA",118,71,9,0,11,0,2,0,0,0.181818182,0,NA,"Hare",NA,1,0,0,0,895.937772,"West","20F","Tussock Tundra (Low shrub or Herbaceous)","Black Spruce Woodland","Clay Loam","Mesic",0,130.808105,148,1.606934,-150.14017,66.022623,-1.74646511893271,0.174389300639614,"72-1-C-BENA_2018",NA,NA,NA,NA,12.6333335240682,-3.78333353996277,7.63333336512248,17.7000001271566,59.5000014305115,1.15833336797853,118.409996032715,243.999997910112,174.800003051758,3,"20F_2018",0.375
"159","72-1-D-BENA",2018,0.034,0.0696962330198892,62,1956,2,"72-1","BENA",65,41,8,7,4,0,0,0,0,0,0,NA,NA,NA,0,0,0,0,895.937772,"West","20F","Tussock Tundra (Low shrub or Herbaceous)","Black Spruce Woodland","Clay Loam","Mesic",0,130.808105,148,1.606934,-150.14017,66.022623,-0.87497858132884,0.416870948404648,"72-1-D-BENA_2018",NA,NA,NA,NA,12.6333335240682,-3.78333353996277,7.63333336512248,17.7000001271566,59.5000014305115,1.15833336797853,118.409996032715,243.999997910112,174.800003051758,3,"20F_2018",0.375
"160","72-2-A-BENA",2018,0.06275,0.0892528436380271,49,1969,2,"72-2","BENA",121,72,12,21,14,0,0,0,0,0,0,NA,NA,NA,0,0,0,0,855.94066,"West","20F","Tussock Tundra (Low shrub or Herbaceous)","Black Spruce Woodland","Clay Loam","Mesic",0,131.055786,179,2.125059,-150.13956,66.022889,-0.908460964577924,0.403144200032805,"72-2-A-BENA_2018",NA,NA,NA,NA,12.6333335240682,-3.78333353996277,7.63333336512248,17.7000001271566,59.5000014305115,1.15833336797853,118.409996032715,243.999997910112,174.800003051758,3,"20F_2018",0.375
"161","72-2-B-BENA",2018,0.10075,0.170522703993741,19,1999,2,"72-2","BENA",104,67,9,0,5,0,1,0,0,0.2,0,NA,"Hare",NA,1,0,0,0,855.94066,"West","20F","Tussock Tundra (Low shrub or Herbaceous)","Black Spruce Woodland","Clay Loam","Mesic",0,131.055786,179,2.125059,-150.13956,66.022889,-1.39161253880917,0.248673984695491,"72-2-B-BENA_2018",NA,NA,NA,NA,12.6333335240682,-3.78333353996277,7.63333336512248,17.7000001271566,59.5000014305115,1.15833336797853,118.409996032715,243.999997910112,174.800003051758,3,"20F_2018",0.375
"162","72-3-C-BENA",2018,0.08,0.136596448578083,16,2002,2,"72-3","BENA",65,39,9,0,4,0,0,0,0,0,0,NA,NA,NA,0,0,1,0,885.368743,"West","20F","Tussock Tundra (Low shrub or Herbaceous)","Black Spruce Woodland","Clay Loam","Mesic",0,132.401993,119,2.284806,-150.140609,66.023021,-1.8185255929713,0.162264819038426,"72-3-C-BENA_2018",NA,NA,NA,NA,12.6333335240682,-3.78333353996277,7.63333336512248,17.7000001271566,59.5000014305115,1.15833336797853,118.409996032715,243.999997910112,174.800003051758,3,"20F_2018",0.375
"163","72-3-D-BENA",2018,0.03925,0.0498470615858867,62,1956,2,"72-3","BENA",104,47,11,0,9,0,0,0,0,0,0,NA,NA,NA,0,0,1,0,885.368743,"West","20F","Tussock Tundra (Low shrub or Herbaceous)","Black Spruce Woodland","Clay Loam","Mesic",0,132.401993,119,2.284806,-150.140609,66.023021,-1.21016530245621,0.298147990761044,"72-3-D-BENA_2018",NA,NA,NA,NA,12.6333335240682,-3.78333353996277,7.63333336512248,17.7000001271566,59.5000014305115,1.15833336797853,118.409996032715,243.999997910112,174.800003051758,3,"20F_2018",0.375
"164","72-4-A-BENA",2018,0.019,0.025428050938156,20,1998,2,"72-4","BENA",97,39,7,0,8,0,0,0,0,0,0,NA,NA,NA,0,0,0,0,844.255779,"West","20F","Tussock Tundra (Low shrub or Herbaceous)","Low Shrub-Tussock Tundra","Clay Loam","Mesic",0,132.260803,156,1.029158,-150.139994,66.023305,-3.23341778507407,0.0394225305370926,"72-4-A-BENA_2018",NA,NA,NA,NA,12.6333335240682,-3.78333353996277,7.63333336512248,17.7000001271566,59.5000014305115,1.15833336797853,118.409996032715,243.999997910112,174.800003051758,3,"20F_2018",0.375
"165","72-4-D-BENA",2018,0.01825,0.0267606752718999,21,1997,2,"72-4","BENA",85,37,8,0,12,0,0,0,0,0,0,NA,NA,NA,0,0,0,0,844.255779,"West","20F","Tussock Tundra (Low shrub or Herbaceous)","Low Shrub-Tussock Tundra","Clay Loam","Mesic",0,132.260803,156,1.029158,-150.139994,66.023305,-3.12411405954425,0.0439758763783398,"72-4-D-BENA_2018",NA,NA,NA,NA,12.6333335240682,-3.78333353996277,7.63333336512248,17.7000001271566,59.5000014305115,1.15833336797853,118.409996032715,243.999997910112,174.800003051758,3,"20F_2018",0.375
"166","86-1-A-BENA",2018,0.34875,1.5051223141193,14,2004,3,"86-1","BENA",142,NA,20,0,87,1,0,0,0.011494253,0,0,"Moose",NA,NA,1,1,0,0,1072.088921,"West","20F","Tall Shrub (Open-Closed)","Tall Shrub","Gravely Sand Loam","Mesic - Xeric",0,572.239319,57,8.372539,-150.2773,66.212913,0.421724733189837,1.52458879822225,"86-1-A-BENA_2018",NA,NA,NA,NA,12.6333335240682,-3.78333353996277,7.63333336512248,17.7000001271566,59.5000014305115,1.15833336797853,118.409996032715,243.999997910112,174.800003051758,3,"20F_2018",0.375
"167","86-1-B-BENA",2018,0.3095,1.22561304858355,13,2005,3,"86-1","BENA",95,NA,11,0,56,0,0,0,0,0,0,NA,NA,NA,0,1,0,0,1072.088921,"West","20F","Tall Shrub (Open-Closed)","Tall Shrub","Gravely Sand Loam","Mesic - Xeric",0,572.239319,57,8.372539,-150.2773,66.212913,0.127855825839167,1.13638915293339,"86-1-B-BENA_2018",NA,NA,NA,NA,12.6333335240682,-3.78333353996277,7.63333336512248,17.7000001271566,59.5000014305115,1.15833336797853,118.409996032715,243.999997910112,174.800003051758,3,"20F_2018",0.375
"168","86-2-A-BENA",2018,0.472,2.57024169931356,14,2004,3,"86-2","BENA",118,NA,20,0,82,0,0,0,0,0,0,NA,NA,NA,0,0,0,0,1091.215231,"West","20F","Low Shrub","Tall Shrub","Gravely Sand Loam","Mesic - Xeric",0,576.231995,67,9.004415,-150.278061,66.212989,0.956850507361858,2.60348389412462,"86-2-A-BENA_2018",NA,NA,NA,NA,12.6333335240682,-3.78333353996277,7.63333336512248,17.7000001271566,59.5000014305115,1.15833336797853,118.409996032715,243.999997910112,174.800003051758,3,"20F_2018",0.375
"169","86-2-B-BENA",2018,0.3355,1.10986656504918,14,2004,3,"86-2","BENA",94,NA,18,3,35,0,0,0,0,0,0,NA,NA,NA,0,0,0,0,1091.215231,"West","20F","Low Shrub","Tall Shrub","Gravely Sand Loam","Mesic - Xeric",0,576.231995,67,9.004415,-150.278061,66.212989,0.117090362882143,1.12422101295169,"86-2-B-BENA_2018",NA,NA,NA,NA,12.6333335240682,-3.78333353996277,7.63333336512248,17.7000001271566,59.5000014305115,1.15833336797853,118.409996032715,243.999997910112,174.800003051758,3,"20F_2018",0.375
"170","86-3-A-BENA",2018,0.324,1.76092551419015,14,2004,3,"86-3","BENA",105,NA,18,0,64,0,0,0,0,0,0,NA,NA,NA,0,0,0,1,1057.338847,"West","20F","Tall Shrub (Open-Closed)","Tall Shrub","Gravely Sand Loam","Mesic - Xeric",0,571.701965,63,9.459789,-150.277761,66.213303,0.578690097620586,1.78370042637296,"86-3-A-BENA_2018",NA,NA,NA,NA,12.6333335240682,-3.78333353996277,7.63333336512248,17.7000001271566,59.5000014305115,1.15833336797853,118.409996032715,243.999997910112,174.800003051758,3,"20F_2018",0.375
"171","86-3-D-BENA",2018,0.51225,3.1682716474527,14,2004,3,"86-3","BENA",167,NA,18,0,12,0,0,0,0,0,0,NA,NA,NA,0,0,0,1,1057.338847,"West","20F","Tall Shrub (Open-Closed)","Tall Shrub","Gravely Sand Loam","Mesic - Xeric",0,571.701965,63,9.459789,-150.277761,66.213303,1.16603678402938,3.20924845650031,"86-3-D-BENA_2018",NA,NA,NA,NA,12.6333335240682,-3.78333353996277,7.63333336512248,17.7000001271566,59.5000014305115,1.15833336797853,118.409996032715,243.999997910112,174.800003051758,3,"20F_2018",0.375
"172","86-4-C-BENA",2018,0.850666666666667,7.73139250341214,14,2004,3,"86-4","BENA",133,NA,26,0,52,0,0,0,0,0,0,NA,NA,NA,0,2,0,0,1074.730943,"West","20F","Low Shrub","Tall Shrub","Gravely Sand Loam","Mesic - Xeric",0,575.689697,64,9.57597,-150.278532,66.213405,2.05813955557101,7.83138638952324,"86-4-C-BENA_2018",NA,NA,NA,NA,12.6333335240682,-3.78333353996277,7.63333336512248,17.7000001271566,59.5000014305115,1.15833336797853,118.409996032715,243.999997910112,174.800003051758,3,"20F_2018",0.375
"173","86-4-D-BENA",2018,0.284,0.93563328908999,13,2005,3,"86-4","BENA",104,NA,11,0,31,0,0,0,0,0,0,NA,NA,NA,0,2,0,0,1074.730943,"West","20F","Low Shrub","Tall Shrub","Gravely Sand Loam","Mesic - Xeric",0,575.689697,64,9.57597,-150.278532,66.213405,-0.142117005231254,0.867519746198891,"86-4-D-BENA_2018",NA,NA,NA,NA,12.6333335240682,-3.78333353996277,7.63333336512248,17.7000001271566,59.5000014305115,1.15833336797853,118.409996032715,243.999997910112,174.800003051758,3,"20F_2018",0.375
"174","97-1-C-BENA",2018,0.04875,0.0648984319892348,12,2006,4,"97-1","BENA",63,29,7,0,3,0,0,0,0,0,0,NA,NA,NA,0,0,0,0,926.812684,"East","24A","Tussock Tundra (Low shrub or Herbaceous)","Low Shrub","Gravely Sand Loam","Mesic",2004,556.594971,67,6.396444,-150.432109,66.348765,-2.90603521328261,0.054692143252356,"97-1-C-BENA_2018",NA,NA,NA,NA,12.6333335240682,-3.78333353996277,7.63333336512248,17.7000001271566,59.5000014305115,1.15833336797853,118.409996032715,243.999997910112,174.800003051758,3,"24A_2018",0.77
"175","97-1-D-BENA",2018,0.215,0.649775608541976,14,2004,4,"97-1","BENA",121,53,14,0,19,0,0,0,0,0,0,NA,NA,NA,0,0,0,0,926.812684,"East","24A","Tussock Tundra (Low shrub or Herbaceous)","Low Shrub","Gravely Sand Loam","Mesic",2004,556.594971,67,6.396444,-150.432109,66.348765,-0.418277626870199,0.658179474749732,"97-1-D-BENA_2018",NA,NA,NA,NA,12.6333335240682,-3.78333353996277,7.63333336512248,17.7000001271566,59.5000014305115,1.15833336797853,118.409996032715,243.999997910112,174.800003051758,3,"24A_2018",0.77
"176","97-2-A-BENA",2018,0.2175,0.732152094909919,13,2005,4,"97-2","BENA",102,64,9,0,13,0,0,0,0,0,0,NA,NA,NA,0,0,0,0,888.474156,"East","24A","Tussock Tundra (Low shrub or Herbaceous)","Low Shrub","Gravely Sand Loam","Mesic",2004,560.389526,70,6.330689,-150.43305,66.348843,-0.387352347471087,0.678851861045903,"97-2-A-BENA_2018",NA,NA,NA,NA,12.6333335240682,-3.78333353996277,7.63333336512248,17.7000001271566,59.5000014305115,1.15833336797853,118.409996032715,243.999997910112,174.800003051758,3,"24A_2018",0.77
"177","97-2-B-BENA",2018,0.2555,1.21364750756419,13,2005,4,"97-2","BENA",91,53,13,0,26,0,0,0,0,0,0,NA,NA,NA,0,0,0,0,888.474156,"East","24A","Tussock Tundra (Low shrub or Herbaceous)","Low Shrub","Gravely Sand Loam","Mesic",2004,560.389526,70,6.330689,-150.43305,66.348843,0.118044953469778,1.12529469613147,"97-2-B-BENA_2018",NA,NA,NA,NA,12.6333335240682,-3.78333353996277,7.63333336512248,17.7000001271566,59.5000014305115,1.15833336797853,118.409996032715,243.999997910112,174.800003051758,3,"24A_2018",0.77
"178","97-3-A-BENA",2018,0.09875,0.130840461788085,13,2005,4,"97-3","BENA",91,57,10,0,11,0,0,0,0,0,0,NA,NA,NA,0,0,0,0,924.995234,"East","24A","Tussock Tundra (Low shrub or Herbaceous)","Tall Shrub","Gravely Sand Loam","Mesic",2004,557.015015,71,7.919354,-150.432427,66.349149,-2.10936188770615,0.121315354558775,"97-3-A-BENA_2018",NA,NA,NA,NA,12.6333335240682,-3.78333353996277,7.63333336512248,17.7000001271566,59.5000014305115,1.15833336797853,118.409996032715,243.999997910112,174.800003051758,3,"24A_2018",0.77
"179","97-3-D-BENA",2018,0.146,0.305017230737032,23,1995,4,"97-3","BENA",75,49,7,21,13,0,0,0,0,0,0,NA,NA,NA,0,0,0,0,924.995234,"East","24A","Tussock Tundra (Low shrub or Herbaceous)","Tall Shrub","Gravely Sand Loam","Mesic",2004,557.015015,71,7.919354,-150.432427,66.349149,-0.582119120876731,0.558713130520731,"97-3-D-BENA_2018",NA,NA,NA,NA,12.6333335240682,-3.78333353996277,7.63333336512248,17.7000001271566,59.5000014305115,1.15833336797853,118.409996032715,243.999997910112,174.800003051758,3,"24A_2018",0.77
"180","97-4-B-BENA",2018,0.09525,0.184554234881918,13,2005,4,"97-4","BENA",115,59,12,0,13,0,0,0,0,0,0,NA,NA,NA,0,0,0,0,898.750829,"East","24A","Tussock Tundra (Low shrub or Herbaceous)","Low Shrub","Gravely Sand Loam","Mesic",2004,558.840271,63,3.962788,-150.433152,66.349294,-1.76539724349718,0.171118797152261,"97-4-B-BENA_2018",NA,NA,NA,NA,12.6333335240682,-3.78333353996277,7.63333336512248,17.7000001271566,59.5000014305115,1.15833336797853,118.409996032715,243.999997910112,174.800003051758,3,"24A_2018",0.77
"181","97-4-D-BENA",2018,0.21925,0.576348537896407,14,2004,4,"97-4","BENA",98,54,13,0,12,0,0,0,0,0,0,NA,NA,NA,0,0,0,0,898.750829,"East","24A","Tussock Tundra (Low shrub or Herbaceous)","Low Shrub","Gravely Sand Loam","Mesic",2004,558.840271,63,3.962788,-150.433152,66.349294,-0.538192134319841,0.583802735834654,"97-4-D-BENA_2018",NA,NA,NA,NA,12.6333335240682,-3.78333353996277,7.63333336512248,17.7000001271566,59.5000014305115,1.15833336797853,118.409996032715,243.999997910112,174.800003051758,3,"24A_2018",0.77
"182","102-1-B-BENA",2017,0.127,0.313799553000144,14,2003,5,"102-1","BENA",81,NA,11,0,18,0,0,2,0,0,0.111111111,NA,NA,"Ptarmagin",1,0,0,0,978.645101,"West","24A","Low Shrub","Low Shrub","Sandy Loam","Mesic",2004,428.203827,339,4.033863,-150.565499,66.400721,-1.14615029670664,0.317858076319269,"102-1-B-BENA_2017",NA,NA,NA,NA,13.3333336512248,-3.91666681567828,8.03333361943563,18.6999998092651,108.900001525879,1.2333333628873,134.139997959137,240.349998474121,174.800001144409,2,"24A_2017",0.77
"183","102-1-C-BENA",2017,0.1715,0.480594560960859,12,2005,5,"102-1","BENA",109,NA,11,0,37,0,0,3,0,0,0.081081081,NA,NA,"Ptarmagin",1,0,0,0,978.645101,"West","24A","Low Shrub","Low Shrub","Sandy Loam","Mesic",2004,428.203827,339,4.033863,-150.565499,66.400721,-0.903834670235112,0.40501358459222,"102-1-C-BENA_2017",NA,NA,NA,NA,13.3333336512248,-3.91666681567828,8.03333361943563,18.6999998092651,108.900001525879,1.2333333628873,134.139997959137,240.349998474121,174.800001144409,2,"24A_2017",0.77
"184","102-2-B-BENA",2017,0.1265,0.426223802303341,14,2003,5,"102-2","BENA",63,NA,11,0,9,0,0,0,0,0,0,NA,NA,NA,0,0,0,1,973.266715,"West","24A","Tall Shrub (Open-Closed)","Low Shrub","Sandy Loam","Mesic",2004,426.001434,321,4.435797,-150.566012,66.400957,-0.839940146693828,0.431736363504515,"102-2-B-BENA_2017",NA,NA,NA,NA,13.3333336512248,-3.91666681567828,8.03333361943563,18.6999998092651,108.900001525879,1.2333333628873,134.139997959137,240.349998474121,174.800001144409,2,"24A_2017",0.77
"185","102-2-C-BENA",2017,0.146,0.608887780155506,13,2004,5,"102-2","BENA",167,NA,16,0,31,0,0,0,0,0,0,NA,NA,NA,0,0,0,1,973.266715,"West","24A","Tall Shrub (Open-Closed)","Low Shrub","Sandy Loam","Mesic",2004,426.001434,321,4.435797,-150.566012,66.400957,-0.571706638089028,0.564561114555754,"102-2-C-BENA_2017",NA,NA,NA,NA,13.3333336512248,-3.91666681567828,8.03333361943563,18.6999998092651,108.900001525879,1.2333333628873,134.139997959137,240.349998474121,174.800001144409,2,"24A_2017",0.77
"186","102-3-A-BENA",2017,0.04075,0.075627756299408,13,2004,5,"102-3","BENA",118,NA,7,10,21,0,0,0,0,0,0,NA,NA,NA,0,0,0,0,939.238254,"West","24A","Tussock Tundra (Low shrub or Herbaceous)","Low Shrub","Sandy Loam","Mesic",2004,424.339783,330,3.896938,-150.565669,66.401242,-2.65751725715957,0.0701221009507538,"102-3-A-BENA_2017",NA,NA,NA,NA,13.3333336512248,-3.91666681567828,8.03333361943563,18.6999998092651,108.900001525879,1.2333333628873,134.139997959137,240.349998474121,174.800001144409,2,"24A_2017",0.77
"187","102-3-B-BENA",2017,0.10025,0.2093594650765,37,1980,5,"102-3","BENA",72,NA,16,0,12,0,0,0,0,0,0,NA,NA,NA,0,0,0,0,939.238254,"West","24A","Tussock Tundra (Low shrub or Herbaceous)","Low Shrub","Sandy Loam","Mesic",2004,424.339783,330,3.896938,-150.565669,66.401242,-0.391093215761424,0.676317109686534,"102-3-B-BENA_2017",NA,NA,NA,NA,13.3333336512248,-3.91666681567828,8.03333361943563,18.6999998092651,108.900001525879,1.2333333628873,134.139997959137,240.349998474121,174.800001144409,2,"24A_2017",0.77
"188","102-4-A-BENA",2017,0.227,0.975934187041344,13,2004,5,"102-4","BENA",88,NA,11,0,17,0,0,0,0,0,0,NA,NA,NA,0,0,0,0,934.189604,"West","24A","Low Shrub","Low Shrub","Sandy Loam","Mesic",2004,423.102509,349,3.666453,-150.566049,66.401434,-0.0999454669513199,0.904886762924376,"102-4-A-BENA_2017",NA,NA,NA,NA,13.3333336512248,-3.91666681567828,8.03333361943563,18.6999998092651,108.900001525879,1.2333333628873,134.139997959137,240.349998474121,174.800001144409,2,"24A_2017",0.77
"189","102-4-C-BENA",2017,0.0333333333333333,0.0885929043210081,13,2004,5,"102-4","BENA",97,NA,15,5,9,0,0,0,0,0,0,NA,NA,NA,0,0,0,0,934.189604,"West","24A","Low Shrub","Low Shrub","Sandy Loam","Mesic",2004,423.102509,349,3.666453,-150.566049,66.401434,-2.49928885204713,0.0821433939640336,"102-4-C-BENA_2017",NA,NA,NA,NA,13.3333336512248,-3.91666681567828,8.03333361943563,18.6999998092651,108.900001525879,1.2333333628873,134.139997959137,240.349998474121,174.800001144409,2,"24A_2017",0.77
"190","111-1-A-BENA",2017,0.07375,0.215184370555336,29,1988,6,"111-1","BENA",45,37,7,0,7,0,0,0,0,0,0,NA,NA,NA,0,0,0,0,640.914524,"West","24A","Tall Shrub (Open-Closed)","Low Shrub","Gravely Sand Loam","Mesic",0,512.854736,12,8.158982,-150.736683,66.498494,-0.65437436740969,0.519767144150387,"111-1-A-BENA_2017",NA,NA,NA,NA,13.3333336512248,-3.91666681567828,8.03333361943563,18.6999998092651,108.900001525879,1.2333333628873,134.139997959137,240.349998474121,174.800001144409,2,"24A_2017",0.77
"191","111-1-B-BENA",2017,0.10225,0.192656402335526,21,1996,6,"111-1","BENA",89,51,9,0,12,0,0,0,0,0,0,NA,NA,NA,0,0,0,0,640.914524,"West","24A","Tall Shrub (Open-Closed)","Low Shrub","Gravely Sand Loam","Mesic",0,512.854736,12,8.158982,-150.736683,66.498494,-1.15013922535185,0.316592688582081,"111-1-B-BENA_2017",NA,NA,NA,NA,13.3333336512248,-3.91666681567828,8.03333361943563,18.6999998092651,108.900001525879,1.2333333628873,134.139997959137,240.349998474121,174.800001144409,2,"24A_2017",0.77
"192","111-2-A-BENA",2017,0.12875,0.365548848937779,17,2000,6,"111-2","BENA",70,39,11,0,13,0,0,0,0,0,0,NA,NA,NA,0,0,0,0,685.564701,"West","24A","Tall Shrub (Open-Closed)","Low Shrub","Gravely Sand Loam","Mesic",0,516.430603,8,6.353059,-150.737535,66.498284,-0.761810916993361,0.46682028830473,"111-2-A-BENA_2017",NA,NA,NA,NA,13.3333336512248,-3.91666681567828,8.03333361943563,18.6999998092651,108.900001525879,1.2333333628873,134.139997959137,240.349998474121,174.800001144409,2,"24A_2017",0.77
"193","111-2-D-BENA",2017,0.0865,0.222153797507785,21,1996,6,"111-2","BENA",75,31,6,0,7,0,0,0,0,0,0,NA,NA,NA,0,0,0,0,685.564701,"West","24A","Tall Shrub (Open-Closed)","Low Shrub","Gravely Sand Loam","Mesic",0,516.430603,8,6.353059,-150.737535,66.498284,-1.00767760528532,0.365065822776135,"111-2-D-BENA_2017",NA,NA,NA,NA,13.3333336512248,-3.91666681567828,8.03333361943563,18.6999998092651,108.900001525879,1.2333333628873,134.139997959137,240.349998474121,174.800001144409,2,"24A_2017",0.77
"194","111-3-A-BENA",2017,0.089,0.169438658178712,30,1987,6,"111-3","BENA",108,46,7,0,11,0,0,0,0,0,0,NA,NA,NA,0,0,0,0,664.632709,"West","24A","Tall Shrub (Open-Closed)","Low Shrub","Gravely Sand Loam","Mesic",0,511.257965,359,9.703425,-150.737553,66.498636,-0.852922571039438,0.426167605035376,"111-3-A-BENA_2017",NA,NA,NA,NA,13.3333336512248,-3.91666681567828,8.03333361943563,18.6999998092651,108.900001525879,1.2333333628873,134.139997959137,240.349998474121,174.800001144409,2,"24A_2017",0.77
"195","111-3-D-BENA",2017,0.205,1.03044239037745,20,1997,6,"111-3","BENA",95,38,7,3,16,0,0,0,0,0,0,NA,NA,NA,0,0,0,0,664.632709,"West","24A","Tall Shrub (Open-Closed)","Low Shrub","Gravely Sand Loam","Mesic",0,511.257965,359,9.703425,-150.737553,66.498636,0.468472776856388,1.59755251002796,"111-3-D-BENA_2017",NA,NA,NA,NA,13.3333336512248,-3.91666681567828,8.03333361943563,18.6999998092651,108.900001525879,1.2333333628873,134.139997959137,240.349998474121,174.800001144409,2,"24A_2017",0.77
"196","111-4-A-BENA",2017,0.205,0.907433330026144,19,1998,6,"111-4","BENA",112,61,10,0,19,0,0,0,0,0,0,NA,NA,NA,0,0,0,0,707.594422,"West","24A","Tall Shrub (Open-Closed)","Low Shrub","Gravely Sand Loam","Mesic",0,515.006653,353,8.170983,-150.73833,66.498407,0.280139109983165,1.32331388570628,"111-4-A-BENA_2017",NA,NA,NA,NA,13.3333336512248,-3.91666681567828,8.03333361943563,18.6999998092651,108.900001525879,1.2333333628873,134.139997959137,240.349998474121,174.800001144409,2,"24A_2017",0.77
"197","111-4-C-BENA",2017,0.0536666666666667,0.0970567202202082,25,1992,6,"111-4","BENA",51,30,7,0,13,0,0,0,0,0,0,NA,NA,NA,0,0,0,0,707.594422,"West","24A","Tall Shrub (Open-Closed)","Low Shrub","Gravely Sand Loam","Mesic",0,515.006653,353,8.170983,-150.73833,66.498407,-1.62768934153546,0.196382823906875,"111-4-C-BENA_2017",NA,NA,NA,NA,13.3333336512248,-3.91666681567828,8.03333361943563,18.6999998092651,108.900001525879,1.2333333628873,134.139997959137,240.349998474121,174.800001144409,2,"24A_2017",0.77
"198","121-1-C-BENA",2017,0.06025,0.118821120994532,45,1972,7,"121-1","BENA",60,36,11,0,11,0,0,0,0,0,0,NA,NA,NA,0,0,0,0,1394.51987,"East","24A","Tall Shrub (Open-Closed)","Low Shrub","Clay Loam","Mesic",2005,466.470276,61,7.209129,-150.675843,66.599029,-0.723937172763429,0.484839595942462,"121-1-C-BENA_2017",NA,NA,NA,NA,13.466667175293,-3.83333333333333,8.13333336512248,18.8666671117147,113.900002002716,1.20833334202568,130.279996395111,239.879998207092,167.100004196167,2,"24A_2017",0.77
"199","121-1-D-BENA",2017,0.20925,0.714734516189794,33,1984,7,"121-1","BENA",73,42,19,0,25,0,0,0,0,0,0,NA,NA,NA,0,0,0,0,1394.51987,"East","24A","Tall Shrub (Open-Closed)","Low Shrub","Clay Loam","Mesic",2005,466.470276,61,7.209129,-150.675843,66.599029,0.700234955055543,2.01422590443754,"121-1-D-BENA_2017",NA,NA,NA,NA,13.466667175293,-3.83333333333333,8.13333336512248,18.8666671117147,113.900002002716,1.20833334202568,130.279996395111,239.879998207092,167.100004196167,2,"24A_2017",0.77
"200","121-2-A-BENA",2017,0.154333333333333,1.04938233007322,11,2006,7,"121-2","BENA",78,45,15,0,25,0,0,0,0,0,0,NA,NA,NA,0,0,0,0,1360.369622,"East","24A","Low Shrub","Low Shrub","Clay Loam","Mesic",2005,467.582397,57,7.419251,-150.676297,66.599294,-0.226735702224356,0.797131434516494,"121-2-A-BENA_2017",NA,NA,NA,NA,13.466667175293,-3.83333333333333,8.13333336512248,18.8666671117147,113.900002002716,1.20833334202568,130.279996395111,239.879998207092,167.100004196167,2,"24A_2017",0.77
"201","121-2-B-BENA",2017,0.15325,0.486865376246965,10,2007,7,"121-2","BENA",101,47,16,0,31,0,0,0,0,0,0,NA,NA,NA,0,0,0,0,1360.369622,"East","24A","Low Shrub","Low Shrub","Clay Loam","Mesic",2005,467.582397,57,7.419251,-150.676297,66.599294,-1.10844238620455,0.330072686648531,"121-2-B-BENA_2017",NA,NA,NA,NA,13.466667175293,-3.83333333333333,8.13333336512248,18.8666671117147,113.900002002716,1.20833334202568,130.279996395111,239.879998207092,167.100004196167,2,"24A_2017",0.77
"202","121-3-C-BENA",2017,0.44975,3.73685004496908,9,2008,7,"121-3","BENA",83,36,13,0,12,0,0,0,0,0,0,NA,NA,NA,0,0,0,0,1376.839212,"East","24A","Low Shrub","Low Shrub","Clay Loam","Mesic",2005,462.586914,66,7.264894,-150.675497,66.599464,0.80383749006174,2.2340978276944,"121-3-C-BENA_2017",NA,NA,NA,NA,13.466667175293,-3.83333333333333,8.13333336512248,18.8666671117147,113.900002002716,1.20833334202568,130.279996395111,239.879998207092,167.100004196167,2,"24A_2017",0.77
"203","121-3-D-BENA",2017,0.15175,0.551226792241978,13,2004,7,"121-3","BENA",88,37,15,0,15,0,0,0,0,0,0,NA,NA,NA,0,0,0,0,1376.839212,"East","24A","Low Shrub","Low Shrub","Clay Loam","Mesic",2005,462.586914,66,7.264894,-150.675497,66.599464,-0.671194294147215,0.511097812016601,"121-3-D-BENA_2017",NA,NA,NA,NA,13.466667175293,-3.83333333333333,8.13333336512248,18.8666671117147,113.900002002716,1.20833334202568,130.279996395111,239.879998207092,167.100004196167,2,"24A_2017",0.77
"204","121-4-A-BENA",2017,0.512,4.66222402889217,12,2005,7,"121-4","BENA",61,33,21,0,34,0,0,0,0,0,0,NA,NA,NA,0,0,0,0,1343.63337,"East","24A","Tall Shrub (Open-Closed)","Low Shrub","Clay Loam","Mesic",2005,462.975769,50,6.55981,-150.675949,66.599719,1.36838919639818,3.92901672115966,"121-4-A-BENA_2017",NA,NA,NA,NA,13.466667175293,-3.83333333333333,8.13333336512248,18.8666671117147,113.900002002716,1.20833334202568,130.279996395111,239.879998207092,167.100004196167,2,"24A_2017",0.77
"205","121-4-B-BENA",2017,0.18125,0.776822597200852,10,2007,7,"121-4","BENA",58,29,8,0,9,0,0,0,0,0,0,NA,NA,NA,0,0,0,0,1343.63337,"East","24A","Tall Shrub (Open-Closed)","Low Shrub","Clay Loam","Mesic",2005,462.975769,50,6.55981,-150.675949,66.599719,-0.641218029592442,0.526650557252422,"121-4-B-BENA_2017",NA,NA,NA,NA,13.466667175293,-3.83333333333333,8.13333336512248,18.8666671117147,113.900002002716,1.20833334202568,130.279996395111,239.879998207092,167.100004196167,2,"24A_2017",0.77
"206","129-1-A-BENA",2017,0.33925,2.1211792087103,12,2005,8,"129-1","BENA",104,71,16,0,11,0,0,0,0,0,0,NA,NA,NA,0,0,0,0,982.902287,"East","24A","Tussock Tundra (Low shrub or Herbaceous)","Low Shrub","Sandy Loam","Mesic - Hydric",2005,301.875214,348,5.919549,-150.647865,66.709988,0.580868767262551,1.7875907566757,"129-1-A-BENA_2017",NA,NA,NA,NA,13.466667175293,-3.83333333333333,8.13333336512248,18.8666671117147,113.900002002716,1.20833334202568,130.279996395111,239.879998207092,167.100004196167,2,"24A_2017",0.77
"207","129-1-B-BENA",2017,0.4385,1.86249948786601,14,2003,8,"129-1","BENA",131,89,21,0,13,0,0,0,0,0,0,NA,NA,NA,0,0,0,0,982.902287,"East","24A","Tussock Tundra (Low shrub or Herbaceous)","Low Shrub","Sandy Loam","Mesic - Hydric",2005,301.875214,348,5.919549,-150.647865,66.709988,0.634769962751579,1.88658810600168,"129-1-B-BENA_2017",NA,NA,NA,NA,13.466667175293,-3.83333333333333,8.13333336512248,18.8666671117147,113.900002002716,1.20833334202568,130.279996395111,239.879998207092,167.100004196167,2,"24A_2017",0.77
"208","129-2-B-BENA",2017,0.216,1.06809123673807,12,2005,8,"129-2","BENA",85,42,10,0,15,0,0,0,0,0,0,NA,NA,NA,0,0,0,0,1017.146639,"East","24A","Tussock Tundra (Low shrub or Herbaceous)","Low Shrub","Sandy Loam","Mesic - Hydric",2005,305.151764,352,5.708165,-150.647276,66.70977,-0.105230232759602,0.900117262246868,"129-2-B-BENA_2017",NA,NA,NA,NA,13.466667175293,-3.83333333333333,8.13333336512248,18.8666671117147,113.900002002716,1.20833334202568,130.279996395111,239.879998207092,167.100004196167,2,"24A_2017",0.77
"209","129-2-C-BENA",2017,0.234,1.24935799125755,12,2005,8,"129-2","BENA",109,67,13,0,10,0,0,0,0,0,0,NA,NA,NA,0,0,0,0,1017.146639,"East","24A","Tussock Tundra (Low shrub or Herbaceous)","Low Shrub","Sandy Loam","Mesic - Hydric",2005,305.151764,352,5.708165,-150.647276,66.70977,0.0515264150727566,1.05287699774731,"129-2-C-BENA_2017",NA,NA,NA,NA,13.466667175293,-3.83333333333333,8.13333336512248,18.8666671117147,113.900002002716,1.20833334202568,130.279996395111,239.879998207092,167.100004196167,2,"24A_2017",0.77
"210","129-3-A-BENA",2017,0.31475,1.70150562708969,65,1952,8,"129-3","BENA",51,35,12,0,6,0,0,0,0,0,0,NA,NA,NA,0,0,0,0,1022.673056,"East","24A","Tussock Tundra (Low shrub or Herbaceous)","Low Shrub-Tussock Tundra","Sandy Loam","Mesic - Hydric",2005,301.546051,352,6.265718,-150.646771,66.710061,2.37653264275337,10.7675032820125,"129-3-A-BENA_2017",NA,NA,NA,NA,13.466667175293,-3.83333333333333,8.13333336512248,18.8666671117147,113.900002002716,1.20833334202568,130.279996395111,239.879998207092,167.100004196167,2,"24A_2017",0.77
"211","129-3-B-BENA",2017,0.29125,1.31644022284011,13,2004,8,"129-3","BENA",105,47,16,0,13,0,0,0,0,0,0,NA,NA,NA,0,0,0,0,1022.673056,"East","24A","Tussock Tundra (Low shrub or Herbaceous)","Low Shrub-Tussock Tundra","Sandy Loam","Mesic - Hydric",2005,301.546051,352,6.265718,-150.646771,66.710061,0.199345952002544,1.22060416332025,"129-3-B-BENA_2017",NA,NA,NA,NA,13.466667175293,-3.83333333333333,8.13333336512248,18.8666671117147,113.900002002716,1.20833334202568,130.279996395111,239.879998207092,167.100004196167,2,"24A_2017",0.77
"212","129-4-C-BENA",2017,0.3435,2.33039651671923,11,2006,8,"129-4","BENA",93,53,15,0,11,0,0,0,0,0,0,NA,NA,NA,0,0,0,0,1057.255538,"East","24A","Tussock Tundra (Low shrub or Herbaceous)","Tall Shrub","Sandy Loam","Mesic - Hydric",2005,303.823029,358,6.979915,-150.646167,66.709845,0.571100995718693,1.77021497801951,"129-4-C-BENA_2017",NA,NA,NA,NA,13.466667175293,-3.83333333333333,8.13333336512248,18.8666671117147,113.900002002716,1.20833334202568,130.279996395111,239.879998207092,167.100004196167,2,"24A_2017",0.77
"213","129-4-D-BENA",2017,0.3745,1.7365530383836,56,1961,8,"129-4","BENA",87,41,18,0,9,0,0,0,0,0,0,NA,NA,NA,0,0,0,0,1057.255538,"East","24A","Tussock Tundra (Low shrub or Herbaceous)","Tall Shrub","Sandy Loam","Mesic - Hydric",2005,303.823029,358,6.979915,-150.646167,66.709845,2.21907134022147,9.19878435705322,"129-4-D-BENA_2017",NA,NA,NA,NA,13.466667175293,-3.83333333333333,8.13333336512248,18.8666671117147,113.900002002716,1.20833334202568,130.279996395111,239.879998207092,167.100004196167,2,"24A_2017",0.77
"214","147-1-A-BENA",2017,0.04075,0.0538003632413479,18,1999,9,"147-1","BENA",104,58,9,25,11,1,1,0,0.090909091,0.090909091,0,"Moose","Hare",NA,1,1,0,0,984.758365,"West","24A","Low Shrub","Tall Shrub","Clay Loam","Mesic - Hydric",0,426.634277,145,7.907337,-150.485282,66.911769,-2.60972127377651,0.0735550426253885,"147-1-A-BENA_2017",NA,NA,NA,NA,11.9333333969116,-5.30833355585734,6.76666673024495,17.1666669845581,72.0000014305115,1.141666688025,122.319996833801,253.309997454286,165.899997711182,2,"24A_2017",0.77
"215","147-1-B-BENA",2017,0.02975,0.0370811998380246,10,2007,9,"147-1","BENA",103,61,6,31,12,0,0,0,0,0,0,NA,NA,NA,0,1,0,0,984.758365,"West","24A","Low Shrub","Tall Shrub","Clay Loam","Mesic - Hydric",0,426.634277,145,7.907337,-150.485282,66.911769,-3.68331993799541,0.0251393749726809,"147-1-B-BENA_2017",NA,NA,NA,NA,11.9333333969116,-5.30833355585734,6.76666673024495,17.1666669845581,72.0000014305115,1.141666688025,122.319996833801,253.309997454286,165.899997711182,2,"24A_2017",0.77
"216","147-2-A-BENA",2017,0.0195,0.0154990473564851,22,1995,9,"147-2","BENA",89,56,6,61,9,0,0,0,0,0,0,NA,NA,NA,0,2,1,0,986.173835,"West","24A","Low Shrub","Tall Shrub","Clay Loam","Mesic - Hydric",0,428.943481,147,8.698308,-150.484958,66.912025,-3.61475483516358,0.0269235251097937,"147-2-A-BENA_2017",NA,NA,NA,NA,11.9333333969116,-5.30833355585734,6.76666673024495,17.1666669845581,72.0000014305115,1.141666688025,122.319996833801,253.309997454286,165.899997711182,2,"24A_2017",0.77
"217","147-2-D-BENA",2017,0.02575,0.0316101162317979,11,2006,9,"147-2","BENA",91,53,5,37,5,0,0,0,0,0,0,NA,NA,NA,0,2,1,0,986.173835,"West","24A","Low Shrub","Tall Shrub","Clay Loam","Mesic - Hydric",0,428.943481,147,8.698308,-150.484958,66.912025,-3.72921551193314,0.0240116653148981,"147-2-D-BENA_2017",NA,NA,NA,NA,11.9333333969116,-5.30833355585734,6.76666673024495,17.1666669845581,72.0000014305115,1.141666688025,122.319996833801,253.309997454286,165.899997711182,2,"24A_2017",0.77
"218","147-3-A-BENA",2017,0.06925,0.0759811854729366,27,1990,9,"147-3","BENA",107,63,8,18,8,1,0,0,0.125,0,0,"Moose",NA,NA,1,2,1,0,952.272152,"West","24A","White Spruce or Black Spruce (Woodland)","Black Spruce Woodland","Clay Loam","Mesic - Hydric",0,425.583191,170,6.572863,-150.484233,66.911912,-1.78065855887859,0.168527125680581,"147-3-A-BENA_2017",NA,NA,NA,NA,11.9333333969116,-5.30833355585734,6.76666673024495,17.1666669845581,72.0000014305115,1.141666688025,122.319996833801,253.309997454286,165.899997711182,2,"24A_2017",0.77
"219","147-3-C-BENA",2017,0.08775,0.169884567985981,23,1994,9,"147-3","BENA",136,53,12,30,29,2,1,0,0.068965517,0.034482759,0,"Moose","Hare",NA,1,2,1,0,952.272152,"West","24A","White Spruce or Black Spruce (Woodland)","Black Spruce Woodland","Clay Loam","Mesic - Hydric",0,425.583191,170,6.572863,-150.484233,66.911912,-1.16736819553804,0.311184842171887,"147-3-C-BENA_2017",NA,NA,NA,NA,11.9333333969116,-5.30833355585734,6.76666673024495,17.1666669845581,72.0000014305115,1.141666688025,122.319996833801,253.309997454286,165.899997711182,2,"24A_2017",0.77
"220","147-4-A-BENA",2017,0.071,0.099593199507777,17,2000,9,"147-4","BENA",65,33,9,8,10,0,0,0,0,0,0,NA,NA,NA,0,0,1,0,956.341518,"West","24A","Tall Shrub (Open-Closed)","Tall Shrub","Clay Loam","Mesic - Hydric",0,428.39856,129,7.52786,-150.483929,66.912191,-2.06211695265231,0.127184441265535,"147-4-A-BENA_2017",NA,NA,NA,NA,11.9333333969116,-5.30833355585734,6.76666673024495,17.1666669845581,72.0000014305115,1.141666688025,122.319996833801,253.309997454286,165.899997711182,2,"24A_2017",0.77
"221","147-4-D-BENA",2017,0.04775,0.0848687510899426,31,1986,9,"147-4","BENA",94,47,7,14,7,0,0,0,0,0,0,NA,NA,NA,0,0,1,0,956.341518,"West","24A","Tall Shrub (Open-Closed)","Tall Shrub","Clay Loam","Mesic - Hydric",0,428.39856,129,7.52786,-150.483929,66.912191,-1.50517821258513,0.221977731081467,"147-4-D-BENA_2017",NA,NA,NA,NA,11.9333333969116,-5.30833355585734,6.76666673024495,17.1666669845581,72.0000014305115,1.141666688025,122.319996833801,253.309997454286,165.899997711182,2,"24A_2017",0.77
"222","151-1-C-BENA",2017,0.114,0.446602528449016,19,1998,10,"151-1","BENA",118,82,11,0,4,0,0,0,0,0,0,NA,NA,NA,0,0,0,0,725.03173,"East","24A","White Spruce or Black Spruce (Open-Closed)","Low Shrub","Clay Loam","Mesic",0,471.29071,296,22.022722,-150.362735,66.958242,-0.428811986979396,0.651282367235827,"151-1-C-BENA_2017",NA,NA,NA,NA,11.9333333969116,-5.30833355585734,6.76666673024495,17.1666669845581,72.0000014305115,1.141666688025,122.319996833801,253.309997454286,165.899997711182,2,"24A_2017",0.77
"223","151-1-D-BENA",2017,0.04225,0.0762878834557438,33,1984,10,"151-1","BENA",90,67,12,0,8,0,0,0,0,0,0,NA,NA,NA,0,0,0,0,725.03173,"East","24A","White Spruce or Black Spruce (Open-Closed)","Low Shrub","Clay Loam","Mesic",0,471.29071,296,22.022722,-150.362735,66.958242,-1.53716208834531,0.214990360155585,"151-1-D-BENA_2017",NA,NA,NA,NA,11.9333333969116,-5.30833355585734,6.76666673024495,17.1666669845581,72.0000014305115,1.141666688025,122.319996833801,253.309997454286,165.899997711182,2,"24A_2017",0.77
"224","151-2-A-BENA",2017,0.15725,0.410403330748489,22,1995,10,"151-2","BENA",119,71,11,0,4,0,0,0,0,0,0,NA,NA,NA,0,1,0,0,737.726474,"East","24A","Low Shrub","Low Shrub","Clay Loam","Mesic",0,482.941345,297,25.566626,-150.361917,66.958285,-0.338392986645537,0.712915066739672,"151-2-A-BENA_2017",NA,NA,NA,NA,11.9333333969116,-5.30833355585734,6.76666673024495,17.1666669845581,72.0000014305115,1.141666688025,122.319996833801,253.309997454286,165.899997711182,2,"24A_2017",0.77
"225","151-2-B-BENA",2017,0.0415,0.050325172717855,22,1995,10,"151-2","BENA",142,91,14,0,17,0,0,0,0,0,0,NA,NA,NA,0,1,0,0,737.726474,"East","24A","Low Shrub","Low Shrub","Clay Loam","Mesic",0,482.941345,297,25.566626,-150.361917,66.958285,-2.43702799275931,0.0874202794636242,"151-2-B-BENA_2017",NA,NA,NA,NA,11.9333333969116,-5.30833355585734,6.76666673024495,17.1666669845581,72.0000014305115,1.141666688025,122.319996833801,253.309997454286,165.899997711182,2,"24A_2017",0.77
"226","151-3-A-BENA",2017,0.1205,0.131928827293013,15,2002,10,"151-3","BENA",91,52,9,0,6,0,0,0,0,0,0,NA,NA,NA,0,0,0,0,698.113665,"East","24A","White Spruce or Black Spruce (Open-Closed)","Low Shrub","Clay Loam","Mesic",0,469.98999,301,21.5443,-150.36215,66.958641,-1.93031026259327,0.145103171412622,"151-3-A-BENA_2017",NA,NA,NA,NA,11.9333333969116,-5.30833355585734,6.76666673024495,17.1666669845581,72.0000014305115,1.141666688025,122.319996833801,253.309997454286,165.899997711182,2,"24A_2017",0.77
"227","151-3-C-BENA",2017,0.06675,0.192033974291033,31,1986,10,"151-3","BENA",86,51,13,0,9,0,0,0,0,0,0,NA,NA,NA,0,0,0,0,698.113665,"East","24A","White Spruce or Black Spruce (Open-Closed)","Low Shrub","Clay Loam","Mesic",0,469.98999,301,21.5443,-150.36215,66.958641,-0.688611865086239,0.502272807791228,"151-3-C-BENA_2017",NA,NA,NA,NA,11.9333333969116,-5.30833355585734,6.76666673024495,17.1666669845581,72.0000014305115,1.141666688025,122.319996833801,253.309997454286,165.899997711182,2,"24A_2017",0.77
"228","151-4-A-BENA",2017,0.026,0.0532562786636538,31,1986,10,"151-4","BENA",65,36,9,0,8,0,0,0,0,0,0,NA,NA,NA,0,0,0,0,714.907956,"East","24A","Low Shrub","Low Shrub","Clay Loam","Mesic",0,485.466003,301,24.973797,-150.361301,66.958638,-1.97116846407739,0.139294001051951,"151-4-A-BENA_2017",NA,NA,NA,NA,11.9333333969116,-5.30833355585734,6.76666673024495,17.1666669845581,72.0000014305115,1.141666688025,122.319996833801,253.309997454286,165.899997711182,2,"24A_2017",0.77
"229","151-4-D-BENA",2017,0.07125,0.194235838042119,24,1993,10,"151-4","BENA",83,56,8,0,9,0,0,0,0,0,0,NA,NA,NA,0,0,0,0,714.907956,"East","24A","Low Shrub","Low Shrub","Clay Loam","Mesic",0,485.466003,301,24.973797,-150.361301,66.958638,-0.982626276646784,0.374326721266936,"151-4-D-BENA_2017",NA,NA,NA,NA,11.9333333969116,-5.30833355585734,6.76666673024495,17.1666669845581,72.0000014305115,1.141666688025,122.319996833801,253.309997454286,165.899997711182,2,"24A_2017",0.77
"230","158-1-B-BENA",2017,0.21375,0.87615975690736,11,2006,11,"158-1","BENA",75,35,10,0,16,0,0,0,0,0,0,NA,NA,NA,0,0,0,0,1304.611642,"East","24A","Low Shrub","Low Shrub","Sandy Loam","Mesic - Xeric",2005,586.787537,51,13.434302,-150.285356,67.046606,-0.407144270004075,0.665548164738444,"158-1-B-BENA_2017",NA,NA,NA,NA,11.9333333969116,-5.25000027815501,6.73333342870076,17.1666669845581,71.0000014305115,1.14166667188207,120.32999587059,253.379997596145,155.89999961853,2,"24A_2017",0.77
"231","158-1-D-BENA",2017,0.316,2.06755335461579,10,2007,11,"158-1","BENA",103,41,13,0,31,0,0,0,0,0,0,NA,NA,NA,0,0,0,0,1304.611642,"East","24A","Low Shrub","Low Shrub","Sandy Loam","Mesic - Xeric",2005,586.787537,51,13.434302,-150.285356,67.046606,0.337691196647829,1.40170758456449,"158-1-D-BENA_2017",NA,NA,NA,NA,11.9333333969116,-5.25000027815501,6.73333342870076,17.1666669845581,71.0000014305115,1.14166667188207,120.32999587059,253.379997596145,155.89999961853,2,"24A_2017",0.77
"232","158-2-B-BENA",2017,0.584666666666667,6.7364072158783,10,2007,11,"158-2","BENA",139,50,23,0,53,0,0,7,0,0,0.132075472,NA,NA,"Ptarmagin",1,0,0,1,1283.38641,"East","24A","Tussock Tundra (Low shrub or Herbaceous)","Low Shrub","Sandy Loam","Mesic - Xeric",2005,590.000549,54,15.617359,-150.286104,67.046812,1.51885197149773,4.56697916217318,"158-2-B-BENA_2017",NA,NA,NA,NA,11.9333333969116,-5.25000027815501,6.73333342870076,17.1666669845581,71.0000014305115,1.14166667188207,120.32999587059,253.379997596145,155.89999961853,2,"24A_2017",0.77
"233","158-2-C-BENA",2017,0.0175,0.0258395995757761,29,1988,11,"158-2","BENA",54,29,8,0,53,0,0,0,0,0,0,NA,NA,NA,0,0,0,1,1283.38641,"East","24A","Tussock Tundra (Low shrub or Herbaceous)","Low Shrub","Sandy Loam","Mesic - Xeric",2005,590.000549,54,15.617359,-150.286104,67.046812,-2.77396138302801,0.0624142675549801,"158-2-C-BENA_2017",NA,NA,NA,NA,11.9333333969116,-5.25000027815501,6.73333342870076,17.1666669845581,71.0000014305115,1.14166667188207,120.32999587059,253.379997596145,155.89999961853,2,"24A_2017",0.77
"234","158-3-A-BENA",2017,0.12075,0.700749323793258,11,2006,11,"158-3","BENA",100,56,15,0,32,0,0,1,0,0,0.03125,NA,NA,"Ptarmagin",1,0,0,0,1313.543229,"East","24A","Tussock Tundra (Low shrub or Herbaceous)","Low Shrub","Sandy Loam","Mesic - Xeric",2005,580.218689,48,13.61797,-150.285679,67.047111,-0.630542490143026,0.532302953560125,"158-3-A-BENA_2017",NA,NA,NA,NA,11.9333333969116,-5.25000027815501,6.73333342870076,17.1666669845581,71.0000014305115,1.14166667188207,120.32999587059,253.379997596145,155.89999961853,2,"24A_2017",0.77
"235","158-3-D-BENA",2017,0.093,0.528386039203594,12,2005,11,"158-3","BENA",119,49,12,0,19,0,0,0,0,0,0,NA,NA,NA,0,0,0,0,1313.543229,"East","24A","Tussock Tundra (Low shrub or Herbaceous)","Low Shrub","Sandy Loam","Mesic - Xeric",2005,580.218689,48,13.61797,-150.285679,67.047111,-0.809031524875707,0.445289108887277,"158-3-D-BENA_2017",NA,NA,NA,NA,11.9333333969116,-5.25000027815501,6.73333342870076,17.1666669845581,71.0000014305115,1.14166667188207,120.32999587059,253.379997596145,155.89999961853,2,"24A_2017",0.77
"236","158-4-A-BENA",2017,0.647,7.05823977676509,11,2006,11,"158-4","BENA",119,54,13,0,42,0,0,0,0,0,0,NA,NA,NA,0,0,0,0,1283.367604,"East","24A","Tussock Tundra (Low shrub or Herbaceous)","Low Shrub","Sandy Loam","Mesic - Xeric",2005,587.563538,57,15.053073,-150.286524,67.047197,1.67925826078493,5.3615776034856,"158-4-A-BENA_2017",NA,NA,NA,NA,11.9333333969116,-5.25000027815501,6.73333342870076,17.1666669845581,71.0000014305115,1.14166667188207,120.32999587059,253.379997596145,155.89999961853,2,"24A_2017",0.77
"237","158-4-C-BENA",2017,0.68175,5.872584448793,12,2005,11,"158-4","BENA",107,46,13,4,33,0,0,0,0,0,0,NA,NA,NA,0,0,0,0,1283.367604,"East","24A","Tussock Tundra (Low shrub or Herbaceous)","Low Shrub","Sandy Loam","Mesic - Xeric",2005,587.563538,57,15.053073,-150.286524,67.047197,1.59919142052324,4.94902912274093,"158-4-C-BENA_2017",NA,NA,NA,NA,11.9333333969116,-5.25000027815501,6.73333342870076,17.1666669845581,71.0000014305115,1.14166667188207,120.32999587059,253.379997596145,155.89999961853,2,"24A_2017",0.77
"238","173-1-A-BENA",2017,0.0605,0.114705045569708,49,1968,12,"173-1","BENA",69,40,12,0,9,0,0,0,0,0,0,NA,NA,NA,0,0,0,0,1301.486525,"East","24A","Low Shrub","Low Shrub","Clay Loam","Mesic",0,349.871613,358,2.901099,-150.191497,67.228159,-0.657570233778956,0.518108689326107,"173-1-A-BENA_2017",NA,NA,NA,NA,11.9333333969116,-5.25000027815501,6.73333342870076,17.1666669845581,71.0000014305115,1.14166667188207,120.32999587059,253.379997596145,155.89999961853,2,"24A_2017",0.77
"239","173-1-B-BENA",2017,0.0425,0.0459300845954823,27,1990,12,"173-1","BENA",101,53,11,0,7,0,0,0,0,0,0,NA,NA,NA,0,0,0,0,1301.486525,"East","24A","Low Shrub","Low Shrub","Clay Loam","Mesic",0,349.871613,358,2.901099,-150.191497,67.228159,-2.28402396877935,0.101873445260993,"173-1-B-BENA_2017",NA,NA,NA,NA,11.9333333969116,-5.25000027815501,6.73333342870076,17.1666669845581,71.0000014305115,1.14166667188207,120.32999587059,253.379997596145,155.89999961853,2,"24A_2017",0.77
"240","173-2-A-BENA",2017,0.06325,0.137554045288807,58,1959,12,"173-2","BENA",94,43,12,0,6,0,0,0,0,0,0,NA,NA,NA,0,2,0,0,1323.706943,"East","24A","Tussock Tundra (Low shrub or Herbaceous)","Low Shrub","Clay Loam","Mesic",0,348.371155,13,2.823825,-150.190835,67.228457,-0.274693350119208,0.759805081642519,"173-2-A-BENA_2017",NA,NA,NA,NA,11.9333333969116,-5.25000027815501,6.73333342870076,17.1666669845581,71.0000014305115,1.14166667188207,120.32999587059,253.379997596145,155.89999961853,2,"24A_2017",0.77
"241","173-2-C-BENA",2017,0.38125,2.28197927248981,20,1997,12,"173-2","BENA",107,64,12,0,13,0,0,0,0,0,0,NA,NA,NA,0,2,0,0,1323.706943,"East","24A","Tussock Tundra (Low shrub or Herbaceous)","Low Shrub","Clay Loam","Mesic",0,348.371155,13,2.823825,-150.190835,67.228457,1.26352772995795,3.53788018490046,"173-2-C-BENA_2017",NA,NA,NA,NA,11.9333333969116,-5.25000027815501,6.73333342870076,17.1666669845581,71.0000014305115,1.14166667188207,120.32999587059,253.379997596145,155.89999961853,2,"24A_2017",0.77
"242","173-3-B-BENA",2017,0.019,0.020533449583863,52,1965,12,"173-3","BENA",70,51,14,0,9,0,0,0,0,0,0,NA,NA,NA,0,0,0,0,1278.311889,"East","24A","Low Shrub","Low Shrub","Clay Loam","Mesic",0,347.24527,24,1.739254,-150.191816,67.228627,-2.30696673860627,0.0995627939791857,"173-3-B-BENA_2017",NA,NA,NA,NA,11.9333333969116,-5.25000027815501,6.73333342870076,17.1666669845581,71.0000014305115,1.14166667188207,120.32999587059,253.379997596145,155.89999961853,2,"24A_2017",0.77
"243","173-3-C-BENA",2017,0.0895,0.146350308369317,16,2001,12,"173-3","BENA",32,27,6,0,6,0,0,0,0,0,0,NA,NA,NA,0,0,0,0,1278.311889,"East","24A","Low Shrub","Low Shrub","Clay Loam","Mesic",0,347.24527,24,1.739254,-150.191816,67.228627,-1.74955342087061,0.173851564597524,"173-3-C-BENA_2017",NA,NA,NA,NA,11.9333333969116,-5.25000027815501,6.73333342870076,17.1666669845581,71.0000014305115,1.14166667188207,120.32999587059,253.379997596145,155.89999961853,2,"24A_2017",0.77
"244","173-4-B-BENA",2017,0.05,0.0869435766880973,27,1990,12,"173-4","BENA",124,71,14,0,12,0,0,0,0,0,0,NA,NA,NA,0,1,0,0,1308.377258,"East","24A","Low Shrub","Low Shrub","Clay Loam","Mesic",0,346.165253,355,1.872125,-150.190975,67.22891,-1.64588494450627,0.19284183294104,"173-4-B-BENA_2017",NA,NA,NA,NA,11.9333333969116,-5.25000027815501,6.73333342870076,17.1666669845581,71.0000014305115,1.14166667188207,120.32999587059,253.379997596145,155.89999961853,2,"24A_2017",0.77
"245","173-4-C-BENA",2017,0.11375,0.247379804768406,48,1969,12,"173-4","BENA",119,74,14,0,14,0,0,0,0,0,0,NA,NA,NA,0,1,0,0,1308.377258,"East","24A","Low Shrub","Low Shrub","Clay Loam","Mesic",0,346.165253,355,1.872125,-150.190975,67.22891,0.0863847882283622,1.09022575364125,"173-4-C-BENA_2017",NA,NA,NA,NA,11.9333333969116,-5.25000027815501,6.73333342870076,17.1666669845581,71.0000014305115,1.14166667188207,120.32999587059,253.379997596145,155.89999961853,2,"24A_2017",0.77
"246","184-1-B-BENA",2017,0.12375,0.599972529253238,65,1952,13,"184-1","BENA",128,51,19,0,13,0,1,0,0,0.076923077,0,NA,"Hare",NA,1,2,0,0,692.283244,"East","24A","White Spruce or Black Spruce (Open-Closed)","Tall Shrub","Clay Loam","Mesic",0,423.977753,249,10.469168,-150.109686,67.368938,1.33414771127324,3.79675863247146,"184-1-B-BENA_2017",NA,NA,NA,NA,11.9333333969116,-5.25000027815501,6.73333342870076,17.1666669845581,71.0000014305115,1.14166667188207,120.32999587059,253.379997596145,155.89999961853,2,"24A_2017",0.77
"247","184-1-C-BENA",2017,0.09575,0.269297911314339,26,1991,13,"184-1","BENA",166,49,15,8,26,1,2,0,0.038461538,0.076923077,0,"Moose","Hare",NA,1,2,0,0,692.283244,"East","24A","White Spruce or Black Spruce (Open-Closed)","Tall Shrub","Clay Loam","Mesic",0,423.977753,249,10.469168,-150.109686,67.368938,-0.560363057090489,0.57100171998914,"184-1-C-BENA_2017",NA,NA,NA,NA,11.9333333969116,-5.25000027815501,6.73333342870076,17.1666669845581,71.0000014305115,1.14166667188207,120.32999587059,253.379997596145,155.89999961853,2,"24A_2017",0.77
"248","184-2-A-BENA",2017,0.0155,0.023787354174819,32,1985,13,"184-2","BENA",89,39,11,0,12,0,1,0,0,0.083333333,0,NA,"Hare",NA,1,1,0,0,706.210196,"East","24A","White Spruce or Black Spruce (Open-Closed)","Tall Shrub","Clay Loam","Mesic",0,429.192566,258,16.706417,-150.109279,67.369156,-2.73924311991471,0.0646192374026248,"184-2-A-BENA_2017",NA,NA,NA,NA,11.9333333969116,-5.25000027815501,6.73333342870076,17.1666669845581,71.0000014305115,1.14166667188207,120.32999587059,253.379997596145,155.89999961853,2,"24A_2017",0.77
"249","184-2-D-BENA",2017,0.01975,0.0208010740080408,46,1971,13,"184-2","BENA",84,38,12,10,7,0,0,0,0,0,0,NA,NA,NA,0,1,0,0,706.210196,"East","24A","White Spruce or Black Spruce (Open-Closed)","Tall Shrub","Clay Loam","Mesic",0,429.192566,258,16.706417,-150.109279,67.369156,-2.44032345084832,0.0871326637695482,"184-2-D-BENA_2017",NA,NA,NA,NA,11.9333333969116,-5.25000027815501,6.73333342870076,17.1666669845581,71.0000014305115,1.14166667188207,120.32999587059,253.379997596145,155.89999961853,2,"24A_2017",0.77
"250","184-3-B-BENA",2017,0.0336666666666667,0.0653287208693141,40,1977,13,"184-3","BENA",71,35,17,0,17,0,2,0,0,0.117647059,0,NA,"Hare",NA,1,1,3,0,683.765397,"East","24A","White Spruce or Black Spruce (Open-Closed)","Tall Shrub","Clay Loam","Mesic",0,425.482941,261,10.788996,-150.109693,67.36937,-1.46267962936237,0.231614800620991,"184-3-B-BENA_2017",NA,NA,NA,NA,11.9333333969116,-5.25000027815501,6.73333342870076,17.1666669845581,71.0000014305115,1.14166667188207,120.32999587059,253.379997596145,155.89999961853,2,"24A_2017",0.77
"251","184-3-D-BENA",2017,0.016,0.0148283173249438,29,1988,13,"184-3","BENA",103,48,17,7,31,3,1,0,0.096774194,0.032258065,0,"Moose","Hare",NA,1,1,3,0,683.765397,"East","24A","White Spruce or Black Spruce (Open-Closed)","Tall Shrub","Clay Loam","Mesic",0,425.482941,261,10.788996,-150.109693,67.36937,-3.32933088008198,0.0358170629616419,"184-3-D-BENA_2017",NA,NA,NA,NA,11.9333333969116,-5.25000027815501,6.73333342870076,17.1666669845581,71.0000014305115,1.14166667188207,120.32999587059,253.379997596145,155.89999961853,2,"24A_2017",0.77
"252","191-1-C-BENA",2017,0.04875,0.0639029398171292,15,2002,14,"191-1","BENA",105,51,8,16,13,0,0,0,0,0,0,NA,NA,NA,0,1,0,0,1595.806211,"East","24A","Low Shrub","Low Shrub","Clay Loam","Mesic",0,492.755432,293,2.980974,-149.860617,67.475764,-2.65520748573876,0.0702842541718434,"191-1-C-BENA_2017",NA,NA,NA,NA,10.1000003814697,-6.73333332935969,5.10000006357829,15.200000445048,29.800000667572,1.06666668131948,92.9499983787537,270.989999175072,152.10000038147,2,"24A_2017",0.77
"253","191-1-D-BENA",2017,0.05775,0.0951130920342177,19,1998,14,"191-1","BENA",135,61,10,9,18,0,0,0,0,0,0,NA,NA,NA,0,1,0,0,1595.806211,"East","24A","Low Shrub","Low Shrub","Clay Loam","Mesic",0,492.755432,293,2.980974,-149.860617,67.475764,-1.97541436186998,0.138703826756852,"191-1-D-BENA_2017",NA,NA,NA,NA,10.1000003814697,-6.73333332935969,5.10000006357829,15.200000445048,29.800000667572,1.06666668131948,92.9499983787537,270.989999175072,152.10000038147,2,"24A_2017",0.77
"254","191-2-A-BENA",2017,0.03075,0.0345117697464701,24,1993,14,"191-2","BENA",82,51,10,0,13,1,0,0,0.076923077,0,0,"Moose",NA,NA,1,0,0,0,1628.072852,"East","24A","Low Shrub","Low Shrub","Clay Loam","Mesic",0,494.812988,260,1.497492,-149.859771,67.475671,-2.71039893947493,0.0665102678503349,"191-2-A-BENA_2017",NA,NA,NA,NA,10.1000003814697,-6.73333332935969,5.10000006357829,15.200000445048,29.800000667572,1.06666668131948,92.9499983787537,270.989999175072,152.10000038147,2,"24A_2017",0.77
"255","191-2-B-BENA",2017,0.065,0.143963483350752,22,1995,14,"191-2","BENA",92,71,8,0,13,0,0,0,0,0,0,NA,NA,NA,0,0,0,0,1628.072852,"East","24A","Low Shrub","Low Shrub","Clay Loam","Mesic",0,494.812988,260,1.497492,-149.859771,67.475671,-1.38597371675289,0.250080173944726,"191-2-B-BENA_2017",NA,NA,NA,NA,10.1000003814697,-6.73333332935969,5.10000006357829,15.200000445048,29.800000667572,1.06666668131948,92.9499983787537,270.989999175072,152.10000038147,2,"24A_2017",0.77
"256","191-3-A-BENA",2017,0.0206666666666667,0.0255809469886929,36,1981,14,"191-3","BENA",102,51,9,0,9,0,1,0,0,0.111111111,0,NA,"Hare",NA,1,2,0,0,1608.343863,"East","24A","Low Shrub","Low Shrub","Clay Loam","Mesic",0,494.475037,298,4.15829,-149.859591,67.475979,-2.52599435760204,0.0799787457603893,"191-3-A-BENA_2017",NA,NA,NA,NA,10.1000003814697,-6.73333332935969,5.10000006357829,15.200000445048,29.800000667572,1.06666668131948,92.9499983787537,270.989999175072,152.10000038147,2,"24A_2017",0.77
"257","191-3-D-BENA",2017,0.0836666666666667,0.213256207372311,31,1986,14,"191-3","BENA",110,71,10,0,16,0,0,0,0,0,0,NA,NA,NA,0,2,0,0,1608.343863,"East","24A","Low Shrub","Low Shrub","Clay Loam","Mesic",0,494.475037,298,4.15829,-149.859591,67.475979,-0.58378987651645,0.557780436775558,"191-3-D-BENA_2017",NA,NA,NA,NA,10.1000003814697,-6.73333332935969,5.10000006357829,15.200000445048,29.800000667572,1.06666668131948,92.9499983787537,270.989999175072,152.10000038147,2,"24A_2017",0.77
"258","191-4-A-BENA",2017,0.27775,1.36623800069124,18,1999,14,"191-4","BENA",105,69,11,0,12,0,0,0,0,0,0,NA,NA,NA,0,1,0,0,1634.196324,"East","24A","Low Shrub","Low Shrub","Clay Loam","Mesic",0,497.007599,303,3.553675,-149.85875,67.475963,0.624814764173149,1.86789992339748,"191-4-A-BENA_2017",NA,NA,NA,NA,10.1000003814697,-6.73333332935969,5.10000006357829,15.200000445048,29.800000667572,1.06666668131948,92.9499983787537,270.989999175072,152.10000038147,2,"24A_2017",0.77
"259","191-4-B-BENA",2017,0.0425,0.0669591204204501,34,1983,14,"191-4","BENA",77,59,11,0,12,0,1,0,0,0.083333333,0,NA,"Hare",NA,1,1,0,0,1634.196324,"East","24A","Low Shrub","Low Shrub","Clay Loam","Mesic",0,497.007599,303,3.553675,-149.85875,67.475963,-1.63196922779413,0.195544123808146,"191-4-B-BENA_2017",NA,NA,NA,NA,10.1000003814697,-6.73333332935969,5.10000006357829,15.200000445048,29.800000667572,1.06666668131948,92.9499983787537,270.989999175072,152.10000038147,2,"24A_2017",0.77
"260","203-1-A-BENA",2017,0.0795,0.154849101895441,27,1990,15,"203-1","BENA",97,41,11,0,17,1,0,0,0.058823529,0,0,"Moose",NA,NA,1,1,0,0,905.036767,"East","24A","Low Shrub","Low Shrub","Loam","Mesic",0,550.644958,299,23.927214,-149.794431,67.571449,-1.06869320238369,0.343457053140519,"203-1-A-BENA_2017",NA,NA,NA,NA,9.23333342870077,-7.566667030255,4.300000111262,14.200000445048,19.700000166893,1.0166666743656,80.8099964857101,278.939997196198,140.800001144409,2,"24A_2017",0.77
"261","203-1-D-BENA",2017,0.18825,0.74206519417878,25,1992,15,"203-1","BENA",143,46,14,0,26,2,0,0,0.076923077,0,0,"Moose",NA,NA,1,1,0,0,905.036767,"East","24A","Low Shrub","Low Shrub","Loam","Mesic",0,550.644958,299,23.927214,-149.794431,67.571449,0.406452208401702,1.50148138145606,"203-1-D-BENA_2017",NA,NA,NA,NA,9.23333342870077,-7.566667030255,4.300000111262,14.200000445048,19.700000166893,1.0166666743656,80.8099964857101,278.939997196198,140.800001144409,2,"24A_2017",0.77
"262","203-2-B-BENA",2017,0.27375,1.00728787077279,19,1998,15,"203-2","BENA",146,44,15,0,20,0,0,0,0,0,0,NA,NA,NA,0,0,1,0,933.944119,"East","24A","Low Shrub","Low Shrub","Loam","Mesic",0,566.911377,300,26.508135,-149.793674,67.571447,0.384535733629421,1.4689321872922,"203-2-B-BENA_2017",NA,NA,NA,NA,9.23333342870077,-7.566667030255,4.300000111262,14.200000445048,19.700000166893,1.0166666743656,80.8099964857101,278.939997196198,140.800001144409,2,"24A_2017",0.77
"263","203-2-C-BENA",2017,0.03575,0.0700545709319401,41,1976,15,"203-2","BENA",118,35,14,0,38,0,0,0,0,0,0,NA,NA,NA,0,0,1,0,933.944119,"East","24A","Low Shrub","Low Shrub","Loam","Mesic",0,566.911377,300,26.508135,-149.793674,67.571447,-1.36337022651163,0.255797227993751,"203-2-C-BENA_2017",NA,NA,NA,NA,9.23333342870077,-7.566667030255,4.300000111262,14.200000445048,19.700000166893,1.0166666743656,80.8099964857101,278.939997196198,140.800001144409,2,"24A_2017",0.77
"264","203-3-B-BENA",2017,0.103,0.267604003825434,21,1996,15,"203-3","BENA",108,53,11,7,21,0,0,0,0,0,0,NA,NA,NA,0,0,1,0,922.335664,"East","24A","Low Shrub","Low Shrub","Loam","Mesic",0,556.241272,305,23.609533,-149.79364,67.571701,-0.821539238741231,0.439754246520573,"203-3-B-BENA_2017",NA,NA,NA,NA,9.23333342870077,-7.566667030255,4.300000111262,14.200000445048,19.700000166893,1.0166666743656,80.8099964857101,278.939997196198,140.800001144409,2,"24A_2017",0.77
"265","203-3-D-BENA",2017,0.13225,0.284912412200844,25,1992,15,"203-3","BENA",108,52,11,0,7,1,0,0,0.14,0,0,"Moose",NA,NA,1,0,1,0,922.335664,"East","24A","Low Shrub","Low Shrub","Loam","Mesic",0,556.241272,305,23.609533,-149.79364,67.571701,-0.550803086257223,0.576486655918047,"203-3-D-BENA_2017",NA,NA,NA,NA,9.23333342870077,-7.566667030255,4.300000111262,14.200000445048,19.700000166893,1.0166666743656,80.8099964857101,278.939997196198,140.800001144409,2,"24A_2017",0.77
"266","203-4-A-BENA",2017,0.1855,0.576063634712637,21,1996,15,"203-4","BENA",85,42,10,0,10,0,0,0,0,0,0,NA,NA,NA,0,1,1,0,951.384807,"East","24A","Low Shrub","Low Shrub","Loam","Mesic",0,569.135193,316,29.227108,-149.792864,67.571712,-0.0548293973364011,0.946646634615417,"203-4-A-BENA_2017",NA,NA,NA,NA,9.23333342870077,-7.566667030255,4.300000111262,14.200000445048,19.700000166893,1.0166666743656,80.8099964857101,278.939997196198,140.800001144409,2,"24A_2017",0.77
"267","203-4-B-BENA",2017,0.164,0.658710298048789,38,1979,15,"203-4","BENA",99,36,12,0,12,0,0,0,0,0,0,NA,NA,NA,0,1,1,0,951.384807,"East","24A","Low Shrub","Low Shrub","Loam","Mesic",0,569.135193,316,29.227108,-149.792864,67.571712,0.786962160385195,2.19671301800611,"203-4-B-BENA_2017",NA,NA,NA,NA,9.23333342870077,-7.566667030255,4.300000111262,14.200000445048,19.700000166893,1.0166666743656,80.8099964857101,278.939997196198,140.800001144409,2,"24A_2017",0.77
"268","209-1-C-BENA",2017,0.103333333333333,0.249100319759874,28,1989,16,"209-1","BENA",58,59,14,0,9,0,0,0,0,0,0,NA,NA,NA,0,0,1,0,698.873831,"East","24A","Low Shrub","Black Spruce Woodland","Sandy Loam","Mesic - Xeric",0,553.345276,287,19.679848,-149.692986,67.655886,-0.54988968771917,0.577013458540516,"209-1-C-BENA_2017",NA,NA,NA,NA,9.23333342870077,-7.566667030255,4.300000111262,14.200000445048,19.700000166893,1.0166666743656,80.8099964857101,278.939997196198,140.800001144409,2,"24A_2017",0.77
"269","209-1-D-BENA",2017,0.09525,0.202358818547057,33,1984,16,"209-1","BENA",76,39,10,0,6,0,0,0,0,0,0,NA,NA,NA,0,0,1,0,698.873831,"East","24A","Low Shrub","Black Spruce Woodland","Sandy Loam","Mesic - Xeric",0,553.345276,287,19.679848,-149.692986,67.655886,-0.561633761624286,0.57027660631493,"209-1-D-BENA_2017",NA,NA,NA,NA,9.23333342870077,-7.566667030255,4.300000111262,14.200000445048,19.700000166893,1.0166666743656,80.8099964857101,278.939997196198,140.800001144409,2,"24A_2017",0.77
"270","209-2-B-BENA",2017,0.04875,0.0783758644731356,49,1968,16,"209-2","BENA",104,57,18,0,18,0,0,0,0,0,0,NA,NA,NA,0,0,0,0,728.528855,"East","24A","Low Shrub","Black Spruce Woodland","Sandy Loam","Mesic - Xeric",0,561.911133,287,21.070175,-149.692261,67.656,-1.03841821736809,0.354014212847327,"209-2-B-BENA_2017",NA,NA,NA,NA,9.23333342870077,-7.566667030255,4.300000111262,14.200000445048,19.700000166893,1.0166666743656,80.8099964857101,278.939997196198,140.800001144409,2,"24A_2017",0.77
"271","209-2-D-BENA",2017,0.03725,0.0487698880047868,56,1961,16,"209-2","BENA",86,47,10,0,6,0,0,0,0,0,0,NA,NA,NA,0,0,0,0,728.528855,"East","24A","Low Shrub","Black Spruce Woodland","Sandy Loam","Mesic - Xeric",0,561.911133,287,21.070175,-149.692261,67.656,-1.35347300143975,0.25834148048323,"209-2-D-BENA_2017",NA,NA,NA,NA,9.23333342870077,-7.566667030255,4.300000111262,14.200000445048,19.700000166893,1.0166666743656,80.8099964857101,278.939997196198,140.800001144409,2,"24A_2017",0.77
"272","209-3-A-BENA",2017,0.072,0.172699631353139,57,1960,16,"209-3","BENA",67,52,13,0,10,0,0,0,0,0,0,NA,NA,NA,0,0,1,0,711.058695,"East","24A","Low Shrub","Black Spruce Woodland","Sandy Loam","Mesic - Xeric",0,553.430786,276,18.070417,-149.69261,67.656251,-0.0679106348265002,0.934343967657205,"209-3-A-BENA_2017",NA,NA,NA,NA,9.23333342870077,-7.566667030255,4.300000111262,14.200000445048,19.700000166893,1.0166666743656,80.8099964857101,278.939997196198,140.800001144409,2,"24A_2017",0.77
"273","209-3-D-BENA",2017,0.04625,0.0715959148276067,35,1982,16,"209-3","BENA",84,39,10,0,8,0,0,0,0,0,0,NA,NA,NA,0,0,1,0,711.058695,"East","24A","Low Shrub","Black Spruce Woodland","Sandy Loam","Mesic - Xeric",0,553.430786,276,18.070417,-149.69261,67.656251,-1.53042155309209,0.216444405273153,"209-3-D-BENA_2017",NA,NA,NA,NA,9.23333342870077,-7.566667030255,4.300000111262,14.200000445048,19.700000166893,1.0166666743656,80.8099964857101,278.939997196198,140.800001144409,2,"24A_2017",0.77
"274","209-4-C-BENA",2017,0.0215,0.0293479731716725,26,1991,16,"209-4","BENA",57,38,10,0,7,0,0,0,0,0,0,NA,NA,NA,0,0,0,0,738.024448,"East","24A","Low Shrub","Black Spruce Woodland","Sandy Loam","Mesic - Xeric",0,561.090881,296,18.584587,-149.691928,67.656444,-2.77695781419072,0.0622275274153895,"209-4-C-BENA_2017",NA,NA,NA,NA,9.23333342870077,-7.566667030255,4.300000111262,14.200000445048,19.700000166893,1.0166666743656,80.8099964857101,278.939997196198,140.800001144409,2,"24A_2017",0.77
"275","209-4-D-BENA",2017,0.0366666666666667,0.0397027300113874,45,1972,16,"209-4","BENA",71,50,9,0,8,0,0,0,0,0,0,NA,NA,NA,0,0,0,0,738.024448,"East","24A","Low Shrub","Black Spruce Woodland","Sandy Loam","Mesic - Xeric",0,561.090881,296,18.584587,-149.691928,67.656444,-1.82013639868037,0.162003652342411,"209-4-D-BENA_2017",NA,NA,NA,NA,9.23333342870077,-7.566667030255,4.300000111262,14.200000445048,19.700000166893,1.0166666743656,80.8099964857101,278.939997196198,140.800001144409,2,"24A_2017",0.77
"276","222-1-B-BENA",2017,0.107,0.225893078163721,37,1980,17,"222-1","BENA",63,58,19,0,9,0,2,0,0,0.222222222,0,NA,"Hare",NA,1,2,18,0,769.468544,"East","24A","Low Shrub","Tall Shrub","Clay Loam","Mesic",0,669.484009,287,15.029548,-149.809491,67.826198,-0.315084137086173,0.729727474542688,"222-1-B-BENA_2017",NA,NA,NA,NA,9.23333342870077,-7.566667030255,4.300000111262,14.200000445048,19.700000166893,1.0166666743656,80.8099964857101,278.939997196198,140.800001144409,2,"24A_2017",0.77
"277","222-1-D-BENA",2017,0.03025,0.0349009345364335,36,1981,17,"222-1","BENA",78,38,9,0,9,0,2,0,0,0.222222222,0,NA,"Hare",NA,1,2,18,0,769.468544,"East","24A","Low Shrub","Tall Shrub","Clay Loam","Mesic",0,669.484009,287,15.029548,-149.809491,67.826198,-2.21532856733759,0.109117655860169,"222-1-D-BENA_2017",NA,NA,NA,NA,9.23333342870077,-7.566667030255,4.300000111262,14.200000445048,19.700000166893,1.0166666743656,80.8099964857101,278.939997196198,140.800001144409,2,"24A_2017",0.77
"278","222-2-A-BENA",2017,0.09525,0.115879412173527,31,1986,17,"222-2","BENA",81,59,12,0,9,0,0,0,0,0,0,NA,NA,NA,0,3,13,0,794.735172,"East","24A","Low Shrub","Tall Shrub","Clay Loam","Mesic",0,676.198608,282,15.59229,-149.808768,67.826375,-1.19373407072173,0.303087398635962,"222-2-A-BENA_2017",NA,NA,NA,NA,9.23333342870077,-7.566667030255,4.300000111262,14.200000445048,19.700000166893,1.0166666743656,80.8099964857101,278.939997196198,140.800001144409,2,"24A_2017",0.77
"279","222-2-D-BENA",2017,0.07075,0.12930422298048,17,2000,17,"222-2","BENA",62,59,8,0,6,0,1,0,0,0.166666667,0,NA,"Hare",NA,1,3,13,0,794.735172,"East","24A","Low Shrub","Tall Shrub","Clay Loam","Mesic",0,676.198608,282,15.59229,-149.808768,67.826375,-1.80104289130443,0.165126589308563,"222-2-D-BENA_2017",NA,NA,NA,NA,9.23333342870077,-7.566667030255,4.300000111262,14.200000445048,19.700000166893,1.0166666743656,80.8099964857101,278.939997196198,140.800001144409,2,"24A_2017",0.77
"280","222-3-A-BENA",2017,0.01125,0.0114952838690264,55,1962,17,"222-3","BENA",126,65,16,0,21,0,3,0,0,0.142857143,0,NA,"Hare",NA,1,2,11,1,778.440723,"East","24A","Low Shrub","Low Shrub","Clay Loam","Mesic",0,672.469177,278,13.422374,-149.809021,67.826615,-2.82015140083748,0.0595969190024098,"222-3-A-BENA_2017",NA,NA,NA,NA,9.23333342870077,-7.566667030255,4.300000111262,14.200000445048,19.700000166893,1.0166666743656,80.8099964857101,278.939997196198,140.800001144409,2,"24A_2017",0.77
"281","222-3-B-BENA",2017,0.03325,0.0589926304995686,14,2003,17,"222-3","BENA",70,62,8,0,8,0,0,0,0,0,0,NA,NA,NA,0,2,11,1,778.440723,"East","24A","Low Shrub","Low Shrub","Clay Loam","Mesic",0,672.469177,278,13.422374,-149.809021,67.826615,-2.81749218321359,0.0597556110846269,"222-3-B-BENA_2017",NA,NA,NA,NA,9.23333342870077,-7.566667030255,4.300000111262,14.200000445048,19.700000166893,1.0166666743656,80.8099964857101,278.939997196198,140.800001144409,2,"24A_2017",0.77
"282","222-4-C-BENA",2017,0.2355,0.621099936198173,15,2002,17,"222-4","BENA",92,74,9,12,11,0,1,0,0,0.090909091,0,NA,"Hare",NA,1,0,15,0,805.061274,"East","24A","Low Shrub","Low Shrub","Clay Loam","Mesic",0,678.755371,278,16.631924,-149.808355,67.826658,-0.381080855750496,0.683122652992042,"222-4-C-BENA_2017",NA,NA,NA,NA,9.23333342870077,-7.566667030255,4.300000111262,14.200000445048,19.700000166893,1.0166666743656,80.8099964857101,278.939997196198,140.800001144409,2,"24A_2017",0.77
"283","222-4-D-BENA",2017,0.102,0.269812543460907,22,1995,17,"222-4","BENA",107,70,8,0,14,0,0,0,0,0,0,NA,NA,NA,0,0,15,0,805.061274,"East","24A","Low Shrub","Low Shrub","Clay Loam","Mesic",0,678.755371,278,16.631924,-149.808355,67.826658,-0.757805961934191,0.468693631403577,"222-4-D-BENA_2017",NA,NA,NA,NA,9.23333342870077,-7.566667030255,4.300000111262,14.200000445048,19.700000166893,1.0166666743656,80.8099964857101,278.939997196198,140.800001144409,2,"24A_2017",0.77
"284","235-1-A-BENA",2017,0.13,0.325704618360921,38,1979,18,"235-1","BENA",59,29,10,0,18,0,0,0,0,0,0,NA,NA,NA,0,0,5,0,477.732622,"East","24A","Low Shrub","Low Shrub","Sandy Gravel","Mesic",0,813.776917,295,20.303024,-149.727576,68.004859,0.0826692229443318,1.08618246488254,"235-1-A-BENA_2017",NA,NA,NA,NA,8.10000022252401,-8.66666675110658,3.30000007152557,12.9333333969116,10.6000002622604,0.916666670391957,60.7599987387657,288.339998245239,132.800001144409,2,"24A_2017",0.77
"285","235-1-B-BENA",2017,0.176,0.484081728806345,25,1992,18,"235-1","BENA",42,18,10,0,10,0,1,0,0,0.1,0,NA,"Hare",NA,1,0,5,0,477.732622,"East","24A","Low Shrub","Low Shrub","Sandy Gravel","Mesic",0,813.776917,295,20.303024,-149.727576,68.004859,-0.0207311400492834,0.979482272726937,"235-1-B-BENA_2017",NA,NA,NA,NA,8.10000022252401,-8.66666675110658,3.30000007152557,12.9333333969116,10.6000002622604,0.916666670391957,60.7599987387657,288.339998245239,132.800001144409,2,"24A_2017",0.77
"286","235-2-A-BENA",2017,0.14125,0.366204656404215,17,2000,18,"235-2","BENA",71,49,9,0,16,0,0,0,0,0,0,NA,NA,NA,0,0,0,0,510.631222,"East","24A","Dwarf Shrub-Lichen","Low Shrub","Sandy Gravel","Mesic",0,828.022217,289,26.243103,-149.726481,68.004961,-0.760018489250329,0.467657780288206,"235-2-A-BENA_2017",NA,NA,NA,NA,8.10000022252401,-8.66666675110658,3.30000007152557,12.9333333969116,10.6000002622604,0.916666670391957,60.7599987387657,288.339998245239,132.800001144409,2,"24A_2017",0.77
"287","235-2-B-BENA",2017,0.06975,0.102824916600617,34,1983,18,"235-2","BENA",54,38,8,0,9,0,0,0,0,0,0,NA,NA,NA,NA,0,0,0,510.631222,"East","24A","Dwarf Shrub-Lichen","Low Shrub","Sandy Gravel","Mesic",0,828.022217,289,26.243103,-149.726481,68.004961,-1.20302381495841,0.300284831940122,"235-2-B-BENA_2017",NA,NA,NA,NA,8.10000022252401,-8.66666675110658,3.30000007152557,12.9333333969116,10.6000002622604,0.916666670391957,60.7599987387657,288.339998245239,132.800001144409,2,"24A_2017",0.77
"288","235-2-C-BENA",2017,0.01825,0.0150645258225857,29,1988,18,"235-2","BENA",58,33,8,0,9,0,2,0,0,0.222222222,0,NA,"Hare",NA,1,0,0,0,510.631222,"East","24A","Dwarf Shrub-Lichen","Low Shrub","Sandy Gravel","Mesic",0,828.022217,289,26.243103,-149.726481,68.004961,-3.31352686887602,0.0363876128390634,"235-2-C-BENA_2017",NA,NA,NA,NA,8.10000022252401,-8.66666675110658,3.30000007152557,12.9333333969116,10.6000002622604,0.916666670391957,60.7599987387657,288.339998245239,132.800001144409,2,"24A_2017",0.77
"289","235-3-B-BENA",2017,0.0375,0.0569610018004,32,1985,18,"235-3","BENA",59,31,10,0,15,0,0,0,0,0,0,NA,NA,NA,0,0,1,0,482.982181,"East","24A","Dwarf Shrub-Lichen","Low Shrub","Sandy Gravel","Mesic",0,817.546387,298,18.704132,-149.726784,68.005244,-1.86603036745305,0.154736692066737,"235-3-B-BENA_2017",NA,NA,NA,NA,8.10000022252401,-8.66666675110658,3.30000007152557,12.9333333969116,10.6000002622604,0.916666670391957,60.7599987387657,288.339998245239,132.800001144409,2,"24A_2017",0.77
"290","235-3-C-BENA",2017,0.30825,1.13859152112774,17,2000,18,"235-3","BENA",57,42,7,0,11,0,0,0,0,0,0,NA,NA,NA,0,0,1,0,482.982181,"East","24A","Dwarf Shrub-Lichen","Low Shrub","Sandy Gravel","Mesic",0,817.546387,298,18.704132,-149.726784,68.005244,0.37433643285943,1.4540262503867,"235-3-C-BENA_2017",NA,NA,NA,NA,8.10000022252401,-8.66666675110658,3.30000007152557,12.9333333969116,10.6000002622604,0.916666670391957,60.7599987387657,288.339998245239,132.800001144409,2,"24A_2017",0.77
"291","235-4-A-BENA",2017,0.1625,0.408662299369777,27,1990,18,"235-4","BENA",45,36,11,0,13,0,0,0,0,0,0,NA,NA,NA,0,0,0,0,503.848767,"East","24A","Low Shrub","Low Shrub","Sandy Gravel","Mesic",0,825.290771,293,20.728168,-149.726015,68.005351,-0.0982551678765484,0.906417585592112,"235-4-A-BENA_2017",NA,NA,NA,NA,8.10000022252401,-8.66666675110658,3.30000007152557,12.9333333969116,10.6000002622604,0.916666670391957,60.7599987387657,288.339998245239,132.800001144409,2,"24A_2017",0.77
"292","235-4-C-BENA",2017,0.44975,2.62769897764675,21,1996,18,"235-4","BENA",61,45,11,0,10,0,0,0,0,0,0,NA,NA,NA,0,0,0,0,503.848767,"East","24A","Low Shrub","Low Shrub","Sandy Gravel","Mesic",0,825.290771,293,20.728168,-149.726015,68.005351,1.46281629990753,4.31810349426506,"235-4-C-BENA_2017",NA,NA,NA,NA,8.10000022252401,-8.66666675110658,3.30000007152557,12.9333333969116,10.6000002622604,0.916666670391957,60.7599987387657,288.339998245239,132.800001144409,2,"24A_2017",0.77
"293","240-1-C-BENA",2017,0.29425,1.57912959765808,11,2006,19,"240-1","BENA",52,36,9,0,17,0,0,0,0,0,0,NA,NA,NA,0,0,1,0,395.986648,"West","24A","Low Shrub","Low Shrub","Sandy Loam","Mesic",0,1043.032227,75,23.365055,-149.606437,68.069578,0.181936371456808,1.19953786660464,"240-1-C-BENA_2017",NA,NA,NA,NA,8.10000022252401,-8.66666675110658,3.30000007152557,12.9333333969116,10.6000002622604,0.916666670391957,60.7599987387657,288.339998245239,132.800001144409,2,"24A_2017",0.77
"294","240-1-D-BENA",2017,0.18275,0.431599263683177,18,1999,19,"240-1","BENA",70,38,7,0,13,0,0,0,0,0,0,NA,NA,NA,0,0,1,0,395.986648,"West","24A","Low Shrub","Low Shrub","Sandy Loam","Mesic",0,1043.032227,75,23.365055,-149.606437,68.069578,-0.527503965253586,0.590075983221318,"240-1-D-BENA_2017",NA,NA,NA,NA,8.10000022252401,-8.66666675110658,3.30000007152557,12.9333333969116,10.6000002622604,0.916666670391957,60.7599987387657,288.339998245239,132.800001144409,2,"24A_2017",0.77
"295","240-2-A-BENA",2017,0.1235,0.342786243016653,21,1996,19,"240-2","BENA",90,57,9,0,23,0,0,2,0,0,0.086956522,NA,NA,"Ptarmagin",1,0,0,0,426.292991,"West","24A","Tussock Tundra (Low shrub or Herbaceous)","Low Shrub","Sandy Loam","Mesic",0,1048.270996,87,24.096361,-149.606886,68.069926,-0.573940474166783,0.563301385108346,"240-2-A-BENA_2017",NA,NA,NA,NA,8.10000022252401,-8.66666675110658,3.30000007152557,12.9333333969116,10.6000002622604,0.916666670391957,60.7599987387657,288.339998245239,132.800001144409,2,"24A_2017",0.77
"296","240-2-D-BENA",2017,0.13325,0.240181630600869,19,1998,19,"240-2","BENA",84,31,8,0,10,0,0,0,0,0,0,NA,NA,NA,0,0,0,0,426.292991,"West","24A","Tussock Tundra (Low shrub or Herbaceous)","Low Shrub","Sandy Loam","Mesic",0,1048.270996,87,24.096361,-149.606886,68.069926,-1.04908555663322,0.350257893719365,"240-2-D-BENA_2017",NA,NA,NA,NA,8.10000022252401,-8.66666675110658,3.30000007152557,12.9333333969116,10.6000002622604,0.916666670391957,60.7599987387657,288.339998245239,132.800001144409,2,"24A_2017",0.77
"297","240-3-A-BENA",2017,0.41325,1.83931433773298,13,2004,19,"240-3","BENA",66,43,8,0,18,0,0,0,0,0,0,NA,NA,NA,0,0,1,3,399.798137,"West","24A","Low Shrub","Low Shrub","Sandy Loam","Mesic",0,1034.808228,93,20.584356,-149.606025,68.07014,0.533807518837405,1.70541335591217,"240-3-A-BENA_2017",NA,NA,NA,NA,8.10000022252401,-8.66666675110658,3.30000007152557,12.9333333969116,10.6000002622604,0.916666670391957,60.7599987387657,288.339998245239,132.800001144409,2,"24A_2017",0.77
"298","240-3-D-BENA",2017,0.1135,0.370120455297375,33,1984,19,"240-3","BENA",97,46,12,0,13,0,0,2,0,0,0.153846154,NA,NA,"Ptarmagin",1,0,1,3,399.798137,"West","24A","Low Shrub","Low Shrub","Sandy Loam","Mesic",0,1034.808228,93,20.584356,-149.606025,68.07014,0.0421522948555038,1.04305331830963,"240-3-D-BENA_2017",NA,NA,NA,NA,8.10000022252401,-8.66666675110658,3.30000007152557,12.9333333969116,10.6000002622604,0.916666670391957,60.7599987387657,288.339998245239,132.800001144409,2,"24A_2017",0.77
"299","240-4-B-BENA",2017,0.085,0.173840029486391,49,1968,19,"240-4","BENA",102,72,15,0,13,0,0,0,0,0,0,NA,NA,NA,0,0,2,0,431.079046,"West","24A","Low Shrub","Low Shrub","Sandy Loam","Mesic",0,1046.807861,94,24.616484,-149.606605,68.070368,-0.241798740654456,0.785214193344883,"240-4-B-BENA_2017",NA,NA,NA,NA,8.10000022252401,-8.66666675110658,3.30000007152557,12.9333333969116,10.6000002622604,0.916666670391957,60.7599987387657,288.339998245239,132.800001144409,2,"24A_2017",0.77
"300","240-4-D-BENA",2017,0.05475,0.0787340060356451,32,1985,19,"240-4","BENA",83,41,16,0,29,0,0,3,0,0,0.103448276,NA,NA,"Ptarmagin",1,0,2,0,431.079046,"West","24A","Low Shrub","Low Shrub","Sandy Loam","Mesic",0,1046.807861,94,24.616484,-149.606605,68.070368,-1.54232206307153,0.213883872509993,"240-4-D-BENA_2017",NA,NA,NA,NA,8.10000022252401,-8.66666675110658,3.30000007152557,12.9333333969116,10.6000002622604,0.916666670391957,60.7599987387657,288.339998245239,132.800001144409,2,"24A_2017",0.77
"301","255-1-A-BENA",2017,0.162,0.388065232534678,48,1969,20,"255-1","BENA",71,26,15,0,17,0,0,0,0,0,0,NA,NA,NA,0,0,0,0,585.543915,"East","26B","Low Shrub","Low Shrub","Sandy Gravel","Mesic - Xeric",0,991.483582,331,1.701594,-149.392735,68.222633,0.536633412060183,1.71023948781173,"255-1-A-BENA_2017",NA,NA,NA,NA,6.36666679382324,-10.283333701392,1.66666663438082,11.1000000635783,4.50000011920929,0.800000009437402,49.6199985742569,303.739997386932,131.000001907349,2,"26B_2017",0.27
"302","255-1-B-BENA",2017,0.02725,0.0363621678194342,18,1999,20,"255-1","BENA",41,27,7,0,12,0,0,0,0,0,0,NA,NA,NA,0,0,0,0,585.543915,"East","26B","Low Shrub","Low Shrub","Sandy Gravel","Mesic - Xeric",0,991.483582,331,1.701594,-149.392735,68.222633,-3.00147260409082,0.0497138056840192,"255-1-B-BENA_2017",NA,NA,NA,NA,6.36666679382324,-10.283333701392,1.66666663438082,11.1000000635783,4.50000011920929,0.800000009437402,49.6199985742569,303.739997386932,131.000001907349,2,"26B_2017",0.27
"303","255-2-C-BENA",2017,0.0665,0.105502535289179,36,1981,20,"255-2","BENA",65,27,8,0,20,0,0,0,0,0,0,NA,NA,NA,0,0,1,1,631.079496,"East","26B","Low Shrub","Low Shrub","Sandy Gravel","Mesic - Xeric",0,993.382141,286,2.676414,-149.39171,68.222788,-1.10910718993127,0.329853326020318,"255-2-C-BENA_2017",NA,NA,NA,NA,6.36666679382324,-10.283333701392,1.66666663438082,11.1000000635783,4.50000011920929,0.800000009437402,49.6199985742569,303.739997386932,131.000001907349,2,"26B_2017",0.27
"304","255-2-D-BENA",2017,0.17025,0.449145451352557,28,1989,20,"255-2","BENA",60,32,10,0,11,0,0,0,0,0,0,NA,NA,NA,0,0,1,1,631.079496,"East","26B","Low Shrub","Low Shrub","Sandy Gravel","Mesic - Xeric",0,993.382141,286,2.676414,-149.39171,68.222788,0.0396013867421288,1.0403959758964,"255-2-D-BENA_2017",NA,NA,NA,NA,6.36666679382324,-10.283333701392,1.66666663438082,11.1000000635783,4.50000011920929,0.800000009437402,49.6199985742569,303.739997386932,131.000001907349,2,"26B_2017",0.27
"305","255-3-A-BENA",2017,0.024,0.0473500844749054,17,2000,20,"255-3","BENA",61,31,7,0,17,0,0,0,0,0,0,NA,NA,NA,0,0,1,0,600.399561,"East","26B","Tussock Tundra (Low shrub or Herbaceous)","Low Shrub","Sandy Gravel","Mesic - Xeric",0,990.277893,304,2.837043,-149.392647,68.223106,-2.80564223319404,0.0604679241914151,"255-3-A-BENA_2017",NA,NA,NA,NA,6.36666679382324,-10.283333701392,1.66666663438082,11.1000000635783,4.50000011920929,0.800000009437402,49.6199985742569,303.739997386932,131.000001907349,2,"26B_2017",0.27
"306","255-3-D-BENA",2017,0.0755,0.189515006031477,12,2005,20,"255-3","BENA",53,42,6,0,12,0,0,1,0,0,0.083333333,NA,NA,"Ptarmagin",1,0,1,0,600.399561,"East","26B","Tussock Tundra (Low shrub or Herbaceous)","Low Shrub","Sandy Gravel","Mesic - Xeric",0,990.277893,304,2.837043,-149.392647,68.223106,-1.83439046739986,0.159710821057495,"255-3-D-BENA_2017",NA,NA,NA,NA,6.36666679382324,-10.283333701392,1.66666663438082,11.1000000635783,4.50000011920929,0.800000009437402,49.6199985742569,303.739997386932,131.000001907349,2,"26B_2017",0.27
"307","255-4-B-BENA",2017,0.414,2.38858745204351,21,1996,20,"255-4","BENA",49,32,10,0,25,0,0,0,0,0,0,NA,NA,NA,0,0,0,2,644.564014,"East","26B","Low Shrub","Low Shrub","Sandy Gravel","Mesic - Xeric",0,993.003235,239,7.430982,-149.391619,68.223199,1.36740991709047,3.92517099971004,"255-4-B-BENA_2017",NA,NA,NA,NA,6.36666679382324,-10.283333701392,1.66666663438082,11.1000000635783,4.50000011920929,0.800000009437402,49.6199985742569,303.739997386932,131.000001907349,2,"26B_2017",0.27
"308","255-4-D-BENA",2017,0.037,0.0497502612622478,40,1977,20,"255-4","BENA",56,29,5,0,12,0,0,0,0,0,0,NA,NA,NA,0,0,0,2,644.564014,"East","26B","Low Shrub","Low Shrub","Sandy Gravel","Mesic - Xeric",0,993.003235,239,7.430982,-149.391619,68.223199,-1.7350956834002,0.176383322522854,"255-4-D-BENA_2017",NA,NA,NA,NA,6.36666679382324,-10.283333701392,1.66666663438082,11.1000000635783,4.50000011920929,0.800000009437402,49.6199985742569,303.739997386932,131.000001907349,2,"26B_2017",0.27
"309","261-1-C-BENA",2017,0.026,0.0255935092403301,41,1976,21,"261-1","BENA",52,23,10,0,13,0,0,0,0,0,0,NA,NA,NA,0,0,0,0,356.206777,"East","26B","Dwarf Shrub","Low Shrub","Sandy Loam","Mesic",0,883.832947,287,13.943512,-149.352299,68.301689,-2.37030597554677,0.0934521278371576,"261-1-C-BENA_2017",NA,NA,NA,NA,6.36666679382324,-10.283333701392,1.66666663438082,11.1000000635783,4.50000011920929,0.800000009437402,49.6199985742569,303.739997386932,131.000001907349,2,"26B_2017",0.27
"310","261-1-D-BENA",2017,0.15375,0.388468730841125,28,1989,21,"261-1","BENA",59,19,9,0,15,0,0,0,0,0,0,NA,NA,NA,0,0,0,0,356.206777,"East","26B","Dwarf Shrub","Low Shrub","Sandy Loam","Mesic",0,883.832947,287,13.943512,-149.352299,68.301689,-0.105532713974129,0.899845034858078,"261-1-D-BENA_2017",NA,NA,NA,NA,6.36666679382324,-10.283333701392,1.66666663438082,11.1000000635783,4.50000011920929,0.800000009437402,49.6199985742569,303.739997386932,131.000001907349,2,"26B_2017",0.27
"311","261-2-B-BENA",2017,0.22325,0.667519912898076,31,1986,21,"261-2","BENA",66,25,12,0,19,0,0,0,0,0,0,NA,NA,NA,0,0,0,1,388.99561,"East","26B","Dwarf Shrub-Lichen","Low Shrub","Sandy Loam","Mesic",0,888.892761,295,13.025289,-149.351465,68.301786,0.557285050993697,1.74592595995409,"261-2-B-BENA_2017",NA,NA,NA,NA,6.36666679382324,-10.283333701392,1.66666663438082,11.1000000635783,4.50000011920929,0.800000009437402,49.6199985742569,303.739997386932,131.000001907349,2,"26B_2017",0.27
"312","261-2-C-BENA",2017,0.032,0.0283999975884517,26,1991,21,"261-2","BENA",37,18,8,0,13,0,0,0,0,0,0,NA,NA,NA,0,0,0,1,388.99561,"East","26B","Dwarf Shrub-Lichen","Low Shrub","Sandy Loam","Mesic",0,888.892761,295,13.025289,-149.351465,68.301786,-2.80979224064356,0.06021750184228,"261-2-C-BENA_2017",NA,NA,NA,NA,6.36666679382324,-10.283333701392,1.66666663438082,11.1000000635783,4.50000011920929,0.800000009437402,49.6199985742569,303.739997386932,131.000001907349,2,"26B_2017",0.27
"313","261-3-A-BENA",2017,0.25925,1.0239771890459,12,2005,21,"261-3","BENA",70,41,11,0,15,0,0,0,0,0,0,NA,NA,NA,0,0,0,1,380.53651,"East","26B","Tussock Tundra (Low shrub or Herbaceous)","Low Shrub","Sandy Loam","Mesic",0,884.224731,295,11.657486,-149.351558,68.302088,-0.147409147259404,0.86294083529989,"261-3-A-BENA_2017",NA,NA,NA,NA,6.36666679382324,-10.283333701392,1.66666663438082,11.1000000635783,4.50000011920929,0.800000009437402,49.6199985742569,303.739997386932,131.000001907349,2,"26B_2017",0.27
"314","261-3-D-BENA",2017,0.0383333333333333,0.0502183409537716,37,1980,21,"261-3","BENA",74,41,14,0,26,0,0,0,0,0,0,NA,NA,NA,0,0,0,1,380.53651,"East","26B","Tussock Tundra (Low shrub or Herbaceous)","Low Shrub","Sandy Loam","Mesic",0,884.224731,295,11.657486,-149.351558,68.302088,-1.81876560132281,0.162225878799879,"261-3-D-BENA_2017",NA,NA,NA,NA,6.36666679382324,-10.283333701392,1.66666663438082,11.1000000635783,4.50000011920929,0.800000009437402,49.6199985742569,303.739997386932,131.000001907349,2,"26B_2017",0.27
"315","261-4-A-BENA",2017,0.06875,0.101998677732723,52,1965,21,"261-4","BENA",45,23,13,0,13,0,0,0,0,0,0,NA,NA,NA,0,0,0,0,405.679111,"East","26B","Low Shrub","Low Shrub","Sandy Loam","Mesic",0,886.626587,308,9.946874,-149.350886,68.302265,-0.704062132217802,0.494572200144753,"261-4-A-BENA_2017",NA,NA,NA,NA,6.36666679382324,-10.283333701392,1.66666663438082,11.1000000635783,4.50000011920929,0.800000009437402,49.6199985742569,303.739997386932,131.000001907349,2,"26B_2017",0.27
"316","261-4-B-BENA",2017,0.073,0.0952892175723593,31,1986,21,"261-4","BENA",71,30,12,0,13,0,0,0,0,0,0,NA,NA,NA,0,0,0,0,405.679111,"East","26B","Low Shrub","Low Shrub","Sandy Loam","Mesic",0,886.626587,308,9.946874,-149.350886,68.302265,-1.38936750858162,0.249232892455598,"261-4-B-BENA_2017",NA,NA,NA,NA,6.36666679382324,-10.283333701392,1.66666663438082,11.1000000635783,4.50000011920929,0.800000009437402,49.6199985742569,303.739997386932,131.000001907349,2,"26B_2017",0.27
"317","268-1-B-BENA",2017,0.09,0.166394454897384,32,1985,22,"268-1","BENA",63,26,6,0,12,0,0,0,0,0,0,NA,NA,NA,0,0,1,2,212.091228,"West","26B","Low Shrub","Low Shrub","Sandy Gravel","Mesic",0,818.738892,195,1.432166,-149.327109,68.400098,-0.79403601829217,0.452016760858448,"268-1-B-BENA_2017",NA,NA,NA,NA,6.36666679382324,-10.283333701392,1.66666663438082,11.1000000635783,4.50000011920929,0.800000009437402,49.6199985742569,303.739997386932,131.000001907349,2,"26B_2017",0.27
"318","268-1-C-BENA",2017,0.04825,0.0775720094528989,29,1988,22,"268-1","BENA",47,18,6,0,11,0,0,0,0,0,0,NA,NA,NA,0,0,1,2,212.091228,"West","26B","Low Shrub","Low Shrub","Sandy Gravel","Mesic",0,818.738892,195,1.432166,-149.327109,68.400098,-1.67466290633518,0.18737133052594,"268-1-C-BENA_2017",NA,NA,NA,NA,6.36666679382324,-10.283333701392,1.66666663438082,11.1000000635783,4.50000011920929,0.800000009437402,49.6199985742569,303.739997386932,131.000001907349,2,"26B_2017",0.27
"319","268-2-A-BENA",2017,0.28625,0.810476908502433,27,1990,22,"268-2","BENA",60,23,9,0,24,0,0,0,0,0,0,NA,NA,NA,0,0,0,4,184.615387,"West","26B","Low Shrub","Low Shrub","Sandy Gravel","Mesic",0,819.441162,203,1.359031,-149.326454,68.400307,0.586478541384499,1.79764691706539,"268-2-A-BENA_2017",NA,NA,NA,NA,6.36666679382324,-10.283333701392,1.66666663438082,11.1000000635783,4.50000011920929,0.800000009437402,49.6199985742569,303.739997386932,131.000001907349,2,"26B_2017",0.27
"320","268-3-C-BENA",2017,0.09025,0.223491526929592,14,2003,22,"268-3","BENA",50,27,5,0,11,0,0,0,0,0,0,NA,NA,NA,0,0,0,0,206.549982,"West","26B","Low Shrub","Low Shrub","Sandy Gravel","Mesic",0,819.661011,150,1.610195,-149.326989,68.400547,-1.48553121002541,0.226382052314344,"268-3-C-BENA_2017",NA,NA,NA,NA,6.36666679382324,-10.283333701392,1.66666663438082,11.1000000635783,4.50000011920929,0.800000009437402,49.6199985742569,303.739997386932,131.000001907349,2,"26B_2017",0.27
"321","268-4-C-BENA",2017,0.10675,0.256973443334308,38,1979,22,"268-4","BENA",58,32,8,0,18,0,0,0,0,0,0,NA,NA,NA,0,0,0,5,171.881056,"West","26B","Dwarf Shrub-Lichen","Low Shrub","Sandy Gravel","Mesic",0,820.486511,188,1.085947,-149.326166,68.400831,-0.15434892281109,0.856972951427151,"268-4-C-BENA_2017",NA,NA,NA,NA,6.36666679382324,-10.283333701392,1.66666663438082,11.1000000635783,4.50000011920929,0.800000009437402,49.6199985742569,303.739997386932,131.000001907349,2,"26B_2017",0.27
"322","268-4-D-BENA",2017,0.038,0.0604065435432243,29,1988,22,"268-4","BENA",57,23,7,0,15,0,0,0,0,0,0,NA,NA,NA,0,0,0,5,171.881056,"West","26B","Dwarf Shrub-Lichen","Low Shrub","Sandy Gravel","Mesic",0,820.486511,188,1.085947,-149.326166,68.400831,-1.92477212964773,0.145909001403909,"268-4-D-BENA_2017",NA,NA,NA,NA,6.36666679382324,-10.283333701392,1.66666663438082,11.1000000635783,4.50000011920929,0.800000009437402,49.6199985742569,303.739997386932,131.000001907349,2,"26B_2017",0.27
"323","282-1-B-BENA",2017,0.061,0.0893667918215663,28,1989,23,"282-1","BENA",41,18,8,0,9,0,0,0,0,0,0,NA,NA,NA,0,0,0,0,577.316923,"West","26B","Tussock Tundra (Low shrub or Herbaceous)","Tussock Tundra","Clay Loam","Mesic",0,826.622314,26,2.82316,-149.530032,68.582817,-1.57499623660921,0.207008331732935,"282-1-B-BENA_2017",NA,NA,NA,NA,10.7666670481364,-6.69999998807907,5.96666669845581,15.6666669845581,34.4000005722046,1.06666667386889,81.3799979686737,263.239998579025,124.300000190735,2,"26B_2017",0.27
"324","282-1-D-BENA",2017,0.21125,0.753089828198389,27,1990,23,"282-1","BENA",74,20,11,0,15,0,0,0,0,0,0,NA,NA,NA,0,0,0,0,577.316923,"West","26B","Tussock Tundra (Low shrub or Herbaceous)","Tussock Tundra","Clay Loam","Mesic",0,826.622314,26,2.82316,-149.530032,68.582817,0.513040205490748,1.67036172620343,"282-1-D-BENA_2017",NA,NA,NA,NA,10.7666670481364,-6.69999998807907,5.96666669845581,15.6666669845581,34.4000005722046,1.06666667386889,81.3799979686737,263.239998579025,124.300000190735,2,"26B_2017",0.27
"325","282-2-A-BENA",2017,0.01175,0.00992056055141378,30,1987,23,"282-2","BENA",44,16,6,0,7,0,0,0,0,0,0,NA,NA,NA,0,0,0,0,604.079816,"West","26B","Low Shrub","Low Shrub-Tussock Tundra","Clay Loam","Mesic",0,826.41803,354,3.355184,-149.530916,68.583004,-3.69080410680887,0.0249519299565347,"282-2-A-BENA_2017",NA,NA,NA,NA,10.7666670481364,-6.69999998807907,5.96666669845581,15.6666669845581,34.4000005722046,1.06666667386889,81.3799979686737,263.239998579025,124.300000190735,2,"26B_2017",0.27
"326","282-2-B-BENA",2017,0.0435,0.0670313770514821,26,1991,23,"282-2","BENA",27,18,6,0,5,0,0,0,0,0,0,NA,NA,NA,0,0,0,0,604.079816,"West","26B","Low Shrub","Low Shrub-Tussock Tundra","Clay Loam","Mesic",0,826.41803,354,3.355184,-149.530916,68.583004,-1.95102047692973,0.142128958233769,"282-2-B-BENA_2017",NA,NA,NA,NA,10.7666670481364,-6.69999998807907,5.96666669845581,15.6666669845581,34.4000005722046,1.06666667386889,81.3799979686737,263.239998579025,124.300000190735,2,"26B_2017",0.27
"327","282-3-B-BENA",2017,0.11,0.24017475836694,23,1994,23,"282-3","BENA",31,18,7,0,8,0,0,0,0,0,0,NA,NA,NA,0,0,0,0,571.732475,"West","26B","Low Shrub","Low Shrub-Tussock Tundra","Clay Loam","Mesic",0,823.876221,27,3.830761,-149.53038,68.583298,-0.821120571883708,0.439938395594913,"282-3-B-BENA_2017",NA,NA,NA,NA,10.7666670481364,-6.69999998807907,5.96666669845581,15.6666669845581,34.4000005722046,1.06666667386889,81.3799979686737,263.239998579025,124.300000190735,2,"26B_2017",0.27
"328","282-3-D-BENA",2017,0.232,0.658151094556447,20,1997,23,"282-3","BENA",82,20,10,0,18,0,0,0,0,0,0,NA,NA,NA,0,0,0,0,571.732475,"West","26B","Low Shrub","Low Shrub-Tussock Tundra","Clay Loam","Mesic",0,823.876221,27,3.830761,-149.53038,68.583298,0.0201638145734028,1.02036847756347,"282-3-D-BENA_2017",NA,NA,NA,NA,10.7666670481364,-6.69999998807907,5.96666669845581,15.6666669845581,34.4000005722046,1.06666667386889,81.3799979686737,263.239998579025,124.300000190735,2,"26B_2017",0.27
"329","282-4-A-BENA",2017,0.23725,0.84652314991064,29,1988,23,"282-4","BENA",52,15,7,0,6,0,0,0,0,0,0,NA,NA,NA,0,0,0,0,597.547448,"West","26B","Tussock Tundra (Low shrub or Herbaceous)","Low Shrub-Tussock Tundra","Clay Loam","Mesic",0,823.620117,358,4.137664,-149.531178,68.583423,0.715267983467967,2.04473456390317,"282-4-A-BENA_2017",NA,NA,NA,NA,10.7666670481364,-6.69999998807907,5.96666669845581,15.6666669845581,34.4000005722046,1.06666667386889,81.3799979686737,263.239998579025,124.300000190735,2,"26B_2017",0.27
"330","282-4-C-BENA",2017,0.17775,0.38265599903382,17,2000,23,"282-4","BENA",38,12,6,0,9,0,0,0,0,0,0,NA,NA,NA,0,0,0,0,597.547448,"West","26B","Tussock Tundra (Low shrub or Herbaceous)","Low Shrub-Tussock Tundra","Clay Loam","Mesic",0,823.620117,358,4.137664,-149.531178,68.583423,-0.716074426143936,0.48866679326053,"282-4-C-BENA_2017",NA,NA,NA,NA,10.7666670481364,-6.69999998807907,5.96666669845581,15.6666669845581,34.4000005722046,1.06666667386889,81.3799979686737,263.239998579025,124.300000190735,2,"26B_2017",0.27
"331","60-1-A-BENA",2017,0.4325,2.5639401583926,13,2004,1,"60-1","BENA",121,NA,11,3,23,0,2,0,0,0.086956522,0,NA,"Hare",NA,1,0,1,0,1438.56091,"West","20F","Low Shrub","Low Shrub-Tussock Tundra","Silt Loam","Mesic",0,110.943649,215,1.507567,-149.840126,65.909691,0.865959858827025,2.37728685096407,"60-1-A-BENA_2017",NA,NA,NA,NA,14.266666730245,-3.03333341578643,8.96666669845581,19.6666666666667,122.100002288818,1.10833336474995,132.069997787476,229.929999351501,173.500003814697,2,"20F_2017",0.375
"332","60-1-B-BENA",2017,0.10225,0.231203744195072,13,2004,1,"60-1","BENA",129,NA,14,0,32,0,4,0,0,0.125,0,NA,"Hare",NA,1,0,1,0,1438.56091,"West","20F","Low Shrub","Low Shrub-Tussock Tundra","Silt Loam","Mesic",0,110.943649,215,1.507567,-149.840126,65.909691,-1.54004128849827,0.214372250135973,"60-1-B-BENA_2017",NA,NA,NA,NA,14.266666730245,-3.03333341578643,8.96666669845581,19.6666666666667,122.100002288818,1.10833336474995,132.069997787476,229.929999351501,173.500003814697,2,"20F_2017",0.375
"333","60-2-A-BENA",2017,0.1275,0.417776845056005,16,2001,1,"60-2","BENA",89,NA,9,0,10,0,0,0,0,0,0,NA,NA,NA,0,0,2,0,1432.670461,"West","20F","Low Shrub","Low Shrub","Silt Loam","Mesic",0,110.927505,264,1.953402,-149.84073,65.909949,-0.700609114607189,0.496282918532143,"60-2-A-BENA_2017",NA,NA,NA,NA,14.266666730245,-3.03333341578643,8.96666669845581,19.6666666666667,122.100002288818,1.10833336474995,132.069997787476,229.929999351501,173.500003814697,2,"20F_2017",0.375
"334","60-2-D-BENA",2017,0.1485,0.406111326135062,16,2001,1,"60-2","BENA",102,NA,7,0,18,0,0,0,0,0,0,NA,NA,NA,0,0,2,0,1432.670461,"West","20F","Low Shrub","Low Shrub","Silt Loam","Mesic",0,110.927505,264,1.953402,-149.84073,65.909949,-0.728929216755445,0.482425286533651,"60-2-D-BENA_2017",NA,NA,NA,NA,14.266666730245,-3.03333341578643,8.96666669845581,19.6666666666667,122.100002288818,1.10833336474995,132.069997787476,229.929999351501,173.500003814697,2,"20F_2017",0.375
"335","60-3-A-BENA",2017,0.1545,0.561822795213914,10,2007,1,"60-3","BENA",83,NA,8,11,15,0,0,0,0,0,0,NA,NA,NA,0,0,3,0,1403.187226,"West","20F","Low Shrub","Black Spruce Woodland","Silt Loam","Mesic",0,111.24585,78,1.323723,-149.840194,65.910114,-0.965243547095377,0.380890423685781,"60-3-A-BENA_2017",NA,NA,NA,NA,14.266666730245,-3.03333341578643,8.96666669845581,19.6666666666667,122.100002288818,1.10833336474995,132.069997787476,229.929999351501,173.500003814697,2,"20F_2017",0.375
"336","60-3-D-BENA",2017,0.0845,0.189541709569034,13,2004,1,"60-3","BENA",101,NA,8,0,12,0,0,0,0,0,0,NA,NA,NA,0,0,3,0,1403.187226,"West","20F","Low Shrub","Black Spruce Woodland","Silt Loam","Mesic",0,111.24585,78,1.323723,-149.840194,65.910114,-1.73873151621074,0.175743186670239,"60-3-D-BENA_2017",NA,NA,NA,NA,14.266666730245,-3.03333341578643,8.96666669845581,19.6666666666667,122.100002288818,1.10833336474995,132.069997787476,229.929999351501,173.500003814697,2,"20F_2017",0.375
"337","60-4-A-BENA",2017,0.134,0.255741349965477,18,1999,1,"60-4","BENA",92,NA,7,13,13,0,0,0,0,0,0,NA,NA,NA,0,0,1,0,1406.241796,"West","20F","Tall Shrub (Open-Closed)","Black Spruce Woodland","Silt Loam","Mesic",0,110.670654,252,1.181915,-149.840942,65.910317,-1.0508349105865,0.349645704312419,"60-4-A-BENA_2017",NA,NA,NA,NA,14.266666730245,-3.03333341578643,8.96666669845581,19.6666666666667,122.100002288818,1.10833336474995,132.069997787476,229.929999351501,173.500003814697,2,"20F_2017",0.375
"338","60-4-B-BENA",2017,0.07,0.166582950456599,27,1990,1,"60-4","BENA",95,NA,9,0,9,0,2,0,0,0.222222222,0,NA,"Hare",NA,1,0,1,0,1406.241796,"West","20F","Tall Shrub (Open-Closed)","Black Spruce Woodland","Silt Loam","Mesic",0,110.670654,252,1.181915,-149.840942,65.910317,-0.995650922650223,0.369482861488661,"60-4-B-BENA_2017",NA,NA,NA,NA,14.266666730245,-3.03333341578643,8.96666669845581,19.6666666666667,122.100002288818,1.10833336474995,132.069997787476,229.929999351501,173.500003814697,2,"20F_2017",0.375
"339","72-1-C-BENA",2017,0.03575,0.0526462206402355,49,1968,2,"72-1","BENA",118,71,9,0,11,0,2,0,0,0.181818182,0,NA,"Hare",NA,1,0,0,0,895.937772,"West","20F","Tussock Tundra (Low shrub or Herbaceous)","Black Spruce Woodland","Clay Loam","Mesic",0,130.808105,148,1.606934,-150.14017,66.022623,-1.4363397929287,0.237796552352261,"72-1-C-BENA_2017",NA,NA,NA,NA,13.1333335240682,-4.05833335717519,7.86666679382324,18.466667175293,96.7000002861023,1.24166668516894,131.209998130798,241.839998245239,172.400003433228,2,"20F_2017",0.375
"340","72-1-D-BENA",2017,0.053,0.123130011668471,61,1956,2,"72-1","BENA",65,41,8,7,4,0,0,0,0,0,0,NA,NA,NA,0,0,0,0,895.937772,"West","20F","Tussock Tundra (Low shrub or Herbaceous)","Black Spruce Woodland","Clay Loam","Mesic",0,130.808105,148,1.606934,-150.14017,66.022623,-0.32528835742167,0.722319037553478,"72-1-D-BENA_2017",NA,NA,NA,NA,13.1333335240682,-4.05833335717519,7.86666679382324,18.466667175293,96.7000002861023,1.24166668516894,131.209998130798,241.839998245239,172.400003433228,2,"20F_2017",0.375
"341","72-2-A-BENA",2017,0.0645,0.117526981170794,48,1969,2,"72-2","BENA",121,72,12,21,14,0,0,0,0,0,0,NA,NA,NA,0,0,0,0,855.94066,"West","20F","Tussock Tundra (Low shrub or Herbaceous)","Black Spruce Woodland","Clay Loam","Mesic",0,131.055786,179,2.125059,-150.13956,66.022889,-0.657872104311578,0.517952311184268,"72-2-A-BENA_2017",NA,NA,NA,NA,13.1333335240682,-4.05833335717519,7.86666679382324,18.466667175293,96.7000002861023,1.24166668516894,131.209998130798,241.839998245239,172.400003433228,2,"20F_2017",0.375
"342","72-2-B-BENA",2017,0.12,0.286324754448174,18,1999,2,"72-2","BENA",104,67,9,0,5,0,1,0,0,0.2,0,NA,"Hare",NA,1,0,0,0,855.94066,"West","20F","Tussock Tundra (Low shrub or Herbaceous)","Black Spruce Woodland","Clay Loam","Mesic",0,131.055786,179,2.125059,-150.13956,66.022889,-0.937874820934237,0.391458872195,"72-2-B-BENA_2017",NA,NA,NA,NA,13.1333335240682,-4.05833335717519,7.86666679382324,18.466667175293,96.7000002861023,1.24166668516894,131.209998130798,241.839998245239,172.400003433228,2,"20F_2017",0.375
"343","72-3-C-BENA",2017,0.09825,0.222776421901819,15,2002,2,"72-3","BENA",65,39,9,0,4,0,0,0,0,0,0,NA,NA,NA,0,0,1,0,885.368743,"West","20F","Tussock Tundra (Low shrub or Herbaceous)","Black Spruce Woodland","Clay Loam","Mesic",0,132.401993,119,2.284806,-150.140609,66.023021,-1.40640417643215,0.245022759598365,"72-3-C-BENA_2017",NA,NA,NA,NA,13.1333335240682,-4.05833335717519,7.86666679382324,18.466667175293,96.7000002861023,1.24166668516894,131.209998130798,241.839998245239,172.400003433228,2,"20F_2017",0.375
"344","72-3-D-BENA",2017,0.03725,0.0562594448909448,61,1956,2,"72-3","BENA",104,47,11,0,9,0,0,0,0,0,0,NA,NA,NA,0,0,1,0,885.368743,"West","20F","Tussock Tundra (Low shrub or Herbaceous)","Black Spruce Woodland","Clay Loam","Mesic",0,132.401993,119,2.284806,-150.140609,66.023021,-1.10855522383019,0.330035444131496,"72-3-D-BENA_2017",NA,NA,NA,NA,13.1333335240682,-4.05833335717519,7.86666679382324,18.466667175293,96.7000002861023,1.24166668516894,131.209998130798,241.839998245239,172.400003433228,2,"20F_2017",0.375
"345","72-4-A-BENA",2017,0.0145,0.0209316464527053,19,1998,2,"72-4","BENA",97,39,7,0,8,0,0,0,0,0,0,NA,NA,NA,0,0,0,0,844.255779,"West","20F","Tussock Tundra (Low shrub or Herbaceous)","Low Shrub-Tussock Tundra","Clay Loam","Mesic",0,132.260803,156,1.029158,-150.139994,66.023305,-3.48921878983166,0.0305247090723035,"72-4-A-BENA_2017",NA,NA,NA,NA,13.1333335240682,-4.05833335717519,7.86666679382324,18.466667175293,96.7000002861023,1.24166668516894,131.209998130798,241.839998245239,172.400003433228,2,"20F_2017",0.375
"346","72-4-D-BENA",2017,0.02475,0.0396353146653931,20,1997,2,"72-4","BENA",85,37,8,0,12,0,0,0,0,0,0,NA,NA,NA,0,0,0,0,844.255779,"West","20F","Tussock Tundra (Low shrub or Herbaceous)","Low Shrub-Tussock Tundra","Clay Loam","Mesic",0,132.260803,156,1.029158,-150.139994,66.023305,-2.78955021204063,0.0614488466514393,"72-4-D-BENA_2017",NA,NA,NA,NA,13.1333335240682,-4.05833335717519,7.86666679382324,18.466667175293,96.7000002861023,1.24166668516894,131.209998130798,241.839998245239,172.400003433228,2,"20F_2017",0.375
"347","86-1-A-BENA",2017,0.3455,2.24464910143399,13,2004,3,"86-1","BENA",142,NA,20,0,87,1,0,0,0.011494253,0,0,"Moose",NA,NA,1,1,0,0,1072.088921,"West","20F","Tall Shrub (Open-Closed)","Tall Shrub","Gravely Sand Loam","Mesic - Xeric",0,572.239319,57,8.372539,-150.2773,66.212913,0.732963865922587,2.08123999165905,"86-1-A-BENA_2017",NA,NA,NA,NA,13.1333335240682,-4.05833335717519,7.86666679382324,18.466667175293,96.7000002861023,1.24166668516894,131.209998130798,241.839998245239,172.400003433228,2,"20F_2017",0.375
"348","86-1-B-BENA",2017,0.33025,1.97153022805472,12,2005,3,"86-1","BENA",95,NA,11,0,56,0,0,0,0,0,0,NA,NA,NA,0,1,0,0,1072.088921,"West","20F","Tall Shrub (Open-Closed)","Tall Shrub","Gravely Sand Loam","Mesic - Xeric",0,572.239319,57,8.372539,-150.2773,66.212913,0.507706609427469,1.66147640788925,"86-1-B-BENA_2017",NA,NA,NA,NA,13.1333335240682,-4.05833335717519,7.86666679382324,18.466667175293,96.7000002861023,1.24166668516894,131.209998130798,241.839998245239,172.400003433228,2,"20F_2017",0.375
"349","86-2-A-BENA",2017,0.768666666666667,7.18172697028839,13,2004,3,"86-2","BENA",118,NA,20,0,82,0,0,0,0,0,0,NA,NA,NA,0,0,0,0,1091.215231,"West","20F","Low Shrub","Tall Shrub","Gravely Sand Loam","Mesic - Xeric",0,576.231995,67,9.004415,-150.278061,66.212989,1.89595453844982,6.65890154955258,"86-2-A-BENA_2017",NA,NA,NA,NA,13.1333335240682,-4.05833335717519,7.86666679382324,18.466667175293,96.7000002861023,1.24166668516894,131.209998130798,241.839998245239,172.400003433228,2,"20F_2017",0.375
"350","86-2-B-BENA",2017,0.41275,2.33566712744425,13,2004,3,"86-2","BENA",94,NA,18,3,35,0,0,0,0,0,0,NA,NA,NA,0,0,0,0,1091.215231,"West","20F","Low Shrub","Tall Shrub","Gravely Sand Loam","Mesic - Xeric",0,576.231995,67,9.004415,-150.278061,66.212989,0.77271221720051,2.16563195990629,"86-2-B-BENA_2017",NA,NA,NA,NA,13.1333335240682,-4.05833335717519,7.86666679382324,18.466667175293,96.7000002861023,1.24166668516894,131.209998130798,241.839998245239,172.400003433228,2,"20F_2017",0.375
"351","86-3-A-BENA",2017,0.368,2.80008896577397,13,2004,3,"86-3","BENA",105,NA,18,0,64,0,0,0,0,0,0,NA,NA,NA,0,0,0,1,1057.338847,"West","20F","Tall Shrub (Open-Closed)","Tall Shrub","Gravely Sand Loam","Mesic - Xeric",0,571.701965,63,9.459789,-150.277761,66.213303,0.954065849368511,2.59624416664905,"86-3-A-BENA_2017",NA,NA,NA,NA,13.1333335240682,-4.05833335717519,7.86666679382324,18.466667175293,96.7000002861023,1.24166668516894,131.209998130798,241.839998245239,172.400003433228,2,"20F_2017",0.375
"352","86-3-D-BENA",2017,0.4955,4.63339598930466,13,2004,3,"86-3","BENA",167,NA,18,0,12,0,0,0,0,0,0,NA,NA,NA,0,0,0,1,1057.338847,"West","20F","Tall Shrub (Open-Closed)","Tall Shrub","Gravely Sand Loam","Mesic - Xeric",0,571.701965,63,9.459789,-150.277761,66.213303,1.45770473345003,4.29608753723376,"86-3-D-BENA_2017",NA,NA,NA,NA,13.1333335240682,-4.05833335717519,7.86666679382324,18.466667175293,96.7000002861023,1.24166668516894,131.209998130798,241.839998245239,172.400003433228,2,"20F_2017",0.375
"353","86-4-C-BENA",2017,0.799333333333333,11.4082894305706,13,2004,3,"86-4","BENA",133,NA,26,0,52,0,0,0,0,0,0,NA,NA,NA,0,2,0,0,1074.730943,"West","20F","Low Shrub","Tall Shrub","Gravely Sand Loam","Mesic - Xeric",0,575.689697,64,9.57597,-150.278532,66.213405,2.35875489339396,10.5777727949355,"86-4-C-BENA_2017",NA,NA,NA,NA,13.1333335240682,-4.05833335717519,7.86666679382324,18.466667175293,96.7000002861023,1.24166668516894,131.209998130798,241.839998245239,172.400003433228,2,"20F_2017",0.375
"354","86-4-D-BENA",2017,0.434333333333333,2.41106862963366,12,2005,3,"86-4","BENA",104,NA,11,0,31,0,0,0,0,0,0,NA,NA,NA,0,2,0,0,1074.730943,"West","20F","Low Shrub","Tall Shrub","Gravely Sand Loam","Mesic - Xeric",0,575.689697,64,9.57597,-150.278532,66.213405,0.708966666702789,2.03189055330427,"86-4-D-BENA_2017",NA,NA,NA,NA,13.1333335240682,-4.05833335717519,7.86666679382324,18.466667175293,96.7000002861023,1.24166668516894,131.209998130798,241.839998245239,172.400003433228,2,"20F_2017",0.375
"355","97-1-C-BENA",2017,0.09475,0.16885098400295,11,2006,4,"97-1","BENA",63,29,7,0,3,0,0,0,0,0,0,NA,NA,NA,0,0,0,0,926.812684,"East","24A","Tussock Tundra (Low shrub or Herbaceous)","Low Shrub","Gravely Sand Loam","Mesic",2004,556.594971,67,6.396444,-150.432109,66.348765,-2.05367614072198,0.128262524763878,"97-1-C-BENA_2017",NA,NA,NA,NA,13.1333335240682,-4.05833335717519,7.86666679382324,18.466667175293,96.7000002861023,1.24166668516894,131.209998130798,241.839998245239,172.400003433228,2,"24A_2017",0.77
"356","97-1-D-BENA",2017,0.42775,2.15648913934032,13,2004,4,"97-1","BENA",121,53,14,0,19,0,0,0,0,0,0,NA,NA,NA,0,0,0,0,926.812684,"East","24A","Tussock Tundra (Low shrub or Herbaceous)","Low Shrub","Gravely Sand Loam","Mesic",2004,556.594971,67,6.396444,-150.432109,66.348765,0.692896160050731,1.99949802198759,"97-1-D-BENA_2017",NA,NA,NA,NA,13.1333335240682,-4.05833335717519,7.86666679382324,18.466667175293,96.7000002861023,1.24166668516894,131.209998130798,241.839998245239,172.400003433228,2,"24A_2017",0.77
"357","97-2-A-BENA",2017,0.29325,1.45768269425377,12,2005,4,"97-2","BENA",102,64,9,0,13,0,0,0,0,0,0,NA,NA,NA,0,0,0,0,888.474156,"East","24A","Tussock Tundra (Low shrub or Herbaceous)","Low Shrub","Gravely Sand Loam","Mesic",2004,560.389526,70,6.330689,-150.43305,66.348843,0.205744581767885,1.22843939810182,"97-2-A-BENA_2017",NA,NA,NA,NA,13.1333335240682,-4.05833335717519,7.86666679382324,18.466667175293,96.7000002861023,1.24166668516894,131.209998130798,241.839998245239,172.400003433228,2,"24A_2017",0.77
"358","97-2-B-BENA",2017,0.3445,2.28577254926948,12,2005,4,"97-2","BENA",91,53,13,0,26,0,0,0,0,0,0,NA,NA,NA,0,0,0,0,888.474156,"East","24A","Tussock Tundra (Low shrub or Herbaceous)","Low Shrub","Gravely Sand Loam","Mesic",2004,560.389526,70,6.330689,-150.43305,66.348843,0.655600665858751,1.92629923212453,"97-2-B-BENA_2017",NA,NA,NA,NA,13.1333335240682,-4.05833335717519,7.86666679382324,18.466667175293,96.7000002861023,1.24166668516894,131.209998130798,241.839998245239,172.400003433228,2,"24A_2017",0.77
"359","97-3-A-BENA",2017,0.16,0.342056608122857,12,2005,4,"97-3","BENA",91,57,10,0,11,0,0,0,0,0,0,NA,NA,NA,0,0,0,0,924.995234,"East","24A","Tussock Tundra (Low shrub or Herbaceous)","Tall Shrub","Gravely Sand Loam","Mesic",2004,557.015015,71,7.919354,-150.432427,66.349149,-1.24388243209577,0.28826288152807,"97-3-A-BENA_2017",NA,NA,NA,NA,13.1333335240682,-4.05833335717519,7.86666679382324,18.466667175293,96.7000002861023,1.24166668516894,131.209998130798,241.839998245239,172.400003433228,2,"24A_2017",0.77
"360","97-3-D-BENA",2017,0.1795,0.558558680446833,22,1995,4,"97-3","BENA",75,49,7,21,13,0,0,0,0,0,0,NA,NA,NA,0,0,0,0,924.995234,"East","24A","Tussock Tundra (Low shrub or Herbaceous)","Tall Shrub","Gravely Sand Loam","Mesic",2004,557.015015,71,7.919354,-150.432427,66.349149,-0.0301737153938532,0.970276966862173,"97-3-D-BENA_2017",NA,NA,NA,NA,13.1333335240682,-4.05833335717519,7.86666679382324,18.466667175293,96.7000002861023,1.24166668516894,131.209998130798,241.839998245239,172.400003433228,2,"24A_2017",0.77
"361","97-4-B-BENA",2017,0.16825,0.465276351531496,12,2005,4,"97-4","BENA",115,59,12,0,13,0,0,0,0,0,0,NA,NA,NA,0,0,0,0,898.750829,"East","24A","Tussock Tundra (Low shrub or Herbaceous)","Low Shrub","Gravely Sand Loam","Mesic",2004,558.840271,63,3.962788,-150.433152,66.349294,-0.936227142861116,0.392104402061905,"97-4-B-BENA_2017",NA,NA,NA,NA,13.1333335240682,-4.05833335717519,7.86666679382324,18.466667175293,96.7000002861023,1.24166668516894,131.209998130798,241.839998245239,172.400003433228,2,"24A_2017",0.77
"362","97-4-D-BENA",2017,0.1975,0.777752312276777,13,2004,4,"97-4","BENA",98,54,13,0,12,0,0,0,0,0,0,NA,NA,NA,0,0,0,0,898.750829,"East","24A","Tussock Tundra (Low shrub or Herbaceous)","Low Shrub","Gravely Sand Loam","Mesic",2004,558.840271,63,3.962788,-150.433152,66.349294,-0.32693251097393,0.72113240990836,"97-4-D-BENA_2017",NA,NA,NA,NA,13.1333335240682,-4.05833335717519,7.86666679382324,18.466667175293,96.7000002861023,1.24166668516894,131.209998130798,241.839998245239,172.400003433228,2,"24A_2017",0.77
"363","102-1-B-BENA",2016,0.16925,0.575713936180383,13,2003,5,"102-1","BENA",81,NA,11,0,18,0,0,2,0,0,0.111111111,NA,NA,"Ptarmagin",1,0,0,0,978.645101,"West","24A","Low Shrub","Low Shrub","Sandy Loam","Mesic",2004,428.203827,339,4.033863,-150.565499,66.400721,-0.627729721026339,0.533802306546976,"102-1-B-BENA_2016",NA,NA,NA,NA,13.8000001907349,-2.75000002483527,8.73333342870077,18.9666665395101,53.2000005245209,1.28333334003886,118.359996795654,237.319997310638,217.700004577637,1,"24A_2016",0.77
"364","102-1-C-BENA",2016,0.12225,0.455398791529529,11,2005,5,"102-1","BENA",109,NA,11,0,37,0,0,3,0,0,0.081081081,NA,NA,"Ptarmagin",1,0,0,0,978.645101,"West","24A","Low Shrub","Low Shrub","Sandy Loam","Mesic",2004,428.203827,339,4.033863,-150.565499,66.400721,-1.06151921523179,0.345929868996061,"102-1-C-BENA_2016",NA,NA,NA,NA,13.8000001907349,-2.75000002483527,8.73333342870077,18.9666665395101,53.2000005245209,1.28333334003886,118.359996795654,237.319997310638,217.700004577637,1,"24A_2016",0.77
"365","102-2-B-BENA",2016,0.339,1.63796986091395,13,2003,5,"102-2","BENA",63,NA,11,0,9,0,0,0,0,0,0,NA,NA,NA,0,0,0,1,973.266715,"West","24A","Tall Shrub (Open-Closed)","Low Shrub","Sandy Loam","Mesic",2004,426.001434,321,4.435797,-150.566012,66.400957,0.417872244532582,1.51872663637648,"102-2-B-BENA_2016",NA,NA,NA,NA,13.8000001907349,-2.75000002483527,8.73333342870077,18.9666665395101,53.2000005245209,1.28333334003886,118.359996795654,237.319997310638,217.700004577637,1,"24A_2016",0.77
"366","102-2-C-BENA",2016,0.1925,1.00752447196952,12,2004,5,"102-2","BENA",167,NA,16,0,31,0,0,0,0,0,0,NA,NA,NA,0,0,0,1,973.266715,"West","24A","Tall Shrub (Open-Closed)","Low Shrub","Sandy Loam","Mesic",2004,426.001434,321,4.435797,-150.566012,66.400957,-0.163607092966487,0.849075564111495,"102-2-C-BENA_2016",NA,NA,NA,NA,13.8000001907349,-2.75000002483527,8.73333342870077,18.9666665395101,53.2000005245209,1.28333334003886,118.359996795654,237.319997310638,217.700004577637,1,"24A_2016",0.77
"367","102-3-A-BENA",2016,0.06025,0.130935102266774,12,2004,5,"102-3","BENA",118,NA,7,10,21,0,0,0,0,0,0,NA,NA,NA,0,0,0,0,939.238254,"West","24A","Tussock Tundra (Low shrub or Herbaceous)","Low Shrub","Sandy Loam","Mesic",2004,424.339783,330,3.896938,-150.565669,66.401242,-2.20415687838332,0.110343519102652,"102-3-A-BENA_2016",NA,NA,NA,NA,13.8000001907349,-2.75000002483527,8.73333342870077,18.9666665395101,53.2000005245209,1.28333334003886,118.359996795654,237.319997310638,217.700004577637,1,"24A_2016",0.77
"368","102-3-B-BENA",2016,0.078,0.206572283344142,36,1980,5,"102-3","BENA",72,NA,16,0,12,0,0,0,0,0,0,NA,NA,NA,0,0,0,0,939.238254,"West","24A","Tussock Tundra (Low shrub or Herbaceous)","Low Shrub","Sandy Loam","Mesic",2004,424.339783,330,3.896938,-150.565669,66.401242,-0.437191782176998,0.645847557482015,"102-3-B-BENA_2016",NA,NA,NA,NA,13.8000001907349,-2.75000002483527,8.73333342870077,18.9666665395101,53.2000005245209,1.28333334003886,118.359996795654,237.319997310638,217.700004577637,1,"24A_2016",0.77
"369","102-4-A-BENA",2016,0.169,0.936824500096801,12,2004,5,"102-4","BENA",88,NA,11,0,17,0,0,0,0,0,0,NA,NA,NA,0,0,0,0,934.189604,"West","24A","Low Shrub","Low Shrub","Sandy Loam","Mesic",2004,423.102509,349,3.666453,-150.566049,66.401434,-0.236362711382718,0.78949426343783,"102-4-A-BENA_2016",NA,NA,NA,NA,13.8000001907349,-2.75000002483527,8.73333342870077,18.9666665395101,53.2000005245209,1.28333334003886,118.359996795654,237.319997310638,217.700004577637,1,"24A_2016",0.77
"370","102-4-C-BENA",2016,0.0526666666666667,0.154206132910411,12,2004,5,"102-4","BENA",97,NA,15,5,9,0,0,0,0,0,0,NA,NA,NA,0,0,0,0,934.189604,"West","24A","Low Shrub","Low Shrub","Sandy Loam","Mesic",2004,423.102509,349,3.666453,-150.566049,66.401434,-2.04056844350899,0.129954817905724,"102-4-C-BENA_2016",NA,NA,NA,NA,13.8000001907349,-2.75000002483527,8.73333342870077,18.9666665395101,53.2000005245209,1.28333334003886,118.359996795654,237.319997310638,217.700004577637,1,"24A_2016",0.77
"371","111-1-A-BENA",2016,0.04525,0.148945067551642,28,1988,6,"111-1","BENA",45,37,7,0,7,0,0,0,0,0,0,NA,NA,NA,0,0,0,0,640.914524,"West","24A","Tall Shrub (Open-Closed)","Low Shrub","Gravely Sand Loam","Mesic",0,512.854736,12,8.158982,-150.736683,66.498494,-1.06416782982877,0.345014846401526,"111-1-A-BENA_2016",NA,NA,NA,NA,13.8000001907349,-2.75000002483527,8.73333342870077,18.9666665395101,53.2000005245209,1.28333334003886,118.359996795654,237.319997310638,217.700004577637,1,"24A_2016",0.77
"372","111-1-B-BENA",2016,0.097,0.24348285543117,20,1996,6,"111-1","BENA",89,51,9,0,12,0,0,0,0,0,0,NA,NA,NA,0,0,0,0,640.914524,"West","24A","Tall Shrub (Open-Closed)","Low Shrub","Gravely Sand Loam","Mesic",0,512.854736,12,8.158982,-150.736683,66.498494,-0.974224186240236,0.377485098124075,"111-1-B-BENA_2016",NA,NA,NA,NA,13.8000001907349,-2.75000002483527,8.73333342870077,18.9666665395101,53.2000005245209,1.28333334003886,118.359996795654,237.319997310638,217.700004577637,1,"24A_2016",0.77
"373","111-2-A-BENA",2016,0.121,0.438483082235815,16,2000,6,"111-2","BENA",70,39,11,0,13,0,0,0,0,0,0,NA,NA,NA,0,0,0,0,685.564701,"West","24A","Tall Shrub (Open-Closed)","Low Shrub","Gravely Sand Loam","Mesic",0,516.430603,8,6.353059,-150.737535,66.498284,-0.652235310995894,0.520880145355562,"111-2-A-BENA_2016",NA,NA,NA,NA,13.8000001907349,-2.75000002483527,8.73333342870077,18.9666665395101,53.2000005245209,1.28333334003886,118.359996795654,237.319997310638,217.700004577637,1,"24A_2016",0.77
"374","111-2-D-BENA",2016,0.064,0.194627948075195,20,1996,6,"111-2","BENA",75,31,6,0,7,0,0,0,0,0,0,NA,NA,NA,0,0,0,0,685.564701,"West","24A","Tall Shrub (Open-Closed)","Low Shrub","Gravely Sand Loam","Mesic",0,516.430603,8,6.353059,-150.737535,66.498284,-1.19818093987364,0.301742600918451,"111-2-D-BENA_2016",NA,NA,NA,NA,13.8000001907349,-2.75000002483527,8.73333342870077,18.9666665395101,53.2000005245209,1.28333334003886,118.359996795654,237.319997310638,217.700004577637,1,"24A_2016",0.77
"375","111-3-A-BENA",2016,0.10125,0.253276181480114,29,1987,6,"111-3","BENA",108,46,7,0,11,0,0,0,0,0,0,NA,NA,NA,0,0,0,0,664.632709,"West","24A","Tall Shrub (Open-Closed)","Low Shrub","Gravely Sand Loam","Mesic",0,511.257965,359,9.703425,-150.737553,66.498636,-0.491389045788558,0.611776018813508,"111-3-A-BENA_2016",NA,NA,NA,NA,13.8000001907349,-2.75000002483527,8.73333342870077,18.9666665395101,53.2000005245209,1.28333334003886,118.359996795654,237.319997310638,217.700004577637,1,"24A_2016",0.77
"376","111-3-D-BENA",2016,0.1405,0.858731575312033,19,1997,6,"111-3","BENA",95,38,7,3,16,0,0,0,0,0,0,NA,NA,NA,0,0,0,0,664.632709,"West","24A","Tall Shrub (Open-Closed)","Low Shrub","Gravely Sand Loam","Mesic",0,511.257965,359,9.703425,-150.737553,66.498636,0.224975400144487,1.25229190961291,"111-3-D-BENA_2016",NA,NA,NA,NA,13.8000001907349,-2.75000002483527,8.73333342870077,18.9666665395101,53.2000005245209,1.28333334003886,118.359996795654,237.319997310638,217.700004577637,1,"24A_2016",0.77
"377","111-4-A-BENA",2016,0.18775,1.06273344681691,18,1998,6,"111-4","BENA",112,61,10,0,19,0,0,0,0,0,0,NA,NA,NA,0,0,0,0,707.594422,"West","24A","Tall Shrub (Open-Closed)","Low Shrub","Gravely Sand Loam","Mesic",0,515.006653,353,8.170983,-150.73833,66.498407,0.373598098696682,1.45295308935698,"111-4-A-BENA_2016",NA,NA,NA,NA,13.8000001907349,-2.75000002483527,8.73333342870077,18.9666665395101,53.2000005245209,1.28333334003886,118.359996795654,237.319997310638,217.700004577637,1,"24A_2016",0.77
"378","111-4-C-BENA",2016,0.0603333333333333,0.130721315923276,24,1992,6,"111-4","BENA",51,30,7,0,13,0,0,0,0,0,0,NA,NA,NA,0,0,0,0,707.594422,"West","24A","Tall Shrub (Open-Closed)","Low Shrub","Gravely Sand Loam","Mesic",0,515.006653,353,8.170983,-150.73833,66.498407,-1.37863165961115,0.251923033784572,"111-4-C-BENA_2016",NA,NA,NA,NA,13.8000001907349,-2.75000002483527,8.73333342870077,18.9666665395101,53.2000005245209,1.28333334003886,118.359996795654,237.319997310638,217.700004577637,1,"24A_2016",0.77
"379","121-1-C-BENA",2016,0.0635,0.149917586827468,44,1972,7,"121-1","BENA",60,36,11,0,11,0,0,0,0,0,0,NA,NA,NA,0,0,0,0,1394.51987,"East","24A","Tall Shrub (Open-Closed)","Low Shrub","Clay Loam","Mesic",2005,466.470276,61,7.209129,-150.675843,66.599029,-0.518288355485443,0.595539027193451,"121-1-C-BENA_2016",NA,NA,NA,NA,13.9000002543132,-2.7500001291434,8.73333326975504,19.0666669209798,54.6000010967255,1.25833332786957,114.309995889664,235.509995937347,205.5,1,"24A_2016",0.77
"380","121-1-D-BENA",2016,0.10725,0.472973646231871,32,1984,7,"121-1","BENA",73,42,19,0,25,0,0,0,0,0,0,NA,NA,NA,0,0,0,0,1394.51987,"East","24A","Tall Shrub (Open-Closed)","Low Shrub","Clay Loam","Mesic",2005,466.470276,61,7.209129,-150.675843,66.599029,0.250642448538008,1.28485060198062,"121-1-D-BENA_2016",NA,NA,NA,NA,13.9000002543132,-2.7500001291434,8.73333326975504,19.0666669209798,54.6000010967255,1.25833332786957,114.309995889664,235.509995937347,205.5,1,"24A_2016",0.77
"381","121-2-A-BENA",2016,0.0343333333333333,0.253797725591284,10,2006,7,"121-2","BENA",78,45,15,0,25,0,0,0,0,0,0,NA,NA,NA,0,0,0,0,1360.369622,"East","24A","Low Shrub","Low Shrub","Clay Loam","Mesic",2005,467.582397,57,7.419251,-150.676297,66.599294,-1.75989244244196,0.172063369543674,"121-2-A-BENA_2016",NA,NA,NA,NA,13.9000002543132,-2.7500001291434,8.73333326975504,19.0666669209798,54.6000010967255,1.25833332786957,114.309995889664,235.509995937347,205.5,1,"24A_2016",0.77
"382","121-2-B-BENA",2016,0.185,0.784322167913592,9,2007,7,"121-2","BENA",101,47,16,0,31,0,0,0,0,0,0,NA,NA,NA,0,0,0,0,1360.369622,"East","24A","Low Shrub","Low Shrub","Clay Loam","Mesic",2005,467.582397,57,7.419251,-150.676297,66.599294,-0.757340947099405,0.468911631577879,"121-2-B-BENA_2016",NA,NA,NA,NA,13.9000002543132,-2.7500001291434,8.73333326975504,19.0666669209798,54.6000010967255,1.25833332786957,114.309995889664,235.509995937347,205.5,1,"24A_2016",0.77
"383","121-3-C-BENA",2016,0.258,2.71730485775922,8,2008,7,"121-3","BENA",83,36,13,0,12,0,0,0,0,0,0,NA,NA,NA,0,0,0,0,1376.839212,"East","24A","Low Shrub","Low Shrub","Clay Loam","Mesic",2005,462.586914,66,7.264894,-150.675497,66.599464,0.344679946987334,1.41153808035014,"121-3-C-BENA_2016",NA,NA,NA,NA,13.9000002543132,-2.7500001291434,8.73333326975504,19.0666669209798,54.6000010967255,1.25833332786957,114.309995889664,235.509995937347,205.5,1,"24A_2016",0.77
"384","121-3-D-BENA",2016,0.07825,0.340781317855039,12,2004,7,"121-3","BENA",88,37,15,0,15,0,0,0,0,0,0,NA,NA,NA,0,0,0,0,1376.839212,"East","24A","Low Shrub","Low Shrub","Clay Loam","Mesic",2005,462.586914,66,7.264894,-150.675497,66.599464,-1.24761770133628,0.287188150507952,"121-3-D-BENA_2016",NA,NA,NA,NA,13.9000002543132,-2.7500001291434,8.73333326975504,19.0666669209798,54.6000010967255,1.25833332786957,114.309995889664,235.509995937347,205.5,1,"24A_2016",0.77
"385","121-4-A-BENA",2016,0.27525,3.1871541900971,11,2005,7,"121-4","BENA",61,33,21,0,34,0,0,0,0,0,0,NA,NA,NA,0,0,0,0,1343.63337,"East","24A","Tall Shrub (Open-Closed)","Low Shrub","Clay Loam","Mesic",2005,462.975769,50,6.55981,-150.675949,66.599719,0.884190978988251,2.42102493892772,"121-4-A-BENA_2016",NA,NA,NA,NA,13.9000002543132,-2.7500001291434,8.73333326975504,19.0666669209798,54.6000010967255,1.25833332786957,114.309995889664,235.509995937347,205.5,1,"24A_2016",0.77
"386","121-4-B-BENA",2016,0.085,0.435401179842643,9,2007,7,"121-4","BENA",58,29,8,0,9,0,0,0,0,0,0,NA,NA,NA,0,0,0,0,1343.63337,"East","24A","Tall Shrub (Open-Closed)","Low Shrub","Clay Loam","Mesic",2005,462.975769,50,6.55981,-150.675949,66.599719,-1.3458929529161,0.260307162009782,"121-4-B-BENA_2016",NA,NA,NA,NA,13.9000002543132,-2.7500001291434,8.73333326975504,19.0666669209798,54.6000010967255,1.25833332786957,114.309995889664,235.509995937347,205.5,1,"24A_2016",0.77
"387","129-1-A-BENA",2016,0.218,1.74469918813436,11,2005,8,"129-1","BENA",104,71,16,0,11,0,0,0,0,0,0,NA,NA,NA,0,0,0,0,982.902287,"East","24A","Tussock Tundra (Low shrub or Herbaceous)","Low Shrub","Sandy Loam","Mesic - Hydric",2005,301.875214,348,5.919549,-150.647865,66.709988,0.281644719541503,1.32530778037806,"129-1-A-BENA_2016",NA,NA,NA,NA,13.9000002543132,-2.7500001291434,8.73333326975504,19.0666669209798,54.6000010967255,1.25833332786957,114.309995889664,235.509995937347,205.5,1,"24A_2016",0.77
"388","129-1-B-BENA",2016,0.46975,3.33559365758106,13,2003,8,"129-1","BENA",131,89,21,0,13,0,0,0,0,0,0,NA,NA,NA,0,0,0,0,982.902287,"East","24A","Tussock Tundra (Low shrub or Herbaceous)","Low Shrub","Sandy Loam","Mesic - Hydric",2005,301.875214,348,5.919549,-150.647865,66.709988,1.12906533099759,3.09276443772303,"129-1-B-BENA_2016",NA,NA,NA,NA,13.9000002543132,-2.7500001291434,8.73333326975504,19.0666669209798,54.6000010967255,1.25833332786957,114.309995889664,235.509995937347,205.5,1,"24A_2016",0.77
"389","129-2-B-BENA",2016,0.049,0.28309205560763,11,2005,8,"129-2","BENA",85,42,10,0,15,0,0,0,0,0,0,NA,NA,NA,0,0,0,0,1017.146639,"East","24A","Tussock Tundra (Low shrub or Herbaceous)","Low Shrub","Sandy Loam","Mesic - Hydric",2005,305.151764,352,5.708165,-150.647276,66.70977,-1.53692058562952,0.215042287181438,"129-2-B-BENA_2016",NA,NA,NA,NA,13.9000002543132,-2.7500001291434,8.73333326975504,19.0666669209798,54.6000010967255,1.25833332786957,114.309995889664,235.509995937347,205.5,1,"24A_2016",0.77
"390","129-2-C-BENA",2016,0.11075,0.71125873661768,11,2005,8,"129-2","BENA",109,67,13,0,10,0,0,0,0,0,0,NA,NA,NA,0,0,0,0,1017.146639,"East","24A","Tussock Tundra (Low shrub or Herbaceous)","Low Shrub","Sandy Loam","Mesic - Hydric",2005,305.151764,352,5.708165,-150.647276,66.70977,-0.615656446377131,0.540286110013763,"129-2-C-BENA_2016",NA,NA,NA,NA,13.9000002543132,-2.7500001291434,8.73333326975504,19.0666669209798,54.6000010967255,1.25833332786957,114.309995889664,235.509995937347,205.5,1,"24A_2016",0.77
"391","129-3-A-BENA",2016,0.18875,1.31892600802727,64,1952,8,"129-3","BENA",51,35,12,0,6,0,0,0,0,0,0,NA,NA,NA,0,0,0,0,1022.673056,"East","24A","Tussock Tundra (Low shrub or Herbaceous)","Low Shrub-Tussock Tundra","Sandy Loam","Mesic - Hydric",2005,301.546051,352,6.265718,-150.646771,66.710061,2.10333515081492,8.19345078843638,"129-3-A-BENA_2016",NA,NA,NA,NA,13.9000002543132,-2.7500001291434,8.73333326975504,19.0666669209798,54.6000010967255,1.25833332786957,114.309995889664,235.509995937347,205.5,1,"24A_2016",0.77
"392","129-3-B-BENA",2016,0.109,0.629735389004728,12,2004,8,"129-3","BENA",105,47,16,0,13,0,0,0,0,0,0,NA,NA,NA,0,0,0,0,1022.673056,"East","24A","Tussock Tundra (Low shrub or Herbaceous)","Low Shrub-Tussock Tundra","Sandy Loam","Mesic - Hydric",2005,301.546051,352,6.265718,-150.646771,66.710061,-0.63355896258765,0.530699695675818,"129-3-B-BENA_2016",NA,NA,NA,NA,13.9000002543132,-2.7500001291434,8.73333326975504,19.0666669209798,54.6000010967255,1.25833332786957,114.309995889664,235.509995937347,205.5,1,"24A_2016",0.77
"393","129-4-C-BENA",2016,0.29575,2.60039146890358,10,2006,8,"129-4","BENA",93,53,15,0,11,0,0,0,0,0,0,NA,NA,NA,0,0,0,0,1057.255538,"East","24A","Tussock Tundra (Low shrub or Herbaceous)","Tall Shrub","Sandy Loam","Mesic - Hydric",2005,303.823029,358,6.979915,-150.646167,66.709845,0.566987241377893,1.76294770660286,"129-4-C-BENA_2016",NA,NA,NA,NA,13.9000002543132,-2.7500001291434,8.73333326975504,19.0666669209798,54.6000010967255,1.25833332786957,114.309995889664,235.509995937347,205.5,1,"24A_2016",0.77
"394","129-4-D-BENA",2016,0.29725,2.00565145856444,55,1961,8,"129-4","BENA",87,41,18,0,9,0,0,0,0,0,0,NA,NA,NA,0,0,0,0,1057.255538,"East","24A","Tussock Tundra (Low shrub or Herbaceous)","Tall Shrub","Sandy Loam","Mesic - Hydric",2005,303.823029,358,6.979915,-150.646167,66.709845,2.34163595020849,10.398233648253,"129-4-D-BENA_2016",NA,NA,NA,NA,13.9000002543132,-2.7500001291434,8.73333326975504,19.0666669209798,54.6000010967255,1.25833332786957,114.309995889664,235.509995937347,205.5,1,"24A_2016",0.77
"395","147-1-A-BENA",2016,0.0265,0.0405854500935631,17,1999,9,"147-1","BENA",104,58,9,25,11,1,1,0,0.090909091,0.090909091,0,"Moose","Hare",NA,1,1,0,0,984.758365,"West","24A","Low Shrub","Tall Shrub","Clay Loam","Mesic - Hydric",0,426.634277,145,7.907337,-150.485282,66.911769,-2.9598012065801,0.0518292194564652,"147-1-A-BENA_2016",NA,NA,NA,NA,12.3666671117147,-4.11666659514109,7.40000025431315,17.4333337148031,36.5000011324883,1.18333337455988,111.679995894432,248.609996587038,211.000003814697,1,"24A_2016",0.77
"396","147-1-B-BENA",2016,0.0435,0.0642298618026432,9,2007,9,"147-1","BENA",103,61,6,31,12,0,0,0,0,0,0,NA,NA,NA,0,1,0,0,984.758365,"West","24A","Low Shrub","Tall Shrub","Clay Loam","Mesic - Hydric",0,426.634277,145,7.907337,-150.485282,66.911769,-3.25969257183705,0.0384002015065029,"147-1-B-BENA_2016",NA,NA,NA,NA,12.3666671117147,-4.11666659514109,7.40000025431315,17.4333337148031,36.5000011324883,1.18333337455988,111.679995894432,248.609996587038,211.000003814697,1,"24A_2016",0.77
"397","147-2-A-BENA",2016,0.029,0.0274685153666623,21,1995,9,"147-2","BENA",89,56,6,61,9,0,0,0,0,0,0,NA,NA,NA,0,2,1,0,986.173835,"West","24A","Low Shrub","Tall Shrub","Clay Loam","Mesic - Hydric",0,428.943481,147,8.698308,-150.484958,66.912025,-3.09800707584085,0.0451390715588287,"147-2-A-BENA_2016",NA,NA,NA,NA,12.3666671117147,-4.11666659514109,7.40000025431315,17.4333337148031,36.5000011324883,1.18333337455988,111.679995894432,248.609996587038,211.000003814697,1,"24A_2016",0.77
"398","147-2-D-BENA",2016,0.0275,0.0383588463003312,10,2006,9,"147-2","BENA",91,53,5,37,5,0,0,0,0,0,0,NA,NA,NA,0,2,1,0,986.173835,"West","24A","Low Shrub","Tall Shrub","Clay Loam","Mesic - Hydric",0,428.943481,147,8.698308,-150.484958,66.912025,-3.64944486228882,0.0260055614401832,"147-2-D-BENA_2016",NA,NA,NA,NA,12.3666671117147,-4.11666659514109,7.40000025431315,17.4333337148031,36.5000011324883,1.18333337455988,111.679995894432,248.609996587038,211.000003814697,1,"24A_2016",0.77
"399","147-3-A-BENA",2016,0.0375,0.0537212343763856,26,1990,9,"147-3","BENA",107,63,8,18,8,1,0,0,0.125,0,0,"Moose",NA,NA,1,2,1,0,952.272152,"West","24A","White Spruce or Black Spruce (Woodland)","Black Spruce Woodland","Clay Loam","Mesic - Hydric",0,425.583191,170,6.572863,-150.484233,66.911912,-2.17237295153903,0.11390700016626,"147-3-A-BENA_2016",NA,NA,NA,NA,12.3666671117147,-4.11666659514109,7.40000025431315,17.4333337148031,36.5000011324883,1.18333337455988,111.679995894432,248.609996587038,211.000003814697,1,"24A_2016",0.77
"400","147-3-C-BENA",2016,0.04125,0.0965774669098709,22,1994,9,"147-3","BENA",136,53,12,30,29,2,1,0,0.068965517,0.034482759,0,"Moose","Hare",NA,1,2,1,0,952.272152,"West","24A","White Spruce or Black Spruce (Woodland)","Black Spruce Woodland","Clay Loam","Mesic - Hydric",0,425.583191,170,6.572863,-150.484233,66.911912,-1.78518794412193,0.167765527492256,"147-3-C-BENA_2016",NA,NA,NA,NA,12.3666671117147,-4.11666659514109,7.40000025431315,17.4333337148031,36.5000011324883,1.18333337455988,111.679995894432,248.609996587038,211.000003814697,1,"24A_2016",0.77
"401","147-4-A-BENA",2016,0.049,0.0872058996746722,16,2000,9,"147-4","BENA",65,33,9,8,10,0,0,0,0,0,0,NA,NA,NA,0,0,1,0,956.341518,"West","24A","Tall Shrub (Open-Closed)","Tall Shrub","Clay Loam","Mesic - Hydric",0,428.39856,129,7.52786,-150.483929,66.912191,-2.26728455562776,0.103593099799406,"147-4-A-BENA_2016",NA,NA,NA,NA,12.3666671117147,-4.11666659514109,7.40000025431315,17.4333337148031,36.5000011324883,1.18333337455988,111.679995894432,248.609996587038,211.000003814697,1,"24A_2016",0.77
"402","147-4-D-BENA",2016,0.0475,0.0986381553410853,30,1986,9,"147-4","BENA",94,47,7,14,7,0,0,0,0,0,0,NA,NA,NA,0,0,1,0,956.341518,"West","24A","Tall Shrub (Open-Closed)","Tall Shrub","Clay Loam","Mesic - Hydric",0,428.39856,129,7.52786,-150.483929,66.912191,-1.39395537594861,0.248092063987433,"147-4-D-BENA_2016",NA,NA,NA,NA,12.3666671117147,-4.11666659514109,7.40000025431315,17.4333337148031,36.5000011324883,1.18333337455988,111.679995894432,248.609996587038,211.000003814697,1,"24A_2016",0.77
"403","151-1-C-BENA",2016,0.07975,0.360968406848845,18,1998,10,"151-1","BENA",118,82,11,0,4,0,0,0,0,0,0,NA,NA,NA,0,0,0,0,725.03173,"East","24A","White Spruce or Black Spruce (Open-Closed)","Low Shrub","Clay Loam","Mesic",0,471.29071,296,22.022722,-150.362735,66.958242,-0.70621105377038,0.493510544400559,"151-1-C-BENA_2016",NA,NA,NA,NA,12.3666671117147,-4.11666659514109,7.40000025431315,17.4333337148031,36.5000011324883,1.18333337455988,111.679995894432,248.609996587038,211.000003814697,1,"24A_2016",0.77
"404","151-1-D-BENA",2016,0.0605,0.128769955879827,32,1984,10,"151-1","BENA",90,67,12,0,8,0,0,0,0,0,0,NA,NA,NA,0,0,0,0,725.03173,"East","24A","White Spruce or Black Spruce (Open-Closed)","Low Shrub","Clay Loam","Mesic",0,471.29071,296,22.022722,-150.362735,66.958242,-1.05036969753213,0.349808401900057,"151-1-D-BENA_2016",NA,NA,NA,NA,12.3666671117147,-4.11666659514109,7.40000025431315,17.4333337148031,36.5000011324883,1.18333337455988,111.679995894432,248.609996587038,211.000003814697,1,"24A_2016",0.77
"405","151-2-A-BENA",2016,0.09675,0.329708774547463,21,1995,10,"151-2","BENA",119,71,11,0,4,0,0,0,0,0,0,NA,NA,NA,0,1,0,0,737.726474,"East","24A","Low Shrub","Low Shrub","Clay Loam","Mesic",0,482.941345,297,25.566626,-150.361917,66.958285,-0.612837765406213,0.541811152485307,"151-2-A-BENA_2016",NA,NA,NA,NA,12.3666671117147,-4.11666659514109,7.40000025431315,17.4333337148031,36.5000011324883,1.18333337455988,111.679995894432,248.609996587038,211.000003814697,1,"24A_2016",0.77
"406","151-2-B-BENA",2016,0.01525,0.0212118372474974,21,1995,10,"151-2","BENA",142,91,14,0,17,0,0,0,0,0,0,NA,NA,NA,0,1,0,0,737.726474,"East","24A","Low Shrub","Low Shrub","Clay Loam","Mesic",0,482.941345,297,25.566626,-150.361917,66.958285,-3.3564881422782,0.034857458680533,"151-2-B-BENA_2016",NA,NA,NA,NA,12.3666671117147,-4.11666659514109,7.40000025431315,17.4333337148031,36.5000011324883,1.18333337455988,111.679995894432,248.609996587038,211.000003814697,1,"24A_2016",0.77
"407","151-3-A-BENA",2016,0.1225,0.2276358766883,14,2002,10,"151-3","BENA",91,52,9,0,6,0,0,0,0,0,0,NA,NA,NA,0,0,0,0,698.113665,"East","24A","White Spruce or Black Spruce (Open-Closed)","Low Shrub","Clay Loam","Mesic",0,469.98999,301,21.5443,-150.36215,66.958641,-1.46715739226034,0.230580002978399,"151-3-A-BENA_2016",NA,NA,NA,NA,12.3666671117147,-4.11666659514109,7.40000025431315,17.4333337148031,36.5000011324883,1.18333337455988,111.679995894432,248.609996587038,211.000003814697,1,"24A_2016",0.77
"408","151-3-C-BENA",2016,0.0265,0.0840014751680091,30,1986,10,"151-3","BENA",86,51,13,0,9,0,0,0,0,0,0,NA,NA,NA,0,0,0,0,698.113665,"East","24A","White Spruce or Black Spruce (Open-Closed)","Low Shrub","Clay Loam","Mesic",0,469.98999,301,21.5443,-150.36215,66.958641,-1.55457917349512,0.211278275433645,"151-3-C-BENA_2016",NA,NA,NA,NA,12.3666671117147,-4.11666659514109,7.40000025431315,17.4333337148031,36.5000011324883,1.18333337455988,111.679995894432,248.609996587038,211.000003814697,1,"24A_2016",0.77
"409","151-4-A-BENA",2016,0.09,0.217146884216127,30,1986,10,"151-4","BENA",65,36,9,0,8,0,0,0,0,0,0,NA,NA,NA,0,0,0,0,714.907956,"East","24A","Low Shrub","Low Shrub","Clay Loam","Mesic",0,485.466003,301,24.973797,-150.361301,66.958638,-0.60483952336295,0.546162065859111,"151-4-A-BENA_2016",NA,NA,NA,NA,12.3666671117147,-4.11666659514109,7.40000025431315,17.4333337148031,36.5000011324883,1.18333337455988,111.679995894432,248.609996587038,211.000003814697,1,"24A_2016",0.77
"410","151-4-D-BENA",2016,0.03425,0.10472126046614,23,1993,10,"151-4","BENA",83,56,8,0,9,0,0,0,0,0,0,NA,NA,NA,0,0,0,0,714.907956,"East","24A","Low Shrub","Low Shrub","Clay Loam","Mesic",0,485.466003,301,24.973797,-150.361301,66.958638,-1.65118523204212,0.191822419755548,"151-4-D-BENA_2016",NA,NA,NA,NA,12.3666671117147,-4.11666659514109,7.40000025431315,17.4333337148031,36.5000011324883,1.18333337455988,111.679995894432,248.609996587038,211.000003814697,1,"24A_2016",0.77
"411","158-1-B-BENA",2016,0.1265,0.653741869267134,10,2006,11,"158-1","BENA",75,35,10,0,16,0,0,0,0,0,0,NA,NA,NA,0,0,0,0,1304.611642,"East","24A","Low Shrub","Low Shrub","Sandy Loam","Mesic - Xeric",2005,586.787537,51,13.434302,-150.285356,67.046606,-0.81371745802652,0.443207395085286,"158-1-B-BENA_2016",NA,NA,NA,NA,12.3000001907349,-4.24166661500931,7.26666657129924,17.4000005722046,35.9000015258789,1.20000003650784,107.759997606277,247.459998250008,188.099998474121,1,"24A_2016",0.77
"412","158-1-D-BENA",2016,0.433666666666667,3.85878236407131,9,2007,11,"158-1","BENA",103,41,13,0,31,0,0,0,0,0,0,NA,NA,NA,0,0,0,0,1304.611642,"East","24A","Low Shrub","Low Shrub","Sandy Loam","Mesic - Xeric",2005,586.787537,51,13.434302,-150.285356,67.046606,0.835946151468637,2.30699578344694,"158-1-D-BENA_2016",NA,NA,NA,NA,12.3000001907349,-4.24166661500931,7.26666657129924,17.4000005722046,35.9000015258789,1.20000003650784,107.759997606277,247.459998250008,188.099998474121,1,"24A_2016",0.77
"413","158-2-B-BENA",2016,0.349,5.04479200519128,9,2007,11,"158-2","BENA",139,50,23,0,53,0,0,7,0,0,0.132075472,NA,NA,"Ptarmagin",1,0,0,1,1283.38641,"East","24A","Tussock Tundra (Low shrub or Herbaceous)","Low Shrub","Sandy Loam","Mesic - Xeric",2005,590.000549,54,15.617359,-150.286104,67.046812,1.10395089252422,3.01605863878362,"158-2-B-BENA_2016",NA,NA,NA,NA,12.3000001907349,-4.24166661500931,7.26666657129924,17.4000005722046,35.9000015258789,1.20000003650784,107.759997606277,247.459998250008,188.099998474121,1,"24A_2016",0.77
"414","158-2-C-BENA",2016,0.0145,0.02286765292548,28,1988,11,"158-2","BENA",54,29,8,0,53,0,0,0,0,0,0,NA,NA,NA,0,0,0,1,1283.38641,"East","24A","Tussock Tundra (Low shrub or Herbaceous)","Low Shrub","Sandy Loam","Mesic - Xeric",2005,590.000549,54,15.617359,-150.286104,67.046812,-2.93802201766164,0.0529703997006305,"158-2-C-BENA_2016",NA,NA,NA,NA,12.3000001907349,-4.24166661500931,7.26666657129924,17.4000005722046,35.9000015258789,1.20000003650784,107.759997606277,247.459998250008,188.099998474121,1,"24A_2016",0.77
"415","158-3-A-BENA",2016,0.025,0.156529853965114,10,2006,11,"158-3","BENA",100,56,15,0,32,0,0,1,0,0,0.03125,NA,NA,"Ptarmagin",1,0,0,0,1313.543229,"East","24A","Tussock Tundra (Low shrub or Herbaceous)","Low Shrub","Sandy Loam","Mesic - Xeric",2005,580.218689,48,13.61797,-150.285679,67.047111,-2.24318328431256,0.106120155508366,"158-3-A-BENA_2016",NA,NA,NA,NA,12.3000001907349,-4.24166661500931,7.26666657129924,17.4000005722046,35.9000015258789,1.20000003650784,107.759997606277,247.459998250008,188.099998474121,1,"24A_2016",0.77
"416","158-3-D-BENA",2016,0.013,0.0781895287588692,11,2005,11,"158-3","BENA",119,49,12,0,19,0,0,0,0,0,0,NA,NA,NA,0,0,0,0,1313.543229,"East","24A","Tussock Tundra (Low shrub or Herbaceous)","Low Shrub","Sandy Loam","Mesic - Xeric",2005,580.218689,48,13.61797,-150.285679,67.047111,-2.82355697996559,0.0593943021885808,"158-3-D-BENA_2016",NA,NA,NA,NA,12.3000001907349,-4.24166661500931,7.26666657129924,17.4000005722046,35.9000015258789,1.20000003650784,107.759997606277,247.459998250008,188.099998474121,1,"24A_2016",0.77
"417","158-4-A-BENA",2016,0.4515,6.48363933883086,10,2006,11,"158-4","BENA",119,54,13,0,42,0,0,0,0,0,0,NA,NA,NA,0,0,0,0,1283.367604,"East","24A","Tussock Tundra (Low shrub or Herbaceous)","Low Shrub","Sandy Loam","Mesic - Xeric",2005,587.563538,57,15.053073,-150.286524,67.047197,1.48060722179522,4.39561398332511,"158-4-A-BENA_2016",NA,NA,NA,NA,12.3000001907349,-4.24166661500931,7.26666657129924,17.4000005722046,35.9000015258789,1.20000003650784,107.759997606277,247.459998250008,188.099998474121,1,"24A_2016",0.77
"418","158-4-C-BENA",2016,0.54475,6.7914792251173,11,2005,11,"158-4","BENA",107,46,13,4,33,0,0,0,0,0,0,NA,NA,NA,0,0,0,0,1283.367604,"East","24A","Tussock Tundra (Low shrub or Herbaceous)","Low Shrub","Sandy Loam","Mesic - Xeric",2005,587.563538,57,15.053073,-150.286524,67.047197,1.64073133509264,5.15894104756744,"158-4-C-BENA_2016",NA,NA,NA,NA,12.3000001907349,-4.24166661500931,7.26666657129924,17.4000005722046,35.9000015258789,1.20000003650784,107.759997606277,247.459998250008,188.099998474121,1,"24A_2016",0.77
"419","173-1-A-BENA",2016,0.0595,0.135240065949897,48,1968,12,"173-1","BENA",69,40,12,0,9,0,0,0,0,0,0,NA,NA,NA,0,0,0,0,1301.486525,"East","24A","Low Shrub","Low Shrub","Clay Loam","Mesic",0,349.871613,358,2.901099,-150.191497,67.228159,-0.517488573030644,0.596015519378195,"173-1-A-BENA_2016",NA,NA,NA,NA,12.3000001907349,-4.24166661500931,7.26666657129924,17.4000005722046,35.9000015258789,1.20000003650784,107.759997606277,247.459998250008,188.099998474121,1,"24A_2016",0.77
"420","173-1-B-BENA",2016,0.03025,0.0396050768361018,26,1990,12,"173-1","BENA",101,53,11,0,7,0,0,0,0,0,0,NA,NA,NA,0,0,0,0,1301.486525,"East","24A","Low Shrub","Low Shrub","Clay Loam","Mesic",0,349.871613,358,2.901099,-150.191497,67.228159,-2.47722398792204,0.083976020769501,"173-1-B-BENA_2016",NA,NA,NA,NA,12.3000001907349,-4.24166661500931,7.26666657129924,17.4000005722046,35.9000015258789,1.20000003650784,107.759997606277,247.459998250008,188.099998474121,1,"24A_2016",0.77
"421","173-2-A-BENA",2016,0.0125,0.0301592894744624,57,1959,12,"173-2","BENA",94,43,12,0,6,0,0,0,0,0,0,NA,NA,NA,0,2,0,0,1323.706943,"East","24A","Tussock Tundra (Low shrub or Herbaceous)","Low Shrub","Clay Loam","Mesic",0,348.371155,13,2.823825,-150.190835,67.228457,-1.8129715010453,0.163168560167163,"173-2-A-BENA_2016",NA,NA,NA,NA,12.3000001907349,-4.24166661500931,7.26666657129924,17.4000005722046,35.9000015258789,1.20000003650784,107.759997606277,247.459998250008,188.099998474121,1,"24A_2016",0.77
"422","173-2-C-BENA",2016,0.1305,0.990916442406313,19,1997,12,"173-2","BENA",107,64,12,0,13,0,0,0,0,0,0,NA,NA,NA,0,2,0,0,1323.706943,"East","24A","Tussock Tundra (Low shrub or Herbaceous)","Low Shrub","Clay Loam","Mesic",0,348.371155,13,2.823825,-150.190835,67.228457,0.368149226412308,1.44505766365576,"173-2-C-BENA_2016",NA,NA,NA,NA,12.3000001907349,-4.24166661500931,7.26666657129924,17.4000005722046,35.9000015258789,1.20000003650784,107.759997606277,247.459998250008,188.099998474121,1,"24A_2016",0.77
"423","173-3-B-BENA",2016,0.03025,0.0373717971584823,51,1965,12,"173-3","BENA",70,51,14,0,9,0,0,0,0,0,0,NA,NA,NA,0,0,0,0,1278.311889,"East","24A","Low Shrub","Low Shrub","Clay Loam","Mesic",0,347.24527,24,1.739254,-150.191816,67.228627,-1.73127800104225,0.177057985025637,"173-3-B-BENA_2016",NA,NA,NA,NA,12.3000001907349,-4.24166661500931,7.26666657129924,17.4000005722046,35.9000015258789,1.20000003650784,107.759997606277,247.459998250008,188.099998474121,1,"24A_2016",0.77
"424","173-3-C-BENA",2016,0.07575,0.163191797536589,15,2001,12,"173-3","BENA",32,27,6,0,6,0,0,0,0,0,0,NA,NA,NA,0,0,0,0,1278.311889,"East","24A","Low Shrub","Low Shrub","Clay Loam","Mesic",0,347.24527,24,1.739254,-150.191816,67.228627,-1.71764667151738,0.179488045614877,"173-3-C-BENA_2016",NA,NA,NA,NA,12.3000001907349,-4.24166661500931,7.26666657129924,17.4000005722046,35.9000015258789,1.20000003650784,107.759997606277,247.459998250008,188.099998474121,1,"24A_2016",0.77
"425","173-4-B-BENA",2016,0.024,0.0473123853630623,26,1990,12,"173-4","BENA",124,71,14,0,12,0,0,0,0,0,0,NA,NA,NA,0,1,0,0,1308.377258,"East","24A","Low Shrub","Low Shrub","Clay Loam","Mesic",0,346.165253,355,1.872125,-150.190975,67.22891,-2.2994091926759,0.100318094883267,"173-4-B-BENA_2016",NA,NA,NA,NA,12.3000001907349,-4.24166661500931,7.26666657129924,17.4000005722046,35.9000015258789,1.20000003650784,107.759997606277,247.459998250008,188.099998474121,1,"24A_2016",0.77
"426","173-4-C-BENA",2016,0.08225,0.229520243231831,47,1969,12,"173-4","BENA",119,74,14,0,14,0,0,0,0,0,0,NA,NA,NA,0,1,0,0,1308.377258,"East","24A","Low Shrub","Low Shrub","Clay Loam","Mesic",0,346.165253,355,1.872125,-150.190975,67.22891,-0.0136726539619949,0.986420392225681,"173-4-C-BENA_2016",NA,NA,NA,NA,12.3000001907349,-4.24166661500931,7.26666657129924,17.4000005722046,35.9000015258789,1.20000003650784,107.759997606277,247.459998250008,188.099998474121,1,"24A_2016",0.77
"427","184-1-B-BENA",2016,0.03025,0.161295060971987,64,1952,13,"184-1","BENA",128,51,19,0,13,0,1,0,0,0.076923077,0,NA,"Hare",NA,1,2,0,0,692.283244,"East","24A","White Spruce or Black Spruce (Open-Closed)","Tall Shrub","Clay Loam","Mesic",0,423.977753,249,10.469168,-150.109686,67.368938,0.00199746121953104,1.00199945747412,"184-1-B-BENA_2016",NA,NA,NA,NA,12.3000001907349,-4.24166661500931,7.26666657129924,17.4000005722046,35.9000015258789,1.20000003650784,107.759997606277,247.459998250008,188.099998474121,1,"24A_2016",0.77
"428","184-1-C-BENA",2016,0.1135,0.393832411248507,25,1991,13,"184-1","BENA",166,49,15,8,26,1,2,0,0.038461538,0.076923077,0,"Moose","Hare",NA,1,2,0,0,692.283244,"East","24A","White Spruce or Black Spruce (Open-Closed)","Tall Shrub","Clay Loam","Mesic",0,423.977753,249,10.469168,-150.109686,67.368938,-0.227059427031713,0.796873425060701,"184-1-C-BENA_2016",NA,NA,NA,NA,12.3000001907349,-4.24166661500931,7.26666657129924,17.4000005722046,35.9000015258789,1.20000003650784,107.759997606277,247.459998250008,188.099998474121,1,"24A_2016",0.77
"429","184-2-A-BENA",2016,0.02275,0.0376474719138331,31,1985,13,"184-2","BENA",89,39,11,0,12,0,1,0,0,0.083333333,0,NA,"Hare",NA,1,1,0,0,706.210196,"East","24A","White Spruce or Black Spruce (Open-Closed)","Tall Shrub","Clay Loam","Mesic",0,429.192566,258,16.706417,-150.109279,67.369156,-2.31801836594429,0.098468520969861,"184-2-A-BENA_2016",NA,NA,NA,NA,12.3000001907349,-4.24166661500931,7.26666657129924,17.4000005722046,35.9000015258789,1.20000003650784,107.759997606277,247.459998250008,188.099998474121,1,"24A_2016",0.77
"430","184-2-D-BENA",2016,0.025,0.0298451302091035,45,1971,13,"184-2","BENA",84,38,12,10,7,0,0,0,0,0,0,NA,NA,NA,0,1,0,0,706.210196,"East","24A","White Spruce or Black Spruce (Open-Closed)","Tall Shrub","Clay Loam","Mesic",0,429.192566,258,16.706417,-150.109279,67.369156,-2.10553466558324,0.121780544993325,"184-2-D-BENA_2016",NA,NA,NA,NA,12.3000001907349,-4.24166661500931,7.26666657129924,17.4000005722046,35.9000015258789,1.20000003650784,107.759997606277,247.459998250008,188.099998474121,1,"24A_2016",0.77
"431","184-3-B-BENA",2016,0.0173333333333333,0.0364117465357766,39,1977,13,"184-3","BENA",71,35,17,0,17,0,2,0,0,0.117647059,0,NA,"Hare",NA,1,1,3,0,683.765397,"East","24A","White Spruce or Black Spruce (Open-Closed)","Tall Shrub","Clay Loam","Mesic",0,425.482941,261,10.788996,-150.109693,67.36937,-2.07743268761723,0.125251359145215,"184-3-B-BENA_2016",NA,NA,NA,NA,12.3000001907349,-4.24166661500931,7.26666657129924,17.4000005722046,35.9000015258789,1.20000003650784,107.759997606277,247.459998250008,188.099998474121,1,"24A_2016",0.77
"432","184-3-D-BENA",2016,0.02675,0.0283837005765615,28,1988,13,"184-3","BENA",103,48,17,7,31,3,1,0,0.096774194,0.032258065,0,"Moose","Hare",NA,1,1,3,0,683.765397,"East","24A","White Spruce or Black Spruce (Open-Closed)","Tall Shrub","Clay Loam","Mesic",0,425.482941,261,10.788996,-150.109693,67.36937,-2.72193033659756,0.0657477166293801,"184-3-D-BENA_2016",NA,NA,NA,NA,12.3000001907349,-4.24166661500931,7.26666657129924,17.4000005722046,35.9000015258789,1.20000003650784,107.759997606277,247.459998250008,188.099998474121,1,"24A_2016",0.77
"433","191-1-C-BENA",2016,0.03,0.0467468986854165,14,2002,14,"191-1","BENA",105,51,8,16,13,0,0,0,0,0,0,NA,NA,NA,0,1,0,0,1595.806211,"East","24A","Low Shrub","Low Shrub","Clay Loam","Mesic",0,492.755432,293,2.980974,-149.860617,67.475764,-3.05015679727648,0.0473514992229179,"191-1-C-BENA_2016",NA,NA,NA,NA,10.4666668574015,-5.71666683753331,5.56666660308838,15.3666667938232,18.5000008940697,1.10833333308498,90.1299970149994,264.449998497963,191.100002288818,1,"24A_2016",0.77
"434","191-1-D-BENA",2016,0.014,0.0262134491015537,18,1998,14,"191-1","BENA",135,61,10,9,18,0,0,0,0,0,0,NA,NA,NA,0,1,0,0,1595.806211,"East","24A","Low Shrub","Low Shrub","Clay Loam","Mesic",0,492.755432,293,2.980974,-149.860617,67.475764,-3.32872888907148,0.0358386310027994,"191-1-D-BENA_2016",NA,NA,NA,NA,10.4666668574015,-5.71666683753331,5.56666660308838,15.3666667938232,18.5000008940697,1.10833333308498,90.1299970149994,264.449998497963,191.100002288818,1,"24A_2016",0.77
"435","191-2-A-BENA",2016,0.03625,0.0483147497690981,23,1993,14,"191-2","BENA",82,51,10,0,13,1,0,0,0.076923077,0,0,"Moose",NA,NA,1,0,0,0,1628.072852,"East","24A","Low Shrub","Low Shrub","Clay Loam","Mesic",0,494.812988,260,1.497492,-149.859771,67.475671,-2.4247504978259,0.0885001972793178,"191-2-A-BENA_2016",NA,NA,NA,NA,10.4666668574015,-5.71666683753331,5.56666660308838,15.3666667938232,18.5000008940697,1.10833333308498,90.1299970149994,264.449998497963,191.100002288818,1,"24A_2016",0.77
"436","191-2-B-BENA",2016,0.01875,0.046461210103481,21,1995,14,"191-2","BENA",92,71,8,0,13,0,0,0,0,0,0,NA,NA,NA,0,0,0,0,1628.072852,"East","24A","Low Shrub","Low Shrub","Clay Loam","Mesic",0,494.812988,260,1.497492,-149.859771,67.475671,-2.57242975572271,0.0763498084835023,"191-2-B-BENA_2016",NA,NA,NA,NA,10.4666668574015,-5.71666683753331,5.56666660308838,15.3666667938232,18.5000008940697,1.10833333308498,90.1299970149994,264.449998497963,191.100002288818,1,"24A_2016",0.77
"437","191-3-A-BENA",2016,0.041,0.0586922837280215,35,1981,14,"191-3","BENA",102,51,9,0,9,0,1,0,0,0.111111111,0,NA,"Hare",NA,1,2,0,0,1608.343863,"East","24A","Low Shrub","Low Shrub","Clay Loam","Mesic",0,494.475037,298,4.15829,-149.859591,67.475979,-1.72915130443147,0.177434934328632,"191-3-A-BENA_2016",NA,NA,NA,NA,10.4666668574015,-5.71666683753331,5.56666660308838,15.3666667938232,18.5000008940697,1.10833333308498,90.1299970149994,264.449998497963,191.100002288818,1,"24A_2016",0.77
"438","191-3-D-BENA",2016,0.057,0.170475386142006,30,1986,14,"191-3","BENA",110,71,10,0,16,0,0,0,0,0,0,NA,NA,NA,0,2,0,0,1608.343863,"East","24A","Low Shrub","Low Shrub","Clay Loam","Mesic",0,494.475037,298,4.15829,-149.859591,67.475979,-0.846822610209381,0.428775155625892,"191-3-D-BENA_2016",NA,NA,NA,NA,10.4666668574015,-5.71666683753331,5.56666660308838,15.3666667938232,18.5000008940697,1.10833333308498,90.1299970149994,264.449998497963,191.100002288818,1,"24A_2016",0.77
"439","191-4-A-BENA",2016,0.09,0.546684245614427,17,1999,14,"191-4","BENA",105,69,11,0,12,0,0,0,0,0,0,NA,NA,NA,0,1,0,0,1634.196324,"East","24A","Low Shrub","Low Shrub","Clay Loam","Mesic",0,497.007599,303,3.553675,-149.85875,67.475963,-0.359339448632566,0.698137329363659,"191-4-A-BENA_2016",NA,NA,NA,NA,10.4666668574015,-5.71666683753331,5.56666660308838,15.3666667938232,18.5000008940697,1.10833333308498,90.1299970149994,264.449998497963,191.100002288818,1,"24A_2016",0.77
"440","191-4-B-BENA",2016,0.0205,0.0363552955855048,33,1983,14,"191-4","BENA",77,59,11,0,12,0,1,0,0,0.083333333,0,NA,"Hare",NA,1,1,0,0,1634.196324,"East","24A","Low Shrub","Low Shrub","Clay Loam","Mesic",0,497.007599,303,3.553675,-149.85875,67.475963,-2.2783363360577,0.102454514890621,"191-4-B-BENA_2016",NA,NA,NA,NA,10.4666668574015,-5.71666683753331,5.56666660308838,15.3666667938232,18.5000008940697,1.10833333308498,90.1299970149994,264.449998497963,191.100002288818,1,"24A_2016",0.77
"441","203-1-A-BENA",2016,0.0695,0.167903990167434,26,1990,15,"203-1","BENA",97,41,11,0,17,1,0,0,0.058823529,0,0,"Moose",NA,NA,1,1,0,0,905.036767,"East","24A","Low Shrub","Low Shrub","Loam","Mesic",0,550.644958,299,23.927214,-149.794431,67.571449,-1.03278897195339,0.356012665344201,"203-1-A-BENA_2016",NA,NA,NA,NA,9.56666692097982,-6.51666683952014,4.73333350817362,14.4666668574015,10.2000001966953,1.06666668628653,74.989998459816,273.059998750687,150.000003814697,1,"24A_2016",0.77
"442","203-1-D-BENA",2016,0.09325,0.450049837337711,24,1992,15,"203-1","BENA",143,46,14,0,26,2,0,0,0.076923077,0,0,"Moose",NA,NA,1,1,0,0,905.036767,"East","24A","Low Shrub","Low Shrub","Loam","Mesic",0,550.644958,299,23.927214,-149.794431,67.571449,-0.142341031133267,0.867325421072978,"203-1-D-BENA_2016",NA,NA,NA,NA,9.56666692097982,-6.51666683952014,4.73333350817362,14.4666668574015,10.2000001966953,1.06666668628653,74.989998459816,273.059998750687,150.000003814697,1,"24A_2016",0.77
"443","203-2-B-BENA",2016,0.177,0.901932401289706,18,1998,15,"203-2","BENA",146,44,15,0,20,0,0,0,0,0,0,NA,NA,NA,0,0,1,0,933.944119,"East","24A","Low Shrub","Low Shrub","Loam","Mesic",0,566.911377,300,26.508135,-149.793674,67.571447,0.209538081497073,1.23310833282808,"203-2-B-BENA_2016",NA,NA,NA,NA,9.56666692097982,-6.51666683952014,4.73333350817362,14.4666668574015,10.2000001966953,1.06666668628653,74.989998459816,273.059998750687,150.000003814697,1,"24A_2016",0.77
"444","203-2-C-BENA",2016,0.0445,0.0984198146516596,40,1976,15,"203-2","BENA",118,35,14,0,38,0,0,0,0,0,0,NA,NA,NA,0,0,1,0,933.944119,"East","24A","Low Shrub","Low Shrub","Loam","Mesic",0,566.911377,300,26.508135,-149.793674,67.571447,-1.052869246296,0.348935130588274,"203-2-C-BENA_2016",NA,NA,NA,NA,9.56666692097982,-6.51666683952014,4.73333350817362,14.4666668574015,10.2000001966953,1.06666668628653,74.989998459816,273.059998750687,150.000003814697,1,"24A_2016",0.77
"445","203-3-B-BENA",2016,0.13525,0.45262515791549,20,1996,15,"203-3","BENA",108,53,11,7,21,0,0,0,0,0,0,NA,NA,NA,0,0,1,0,922.335664,"East","24A","Low Shrub","Low Shrub","Loam","Mesic",0,556.241272,305,23.609533,-149.79364,67.571701,-0.354206400403282,0.701730115028382,"203-3-B-BENA_2016",NA,NA,NA,NA,9.56666692097982,-6.51666683952014,4.73333350817362,14.4666668574015,10.2000001966953,1.06666668628653,74.989998459816,273.059998750687,150.000003814697,1,"24A_2016",0.77
"446","203-3-D-BENA",2016,0.143,0.431727087234271,24,1992,15,"203-3","BENA",108,52,11,0,7,1,0,0,0.14,0,0,"Moose",NA,NA,1,0,1,0,922.335664,"East","24A","Low Shrub","Low Shrub","Loam","Mesic",0,556.241272,305,23.609533,-149.79364,67.571701,-0.183905711307239,0.832014249664295,"203-3-D-BENA_2016",NA,NA,NA,NA,9.56666692097982,-6.51666683952014,4.73333350817362,14.4666668574015,10.2000001966953,1.06666668628653,74.989998459816,273.059998750687,150.000003814697,1,"24A_2016",0.77
"447","203-4-A-BENA",2016,0.05325,0.205306417854287,20,1996,15,"203-4","BENA",85,42,10,0,10,0,0,0,0,0,0,NA,NA,NA,0,1,1,0,951.384807,"East","24A","Low Shrub","Low Shrub","Loam","Mesic",0,569.135193,316,29.227108,-149.792864,67.571712,-1.1447671329822,0.31829803027399,"203-4-A-BENA_2016",NA,NA,NA,NA,9.56666692097982,-6.51666683952014,4.73333350817362,14.4666668574015,10.2000001966953,1.06666668628653,74.989998459816,273.059998750687,150.000003814697,1,"24A_2016",0.77
"448","203-4-B-BENA",2016,0.08775,0.421851294378169,37,1979,15,"203-4","BENA",99,36,12,0,12,0,0,0,0,0,0,NA,NA,NA,0,1,1,0,951.384807,"East","24A","Low Shrub","Low Shrub","Loam","Mesic",0,569.135193,316,29.227108,-149.792864,67.571712,0.30950695000592,1.36275304308365,"203-4-B-BENA_2016",NA,NA,NA,NA,9.56666692097982,-6.51666683952014,4.73333350817362,14.4666668574015,10.2000001966953,1.06666668628653,74.989998459816,273.059998750687,150.000003814697,1,"24A_2016",0.77
"449","209-1-C-BENA",2016,0.069,0.203691412533016,27,1989,16,"209-1","BENA",58,59,14,0,9,0,0,0,0,0,0,NA,NA,NA,0,0,1,0,698.873831,"East","24A","Low Shrub","Black Spruce Woodland","Sandy Loam","Mesic - Xeric",0,553.345276,287,19.679848,-149.692986,67.655886,-0.794538144028863,0.451789848583419,"209-1-C-BENA_2016",NA,NA,NA,NA,9.56666692097982,-6.51666683952014,4.73333350817362,14.4666668574015,10.2000001966953,1.06666668628653,74.989998459816,273.059998750687,150.000003814697,1,"24A_2016",0.77
"450","209-1-D-BENA",2016,0.06475,0.170108406462548,32,1984,16,"209-1","BENA",76,39,10,0,6,0,0,0,0,0,0,NA,NA,NA,0,0,1,0,698.873831,"East","24A","Low Shrub","Black Spruce Woodland","Sandy Loam","Mesic - Xeric",0,553.345276,287,19.679848,-149.692986,67.655886,-0.771961303300688,0.462105849208815,"209-1-D-BENA_2016",NA,NA,NA,NA,9.56666692097982,-6.51666683952014,4.73333350817362,14.4666668574015,10.2000001966953,1.06666668628653,74.989998459816,273.059998750687,150.000003814697,1,"24A_2016",0.77
"451","209-2-B-BENA",2016,0.106,0.221950379383465,48,1968,16,"209-2","BENA",104,57,18,0,18,0,0,0,0,0,0,NA,NA,NA,0,0,0,0,728.528855,"East","24A","Low Shrub","Black Spruce Woodland","Sandy Loam","Mesic - Xeric",0,561.911133,287,21.070175,-149.692261,67.656,-0.0220861979229368,0.978155916408914,"209-2-B-BENA_2016",NA,NA,NA,NA,9.56666692097982,-6.51666683952014,4.73333350817362,14.4666668574015,10.2000001966953,1.06666668628653,74.989998459816,273.059998750687,150.000003814697,1,"24A_2016",0.77
"452","209-2-D-BENA",2016,0.0305,0.0464241000402597,55,1961,16,"209-2","BENA",86,47,10,0,6,0,0,0,0,0,0,NA,NA,NA,0,0,0,0,728.528855,"East","24A","Low Shrub","Black Spruce Woodland","Sandy Loam","Mesic - Xeric",0,561.911133,287,21.070175,-149.692261,67.656,-1.42426953193638,0.240684211141057,"209-2-D-BENA_2016",NA,NA,NA,NA,9.56666692097982,-6.51666683952014,4.73333350817362,14.4666668574015,10.2000001966953,1.06666668628653,74.989998459816,273.059998750687,150.000003814697,1,"24A_2016",0.77
"453","209-3-A-BENA",2016,0.06275,0.17707645896821,56,1960,16,"209-3","BENA",67,52,13,0,10,0,0,0,0,0,0,NA,NA,NA,0,0,1,0,711.058695,"East","24A","Low Shrub","Black Spruce Woodland","Sandy Loam","Mesic - Xeric",0,553.430786,276,18.070417,-149.69261,67.656251,-0.0640044638907045,0.938000812388277,"209-3-A-BENA_2016",NA,NA,NA,NA,9.56666692097982,-6.51666683952014,4.73333350817362,14.4666668574015,10.2000001966953,1.06666668628653,74.989998459816,273.059998750687,150.000003814697,1,"24A_2016",0.77
"454","209-3-D-BENA",2016,0.026,0.0461499960812353,34,1982,16,"209-3","BENA",84,39,10,0,8,0,0,0,0,0,0,NA,NA,NA,0,0,1,0,711.058695,"East","24A","Low Shrub","Black Spruce Woodland","Sandy Loam","Mesic - Xeric",0,553.430786,276,18.070417,-149.69261,67.656251,-2.00415464195856,0.134774179989055,"209-3-D-BENA_2016",NA,NA,NA,NA,9.56666692097982,-6.51666683952014,4.73333350817362,14.4666668574015,10.2000001966953,1.06666668628653,74.989998459816,273.059998750687,150.000003814697,1,"24A_2016",0.77
"455","209-4-C-BENA",2016,0.03675,0.0568897269170716,25,1991,16,"209-4","BENA",57,38,10,0,7,0,0,0,0,0,0,NA,NA,NA,0,0,0,0,738.024448,"East","24A","Low Shrub","Black Spruce Woodland","Sandy Loam","Mesic - Xeric",0,561.090881,296,18.584587,-149.691928,67.656444,-2.16187011512167,0.115109651324683,"209-4-C-BENA_2016",NA,NA,NA,NA,9.56666692097982,-6.51666683952014,4.73333350817362,14.4666668574015,10.2000001966953,1.06666668628653,74.989998459816,273.059998750687,150.000003814697,1,"24A_2016",0.77
"456","209-4-D-BENA",2016,0.033,0.0429549756180216,44,1972,16,"209-4","BENA",71,50,9,0,8,0,0,0,0,0,0,NA,NA,NA,0,0,0,0,738.024448,"East","24A","Low Shrub","Black Spruce Woodland","Sandy Loam","Mesic - Xeric",0,561.090881,296,18.584587,-149.691928,67.656444,-1.76822158897129,0.170636180411009,"209-4-D-BENA_2016",NA,NA,NA,NA,9.56666692097982,-6.51666683952014,4.73333350817362,14.4666668574015,10.2000001966953,1.06666668628653,74.989998459816,273.059998750687,150.000003814697,1,"24A_2016",0.77
"457","222-1-B-BENA",2016,0.0425,0.10968478050927,36,1980,17,"222-1","BENA",63,58,19,0,9,0,2,0,0,0.222222222,0,NA,"Hare",NA,1,2,18,0,769.468544,"East","24A","Low Shrub","Tall Shrub","Clay Loam","Mesic",0,669.484009,287,15.029548,-149.809491,67.826198,-1.07023155346075,0.342929101804266,"222-1-B-BENA_2016",NA,NA,NA,NA,9.56666692097982,-6.51666683952014,4.73333350817362,14.4666668574015,10.2000001966953,1.06666668628653,74.989998459816,273.059998750687,150.000003814697,1,"24A_2016",0.77
"458","222-1-D-BENA",2016,0.01675,0.0217985296755548,35,1981,17,"222-1","BENA",78,38,9,0,9,0,2,0,0,0.222222222,0,NA,"Hare",NA,1,2,18,0,769.468544,"East","24A","Low Shrub","Tall Shrub","Clay Loam","Mesic",0,669.484009,287,15.029548,-149.809491,67.826198,-2.71961704850562,0.0658999860929964,"222-1-D-BENA_2016",NA,NA,NA,NA,9.56666692097982,-6.51666683952014,4.73333350817362,14.4666668574015,10.2000001966953,1.06666668628653,74.989998459816,273.059998750687,150.000003814697,1,"24A_2016",0.77
"459","222-2-A-BENA",2016,0.25525,0.591595472442444,30,1986,17,"222-2","BENA",81,59,12,0,9,0,0,0,0,0,0,NA,NA,NA,0,3,13,0,794.735172,"East","24A","Low Shrub","Tall Shrub","Clay Loam","Mesic",0,676.198608,282,15.59229,-149.808768,67.826375,0.397409544026934,1.48796519253977,"222-2-A-BENA_2016",NA,NA,NA,NA,9.56666692097982,-6.51666683952014,4.73333350817362,14.4666668574015,10.2000001966953,1.06666668628653,74.989998459816,273.059998750687,150.000003814697,1,"24A_2016",0.77
"460","222-2-D-BENA",2016,0.09875,0.233061996249671,16,2000,17,"222-2","BENA",62,59,8,0,6,0,1,0,0,0.166666667,0,NA,"Hare",NA,1,3,13,0,794.735172,"East","24A","Low Shrub","Tall Shrub","Clay Loam","Mesic",0,676.198608,282,15.59229,-149.808768,67.826375,-1.2842520445758,0.276857583340237,"222-2-D-BENA_2016",NA,NA,NA,NA,9.56666692097982,-6.51666683952014,4.73333350817362,14.4666668574015,10.2000001966953,1.06666668628653,74.989998459816,273.059998750687,150.000003814697,1,"24A_2016",0.77
"461","222-3-A-BENA",2016,0.06425,0.0808903166932519,54,1962,17,"222-3","BENA",126,65,16,0,21,0,3,0,0,0.142857143,0,NA,"Hare",NA,1,2,11,1,778.440723,"East","24A","Low Shrub","Low Shrub","Clay Loam","Mesic",0,672.469177,278,13.422374,-149.809021,67.826615,-0.89089086793445,0.410290075619322,"222-3-A-BENA_2016",NA,NA,NA,NA,9.56666692097982,-6.51666683952014,4.73333350817362,14.4666668574015,10.2000001966953,1.06666668628653,74.989998459816,273.059998750687,150.000003814697,1,"24A_2016",0.77
"462","222-3-B-BENA",2016,0.06,0.124030077963725,13,2003,17,"222-3","BENA",70,62,8,0,8,0,0,0,0,0,0,NA,NA,NA,0,2,11,1,778.440723,"East","24A","Low Shrub","Low Shrub","Clay Loam","Mesic",0,672.469177,278,13.422374,-149.809021,67.826615,-2.16281651936604,0.115000762596606,"222-3-B-BENA_2016",NA,NA,NA,NA,9.56666692097982,-6.51666683952014,4.73333350817362,14.4666668574015,10.2000001966953,1.06666668628653,74.989998459816,273.059998750687,150.000003814697,1,"24A_2016",0.77
"463","222-4-C-BENA",2016,0.117,0.438139077840247,14,2002,17,"222-4","BENA",92,74,9,12,11,0,1,0,0,0.090909091,0,NA,"Hare",NA,1,0,15,0,805.061274,"East","24A","Low Shrub","Low Shrub","Clay Loam","Mesic",0,678.755371,278,16.631924,-149.808355,67.826658,-0.812368323240516,0.443805745136086,"222-4-C-BENA_2016",NA,NA,NA,NA,9.56666692097982,-6.51666683952014,4.73333350817362,14.4666668574015,10.2000001966953,1.06666668628653,74.989998459816,273.059998750687,150.000003814697,1,"24A_2016",0.77
"464","222-4-D-BENA",2016,0.125,0.419795318335936,21,1995,17,"222-4","BENA",107,70,8,0,14,0,0,0,0,0,0,NA,NA,NA,0,0,15,0,805.061274,"East","24A","Low Shrub","Low Shrub","Clay Loam","Mesic",0,678.755371,278,16.631924,-149.808355,67.826658,-0.371280273667218,0.689850567512839,"222-4-D-BENA_2016",NA,NA,NA,NA,9.56666692097982,-6.51666683952014,4.73333350817362,14.4666668574015,10.2000001966953,1.06666668628653,74.989998459816,273.059998750687,150.000003814697,1,"24A_2016",0.77
"465","235-1-A-BENA",2016,0.043,0.131103373823283,37,1979,18,"235-1","BENA",59,29,10,0,18,0,0,0,0,0,0,NA,NA,NA,0,0,5,0,477.732622,"East","24A","Low Shrub","Low Shrub","Sandy Gravel","Mesic",0,813.776917,295,20.303024,-149.727576,68.004859,-0.859159793768602,0.423517775142943,"235-1-A-BENA_2016",NA,NA,NA,NA,8.36666663487752,-7.66666681319475,3.59999998410543,13.1666669845581,6.60000032186508,0.975000030050675,55.6399990916252,284.939996242523,119.600002288818,1,"24A_2016",0.77
"466","235-1-B-BENA",2016,0.1095,0.399389103254545,24,1992,18,"235-1","BENA",42,18,10,0,10,0,1,0,0,0.1,0,NA,"Hare",NA,1,0,5,0,477.732622,"East","24A","Low Shrub","Low Shrub","Sandy Gravel","Mesic",0,813.776917,295,20.303024,-149.727576,68.004859,-0.26176321958299,0.76969325042167,"235-1-B-BENA_2016",NA,NA,NA,NA,8.36666663487752,-7.66666681319475,3.59999998410543,13.1666669845581,6.60000032186508,0.975000030050675,55.6399990916252,284.939996242523,119.600002288818,1,"24A_2016",0.77
"467","235-2-A-BENA",2016,0.14125,0.491564020759492,16,2000,18,"235-2","BENA",71,49,9,0,16,0,0,0,0,0,0,NA,NA,NA,0,0,0,0,510.631222,"East","24A","Dwarf Shrub-Lichen","Low Shrub","Sandy Gravel","Mesic",0,828.022217,289,26.243103,-149.726481,68.004961,-0.537964354100291,0.583935729696107,"235-2-A-BENA_2016",NA,NA,NA,NA,8.36666663487752,-7.66666681319475,3.59999998410543,13.1666669845581,6.60000032186508,0.975000030050675,55.6399990916252,284.939996242523,119.600002288818,1,"24A_2016",0.77
"468","235-2-B-BENA",2016,0.06075,0.114463339284922,33,1983,18,"235-2","BENA",54,38,8,0,9,0,0,0,0,0,0,NA,NA,NA,NA,0,0,0,510.631222,"East","24A","Dwarf Shrub-Lichen","Low Shrub","Sandy Gravel","Mesic",0,828.022217,289,26.243103,-149.726481,68.004961,-1.13142162185132,0.322574351558097,"235-2-B-BENA_2016",NA,NA,NA,NA,8.36666663487752,-7.66666681319475,3.59999998410543,13.1666669845581,6.60000032186508,0.975000030050675,55.6399990916252,284.939996242523,119.600002288818,1,"24A_2016",0.77
"469","235-2-C-BENA",2016,0.013,0.0120071671220201,28,1988,18,"235-2","BENA",58,33,8,0,9,0,2,0,0,0.222222222,0,NA,"Hare",NA,1,0,0,0,510.631222,"East","24A","Dwarf Shrub-Lichen","Low Shrub","Sandy Gravel","Mesic",0,828.022217,289,26.243103,-149.726481,68.004961,-3.58224166197968,0.0278132803483732,"235-2-C-BENA_2016",NA,NA,NA,NA,8.36666663487752,-7.66666681319475,3.59999998410543,13.1666669845581,6.60000032186508,0.975000030050675,55.6399990916252,284.939996242523,119.600002288818,1,"24A_2016",0.77
"470","235-3-B-BENA",2016,0.024,0.0410920319089546,31,1985,18,"235-3","BENA",59,31,10,0,15,0,0,0,0,0,0,NA,NA,NA,0,0,1,0,482.982181,"East","24A","Dwarf Shrub-Lichen","Low Shrub","Sandy Gravel","Mesic",0,817.546387,298,18.704132,-149.726784,68.005244,-2.23046993901433,0.107477910202898,"235-3-B-BENA_2016",NA,NA,NA,NA,8.36666663487752,-7.66666681319475,3.59999998410543,13.1666669845581,6.60000032186508,0.975000030050675,55.6399990916252,284.939996242523,119.600002288818,1,"24A_2016",0.77
"471","235-3-C-BENA",2016,0.05325,0.25716625858342,16,2000,18,"235-3","BENA",57,42,7,0,11,0,0,0,0,0,0,NA,NA,NA,0,0,1,0,482.982181,"East","24A","Dwarf Shrub-Lichen","Low Shrub","Sandy Gravel","Mesic",0,817.546387,298,18.704132,-149.726784,68.005244,-1.18583374478333,0.30549137145373,"235-3-C-BENA_2016",NA,NA,NA,NA,8.36666663487752,-7.66666681319475,3.59999998410543,13.1666669845581,6.60000032186508,0.975000030050675,55.6399990916252,284.939996242523,119.600002288818,1,"24A_2016",0.77
"472","235-4-A-BENA",2016,0.08075,0.264782264573886,26,1990,18,"235-4","BENA",45,36,11,0,13,0,0,0,0,0,0,NA,NA,NA,0,0,0,0,503.848767,"East","24A","Low Shrub","Low Shrub","Sandy Gravel","Mesic",0,825.290771,293,20.728168,-149.726015,68.005351,-0.577273455761952,0.561427037277798,"235-4-A-BENA_2016",NA,NA,NA,NA,8.36666663487752,-7.66666681319475,3.59999998410543,13.1666669845581,6.60000032186508,0.975000030050675,55.6399990916252,284.939996242523,119.600002288818,1,"24A_2016",0.77
"473","235-4-C-BENA",2016,0.2685,2.17458844366628,20,1996,18,"235-4","BENA",61,45,11,0,10,0,0,0,0,0,0,NA,NA,NA,0,0,0,0,503.848767,"East","24A","Low Shrub","Low Shrub","Sandy Gravel","Mesic",0,825.290771,293,20.728168,-149.726015,68.005351,1.21532398693816,3.37138617248104,"235-4-C-BENA_2016",NA,NA,NA,NA,8.36666663487752,-7.66666681319475,3.59999998410543,13.1666669845581,6.60000032186508,0.975000030050675,55.6399990916252,284.939996242523,119.600002288818,1,"24A_2016",0.77
"474","240-1-C-BENA",2016,0.30275,2.19256286968425,10,2006,19,"240-1","BENA",52,36,9,0,17,0,0,0,0,0,0,NA,NA,NA,0,0,1,0,395.986648,"West","24A","Low Shrub","Low Shrub","Sandy Loam","Mesic",0,1043.032227,75,23.365055,-149.606437,68.069578,0.396396362458885,1.48645837710051,"240-1-C-BENA_2016",NA,NA,NA,NA,8.36666663487752,-7.66666681319475,3.59999998410543,13.1666669845581,6.60000032186508,0.975000030050675,55.6399990916252,284.939996242523,119.600002288818,1,"24A_2016",0.77
"475","240-1-D-BENA",2016,0.146,0.49559566588175,17,1999,19,"240-1","BENA",70,38,7,0,13,0,0,0,0,0,0,NA,NA,NA,0,0,1,0,395.986648,"West","24A","Low Shrub","Low Shrub","Sandy Loam","Mesic",0,1043.032227,75,23.365055,-149.606437,68.069578,-0.457450432354905,0.632895199374223,"240-1-D-BENA_2016",NA,NA,NA,NA,8.36666663487752,-7.66666681319475,3.59999998410543,13.1666669845581,6.60000032186508,0.975000030050675,55.6399990916252,284.939996242523,119.600002288818,1,"24A_2016",0.77
"476","240-2-A-BENA",2016,0.10575,0.369681614073576,20,1996,19,"240-2","BENA",90,57,9,0,23,0,0,2,0,0,0.086956522,NA,NA,"Ptarmagin",1,0,0,0,426.292991,"West","24A","Tussock Tundra (Low shrub or Herbaceous)","Low Shrub","Sandy Loam","Mesic",0,1048.270996,87,24.096361,-149.606886,68.069926,-0.556628584687542,0.573138096791704,"240-2-A-BENA_2016",NA,NA,NA,NA,8.36666663487752,-7.66666681319475,3.59999998410543,13.1666669845581,6.60000032186508,0.975000030050675,55.6399990916252,284.939996242523,119.600002288818,1,"24A_2016",0.77
"477","240-2-D-BENA",2016,0.06825,0.166224219845467,18,1998,19,"240-2","BENA",84,31,8,0,10,0,0,0,0,0,0,NA,NA,NA,0,0,0,0,426.292991,"West","24A","Tussock Tundra (Low shrub or Herbaceous)","Low Shrub","Sandy Loam","Mesic",0,1048.270996,87,24.096361,-149.606886,68.069926,-1.48166389370649,0.227259238404334,"240-2-D-BENA_2016",NA,NA,NA,NA,8.36666663487752,-7.66666681319475,3.59999998410543,13.1666669845581,6.60000032186508,0.975000030050675,55.6399990916252,284.939996242523,119.600002288818,1,"24A_2016",0.77
"478","240-3-A-BENA",2016,0.1485,0.923022698171419,12,2004,19,"240-3","BENA",66,43,8,0,18,0,0,0,0,0,0,NA,NA,NA,0,0,1,3,399.798137,"West","24A","Low Shrub","Low Shrub","Sandy Loam","Mesic",0,1034.808228,93,20.584356,-149.606025,68.07014,-0.251204850352882,0.777863009724815,"240-3-A-BENA_2016",NA,NA,NA,NA,8.36666663487752,-7.66666681319475,3.59999998410543,13.1666669845581,6.60000032186508,0.975000030050675,55.6399990916252,284.939996242523,119.600002288818,1,"24A_2016",0.77
"479","240-3-D-BENA",2016,0.05175,0.195621280402349,32,1984,19,"240-3","BENA",97,46,12,0,13,0,0,2,0,0,0.153846154,NA,NA,"Ptarmagin",1,0,1,3,399.798137,"West","24A","Low Shrub","Low Shrub","Sandy Loam","Mesic",0,1034.808228,93,20.584356,-149.606025,68.07014,-0.632216674994085,0.531412525597585,"240-3-D-BENA_2016",NA,NA,NA,NA,8.36666663487752,-7.66666681319475,3.59999998410543,13.1666669845581,6.60000032186508,0.975000030050675,55.6399990916252,284.939996242523,119.600002288818,1,"24A_2016",0.77
"480","240-4-B-BENA",2016,0.0925,0.240759879998669,48,1968,19,"240-4","BENA",102,72,15,0,13,0,0,0,0,0,0,NA,NA,NA,0,0,2,0,431.079046,"West","24A","Low Shrub","Low Shrub","Sandy Loam","Mesic",0,1046.807861,94,24.616484,-149.606605,68.070368,0.0592600497312255,1.06105113092743,"240-4-B-BENA_2016",NA,NA,NA,NA,8.36666663487752,-7.66666681319475,3.59999998410543,13.1666669845581,6.60000032186508,0.975000030050675,55.6399990916252,284.939996242523,119.600002288818,1,"24A_2016",0.77
"481","240-4-D-BENA",2016,0.04,0.0694291976443344,31,1985,19,"240-4","BENA",83,41,16,0,29,0,0,3,0,0,0.103448276,NA,NA,"Ptarmagin",1,0,2,0,431.079046,"West","24A","Low Shrub","Low Shrub","Sandy Loam","Mesic",0,1046.807861,94,24.616484,-149.606605,68.070368,-1.70597667651968,0.181594940021716,"240-4-D-BENA_2016",NA,NA,NA,NA,8.36666663487752,-7.66666681319475,3.59999998410543,13.1666669845581,6.60000032186508,0.975000030050675,55.6399990916252,284.939996242523,119.600002288818,1,"24A_2016",0.77
"482","255-1-A-BENA",2016,0.03525,0.10628381011222,47,1969,20,"255-1","BENA",71,26,15,0,17,0,0,0,0,0,0,NA,NA,NA,0,0,0,0,585.543915,"East","26B","Low Shrub","Low Shrub","Sandy Gravel","Mesic - Xeric",0,991.483582,331,1.701594,-149.392735,68.222633,-0.783550915369418,0.456781136957231,"255-1-A-BENA_2016",NA,NA,NA,NA,6.43333339691162,-9.23333348023395,1.80000000198682,11.0666669209798,5.20000019669533,0.86666668827335,45.3499991297722,302.649996757507,121.200002670288,1,"26B_2016",0.27
"483","255-1-B-BENA",2016,0.08125,0.136114410455299,17,1999,20,"255-1","BENA",41,27,7,0,12,0,0,0,0,0,0,NA,NA,NA,0,0,0,0,585.543915,"East","26B","Low Shrub","Low Shrub","Sandy Gravel","Mesic - Xeric",0,991.483582,331,1.701594,-149.392735,68.222633,-1.74971505144888,0.173823467139371,"255-1-B-BENA_2016",NA,NA,NA,NA,6.43333339691162,-9.23333348023395,1.80000000198682,11.0666669209798,5.20000019669533,0.86666668827335,45.3499991297722,302.649996757507,121.200002670288,1,"26B_2016",0.27
"484","255-2-C-BENA",2016,0.026,0.0488046418735171,35,1981,20,"255-2","BENA",65,27,8,0,20,0,0,0,0,0,0,NA,NA,NA,0,0,1,1,631.079496,"East","26B","Low Shrub","Low Shrub","Sandy Gravel","Mesic - Xeric",0,993.382141,286,2.676414,-149.39171,68.222788,-1.9136341412562,0.147543218217381,"255-2-C-BENA_2016",NA,NA,NA,NA,6.43333339691162,-9.23333348023395,1.80000000198682,11.0666669209798,5.20000019669533,0.86666668827335,45.3499991297722,302.649996757507,121.200002670288,1,"26B_2016",0.27
"485","255-2-D-BENA",2016,0.02975,0.0971775111067083,27,1989,20,"255-2","BENA",60,32,10,0,11,0,0,0,0,0,0,NA,NA,NA,0,0,1,1,631.079496,"East","26B","Low Shrub","Low Shrub","Sandy Gravel","Mesic - Xeric",0,993.382141,286,2.676414,-149.39171,68.222788,-1.53460499146844,0.215540814817104,"255-2-D-BENA_2016",NA,NA,NA,NA,6.43333339691162,-9.23333348023395,1.80000000198682,11.0666669209798,5.20000019669533,0.86666668827335,45.3499991297722,302.649996757507,121.200002670288,1,"26B_2016",0.27
"486","255-3-A-BENA",2016,0.02875,0.0614858769692737,16,2000,20,"255-3","BENA",61,31,7,0,17,0,0,0,0,0,0,NA,NA,NA,0,0,1,0,600.399561,"East","26B","Tussock Tundra (Low shrub or Herbaceous)","Low Shrub","Sandy Gravel","Mesic - Xeric",0,990.277893,304,2.837043,-149.392647,68.223106,-2.61674903540921,0.073039927492221,"255-3-A-BENA_2016",NA,NA,NA,NA,6.43333339691162,-9.23333348023395,1.80000000198682,11.0666669209798,5.20000019669533,0.86666668827335,45.3499991297722,302.649996757507,121.200002670288,1,"26B_2016",0.27
"487","255-3-D-BENA",2016,0.1955,0.657174059241181,11,2005,20,"255-3","BENA",53,42,6,0,12,0,0,1,0,0,0.083333333,NA,NA,"Ptarmagin",1,0,1,0,600.399561,"East","26B","Tussock Tundra (Low shrub or Herbaceous)","Low Shrub","Sandy Gravel","Mesic - Xeric",0,990.277893,304,2.837043,-149.392647,68.223106,-0.694743801463093,0.499202326508963,"255-3-D-BENA_2016",NA,NA,NA,NA,6.43333339691162,-9.23333348023395,1.80000000198682,11.0666669209798,5.20000019669533,0.86666668827335,45.3499991297722,302.649996757507,121.200002670288,1,"26B_2016",0.27
"488","255-4-B-BENA",2016,0.125,0.932856668575319,20,1996,20,"255-4","BENA",49,32,10,0,25,0,0,0,0,0,0,NA,NA,NA,0,0,0,2,644.564014,"East","26B","Low Shrub","Low Shrub","Sandy Gravel","Mesic - Xeric",0,993.003235,239,7.430982,-149.391619,68.223199,0.368980847419385,1.44625990380008,"255-4-B-BENA_2016",NA,NA,NA,NA,6.43333339691162,-9.23333348023395,1.80000000198682,11.0666669209798,5.20000019669533,0.86666668827335,45.3499991297722,302.649996757507,121.200002670288,1,"26B_2016",0.27
"489","255-4-D-BENA",2016,0.0215,0.032860273758386,39,1977,20,"255-4","BENA",56,29,5,0,12,0,0,0,0,0,0,NA,NA,NA,0,0,0,2,644.564014,"East","26B","Low Shrub","Low Shrub","Sandy Gravel","Mesic - Xeric",0,993.003235,239,7.430982,-149.391619,68.223199,-2.1800596736011,0.113034785246506,"255-4-D-BENA_2016",NA,NA,NA,NA,6.43333339691162,-9.23333348023395,1.80000000198682,11.0666669209798,5.20000019669533,0.86666668827335,45.3499991297722,302.649996757507,121.200002670288,1,"26B_2016",0.27
"490","261-1-C-BENA",2016,0.0313333333333333,0.0364871523132458,40,1976,21,"261-1","BENA",52,23,10,0,13,0,0,0,0,0,0,NA,NA,NA,0,0,0,0,356.206777,"East","26B","Dwarf Shrub","Low Shrub","Sandy Loam","Mesic",0,883.832947,287,13.943512,-149.352299,68.301689,-2.04515119128648,0.129360630298667,"261-1-C-BENA_2016",NA,NA,NA,NA,6.43333339691162,-9.23333348023395,1.80000000198682,11.0666669209798,5.20000019669533,0.86666668827335,45.3499991297722,302.649996757507,121.200002670288,1,"26B_2016",0.27
"491","261-1-D-BENA",2016,0.0665,0.214034351294582,27,1989,21,"261-1","BENA",59,19,9,0,15,0,0,0,0,0,0,NA,NA,NA,0,0,0,0,356.206777,"East","26B","Dwarf Shrub","Low Shrub","Sandy Loam","Mesic",0,883.832947,287,13.943512,-149.352299,68.301689,-0.745007786742347,0.474730603320628,"261-1-D-BENA_2016",NA,NA,NA,NA,6.43333339691162,-9.23333348023395,1.80000000198682,11.0666669209798,5.20000019669533,0.86666668827335,45.3499991297722,302.649996757507,121.200002670288,1,"26B_2016",0.27
"492","261-2-B-BENA",2016,0.10925,0.440778997416968,30,1986,21,"261-2","BENA",66,25,12,0,19,0,0,0,0,0,0,NA,NA,NA,0,0,0,1,388.99561,"East","26B","Dwarf Shrub-Lichen","Low Shrub","Sandy Loam","Mesic",0,888.892761,295,13.025289,-149.351465,68.301786,0.103130076482189,1.10863560711722,"261-2-B-BENA_2016",NA,NA,NA,NA,6.43333339691162,-9.23333348023395,1.80000000198682,11.0666669209798,5.20000019669533,0.86666668827335,45.3499991297722,302.649996757507,121.200002670288,1,"26B_2016",0.27
"493","261-2-C-BENA",2016,0.011,0.0112484724961784,25,1991,21,"261-2","BENA",37,18,8,0,13,0,0,0,0,0,0,NA,NA,NA,0,0,0,1,388.99561,"East","26B","Dwarf Shrub-Lichen","Low Shrub","Sandy Loam","Mesic",0,888.892761,295,13.025289,-149.351465,68.301786,-3.78275255236634,0.0227599571511009,"261-2-C-BENA_2016",NA,NA,NA,NA,6.43333339691162,-9.23333348023395,1.80000000198682,11.0666669209798,5.20000019669533,0.86666668827335,45.3499991297722,302.649996757507,121.200002670288,1,"26B_2016",0.27
"494","261-3-A-BENA",2016,0.18125,0.966722055633312,11,2005,21,"261-3","BENA",70,41,11,0,15,0,0,0,0,0,0,NA,NA,NA,0,0,0,1,380.53651,"East","26B","Tussock Tundra (Low shrub or Herbaceous)","Low Shrub","Sandy Loam","Mesic",0,884.224731,295,11.657486,-149.351558,68.302088,-0.308781690615781,0.734341066074502,"261-3-A-BENA_2016",NA,NA,NA,NA,6.43333339691162,-9.23333348023395,1.80000000198682,11.0666669209798,5.20000019669533,0.86666668827335,45.3499991297722,302.649996757507,121.200002670288,1,"26B_2016",0.27
"495","261-3-D-BENA",2016,0.139666666666667,0.261071543466558,36,1980,21,"261-3","BENA",74,41,14,0,26,0,0,0,0,0,0,NA,NA,NA,0,0,0,1,380.53651,"East","26B","Tussock Tundra (Low shrub or Herbaceous)","Low Shrub","Sandy Loam","Mesic",0,884.224731,295,11.657486,-149.351558,68.302088,-0.203047691076395,0.816239313165911,"261-3-D-BENA_2016",NA,NA,NA,NA,6.43333339691162,-9.23333348023395,1.80000000198682,11.0666669209798,5.20000019669533,0.86666668827335,45.3499991297722,302.649996757507,121.200002670288,1,"26B_2016",0.27
"496","261-4-A-BENA",2016,0.06,0.113285831088447,51,1965,21,"261-4","BENA",45,23,13,0,13,0,0,0,0,0,0,NA,NA,NA,0,0,0,0,405.679111,"East","26B","Low Shrub","Low Shrub","Sandy Loam","Mesic",0,886.626587,308,9.946874,-149.350886,68.302265,-0.622280230700202,0.536719197618853,"261-4-A-BENA_2016",NA,NA,NA,NA,6.43333339691162,-9.23333348023395,1.80000000198682,11.0666669209798,5.20000019669533,0.86666668827335,45.3499991297722,302.649996757507,121.200002670288,1,"26B_2016",0.27
"497","261-4-B-BENA",2016,0.04125,0.0686506717148663,30,1986,21,"261-4","BENA",71,30,12,0,13,0,0,0,0,0,0,NA,NA,NA,0,0,0,0,405.679111,"East","26B","Low Shrub","Low Shrub","Sandy Loam","Mesic",0,886.626587,308,9.946874,-149.350886,68.302265,-1.7563826169118,0.172668343005506,"261-4-B-BENA_2016",NA,NA,NA,NA,6.43333339691162,-9.23333348023395,1.80000000198682,11.0666669209798,5.20000019669533,0.86666668827335,45.3499991297722,302.649996757507,121.200002670288,1,"26B_2016",0.27
"498","268-1-B-BENA",2016,0.08825,0.212578026750103,31,1985,22,"268-1","BENA",63,26,6,0,12,0,0,0,0,0,0,NA,NA,NA,0,0,1,2,212.091228,"West","26B","Low Shrub","Low Shrub","Sandy Gravel","Mesic",0,818.738892,195,1.432166,-149.327109,68.400098,-0.586975065217752,0.556006627289171,"268-1-B-BENA_2016",NA,NA,NA,NA,6.43333339691162,-9.23333348023395,1.80000000198682,11.0666669209798,5.20000019669533,0.86666668827335,45.3499991297722,302.649996757507,121.200002670288,1,"26B_2016",0.27
"499","268-1-C-BENA",2016,0.08525,0.172811354241881,28,1988,22,"268-1","BENA",47,18,6,0,11,0,0,0,0,0,0,NA,NA,NA,0,0,1,2,212.091228,"West","26B","Low Shrub","Low Shrub","Sandy Gravel","Mesic",0,818.738892,195,1.432166,-149.327109,68.400098,-0.915544832017545,0.400298471243635,"268-1-C-BENA_2016",NA,NA,NA,NA,6.43333339691162,-9.23333348023395,1.80000000198682,11.0666669209798,5.20000019669533,0.86666668827335,45.3499991297722,302.649996757507,121.200002670288,1,"26B_2016",0.27
"500","268-2-A-BENA",2016,0.1585,0.6702305183095,26,1990,22,"268-2","BENA",60,23,9,0,24,0,0,0,0,0,0,NA,NA,NA,0,0,0,4,184.615387,"West","26B","Low Shrub","Low Shrub","Sandy Gravel","Mesic",0,819.441162,203,1.359031,-149.326454,68.400307,0.351440409492225,1.42111305979357,"268-2-A-BENA_2016",NA,NA,NA,NA,6.43333339691162,-9.23333348023395,1.80000000198682,11.0666669209798,5.20000019669533,0.86666668827335,45.3499991297722,302.649996757507,121.200002670288,1,"26B_2016",0.27
"501","268-3-C-BENA",2016,0.0915,0.278832055969362,13,2003,22,"268-3","BENA",50,27,5,0,11,0,0,0,0,0,0,NA,NA,NA,0,0,0,0,206.549982,"West","26B","Low Shrub","Low Shrub","Sandy Gravel","Mesic",0,819.661011,150,1.610195,-149.326989,68.400547,-1.35273096913455,0.258533249348069,"268-3-C-BENA_2016",NA,NA,NA,NA,6.43333339691162,-9.23333348023395,1.80000000198682,11.0666669209798,5.20000019669533,0.86666668827335,45.3499991297722,302.649996757507,121.200002670288,1,"26B_2016",0.27
"502","268-4-C-BENA",2016,0.07975,0.238703903956436,37,1979,22,"268-4","BENA",58,32,8,0,18,0,0,0,0,0,0,NA,NA,NA,0,0,0,5,171.881056,"West","26B","Dwarf Shrub-Lichen","Low Shrub","Sandy Gravel","Mesic",0,820.486511,188,1.085947,-149.326166,68.400831,-0.259922030652312,0.771111706536502,"268-4-C-BENA_2016",NA,NA,NA,NA,6.43333339691162,-9.23333348023395,1.80000000198682,11.0666669209798,5.20000019669533,0.86666668827335,45.3499991297722,302.649996757507,121.200002670288,1,"26B_2016",0.27
"503","268-4-D-BENA",2016,0.02225,0.0395811221921189,28,1988,22,"268-4","BENA",57,23,7,0,15,0,0,0,0,0,0,NA,NA,NA,0,0,0,5,171.881056,"West","26B","Dwarf Shrub-Lichen","Low Shrub","Sandy Gravel","Mesic",0,820.486511,188,1.085947,-149.326166,68.400831,-2.38939310137039,0.0916853106852906,"268-4-D-BENA_2016",NA,NA,NA,NA,6.43333339691162,-9.23333348023395,1.80000000198682,11.0666669209798,5.20000019669533,0.86666668827335,45.3499991297722,302.649996757507,121.200002670288,1,"26B_2016",0.27
"504","282-1-B-BENA",2016,0.0253333333333333,0.0439850836242585,27,1989,23,"282-1","BENA",41,18,8,0,9,0,0,0,0,0,0,NA,NA,NA,0,0,0,0,577.316923,"West","26B","Tussock Tundra (Low shrub or Herbaceous)","Tussock Tundra","Clay Loam","Mesic",0,826.622314,26,2.82316,-149.530032,68.582817,-2.32729374104808,0.0975594111868204,"282-1-B-BENA_2016",NA,NA,NA,NA,10.8333336512248,-5.68333333730698,6,15.7000001271566,18.6999997496605,1.12500004842877,72.8499976396561,260.009998440742,98.1999988555908,1,"26B_2016",0.27
"505","282-1-D-BENA",2016,0.0835,0.374990709308604,26,1990,23,"282-1","BENA",74,20,11,0,15,0,0,0,0,0,0,NA,NA,NA,0,0,0,0,577.316923,"West","26B","Tussock Tundra (Low shrub or Herbaceous)","Tussock Tundra","Clay Loam","Mesic",0,826.622314,26,2.82316,-149.530032,68.582817,-0.229280050410603,0.795105832607916,"282-1-D-BENA_2016",NA,NA,NA,NA,10.8333336512248,-5.68333333730698,6,15.7000001271566,18.6999997496605,1.12500004842877,72.8499976396561,260.009998440742,98.1999988555908,1,"26B_2016",0.27
"506","282-2-A-BENA",2016,0.01675,0.0156417934726828,29,1987,23,"282-2","BENA",44,16,6,0,7,0,0,0,0,0,0,NA,NA,NA,0,0,0,0,604.079816,"West","26B","Low Shrub","Low Shrub-Tussock Tundra","Clay Loam","Mesic",0,826.41803,354,3.355184,-149.530916,68.583004,-3.27592316481961,0.0377819741355044,"282-2-A-BENA_2016",NA,NA,NA,NA,10.8333336512248,-5.68333333730698,6,15.7000001271566,18.6999997496605,1.12500004842877,72.8499976396561,260.009998440742,98.1999988555908,1,"26B_2016",0.27
"507","282-2-B-BENA",2016,0.05175,0.0952297236614813,25,1991,23,"282-2","BENA",27,18,6,0,5,0,0,0,0,0,0,NA,NA,NA,0,0,0,0,604.079816,"West","26B","Low Shrub","Low Shrub-Tussock Tundra","Clay Loam","Mesic",0,826.41803,354,3.355184,-149.530916,68.583004,-1.64669277727996,0.192686111895003,"282-2-B-BENA_2016",NA,NA,NA,NA,10.8333336512248,-5.68333333730698,6,15.7000001271566,18.6999997496605,1.12500004842877,72.8499976396561,260.009998440742,98.1999988555908,1,"26B_2016",0.27
"508","282-3-B-BENA",2016,0.06725,0.184282094418301,22,1994,23,"282-3","BENA",31,18,7,0,8,0,0,0,0,0,0,NA,NA,NA,0,0,0,0,571.732475,"West","26B","Low Shrub","Low Shrub-Tussock Tundra","Clay Loam","Mesic",0,823.876221,27,3.830761,-149.53038,68.583298,-1.13906569091196,0.320117971268763,"282-3-B-BENA_2016",NA,NA,NA,NA,10.8333336512248,-5.68333333730698,6,15.7000001271566,18.6999997496605,1.12500004842877,72.8499976396561,260.009998440742,98.1999988555908,1,"26B_2016",0.27
"509","282-3-D-BENA",2016,0.1965,0.821965516487069,19,1997,23,"282-3","BENA",82,20,10,0,18,0,0,0,0,0,0,NA,NA,NA,0,0,0,0,571.732475,"West","26B","Low Shrub","Low Shrub-Tussock Tundra","Clay Loam","Mesic",0,823.876221,27,3.830761,-149.53038,68.583298,0.181217455509378,1.19867580961318,"282-3-D-BENA_2016",NA,NA,NA,NA,10.8333336512248,-5.68333333730698,6,15.7000001271566,18.6999997496605,1.12500004842877,72.8499976396561,260.009998440742,98.1999988555908,1,"26B_2016",0.27
"510","282-4-A-BENA",2016,0.09425,0.43444554662733,28,1988,23,"282-4","BENA",52,15,7,0,6,0,0,0,0,0,0,NA,NA,NA,0,0,0,0,597.547448,"West","26B","Tussock Tundra (Low shrub or Herbaceous)","Low Shrub-Tussock Tundra","Clay Loam","Mesic",0,823.620117,358,4.137664,-149.531178,68.583423,0.00632521898667326,1.00634526542804,"282-4-A-BENA_2016",NA,NA,NA,NA,10.8333336512248,-5.68333333730698,6,15.7000001271566,18.6999997496605,1.12500004842877,72.8499976396561,260.009998440742,98.1999988555908,1,"26B_2016",0.27
"511","282-4-C-BENA",2016,0.1075,0.327758434558207,16,2000,23,"282-4","BENA",38,12,6,0,9,0,0,0,0,0,0,NA,NA,NA,0,0,0,0,597.547448,"West","26B","Tussock Tundra (Low shrub or Herbaceous)","Low Shrub-Tussock Tundra","Clay Loam","Mesic",0,823.620117,358,4.137664,-149.531178,68.583423,-0.943279684029659,0.389348798050949,"282-4-C-BENA_2016",NA,NA,NA,NA,10.8333336512248,-5.68333333730698,6,15.7000001271566,18.6999997496605,1.12500004842877,72.8499976396561,260.009998440742,98.1999988555908,1,"26B_2016",0.27
"512","60-1-A-BENA",2016,0.3835,3.25657651550751,12,2004,1,"60-1","BENA",121,NA,11,3,23,0,2,0,0,0.086956522,0,NA,"Hare",NA,1,0,1,0,1438.56091,"West","20F","Low Shrub","Low Shrub-Tussock Tundra","Silt Loam","Mesic",0,110.943649,215,1.507567,-149.840126,65.909691,1.00957309766264,2.74442916167742,"60-1-A-BENA_2016",NA,NA,NA,NA,14.966667175293,-1.43333329757055,9.86666679382324,20.1000003814697,58.0000011920929,1.19166666828096,116.409995079041,230.25999827683,212.099998474121,1,"20F_2016",0.375
"513","60-1-B-BENA",2016,0.30875,1.09678988197816,12,2004,1,"60-1","BENA",129,NA,14,0,32,0,4,0,0,0.125,0,NA,"Hare",NA,1,0,1,0,1438.56091,"West","20F","Low Shrub","Low Shrub-Tussock Tundra","Silt Loam","Mesic",0,110.943649,215,1.507567,-149.840126,65.909691,-0.078715773120973,0.92430259875669,"60-1-B-BENA_2016",NA,NA,NA,NA,14.966667175293,-1.43333329757055,9.86666679382324,20.1000003814697,58.0000011920929,1.19166666828096,116.409995079041,230.25999827683,212.099998474121,1,"20F_2016",0.375
"514","60-2-A-BENA",2016,0.10175,0.406683685046638,15,2001,1,"60-2","BENA",89,NA,9,0,10,0,0,0,0,0,0,NA,NA,NA,0,0,2,0,1432.670461,"West","20F","Low Shrub","Low Shrub","Silt Loam","Mesic",0,110.927505,264,1.953402,-149.84073,65.909949,-0.804537155932918,0.447294906449641,"60-2-A-BENA_2016",NA,NA,NA,NA,14.966667175293,-1.43333329757055,9.86666679382324,20.1000003814697,58.0000011920929,1.19166666828096,116.409995079041,230.25999827683,212.099998474121,1,"20F_2016",0.375
"515","60-2-D-BENA",2016,0.06625,0.225873639559177,15,2001,1,"60-2","BENA",102,NA,7,0,18,0,0,0,0,0,0,NA,NA,NA,0,0,2,0,1432.670461,"West","20F","Low Shrub","Low Shrub","Silt Loam","Mesic",0,110.927505,264,1.953402,-149.84073,65.909949,-1.39259712667853,0.248429263801117,"60-2-D-BENA_2016",NA,NA,NA,NA,14.966667175293,-1.43333329757055,9.86666679382324,20.1000003814697,58.0000011920929,1.19166666828096,116.409995079041,230.25999827683,212.099998474121,1,"20F_2016",0.375
"516","60-3-A-BENA",2016,0.09475,0.418741510350197,9,2007,1,"60-3","BENA",83,NA,8,11,15,0,0,0,0,0,0,NA,NA,NA,0,0,3,0,1403.187226,"West","20F","Low Shrub","Black Spruce Woodland","Silt Loam","Mesic",0,111.24585,78,1.323723,-149.840194,65.910114,-1.38490700235986,0.250347080396851,"60-3-A-BENA_2016",NA,NA,NA,NA,14.966667175293,-1.43333329757055,9.86666679382324,20.1000003814697,58.0000011920929,1.19166666828096,116.409995079041,230.25999827683,212.099998474121,1,"20F_2016",0.375
"517","60-3-D-BENA",2016,0.168,0.510106682348681,12,2004,1,"60-3","BENA",101,NA,8,0,12,0,0,0,0,0,0,NA,NA,NA,0,0,3,0,1403.187226,"West","20F","Low Shrub","Black Spruce Woodland","Silt Loam","Mesic",0,111.24585,78,1.323723,-149.840194,65.910114,-0.844238791369472,0.429884465461753,"60-3-D-BENA_2016",NA,NA,NA,NA,14.966667175293,-1.43333329757055,9.86666679382324,20.1000003814697,58.0000011920929,1.19166666828096,116.409995079041,230.25999827683,212.099998474121,1,"20F_2016",0.375
"518","60-4-A-BENA",2016,0.1075,0.286725307511507,17,1999,1,"60-4","BENA",92,NA,7,13,13,0,0,0,0,0,0,NA,NA,NA,0,0,1,0,1406.241796,"West","20F","Tall Shrub (Open-Closed)","Black Spruce Woodland","Silt Loam","Mesic",0,110.670654,252,1.181915,-149.840942,65.910317,-1.00468619613111,0.36615951905122,"60-4-A-BENA_2016",NA,NA,NA,NA,14.966667175293,-1.43333329757055,9.86666679382324,20.1000003814697,58.0000011920929,1.19166666828096,116.409995079041,230.25999827683,212.099998474121,1,"20F_2016",0.375
"519","60-4-B-BENA",2016,0.09375,0.271330521761212,26,1990,1,"60-4","BENA",95,NA,9,0,9,0,2,0,0,0.222222222,0,NA,"Hare",NA,1,0,1,0,1406.241796,"West","20F","Tall Shrub (Open-Closed)","Black Spruce Woodland","Silt Loam","Mesic",0,110.670654,252,1.181915,-149.840942,65.910317,-0.552843585675718,0.575311534556835,"60-4-B-BENA_2016",NA,NA,NA,NA,14.966667175293,-1.43333329757055,9.86666679382324,20.1000003814697,58.0000011920929,1.19166666828096,116.409995079041,230.25999827683,212.099998474121,1,"20F_2016",0.375
"520","72-1-C-BENA",2016,0.04925,0.085678103897323,48,1968,2,"72-1","BENA",118,71,9,0,11,0,2,0,0,0.181818182,0,NA,"Hare",NA,1,0,0,0,895.937772,"West","20F","Tussock Tundra (Low shrub or Herbaceous)","Black Spruce Woodland","Clay Loam","Mesic",0,130.808105,148,1.606934,-150.14017,66.022623,-0.973942742676326,0.377591353827204,"72-1-C-BENA_2016",NA,NA,NA,NA,13.6000003814697,-2.90833329409361,8.53333346048991,18.7000007629395,46.9000002145767,1.26666667747001,116.229997634888,238.549997925758,217.799999237061,1,"20F_2016",0.375
"521","72-1-D-BENA",2016,0.09725,0.27183631817844,60,1956,2,"72-1","BENA",65,41,8,7,4,0,0,0,0,0,0,NA,NA,NA,0,0,0,0,895.937772,"West","20F","Tussock Tundra (Low shrub or Herbaceous)","Black Spruce Woodland","Clay Loam","Mesic",0,130.808105,148,1.606934,-150.14017,66.022623,0.446945898931641,1.56352970837057,"72-1-D-BENA_2016",NA,NA,NA,NA,13.6000003814697,-2.90833329409361,8.53333346048991,18.7000007629395,46.9000002145767,1.26666667747001,116.229997634888,238.549997925758,217.799999237061,1,"20F_2016",0.375
"522","72-2-A-BENA",2016,0.04475,0.0968990874577817,47,1969,2,"72-2","BENA",121,72,12,21,14,0,0,0,0,0,0,NA,NA,NA,0,0,0,0,855.94066,"West","20F","Tussock Tundra (Low shrub or Herbaceous)","Black Spruce Woodland","Clay Loam","Mesic",0,131.055786,179,2.125059,-150.13956,66.022889,-0.875993783883854,0.41644795470119,"72-2-A-BENA_2016",NA,NA,NA,NA,13.6000003814697,-2.90833329409361,8.53333346048991,18.7000007629395,46.9000002145767,1.26666667747001,116.229997634888,238.549997925758,217.799999237061,1,"20F_2016",0.375
"523","72-2-B-BENA",2016,0.08875,0.269963928956899,17,1999,2,"72-2","BENA",104,67,9,0,5,0,1,0,0,0.2,0,NA,"Hare",NA,1,0,0,0,855.94066,"West","20F","Tussock Tundra (Low shrub or Herbaceous)","Black Spruce Woodland","Clay Loam","Mesic",0,131.055786,179,2.125059,-150.13956,66.022889,-1.0649224832598,0.344754577982513,"72-2-B-BENA_2016",NA,NA,NA,NA,13.6000003814697,-2.90833329409361,8.53333346048991,18.7000007629395,46.9000002145767,1.26666667747001,116.229997634888,238.549997925758,217.799999237061,1,"20F_2016",0.375
"524","72-3-C-BENA",2016,0.11225,0.328752159584444,14,2002,2,"72-3","BENA",65,39,9,0,4,0,0,0,0,0,0,NA,NA,NA,0,0,1,0,885.368743,"West","20F","Tussock Tundra (Low shrub or Herbaceous)","Black Spruce Woodland","Clay Loam","Mesic",0,132.401993,119,2.284806,-150.140609,66.023021,-1.09960055998227,0.333004072288366,"72-3-C-BENA_2016",NA,NA,NA,NA,13.6000003814697,-2.90833329409361,8.53333346048991,18.7000007629395,46.9000002145767,1.26666667747001,116.229997634888,238.549997925758,217.799999237061,1,"20F_2016",0.375
"525","72-3-D-BENA",2016,0.03175,0.0548351253216242,60,1956,2,"72-3","BENA",104,47,11,0,9,0,0,0,0,0,0,NA,NA,NA,0,0,1,0,885.368743,"West","20F","Tussock Tundra (Low shrub or Herbaceous)","Black Spruce Woodland","Clay Loam","Mesic",0,132.401993,119,2.284806,-150.140609,66.023021,-1.15392325318364,0.315396956805101,"72-3-D-BENA_2016",NA,NA,NA,NA,13.6000003814697,-2.90833329409361,8.53333346048991,18.7000007629395,46.9000002145767,1.26666667747001,116.229997634888,238.549997925758,217.799999237061,1,"20F_2016",0.375
"526","72-4-A-BENA",2016,0.03425,0.0546874704669054,18,1998,2,"72-4","BENA",97,39,7,0,8,0,0,0,0,0,0,NA,NA,NA,0,0,0,0,844.255779,"West","20F","Tussock Tundra (Low shrub or Herbaceous)","Low Shrub-Tussock Tundra","Clay Loam","Mesic",0,132.260803,156,1.029158,-150.139994,66.023305,-2.59336686853542,0.0747678822022601,"72-4-A-BENA_2016",NA,NA,NA,NA,13.6000003814697,-2.90833329409361,8.53333346048991,18.7000007629395,46.9000002145767,1.26666667747001,116.229997634888,238.549997925758,217.799999237061,1,"20F_2016",0.375
"527","72-4-D-BENA",2016,0.0285,0.0504084249231753,19,1997,2,"72-4","BENA",85,37,8,0,12,0,0,0,0,0,0,NA,NA,NA,0,0,0,0,844.255779,"West","20F","Tussock Tundra (Low shrub or Herbaceous)","Low Shrub-Tussock Tundra","Clay Loam","Mesic",0,132.260803,156,1.029158,-150.139994,66.023305,-2.61032266563962,0.073510820520003,"72-4-D-BENA_2016",NA,NA,NA,NA,13.6000003814697,-2.90833329409361,8.53333346048991,18.7000007629395,46.9000002145767,1.26666667747001,116.229997634888,238.549997925758,217.799999237061,1,"20F_2016",0.375
"528","86-1-A-BENA",2016,0.3515,3.05330604604228,12,2004,3,"86-1","BENA",142,NA,20,0,87,1,0,0,0.011494253,0,0,"Moose",NA,NA,1,1,0,0,1072.088921,"West","20F","Tall Shrub (Open-Closed)","Tall Shrub","Gravely Sand Loam","Mesic - Xeric",0,572.239319,57,8.372539,-150.2773,66.212913,0.945121555786039,2.57312613794936,"86-1-A-BENA_2016",NA,NA,NA,NA,13.6000003814697,-2.90833329409361,8.53333346048991,18.7000007629395,46.9000002145767,1.26666667747001,116.229997634888,238.549997925758,217.799999237061,1,"20F_2016",0.375
"529","86-1-B-BENA",2016,0.23625,1.83082496898482,11,2005,3,"86-1","BENA",95,NA,11,0,56,0,0,0,0,0,0,NA,NA,NA,0,1,0,0,1072.088921,"West","20F","Tall Shrub (Open-Closed)","Tall Shrub","Gravely Sand Loam","Mesic - Xeric",0,572.239319,57,8.372539,-150.2773,66.212913,0.329829231766663,1.39073061557426,"86-1-B-BENA_2016",NA,NA,NA,NA,13.6000003814697,-2.90833329409361,8.53333346048991,18.7000007629395,46.9000002145767,1.26666667747001,116.229997634888,238.549997925758,217.799999237061,1,"20F_2016",0.375
"530","86-2-A-BENA",2016,0.428333333333333,5.61270135478256,12,2004,3,"86-2","BENA",118,NA,20,0,82,0,0,0,0,0,0,NA,NA,NA,0,0,0,0,1091.215231,"West","20F","Low Shrub","Tall Shrub","Gravely Sand Loam","Mesic - Xeric",0,576.231995,67,9.004415,-150.278061,66.212989,1.55392873124912,4.73001669099462,"86-2-A-BENA_2016",NA,NA,NA,NA,13.6000003814697,-2.90833329409361,8.53333346048991,18.7000007629395,46.9000002145767,1.26666667747001,116.229997634888,238.549997925758,217.799999237061,1,"20F_2016",0.375
"531","86-2-B-BENA",2016,0.338,2.70986242476287,12,2004,3,"86-2","BENA",94,NA,18,3,35,0,0,0,0,0,0,NA,NA,NA,0,0,0,0,1091.215231,"West","20F","Low Shrub","Tall Shrub","Gravely Sand Loam","Mesic - Xeric",0,576.231995,67,9.004415,-150.278061,66.212989,0.825794470526584,2.28369437267594,"86-2-B-BENA_2016",NA,NA,NA,NA,13.6000003814697,-2.90833329409361,8.53333346048991,18.7000007629395,46.9000002145767,1.26666667747001,116.229997634888,238.549997925758,217.799999237061,1,"20F_2016",0.375
"532","86-3-A-BENA",2016,0.0825,0.744498554038522,12,2004,3,"86-3","BENA",105,NA,18,0,64,0,0,0,0,0,0,NA,NA,NA,0,0,0,1,1057.338847,"West","20F","Tall Shrub (Open-Closed)","Tall Shrub","Gravely Sand Loam","Mesic - Xeric",0,571.701965,63,9.459789,-150.277761,66.213303,-0.466147766357574,0.627414566432067,"86-3-A-BENA_2016",NA,NA,NA,NA,13.6000003814697,-2.90833329409361,8.53333346048991,18.7000007629395,46.9000002145767,1.26666667747001,116.229997634888,238.549997925758,217.799999237061,1,"20F_2016",0.375
"533","86-3-D-BENA",2016,0.3125,3.71542418672206,12,2004,3,"86-3","BENA",167,NA,18,0,12,0,0,0,0,0,0,NA,NA,NA,0,0,0,1,1057.338847,"West","20F","Tall Shrub (Open-Closed)","Tall Shrub","Gravely Sand Loam","Mesic - Xeric",0,571.701965,63,9.459789,-150.277761,66.213303,1.14138945650456,3.13111589348072,"86-3-D-BENA_2016",NA,NA,NA,NA,13.6000003814697,-2.90833329409361,8.53333346048991,18.7000007629395,46.9000002145767,1.26666667747001,116.229997634888,238.549997925758,217.799999237061,1,"20F_2016",0.375
"534","86-4-C-BENA",2016,0.601666666666667,11.2352987943277,12,2004,3,"86-4","BENA",133,NA,26,0,52,0,0,0,0,0,0,NA,NA,NA,0,2,0,0,1074.730943,"West","20F","Low Shrub","Tall Shrub","Gravely Sand Loam","Mesic - Xeric",0,575.689697,64,9.57597,-150.278532,66.213405,2.24795710293315,9.46837315336559,"86-4-C-BENA_2016",NA,NA,NA,NA,13.6000003814697,-2.90833329409361,8.53333346048991,18.7000007629395,46.9000002145767,1.26666667747001,116.229997634888,238.549997925758,217.799999237061,1,"20F_2016",0.375
"535","86-4-D-BENA",2016,0.406666666666667,3.33193126947877,11,2005,3,"86-4","BENA",104,NA,11,0,31,0,0,0,0,0,0,NA,NA,NA,0,2,0,0,1074.730943,"West","20F","Low Shrub","Tall Shrub","Gravely Sand Loam","Mesic - Xeric",0,575.689697,64,9.57597,-150.278532,66.213405,0.928614660454923,2.53100045277553,"86-4-D-BENA_2016",NA,NA,NA,NA,13.6000003814697,-2.90833329409361,8.53333346048991,18.7000007629395,46.9000002145767,1.26666667747001,116.229997634888,238.549997925758,217.799999237061,1,"20F_2016",0.375
"536","97-1-C-BENA",2016,0.0645,0.147212675552727,10,2006,4,"97-1","BENA",63,29,7,0,3,0,0,0,0,0,0,NA,NA,NA,0,0,0,0,926.812684,"East","24A","Tussock Tundra (Low shrub or Herbaceous)","Low Shrub","Gravely Sand Loam","Mesic",2004,556.594971,67,6.396444,-150.432109,66.348765,-2.30455172258151,0.0998035302961429,"97-1-C-BENA_2016",NA,NA,NA,NA,13.6000003814697,-2.90833329409361,8.53333346048991,18.7000007629395,46.9000002145767,1.26666667747001,116.229997634888,238.549997925758,217.799999237061,1,"24A_2016",0.77
"537","97-1-D-BENA",2016,0.058,0.380914967655114,12,2004,4,"97-1","BENA",121,53,14,0,19,0,0,0,0,0,0,NA,NA,NA,0,0,0,0,926.812684,"East","24A","Tussock Tundra (Low shrub or Herbaceous)","Low Shrub","Gravely Sand Loam","Mesic",2004,556.594971,67,6.396444,-150.432109,66.348765,-1.13628250807806,0.321010159096228,"97-1-D-BENA_2016",NA,NA,NA,NA,13.6000003814697,-2.90833329409361,8.53333346048991,18.7000007629395,46.9000002145767,1.26666667747001,116.229997634888,238.549997925758,217.799999237061,1,"24A_2016",0.77
"538","97-2-A-BENA",2016,0.1475,0.937427685886292,11,2005,4,"97-2","BENA",102,64,9,0,13,0,0,0,0,0,0,NA,NA,NA,0,0,0,0,888.474156,"East","24A","Tussock Tundra (Low shrub or Herbaceous)","Low Shrub","Gravely Sand Loam","Mesic",2004,560.389526,70,6.330689,-150.43305,66.348843,-0.339553095396846,0.71208848728554,"97-2-A-BENA_2016",NA,NA,NA,NA,13.6000003814697,-2.90833329409361,8.53333346048991,18.7000007629395,46.9000002145767,1.26666667747001,116.229997634888,238.549997925758,217.799999237061,1,"24A_2016",0.77
"539","97-2-B-BENA",2016,0.1435,1.17212821905435,11,2005,4,"97-2","BENA",91,53,13,0,26,0,0,0,0,0,0,NA,NA,NA,0,0,0,0,888.474156,"East","24A","Tussock Tundra (Low shrub or Herbaceous)","Low Shrub","Gravely Sand Loam","Mesic",2004,560.389526,70,6.330689,-150.43305,66.348843,-0.116116349135217,0.890371623302312,"97-2-B-BENA_2016",NA,NA,NA,NA,13.6000003814697,-2.90833329409361,8.53333346048991,18.7000007629395,46.9000002145767,1.26666667747001,116.229997634888,238.549997925758,217.799999237061,1,"24A_2016",0.77
"540","97-3-A-BENA",2016,0.042,0.116443131705305,11,2005,4,"97-3","BENA",91,57,10,0,11,0,0,0,0,0,0,NA,NA,NA,0,0,0,0,924.995234,"East","24A","Tussock Tundra (Low shrub or Herbaceous)","Tall Shrub","Gravely Sand Loam","Mesic",2004,557.015015,71,7.919354,-150.432427,66.349149,-2.42528970125365,0.0884524905325651,"97-3-A-BENA_2016",NA,NA,NA,NA,13.6000003814697,-2.90833329409361,8.53333346048991,18.7000007629395,46.9000002145767,1.26666667747001,116.229997634888,238.549997925758,217.799999237061,1,"24A_2016",0.77
"541","97-3-D-BENA",2016,0.13625,0.559129861261164,21,1995,4,"97-3","BENA",75,49,7,21,13,0,0,0,0,0,0,NA,NA,NA,0,0,0,0,924.995234,"East","24A","Tussock Tundra (Low shrub or Herbaceous)","Tall Shrub","Gravely Sand Loam","Mesic",2004,557.015015,71,7.919354,-150.432427,66.349149,-0.0846657727380911,0.918819327555541,"97-3-D-BENA_2016",NA,NA,NA,NA,13.6000003814697,-2.90833329409361,8.53333346048991,18.7000007629395,46.9000002145767,1.26666667747001,116.229997634888,238.549997925758,217.799999237061,1,"24A_2016",0.77
"542","97-4-B-BENA",2016,0.07475,0.263777347623818,11,2005,4,"97-4","BENA",115,59,12,0,13,0,0,0,0,0,0,NA,NA,NA,0,0,0,0,898.750829,"East","24A","Tussock Tundra (Low shrub or Herbaceous)","Low Shrub","Gravely Sand Loam","Mesic",2004,558.840271,63,3.962788,-150.433152,66.349294,-1.6075873481234,0.200370455532311,"97-4-B-BENA_2016",NA,NA,NA,NA,13.6000003814697,-2.90833329409361,8.53333346048991,18.7000007629395,46.9000002145767,1.26666667747001,116.229997634888,238.549997925758,217.799999237061,1,"24A_2016",0.77
"543","97-4-D-BENA",2016,0.09,0.435707485126368,12,2004,4,"97-4","BENA",98,54,13,0,12,0,0,0,0,0,0,NA,NA,NA,0,0,0,0,898.750829,"East","24A","Tussock Tundra (Low shrub or Herbaceous)","Low Shrub","Gravely Sand Loam","Mesic",2004,558.840271,63,3.962788,-150.433152,66.349294,-1.00188756377073,0.367185700212416,"97-4-D-BENA_2016",NA,NA,NA,NA,13.6000003814697,-2.90833329409361,8.53333346048991,18.7000007629395,46.9000002145767,1.26666667747001,116.229997634888,238.549997925758,217.799999237061,1,"24A_2016",0.77
"544","102-1-B-BENA",2015,0.16075,0.713454317183457,12,2003,5,"102-1","BENA",81,NA,11,0,18,0,0,2,0,0,0.111111111,NA,NA,"Ptarmagin",1,0,0,0,978.645101,"West","24A","Low Shrub","Low Shrub","Sandy Loam","Mesic",2004,428.203827,339,4.033863,-150.565499,66.400721,-0.508740267793432,0.601252519103729,"102-1-B-BENA_2015",12.4333330790202,-4.65833338101705,213,211,12.8000001907349,-3.925000111262,7.53333330154419,18.1000003814697,84.0000038146973,1.22500002632538,122.399996995926,244.339999333024,185.300008773804,1,"24A_2015",0.77
"545","102-1-C-BENA",2015,0.19975,0.946163080609139,10,2005,5,"102-1","BENA",109,NA,11,0,37,0,0,3,0,0,0.081081081,NA,NA,"Ptarmagin",1,0,0,0,978.645101,"West","24A","Low Shrub","Low Shrub","Sandy Loam","Mesic",2004,428.203827,339,4.033863,-150.565499,66.400721,-0.444015092416088,0.641455739637339,"102-1-C-BENA_2015",12.4333330790202,-4.65833338101705,213,211,12.8000001907349,-3.925000111262,7.53333330154419,18.1000003814697,84.0000038146973,1.22500002632538,122.399996995926,244.339999333024,185.300008773804,1,"24A_2015",0.77
"546","102-2-B-BENA",2015,0.292,1.98972142396579,12,2003,5,"102-2","BENA",63,NA,11,0,9,0,0,0,0,0,0,NA,NA,NA,0,0,0,1,973.266715,"West","24A","Tall Shrub (Open-Closed)","Low Shrub","Sandy Loam","Mesic",2004,426.001434,321,4.435797,-150.566012,66.400957,0.51689124367404,1.6768067550518,"102-2-B-BENA_2015",12.4333330790202,-4.65833338101705,213,211,12.8000001907349,-3.925000111262,7.53333330154419,18.1000003814697,84.0000038146973,1.22500002632538,122.399996995926,244.339999333024,185.300008773804,1,"24A_2015",0.77
"547","102-2-C-BENA",2015,0.153,0.966854984272465,11,2004,5,"102-2","BENA",167,NA,16,0,31,0,0,0,0,0,0,NA,NA,NA,0,0,0,1,973.266715,"West","24A","Tall Shrub (Open-Closed)","Low Shrub","Sandy Loam","Mesic",2004,426.001434,321,4.435797,-150.566012,66.400957,-0.30864419556219,0.734442041280373,"102-2-C-BENA_2015",12.4333330790202,-4.65833338101705,213,211,12.8000001907349,-3.925000111262,7.53333330154419,18.1000003814697,84.0000038146973,1.22500002632538,122.399996995926,244.339999333024,185.300008773804,1,"24A_2015",0.77
"548","102-3-A-BENA",2015,0.065,0.166834277868887,11,2004,5,"102-3","BENA",118,NA,7,10,21,0,0,0,0,0,0,NA,NA,NA,0,0,0,0,939.238254,"West","24A","Tussock Tundra (Low shrub or Herbaceous)","Low Shrub","Sandy Loam","Mesic",2004,424.339783,330,3.896938,-150.565669,66.401242,-2.06569174358882,0.126730595163413,"102-3-A-BENA_2015",12.4333330790202,-4.65833338101705,213,211,12.8000001907349,-3.925000111262,7.53333330154419,18.1000003814697,84.0000038146973,1.22500002632538,122.399996995926,244.339999333024,185.300008773804,1,"24A_2015",0.77
"549","102-3-B-BENA",2015,0.0945,0.301482153603581,35,1980,5,"102-3","BENA",72,NA,16,0,12,0,0,0,0,0,0,NA,NA,NA,0,0,0,0,939.238254,"West","24A","Tussock Tundra (Low shrub or Herbaceous)","Low Shrub","Sandy Loam","Mesic",2004,424.339783,330,3.896938,-150.565669,66.401242,-0.0927487475632072,0.911422468646703,"102-3-B-BENA_2015",12.4333330790202,-4.65833338101705,213,211,12.8000001907349,-3.925000111262,7.53333330154419,18.1000003814697,84.0000038146973,1.22500002632538,122.399996995926,244.339999333024,185.300008773804,1,"24A_2015",0.77
"550","102-4-A-BENA",2015,0.17725,1.17536543393434,11,2004,5,"102-4","BENA",88,NA,11,0,17,0,0,0,0,0,0,NA,NA,NA,0,0,0,0,934.189604,"West","24A","Low Shrub","Low Shrub","Sandy Loam","Mesic",2004,423.102509,349,3.666453,-150.566049,66.401434,-0.11335832938262,0.89283067532479,"102-4-A-BENA_2015",12.4333330790202,-4.65833338101705,213,211,12.8000001907349,-3.925000111262,7.53333330154419,18.1000003814697,84.0000038146973,1.22500002632538,122.399996995926,244.339999333024,185.300008773804,1,"24A_2015",0.77
"551","102-4-C-BENA",2015,0.100333333333333,0.341999001946135,11,2004,5,"102-4","BENA",97,NA,15,5,9,0,0,0,0,0,0,NA,NA,NA,0,0,0,0,934.189604,"West","24A","Low Shrub","Low Shrub","Sandy Loam","Mesic",2004,423.102509,349,3.666453,-150.566049,66.401434,-1.34788489643954,0.259789160930039,"102-4-C-BENA_2015",12.4333330790202,-4.65833338101705,213,211,12.8000001907349,-3.925000111262,7.53333330154419,18.1000003814697,84.0000038146973,1.22500002632538,122.399996995926,244.339999333024,185.300008773804,1,"24A_2015",0.77
"552","111-1-A-BENA",2015,0.11025,0.416758379987618,27,1988,6,"111-1","BENA",45,37,7,0,7,0,0,0,0,0,0,NA,NA,NA,0,0,0,0,640.914524,"West","24A","Tall Shrub (Open-Closed)","Low Shrub","Gravely Sand Loam","Mesic",0,512.854736,12,8.158982,-150.736683,66.498494,-0.0786376795729379,0.924374783644635,"111-1-A-BENA_2015",12.4104223251343,-4.68379787604014,233.555305480957,208.619042873383,12.8000001907349,-3.925000111262,7.53333330154419,18.1000003814697,84.0000038146973,1.22500002632538,122.399996995926,244.339999333024,185.300008773804,1,"24A_2015",0.77
"553","111-1-B-BENA",2015,0.13375,0.43268861093581,19,1996,6,"111-1","BENA",89,51,9,0,12,0,0,0,0,0,0,NA,NA,NA,0,0,0,0,640.914524,"West","24A","Tall Shrub (Open-Closed)","Low Shrub","Gravely Sand Loam","Mesic",0,512.854736,12,8.158982,-150.736683,66.498494,-0.460462661961617,0.630991642131795,"111-1-B-BENA_2015",12.4104223251343,-4.68379787604014,233.555305480957,208.619042873383,12.8000001907349,-3.925000111262,7.53333330154419,18.1000003814697,84.0000038146973,1.22500002632538,122.399996995926,244.339999333024,185.300008773804,1,"24A_2015",0.77
"554","111-2-A-BENA",2015,0.10525,0.456217961813953,15,2000,6,"111-2","BENA",70,39,11,0,13,0,0,0,0,0,0,NA,NA,NA,0,0,0,0,685.564701,"West","24A","Tall Shrub (Open-Closed)","Low Shrub","Gravely Sand Loam","Mesic",0,516.430603,8,6.353059,-150.737535,66.498284,-0.689602170842461,0.501775650348048,"111-2-A-BENA_2015",12.4042139053345,-4.68692600727081,234.063209533691,209.316049098969,12.8000001907349,-3.925000111262,7.53333330154419,18.1000003814697,84.0000038146973,1.22500002632538,122.399996995926,244.339999333024,185.300008773804,1,"24A_2015",0.77
"555","111-2-D-BENA",2015,0.072,0.249718916848546,19,1996,6,"111-2","BENA",75,31,6,0,7,0,0,0,0,0,0,NA,NA,NA,0,0,0,0,685.564701,"West","24A","Tall Shrub (Open-Closed)","Low Shrub","Gravely Sand Loam","Mesic",0,516.430603,8,6.353059,-150.737535,66.498284,-1.01014503520083,0.364166158829203,"111-2-D-BENA_2015",12.4042139053345,-4.68692600727081,234.063209533691,209.316049098969,12.8000001907349,-3.925000111262,7.53333330154419,18.1000003814697,84.0000038146973,1.22500002632538,122.399996995926,244.339999333024,185.300008773804,1,"24A_2015",0.77
"556","111-3-A-BENA",2015,0.0875,0.27076601683127,28,1987,6,"111-3","BENA",108,46,7,0,11,0,0,0,0,0,0,NA,NA,NA,0,0,0,0,664.632709,"West","24A","Tall Shrub (Open-Closed)","Low Shrub","Gravely Sand Loam","Mesic",0,511.257965,359,9.703425,-150.737553,66.498636,-0.466490352244237,0.6271996598706,"111-3-A-BENA_2015",12.4104223251343,-4.68379787604014,233.555305480957,208.619042873383,12.8000001907349,-3.925000111262,7.53333330154419,18.1000003814697,84.0000038146973,1.22500002632538,122.399996995926,244.339999333024,185.300008773804,1,"24A_2015",0.77
"557","111-3-D-BENA",2015,0.096,0.658075696332762,18,1997,6,"111-3","BENA",95,38,7,3,16,0,0,0,0,0,0,NA,NA,NA,0,0,0,0,664.632709,"West","24A","Tall Shrub (Open-Closed)","Low Shrub","Gravely Sand Loam","Mesic",0,511.257965,359,9.703425,-150.737553,66.498636,-0.105681527891258,0.899711135356934,"111-3-D-BENA_2015",12.4104223251343,-4.68379787604014,233.555305480957,208.619042873383,12.8000001907349,-3.925000111262,7.53333330154419,18.1000003814697,84.0000038146973,1.22500002632538,122.399996995926,244.339999333024,185.300008773804,1,"24A_2015",0.77
"558","111-4-A-BENA",2015,0.19225,1.31771413866114,17,1998,6,"111-4","BENA",112,61,10,0,19,0,0,0,0,0,0,NA,NA,NA,0,0,0,0,707.594422,"West","24A","Tall Shrub (Open-Closed)","Low Shrub","Gravely Sand Loam","Mesic",0,515.006653,353,8.170983,-150.73833,66.498407,0.520442964418993,1.68277289314545,"111-4-A-BENA_2015",12.4042139053345,-4.68692600727081,234.063209533691,209.316049098969,12.8000001907349,-3.925000111262,7.53333330154419,18.1000003814697,84.0000038146973,1.22500002632538,122.399996995926,244.339999333024,185.300008773804,1,"24A_2015",0.77
"559","111-4-C-BENA",2015,0.0666666666666667,0.171042277341953,23,1992,6,"111-4","BENA",51,30,7,0,13,0,0,0,0,0,0,NA,NA,NA,0,0,0,0,707.594422,"West","24A","Tall Shrub (Open-Closed)","Low Shrub","Gravely Sand Loam","Mesic",0,515.006653,353,8.170983,-150.73833,66.498407,-1.16057662824543,0.313305468003238,"111-4-C-BENA_2015",12.4042139053345,-4.68692600727081,234.063209533691,209.316049098969,12.8000001907349,-3.925000111262,7.53333330154419,18.1000003814697,84.0000038146973,1.22500002632538,122.399996995926,244.339999333024,185.300008773804,1,"24A_2015",0.77
"560","121-1-C-BENA",2015,0.20675,0.663651434244261,43,1972,7,"121-1","BENA",60,36,11,0,11,0,0,0,0,0,0,NA,NA,NA,0,0,0,0,1394.51987,"East","24A","Tall Shrub (Open-Closed)","Low Shrub","Clay Loam","Mesic",2005,466.470276,61,7.209129,-150.675843,66.599029,0.941948705188924,2.56497493126478,"121-1-C-BENA_2015",12.9666665395101,-4.42500001192093,223,188,12.8333336512248,-4.21666665871938,7.63333336512248,18.0666672388713,87.6000008583069,1.21666666989525,120.109997034073,243.219998970628,176.900003433228,1,"24A_2015",0.77
"561","121-1-D-BENA",2015,0.0695,0.345087459635405,31,1984,7,"121-1","BENA",73,42,19,0,25,0,0,0,0,0,0,NA,NA,NA,0,0,0,0,1394.51987,"East","24A","Tall Shrub (Open-Closed)","Low Shrub","Clay Loam","Mesic",2005,466.470276,61,7.209129,-150.675843,66.599029,-0.102486279799106,0.902590533391416,"121-1-D-BENA_2015",12.9666665395101,-4.42500001192093,223,188,12.8333336512248,-4.21666665871938,7.63333336512248,18.0666672388713,87.6000008583069,1.21666666989525,120.109997034073,243.219998970628,176.900003433228,1,"24A_2015",0.77
"562","121-2-A-BENA",2015,0.112666666666667,0.884881953401538,9,2006,7,"121-2","BENA",78,45,15,0,25,0,0,0,0,0,0,NA,NA,NA,0,0,0,0,1360.369622,"East","24A","Low Shrub","Low Shrub","Clay Loam","Mesic",2005,467.582397,57,7.419251,-150.676297,66.599294,-0.636706561378785,0.529031892120444,"121-2-A-BENA_2015",12.9666665395101,-4.42500001192093,223,188,12.8333336512248,-4.21666665871938,7.63333336512248,18.0666672388713,87.6000008583069,1.21666666989525,120.109997034073,243.219998970628,176.900003433228,1,"24A_2015",0.77
"563","121-2-B-BENA",2015,0.17125,0.917689648292408,8,2007,7,"121-2","BENA",101,47,16,0,31,0,0,0,0,0,0,NA,NA,NA,0,0,0,0,1360.369622,"East","24A","Low Shrub","Low Shrub","Clay Loam","Mesic",2005,467.582397,57,7.419251,-150.676297,66.599294,-0.740856600252252,0.476705394615181,"121-2-B-BENA_2015",12.9666665395101,-4.42500001192093,223,188,12.8333336512248,-4.21666665871938,7.63333336512248,18.0666672388713,87.6000008583069,1.21666666989525,120.109997034073,243.219998970628,176.900003433228,1,"24A_2015",0.77
"564","121-3-C-BENA",2015,0.17375,2.06563938488657,7,2008,7,"121-3","BENA",83,36,13,0,12,0,0,0,0,0,0,NA,NA,NA,0,0,0,0,1376.839212,"East","24A","Low Shrub","Low Shrub","Clay Loam","Mesic",2005,462.586914,66,7.264894,-150.675497,66.599464,-0.088868944459666,0.914965477012252,"121-3-C-BENA_2015",12.9666665395101,-4.42500001192093,223,188,12.8333336512248,-4.21666665871938,7.63333336512248,18.0666672388713,87.6000008583069,1.21666666989525,120.109997034073,243.219998970628,176.900003433228,1,"24A_2015",0.77
"565","121-3-D-BENA",2015,0.09375,0.458942508042778,11,2004,7,"121-3","BENA",88,37,15,0,15,0,0,0,0,0,0,NA,NA,NA,0,0,0,0,1376.839212,"East","24A","Low Shrub","Low Shrub","Clay Loam","Mesic",2005,462.586914,66,7.264894,-150.675497,66.599464,-1.05376776780499,0.348621745680823,"121-3-D-BENA_2015",12.9666665395101,-4.42500001192093,223,188,12.8333336512248,-4.21666665871938,7.63333336512248,18.0666672388713,87.6000008583069,1.21666666989525,120.109997034073,243.219998970628,176.900003433228,1,"24A_2015",0.77
"566","121-4-A-BENA",2015,0.33575,4.53216778717023,10,2005,7,"121-4","BENA",61,33,21,0,34,0,0,0,0,0,0,NA,NA,NA,0,0,0,0,1343.63337,"East","24A","Tall Shrub (Open-Closed)","Low Shrub","Clay Loam","Mesic",2005,462.975769,50,6.55981,-150.675949,66.599719,1.12252560796658,3.07260460660562,"121-4-A-BENA_2015",12.9666665395101,-4.42500001192093,223,188,12.8333336512248,-4.21666665871938,7.63333336512248,18.0666672388713,87.6000008583069,1.21666666989525,120.109997034073,243.219998970628,176.900003433228,1,"24A_2015",0.77
"567","121-4-B-BENA",2015,0.30925,1.96712061006632,8,2007,7,"121-4","BENA",58,29,8,0,9,0,0,0,0,0,0,NA,NA,NA,0,0,0,0,1343.63337,"East","24A","Tall Shrub (Open-Closed)","Low Shrub","Clay Loam","Mesic",2005,462.975769,50,6.55981,-150.675949,66.599719,0.0216102733115788,1.02184546640819,"121-4-B-BENA_2015",12.9666665395101,-4.42500001192093,223,188,12.8333336512248,-4.21666665871938,7.63333336512248,18.0666672388713,87.6000008583069,1.21666666989525,120.109997034073,243.219998970628,176.900003433228,1,"24A_2015",0.77
"568","129-1-A-BENA",2015,0.2375,2.24062315044841,10,2005,8,"129-1","BENA",104,71,16,0,11,0,0,0,0,0,0,NA,NA,NA,0,0,0,0,982.902287,"East","24A","Tussock Tundra (Low shrub or Herbaceous)","Low Shrub","Sandy Loam","Mesic - Hydric",2005,301.875214,348,5.919549,-150.647865,66.709988,0.418079262064458,1.51904107196206,"129-1-A-BENA_2015",13.2000001271566,-4.34999988476435,212,172,12.8333336512248,-4.21666665871938,7.63333336512248,18.0666672388713,87.6000008583069,1.21666666989525,120.109997034073,243.219998970628,176.900003433228,1,"24A_2015",0.77
"569","129-1-B-BENA",2015,0.35,3.38663688056979,12,2003,8,"129-1","BENA",131,89,21,0,13,0,0,0,0,0,0,NA,NA,NA,0,0,0,0,982.902287,"East","24A","Tussock Tundra (Low shrub or Herbaceous)","Low Shrub","Sandy Loam","Mesic - Hydric",2005,301.875214,348,5.919549,-150.647865,66.709988,1.04873396102996,2.85403550961846,"129-1-B-BENA_2015",13.2000001271566,-4.34999988476435,212,172,12.8333336512248,-4.21666665871938,7.63333336512248,18.0666672388713,87.6000008583069,1.21666666989525,120.109997034073,243.219998970628,176.900003433228,1,"24A_2015",0.77
"570","129-2-B-BENA",2015,0.042,0.254657500499987,10,2005,8,"129-2","BENA",85,42,10,0,15,0,0,0,0,0,0,NA,NA,NA,0,0,0,0,1017.146639,"East","24A","Tussock Tundra (Low shrub or Herbaceous)","Low Shrub","Sandy Loam","Mesic - Hydric",2005,305.151764,352,5.708165,-150.647276,66.70977,-1.75651052921127,0.172646258013206,"129-2-B-BENA_2015",13.2000001271566,-4.34999988476435,212,172,12.8333336512248,-4.21666665871938,7.63333336512248,18.0666672388713,87.6000008583069,1.21666666989525,120.109997034073,243.219998970628,176.900003433228,1,"24A_2015",0.77
"571","129-2-C-BENA",2015,0.06825,0.476695255429131,10,2005,8,"129-2","BENA",109,67,13,0,10,0,0,0,0,0,0,NA,NA,NA,0,0,0,0,1017.146639,"East","24A","Tussock Tundra (Low shrub or Herbaceous)","Low Shrub","Sandy Loam","Mesic - Hydric",2005,305.151764,352,5.708165,-150.647276,66.70977,-1.12955262704875,0.323177805094703,"129-2-C-BENA_2015",13.2000001271566,-4.34999988476435,212,172,12.8333336512248,-4.21666665871938,7.63333336512248,18.0666672388713,87.6000008583069,1.21666666989525,120.109997034073,243.219998970628,176.900003433228,1,"24A_2015",0.77
"572","129-3-A-BENA",2015,0.12125,0.96534171836114,63,1952,8,"129-3","BENA",51,35,12,0,6,0,0,0,0,0,0,NA,NA,NA,0,0,0,0,1022.673056,"East","24A","Tussock Tundra (Low shrub or Herbaceous)","Low Shrub-Tussock Tundra","Sandy Loam","Mesic - Hydric",2005,301.546051,352,6.265718,-150.646771,66.710061,1.77245112463821,5.88526120520096,"129-3-A-BENA_2015",13.2000001271566,-4.34999988476435,212,172,12.8333336512248,-4.21666665871938,7.63333336512248,18.0666672388713,87.6000008583069,1.21666666989525,120.109997034073,243.219998970628,176.900003433228,1,"24A_2015",0.77
"573","129-3-B-BENA",2015,0.13075,0.853874084020959,11,2004,8,"129-3","BENA",105,47,16,0,13,0,0,0,0,0,0,NA,NA,NA,0,0,0,0,1022.673056,"East","24A","Tussock Tundra (Low shrub or Herbaceous)","Low Shrub-Tussock Tundra","Sandy Loam","Mesic - Hydric",2005,301.546051,352,6.265718,-150.646771,66.710061,-0.432908974892296,0.648619529780523,"129-3-B-BENA_2015",13.2000001271566,-4.34999988476435,212,172,12.8333336512248,-4.21666665871938,7.63333336512248,18.0666672388713,87.6000008583069,1.21666666989525,120.109997034073,243.219998970628,176.900003433228,1,"24A_2015",0.77
"574","129-4-C-BENA",2015,0.21075,2.18837512667702,9,2006,8,"129-4","BENA",93,53,15,0,11,0,0,0,0,0,0,NA,NA,NA,0,0,0,0,1057.255538,"East","24A","Tussock Tundra (Low shrub or Herbaceous)","Tall Shrub","Sandy Loam","Mesic - Hydric",2005,303.823029,358,6.979915,-150.646167,66.709845,0.268753784636384,1.30833296970846,"129-4-C-BENA_2015",13.2000001271566,-4.34999988476435,212,172,12.8333336512248,-4.21666665871938,7.63333336512248,18.0666672388713,87.6000008583069,1.21666666989525,120.109997034073,243.219998970628,176.900003433228,1,"24A_2015",0.77
"575","129-4-D-BENA",2015,0.251,2.1259031823136,54,1961,8,"129-4","BENA",87,41,18,0,9,0,0,0,0,0,0,NA,NA,NA,0,0,0,0,1057.255538,"East","24A","Tussock Tundra (Low shrub or Herbaceous)","Tall Shrub","Sandy Loam","Mesic - Hydric",2005,303.823029,358,6.979915,-150.646167,66.709845,2.37796702796455,10.7829591116382,"129-4-D-BENA_2015",13.2000001271566,-4.34999988476435,212,172,12.8333336512248,-4.21666665871938,7.63333336512248,18.0666672388713,87.6000008583069,1.21666666989525,120.109997034073,243.219998970628,176.900003433228,1,"24A_2015",0.77
"576","147-1-A-BENA",2015,0.07675,0.142440007263302,16,1999,9,"147-1","BENA",104,58,9,25,11,1,1,0,0.090909091,0.090909091,0,"Moose","Hare",NA,1,1,0,0,984.758365,"West","24A","Low Shrub","Tall Shrub","Clay Loam","Mesic - Hydric",0,426.634277,145,7.907337,-150.485282,66.911769,-1.77663563167212,0.169206463586786,"147-1-A-BENA_2015",12.7681713104248,-4.67499989271164,220.270812988281,175.225677490234,11.3000005086263,-5.44166647394498,6.20000012715658,16.4333333969116,60.7000000476837,1.15833336487412,114.099995136261,256.569996714592,175.700002670288,1,"24A_2015",0.77
"577","147-1-B-BENA",2015,0.10875,0.212590593120718,8,2007,9,"147-1","BENA",103,61,6,31,12,0,0,0,0,0,0,NA,NA,NA,0,1,0,0,984.758365,"West","24A","Low Shrub","Tall Shrub","Clay Loam","Mesic - Hydric",0,426.634277,145,7.907337,-150.485282,66.911769,-2.20334764187362,0.11043284924665,"147-1-B-BENA_2015",12.7681713104248,-4.67499989271164,220.270812988281,175.225677490234,11.3000005086263,-5.44166647394498,6.20000012715658,16.4333333969116,60.7000000476837,1.15833336487412,114.099995136261,256.569996714592,175.700002670288,1,"24A_2015",0.77
"578","147-2-A-BENA",2015,0.0645,0.0800399268318342,20,1995,9,"147-2","BENA",89,56,6,61,9,0,0,0,0,0,0,NA,NA,NA,0,2,1,0,986.173835,"West","24A","Low Shrub","Tall Shrub","Clay Loam","Mesic - Hydric",0,428.943481,147,8.698308,-150.484958,66.912025,-2.08674512180704,0.124090378275114,"147-2-A-BENA_2015",12.7681713104248,-4.67499989271164,220.270812988281,175.225677490234,11.3000005086263,-5.44166647394498,6.20000012715658,16.4333333969116,60.7000000476837,1.15833336487412,114.099995136261,256.569996714592,175.700002670288,1,"24A_2015",0.77
"579","147-2-D-BENA",2015,0.1465,0.284430374078059,9,2006,9,"147-2","BENA",91,53,5,37,5,0,0,0,0,0,0,NA,NA,NA,0,2,1,0,986.173835,"West","24A","Low Shrub","Tall Shrub","Clay Loam","Mesic - Hydric",0,428.943481,147,8.698308,-150.484958,66.912025,-1.77167231872097,0.17004837582755,"147-2-D-BENA_2015",12.7681713104248,-4.67499989271164,220.270812988281,175.225677490234,11.3000005086263,-5.44166647394498,6.20000012715658,16.4333333969116,60.7000000476837,1.15833336487412,114.099995136261,256.569996714592,175.700002670288,1,"24A_2015",0.77
"580","147-3-A-BENA",2015,0.117,0.224399250856939,25,1990,9,"147-3","BENA",107,63,8,18,8,1,0,0,0.125,0,0,"Moose",NA,NA,1,2,1,0,952.272152,"West","24A","White Spruce or Black Spruce (Woodland)","Black Spruce Woodland","Clay Loam","Mesic - Hydric",0,425.583191,170,6.572863,-150.484233,66.911912,-0.789558058464828,0.454045412475183,"147-3-A-BENA_2015",12.7681713104248,-4.67499989271164,220.270812988281,175.225677490234,11.3000005086263,-5.44166647394498,6.20000012715658,16.4333333969116,60.7000000476837,1.15833336487412,114.099995136261,256.569996714592,175.700002670288,1,"24A_2015",0.77
"581","147-3-C-BENA",2015,0.076,0.205931398442811,21,1994,9,"147-3","BENA",136,53,12,30,29,2,1,0,0.068965517,0.034482759,0,"Moose","Hare",NA,1,2,1,0,952.272152,"West","24A","White Spruce or Black Spruce (Woodland)","Black Spruce Woodland","Clay Loam","Mesic - Hydric",0,425.583191,170,6.572863,-150.484233,66.911912,-1.08350443280272,0.338407518806111,"147-3-C-BENA_2015",12.7681713104248,-4.67499989271164,220.270812988281,175.225677490234,11.3000005086263,-5.44166647394498,6.20000012715658,16.4333333969116,60.7000000476837,1.15833336487412,114.099995136261,256.569996714592,175.700002670288,1,"24A_2015",0.77
"582","147-4-A-BENA",2015,0.036,0.0736829140972951,15,2000,9,"147-4","BENA",65,33,9,8,10,0,0,0,0,0,0,NA,NA,NA,0,0,1,0,956.341518,"West","24A","Tall Shrub (Open-Closed)","Tall Shrub","Clay Loam","Mesic - Hydric",0,428.39856,129,7.52786,-150.483929,66.912191,-2.51280191070355,0.0810408516001985,"147-4-A-BENA_2015",12.7681713104248,-4.67499989271164,220.270812988281,175.225677490234,11.3000005086263,-5.44166647394498,6.20000012715658,16.4333333969116,60.7000000476837,1.15833336487412,114.099995136261,256.569996714592,175.700002670288,1,"24A_2015",0.77
"583","147-4-D-BENA",2015,0.03575,0.0835881593845232,29,1986,9,"147-4","BENA",94,47,7,14,7,0,0,0,0,0,0,NA,NA,NA,0,0,1,0,956.341518,"West","24A","Tall Shrub (Open-Closed)","Tall Shrub","Clay Loam","Mesic - Hydric",0,428.39856,129,7.52786,-150.483929,66.912191,-1.59996768962568,0.201903041452114,"147-4-D-BENA_2015",12.7681713104248,-4.67499989271164,220.270812988281,175.225677490234,11.3000005086263,-5.44166647394498,6.20000012715658,16.4333333969116,60.7000000476837,1.15833336487412,114.099995136261,256.569996714592,175.700002670288,1,"24A_2015",0.77
"584","151-1-C-BENA",2015,0.15725,0.828834412474603,17,1998,10,"151-1","BENA",118,82,11,0,4,0,0,0,0,0,0,NA,NA,NA,0,0,0,0,725.03173,"East","24A","White Spruce or Black Spruce (Open-Closed)","Low Shrub","Clay Loam","Mesic",0,471.29071,296,22.022722,-150.362735,66.958242,0.0568095546087173,1.05845421347267,"151-1-C-BENA_2015",11.8670460383097,-5.51997491717339,240.241466522217,186.810371398926,11.3000005086263,-5.44166647394498,6.20000012715658,16.4333333969116,60.7000000476837,1.15833336487412,114.099995136261,256.569996714592,175.700002670288,1,"24A_2015",0.77
"585","151-1-D-BENA",2015,0.03625,0.0881737065615207,31,1984,10,"151-1","BENA",90,67,12,0,8,0,0,0,0,0,0,NA,NA,NA,0,0,0,0,725.03173,"East","24A","White Spruce or Black Spruce (Open-Closed)","Low Shrub","Clay Loam","Mesic",0,471.29071,296,22.022722,-150.362735,66.958242,-1.4669753638715,0.230621978905129,"151-1-D-BENA_2015",11.8670460383097,-5.51997491717339,240.241466522217,186.810371398926,11.3000005086263,-5.44166647394498,6.20000012715658,16.4333333969116,60.7000000476837,1.15833336487412,114.099995136261,256.569996714592,175.700002670288,1,"24A_2015",0.77
"586","151-2-A-BENA",2015,0.139,0.576637760770079,20,1995,10,"151-2","BENA",119,71,11,0,4,0,0,0,0,0,0,NA,NA,NA,0,1,0,0,737.726474,"East","24A","Low Shrub","Low Shrub","Clay Loam","Mesic",0,482.941345,297,25.566626,-150.361917,66.958285,-0.112056445642016,0.893993794022487,"151-2-A-BENA_2015",11.8670460383097,-5.51997491717339,240.241466522217,186.810371398926,11.3000005086263,-5.44166647394498,6.20000012715658,16.4333333969116,60.7000000476837,1.15833336487412,114.099995136261,256.569996714592,175.700002670288,1,"24A_2015",0.77
"587","151-2-B-BENA",2015,0.04175,0.0655479562703658,20,1995,10,"151-2","BENA",142,91,14,0,17,0,0,0,0,0,0,NA,NA,NA,0,1,0,0,737.726474,"East","24A","Low Shrub","Low Shrub","Clay Loam","Mesic",0,482.941345,297,25.566626,-150.361917,66.958285,-2.28648868583251,0.101622665221069,"151-2-B-BENA_2015",11.8670460383097,-5.51997491717339,240.241466522217,186.810371398926,11.3000005086263,-5.44166647394498,6.20000012715658,16.4333333969116,60.7000000476837,1.15833336487412,114.099995136261,256.569996714592,175.700002670288,1,"24A_2015",0.77
"588","151-3-A-BENA",2015,0.08275,0.207128541593369,13,2002,10,"151-3","BENA",91,52,9,0,6,0,0,0,0,0,0,NA,NA,NA,0,0,0,0,698.113665,"East","24A","White Spruce or Black Spruce (Open-Closed)","Low Shrub","Clay Loam","Mesic",0,469.98999,301,21.5443,-150.36215,66.958641,-1.65000104535884,0.192049707859789,"151-3-A-BENA_2015",11.8670460383097,-5.51997491717339,240.241466522217,186.810371398926,11.3000005086263,-5.44166647394498,6.20000012715658,16.4333333969116,60.7000000476837,1.15833336487412,114.099995136261,256.569996714592,175.700002670288,1,"24A_2015",0.77
"589","151-3-C-BENA",2015,0.06825,0.236659119838031,29,1986,10,"151-3","BENA",86,51,13,0,9,0,0,0,0,0,0,NA,NA,NA,0,0,0,0,698.113665,"East","24A","White Spruce or Black Spruce (Open-Closed)","Low Shrub","Clay Loam","Mesic",0,469.98999,301,21.5443,-150.36215,66.958641,-0.559248772678345,0.571638332923096,"151-3-C-BENA_2015",11.8670460383097,-5.51997491717339,240.241466522217,186.810371398926,11.3000005086263,-5.44166647394498,6.20000012715658,16.4333333969116,60.7000000476837,1.15833336487412,114.099995136261,256.569996714592,175.700002670288,1,"24A_2015",0.77
"590","151-4-A-BENA",2015,0.03025,0.0844132201551709,29,1986,10,"151-4","BENA",65,36,9,0,8,0,0,0,0,0,0,NA,NA,NA,0,0,0,0,714.907956,"East","24A","Low Shrub","Low Shrub","Clay Loam","Mesic",0,485.466003,301,24.973797,-150.361301,66.958638,-1.59014553928361,0.203895934706412,"151-4-A-BENA_2015",11.8670460383097,-5.51997491717339,240.241466522217,186.810371398926,11.3000005086263,-5.44166647394498,6.20000012715658,16.4333333969116,60.7000000476837,1.15833336487412,114.099995136261,256.569996714592,175.700002670288,1,"24A_2015",0.77
"591","151-4-D-BENA",2015,0.0555,0.18534297098751,22,1993,10,"151-4","BENA",83,56,8,0,9,0,0,0,0,0,0,NA,NA,NA,0,0,0,0,714.907956,"East","24A","Low Shrub","Low Shrub","Clay Loam","Mesic",0,485.466003,301,24.973797,-150.361301,66.958638,-1.13332539036646,0.321960828851719,"151-4-D-BENA_2015",11.8670460383097,-5.51997491717339,240.241466522217,186.810371398926,11.3000005086263,-5.44166647394498,6.20000012715658,16.4333333969116,60.7000000476837,1.15833336487412,114.099995136261,256.569996714592,175.700002670288,1,"24A_2015",0.77
"592","158-1-B-BENA",2015,0.2725,1.74983569212298,9,2006,11,"158-1","BENA",75,35,10,0,16,0,0,0,0,0,0,NA,NA,NA,0,0,0,0,1304.611642,"East","24A","Low Shrub","Low Shrub","Sandy Loam","Mesic - Xeric",2005,586.787537,51,13.434302,-150.285356,67.046606,0.0451163607911069,1.04614958361981,"158-1-B-BENA_2015",12.7333335876465,-5.13333334525426,232,189,11.2666670481364,-5.78333330154419,6.20000012715658,16.3666671117147,60.7000014781952,1.13333336325983,113.429997444153,257.009996175766,164.300006866455,1,"24A_2015",0.77
"593","158-1-D-BENA",2015,0.521,6.1984471721815,8,2007,11,"158-1","BENA",103,41,13,0,31,0,0,0,0,0,0,NA,NA,NA,0,0,0,0,1304.611642,"East","24A","Low Shrub","Low Shrub","Sandy Loam","Mesic - Xeric",2005,586.787537,51,13.434302,-150.285356,67.046606,1.16933822360668,3.21986110523786,"158-1-D-BENA_2015",12.7333335876465,-5.13333334525426,232,189,11.2666670481364,-5.78333330154419,6.20000012715658,16.3666671117147,60.7000014781952,1.13333336325983,113.429997444153,257.009996175766,164.300006866455,1,"24A_2015",0.77
"594","158-2-B-BENA",2015,0.486333333333333,8.30621750981214,8,2007,11,"158-2","BENA",139,50,23,0,53,0,0,7,0,0,0.132075472,NA,NA,"Ptarmagin",1,0,0,1,1283.38641,"East","24A","Tussock Tundra (Low shrub or Herbaceous)","Low Shrub","Sandy Loam","Mesic - Xeric",2005,590.000549,54,15.617359,-150.286104,67.046812,1.46204375096149,4.31476883622082,"158-2-B-BENA_2015",12.7333335876465,-5.13333334525426,232,189,11.2666670481364,-5.78333330154419,6.20000012715658,16.3666671117147,60.7000014781952,1.13333336325983,113.429997444153,257.009996175766,164.300006866455,1,"24A_2015",0.77
"595","158-2-C-BENA",2015,0.01325,0.0220514278841696,27,1988,11,"158-2","BENA",54,29,8,0,53,0,0,0,0,0,0,NA,NA,NA,0,0,0,1,1283.38641,"East","24A","Tussock Tundra (Low shrub or Herbaceous)","Low Shrub","Sandy Loam","Mesic - Xeric",2005,590.000549,54,15.617359,-150.286104,67.046812,-3.01776695250245,0.0489103155648369,"158-2-C-BENA_2015",12.7333335876465,-5.13333334525426,232,189,11.2666670481364,-5.78333330154419,6.20000012715658,16.3666671117147,60.7000014781952,1.13333336325983,113.429997444153,257.009996175766,164.300006866455,1,"24A_2015",0.77
"596","158-3-A-BENA",2015,0.17825,1.22987560076585,9,2006,11,"158-3","BENA",100,56,15,0,32,0,0,1,0,0,0.03125,NA,NA,"Ptarmagin",1,0,0,0,1313.543229,"East","24A","Tussock Tundra (Low shrub or Herbaceous)","Low Shrub","Sandy Loam","Mesic - Xeric",2005,580.218689,48,13.61797,-150.285679,67.047111,-0.307492505840078,0.735288377895846,"158-3-A-BENA_2015",12.7333335876465,-5.13333334525426,232,189,11.2666670481364,-5.78333330154419,6.20000012715658,16.3666671117147,60.7000014781952,1.13333336325983,113.429997444153,257.009996175766,164.300006866455,1,"24A_2015",0.77
"597","158-3-D-BENA",2015,0.055,0.3425514089658,10,2005,11,"158-3","BENA",119,49,12,0,19,0,0,0,0,0,0,NA,NA,NA,0,0,0,0,1313.543229,"East","24A","Tussock Tundra (Low shrub or Herbaceous)","Low Shrub","Sandy Loam","Mesic - Xeric",2005,580.218689,48,13.61797,-150.285679,67.047111,-1.46000829065208,0.232234349347585,"158-3-D-BENA_2015",12.7333335876465,-5.13333334525426,232,189,11.2666670481364,-5.78333330154419,6.20000012715658,16.3666671117147,60.7000014781952,1.13333336325983,113.429997444153,257.009996175766,164.300006866455,1,"24A_2015",0.77
"598","158-4-A-BENA",2015,0.654,11.662945956559,9,2006,11,"158-4","BENA",119,54,13,0,42,0,0,0,0,0,0,NA,NA,NA,0,0,0,0,1283.367604,"East","24A","Tussock Tundra (Low shrub or Herbaceous)","Low Shrub","Sandy Loam","Mesic - Xeric",2005,587.563538,57,15.053073,-150.286524,67.047197,1.942011271426,6.97276099188008,"158-4-A-BENA_2015",12.7333335876465,-5.13333334525426,232,189,11.2666670481364,-5.78333330154419,6.20000012715658,16.3666671117147,60.7000014781952,1.13333336325983,113.429997444153,257.009996175766,164.300006866455,1,"24A_2015",0.77
"599","158-4-C-BENA",2015,0.39025,6.01162086766537,10,2005,11,"158-4","BENA",107,46,13,4,33,0,0,0,0,0,0,NA,NA,NA,0,0,0,0,1283.367604,"East","24A","Tussock Tundra (Low shrub or Herbaceous)","Low Shrub","Sandy Loam","Mesic - Xeric",2005,587.563538,57,15.053073,-150.286524,67.047197,1.40501965002626,4.07560682626186,"158-4-C-BENA_2015",12.7333335876465,-5.13333334525426,232,189,11.2666670481364,-5.78333330154419,6.20000012715658,16.3666671117147,60.7000014781952,1.13333336325983,113.429997444153,257.009996175766,164.300006866455,1,"24A_2015",0.77
"600","173-1-A-BENA",2015,0.0695,0.186135437734379,47,1968,12,"173-1","BENA",69,40,12,0,9,0,0,0,0,0,0,NA,NA,NA,0,0,0,0,1301.486525,"East","24A","Low Shrub","Low Shrub","Clay Loam","Mesic",0,349.871613,358,2.901099,-150.191497,67.228159,-0.223189316780193,0.799963388464991,"173-1-A-BENA_2015",13.2325550715129,-4.96087350447973,224.644622802734,194.647475242615,11.2666670481364,-5.78333330154419,6.20000012715658,16.3666671117147,60.7000014781952,1.13333336325983,113.429997444153,257.009996175766,164.300006866455,1,"24A_2015",0.77
"601","173-1-B-BENA",2015,0.056,0.088492381866318,25,1990,12,"173-1","BENA",101,53,11,0,7,0,0,0,0,0,0,NA,NA,NA,0,0,0,0,1301.486525,"East","24A","Low Shrub","Low Shrub","Clay Loam","Mesic",0,349.871613,358,2.901099,-150.191497,67.228159,-1.72006842597845,0.17905389555431,"173-1-B-BENA_2015",13.2325550715129,-4.96087350447973,224.644622802734,194.647475242615,11.2666670481364,-5.78333330154419,6.20000012715658,16.3666671117147,60.7000014781952,1.13333336325983,113.429997444153,257.009996175766,164.300006866455,1,"24A_2015",0.77
"602","173-2-A-BENA",2015,0.014,0.0349439350858799,56,1959,12,"173-2","BENA",94,43,12,0,6,0,0,0,0,0,0,NA,NA,NA,0,2,0,0,1323.706943,"East","24A","Tussock Tundra (Low shrub or Herbaceous)","Low Shrub","Clay Loam","Mesic",0,348.371155,13,2.823825,-150.190835,67.228457,-1.68684115230417,0.185103314633613,"173-2-A-BENA_2015",13.2325550715129,-4.96087350447973,224.644622802734,194.647475242615,11.2666670481364,-5.78333330154419,6.20000012715658,16.3666671117147,60.7000014781952,1.13333336325983,113.429997444153,257.009996175766,164.300006866455,1,"24A_2015",0.77
"603","173-2-C-BENA",2015,0.06775,0.556637400189624,18,1997,12,"173-2","BENA",107,64,12,0,13,0,0,0,0,0,0,NA,NA,NA,0,2,0,0,1323.706943,"East","24A","Tussock Tundra (Low shrub or Herbaceous)","Low Shrub","Clay Loam","Mesic",0,348.371155,13,2.823825,-150.190835,67.228457,-0.273087451768429,0.76102623162898,"173-2-C-BENA_2015",13.2325550715129,-4.96087350447973,224.644622802734,194.647475242615,11.2666670481364,-5.78333330154419,6.20000012715658,16.3666671117147,60.7000014781952,1.13333336325983,113.429997444153,257.009996175766,164.300006866455,1,"24A_2015",0.77
"604","173-3-B-BENA",2015,0.05425,0.081423602046199,50,1965,12,"173-3","BENA",70,51,14,0,9,0,0,0,0,0,0,NA,NA,NA,0,0,0,0,1278.311889,"East","24A","Low Shrub","Low Shrub","Clay Loam","Mesic",0,347.24527,24,1.739254,-150.191816,67.228627,-0.976160392388722,0.376754916275532,"173-3-B-BENA_2015",13.2325550715129,-4.96087350447973,224.644622802734,194.647475242615,11.2666670481364,-5.78333330154419,6.20000012715658,16.3666671117147,60.7000014781952,1.13333336325983,113.429997444153,257.009996175766,164.300006866455,1,"24A_2015",0.77
"605","173-3-C-BENA",2015,0.07125,0.186401491362229,14,2001,12,"173-3","BENA",32,27,6,0,6,0,0,0,0,0,0,NA,NA,NA,0,0,0,0,1278.311889,"East","24A","Low Shrub","Low Shrub","Clay Loam","Mesic",0,347.24527,24,1.739254,-150.191816,67.228627,-1.66700180944102,0.188812313150153,"173-3-C-BENA_2015",13.2325550715129,-4.96087350447973,224.644622802734,194.647475242615,11.2666670481364,-5.78333330154419,6.20000012715658,16.3666671117147,60.7000014781952,1.13333336325983,113.429997444153,257.009996175766,164.300006866455,1,"24A_2015",0.77
"606","173-4-B-BENA",2015,0.04475,0.0978831913565189,25,1990,12,"173-4","BENA",124,71,14,0,12,0,0,0,0,0,0,NA,NA,NA,0,1,0,0,1308.377258,"East","24A","Low Shrub","Low Shrub","Clay Loam","Mesic",0,346.165253,355,1.872125,-150.190975,67.22891,-1.61921005085099,0.198055090755147,"173-4-B-BENA_2015",13.2325550715129,-4.96087350447973,224.644622802734,194.647475242615,11.2666670481364,-5.78333330154419,6.20000012715658,16.3666671117147,60.7000014781952,1.13333336325983,113.429997444153,257.009996175766,164.300006866455,1,"24A_2015",0.77
"607","173-4-C-BENA",2015,0.094,0.314357185696156,46,1969,12,"173-4","BENA",119,74,14,0,14,0,0,0,0,0,0,NA,NA,NA,0,1,0,0,1308.377258,"East","24A","Low Shrub","Low Shrub","Clay Loam","Mesic",0,346.165253,355,1.872125,-150.190975,67.22891,0.275201802246297,1.31679638052423,"173-4-C-BENA_2015",13.2325550715129,-4.96087350447973,224.644622802734,194.647475242615,11.2666670481364,-5.78333330154419,6.20000012715658,16.3666671117147,60.7000014781952,1.13333336325983,113.429997444153,257.009996175766,164.300006866455,1,"24A_2015",0.77
"608","184-1-B-BENA",2015,0.11825,0.685683816222966,63,1952,13,"184-1","BENA",128,51,19,0,13,0,1,0,0,0.076923077,0,NA,"Hare",NA,1,2,0,0,692.283244,"East","24A","White Spruce or Black Spruce (Open-Closed)","Tall Shrub","Clay Loam","Mesic",0,423.977753,249,10.469168,-150.109686,67.368938,1.43038558586943,4.18031074996128,"184-1-B-BENA_2015",12.8333336512248,-4.88333317637444,182,131,11.2666670481364,-5.78333330154419,6.20000012715658,16.3666671117147,60.7000014781952,1.13333336325983,113.429997444153,257.009996175766,164.300006866455,1,"24A_2015",0.77
"609","184-1-C-BENA",2015,0.13775,0.586706761574374,24,1991,13,"184-1","BENA",166,49,15,8,26,1,2,0,0.038461538,0.076923077,0,"Moose","Hare",NA,1,2,0,0,692.283244,"East","24A","White Spruce or Black Spruce (Open-Closed)","Tall Shrub","Clay Loam","Mesic",0,423.977753,249,10.469168,-150.109686,67.368938,0.122825783216751,1.13068741906246,"184-1-C-BENA_2015",12.8333336512248,-4.88333317637444,182,131,11.2666670481364,-5.78333330154419,6.20000012715658,16.3666671117147,60.7000014781952,1.13333336325983,113.429997444153,257.009996175766,164.300006866455,1,"24A_2015",0.77
"610","184-2-A-BENA",2015,0.02725,0.049374644590604,30,1985,13,"184-2","BENA",89,39,11,0,12,0,1,0,0,0.083333333,0,NA,"Hare",NA,1,1,0,0,706.210196,"East","24A","White Spruce or Black Spruce (Open-Closed)","Tall Shrub","Clay Loam","Mesic",0,429.192566,258,16.706417,-150.109279,67.369156,-2.08597650867776,0.124185792432664,"184-2-A-BENA_2015",12.8303244908651,-4.88483775655429,181.368103027344,130.277830600739,11.2666670481364,-5.78333330154419,6.20000012715658,16.3666671117147,60.7000014781952,1.13333336325983,113.429997444153,257.009996175766,164.300006866455,1,"24A_2015",0.77
"611","184-2-D-BENA",2015,0.056,0.0811033559450744,44,1971,13,"184-2","BENA",84,38,12,10,7,0,0,0,0,0,0,NA,NA,NA,0,1,0,0,706.210196,"East","24A","White Spruce or Black Spruce (Open-Closed)","Tall Shrub","Clay Loam","Mesic",0,429.192566,258,16.706417,-150.109279,67.369156,-1.13264973684532,0.322178436324751,"184-2-D-BENA_2015",12.8303244908651,-4.88483775655429,181.368103027344,130.277830600739,11.2666670481364,-5.78333330154419,6.20000012715658,16.3666671117147,60.7000014781952,1.13333336325983,113.429997444153,257.009996175766,164.300006866455,1,"24A_2015",0.77
"612","184-3-B-BENA",2015,0.099,0.24414885233922,38,1977,13,"184-3","BENA",71,35,17,0,17,0,2,0,0,0.117647059,0,NA,"Hare",NA,1,1,3,0,683.765397,"East","24A","White Spruce or Black Spruce (Open-Closed)","Tall Shrub","Clay Loam","Mesic",0,425.482941,261,10.788996,-150.109693,67.36937,-0.205543579178942,0.81420461142554,"184-3-B-BENA_2015",12.8303244908651,-4.88483775655429,181.368103027344,130.277830600739,11.2666670481364,-5.78333330154419,6.20000012715658,16.3666671117147,60.7000014781952,1.13333336325983,113.429997444153,257.009996175766,164.300006866455,1,"24A_2015",0.77
"613","184-3-D-BENA",2015,0.042,0.0536364113747382,27,1988,13,"184-3","BENA",103,48,17,7,31,3,1,0,0.096774194,0.032258065,0,"Moose","Hare",NA,1,1,3,0,683.765397,"East","24A","White Spruce or Black Spruce (Open-Closed)","Tall Shrub","Clay Loam","Mesic",0,425.482941,261,10.788996,-150.109693,67.36937,-2.12891615481188,0.118966164907041,"184-3-D-BENA_2015",12.8303244908651,-4.88483775655429,181.368103027344,130.277830600739,11.2666670481364,-5.78333330154419,6.20000012715658,16.3666671117147,60.7000014781952,1.13333336325983,113.429997444153,257.009996175766,164.300006866455,1,"24A_2015",0.77
"614","191-1-C-BENA",2015,0.09725,0.190415268676272,13,2002,14,"191-1","BENA",105,51,8,16,13,0,0,0,0,0,0,NA,NA,NA,0,1,0,0,1595.806211,"East","24A","Low Shrub","Low Shrub","Clay Loam","Mesic",0,492.755432,293,2.980974,-149.860617,67.475764,-1.73413330801124,0.176553151197835,"191-1-C-BENA_2015",12.0453697840373,-5.18182878196239,185.368103027344,126.593780040741,9.40000025431315,-7.25000003166497,4.50000007947286,14.3333339691162,33.0000001192093,1.02500001341105,92.6399977207184,273.619996786118,160.900007247925,1,"24A_2015",0.77
"615","191-1-D-BENA",2015,0.061,0.128588528904084,17,1998,14,"191-1","BENA",135,61,10,9,18,0,0,0,0,0,0,NA,NA,NA,0,1,0,0,1595.806211,"East","24A","Low Shrub","Low Shrub","Clay Loam","Mesic",0,492.755432,293,2.980974,-149.860617,67.475764,-1.80659322886519,0.164212619763722,"191-1-D-BENA_2015",12.0453697840373,-5.18182878196239,185.368103027344,126.593780040741,9.40000025431315,-7.25000003166497,4.50000007947286,14.3333339691162,33.0000001192093,1.02500001341105,92.6399977207184,273.619996786118,160.900007247925,1,"24A_2015",0.77
"616","191-2-A-BENA",2015,0.04175,0.0658758600035834,22,1993,14,"191-2","BENA",82,51,10,0,13,1,0,0,0.076923077,0,0,"Moose",NA,NA,1,0,0,0,1628.072852,"East","24A","Low Shrub","Low Shrub","Clay Loam","Mesic",0,494.812988,260,1.497492,-149.859771,67.475671,-2.16776133446889,0.114433508727465,"191-2-A-BENA_2015",12.0453697840373,-5.18182878196239,185.368103027344,126.593780040741,9.40000025431315,-7.25000003166497,4.50000007947286,14.3333339691162,33.0000001192093,1.02500001341105,92.6399977207184,273.619996786118,160.900007247925,1,"24A_2015",0.77
"617","191-2-B-BENA",2015,0.05375,0.145431196168601,20,1995,14,"191-2","BENA",92,71,8,0,13,0,0,0,0,0,0,NA,NA,NA,0,0,0,0,1628.072852,"East","24A","Low Shrub","Low Shrub","Clay Loam","Mesic",0,494.812988,260,1.497492,-149.859771,67.475671,-1.48956762117425,0.225470122973505,"191-2-B-BENA_2015",12.0453697840373,-5.18182878196239,185.368103027344,126.593780040741,9.40000025431315,-7.25000003166497,4.50000007947286,14.3333339691162,33.0000001192093,1.02500001341105,92.6399977207184,273.619996786118,160.900007247925,1,"24A_2015",0.77
"618","191-3-A-BENA",2015,0.031,0.0513891273776583,34,1981,14,"191-3","BENA",102,51,9,0,9,0,1,0,0,0.111111111,0,NA,"Hare",NA,1,2,0,0,1608.343863,"East","24A","Low Shrub","Low Shrub","Clay Loam","Mesic",0,494.475037,298,4.15829,-149.859591,67.475979,-1.89662489752574,0.150074281490418,"191-3-A-BENA_2015",12.0453697840373,-5.18182878196239,185.368103027344,126.593780040741,9.40000025431315,-7.25000003166497,4.50000007947286,14.3333339691162,33.0000001192093,1.02500001341105,92.6399977207184,273.619996786118,160.900007247925,1,"24A_2015",0.77
"619","191-3-D-BENA",2015,0.0873333333333333,0.300796317736891,29,1986,14,"191-3","BENA",110,71,10,0,16,0,0,0,0,0,0,NA,NA,NA,0,2,0,0,1608.343863,"East","24A","Low Shrub","Low Shrub","Clay Loam","Mesic",0,494.475037,298,4.15829,-149.859591,67.475979,-0.319436215094276,0.726558544366267,"191-3-D-BENA_2015",12.0453697840373,-5.18182878196239,185.368103027344,126.593780040741,9.40000025431315,-7.25000003166497,4.50000007947286,14.3333339691162,33.0000001192093,1.02500001341105,92.6399977207184,273.619996786118,160.900007247925,1,"24A_2015",0.77
"620","191-4-A-BENA",2015,0.07675,0.506406475251378,16,1999,14,"191-4","BENA",105,69,11,0,12,0,0,0,0,0,0,NA,NA,NA,0,1,0,0,1634.196324,"East","24A","Low Shrub","Low Shrub","Clay Loam","Mesic",0,497.007599,303,3.553675,-149.85875,67.475963,-0.508216883494174,0.601567287597375,"191-4-A-BENA_2015",12.0453697840373,-5.18182878196239,185.368103027344,126.593780040741,9.40000025431315,-7.25000003166497,4.50000007947286,14.3333339691162,33.0000001192093,1.02500001341105,92.6399977207184,273.619996786118,160.900007247925,1,"24A_2015",0.77
"621","191-4-B-BENA",2015,0.037,0.0723006133297154,32,1983,14,"191-4","BENA",77,59,11,0,12,0,1,0,0,0.083333333,0,NA,"Hare",NA,1,1,0,0,1634.196324,"East","24A","Low Shrub","Low Shrub","Clay Loam","Mesic",0,497.007599,303,3.553675,-149.85875,67.475963,-1.62756460993936,0.19640732057767,"191-4-B-BENA_2015",12.0453697840373,-5.18182878196239,185.368103027344,126.593780040741,9.40000025431315,-7.25000003166497,4.50000007947286,14.3333339691162,33.0000001192093,1.02500001341105,92.6399977207184,273.619996786118,160.900007247925,1,"24A_2015",0.77
"622","203-1-A-BENA",2015,0.15425,0.481077384481807,25,1990,15,"203-1","BENA",97,41,11,0,17,1,0,0,0.058823529,0,0,"Moose",NA,NA,1,1,0,0,905.036767,"East","24A","Low Shrub","Low Shrub","Loam","Mesic",0,550.644958,299,23.927214,-149.794431,67.571449,-0.0269567540164873,0.97340333639875,"203-1-A-BENA_2015",12.3333333333333,-5.2999999721845,153,112,8.50000015894572,-8.11666684349378,3.70000012715658,13.3000001907349,26.3999997675419,1.01666669920087,83.0599993467331,282.019999980927,148.200000762939,1,"24A_2015",0.77
"623","203-1-D-BENA",2015,0.0865,0.466319163942948,23,1992,15,"203-1","BENA",143,46,14,0,26,2,0,0,0.076923077,0,0,"Moose",NA,NA,1,1,0,0,905.036767,"East","24A","Low Shrub","Low Shrub","Loam","Mesic",0,550.644958,299,23.927214,-149.794431,67.571449,-0.157617089255178,0.854176792828452,"203-1-D-BENA_2015",12.3333333333333,-5.2999999721845,153,112,8.50000015894572,-8.11666684349378,3.70000012715658,13.3000001907349,26.3999997675419,1.01666669920087,83.0599993467331,282.019999980927,148.200000762939,1,"24A_2015",0.77
"624","203-2-B-BENA",2015,0.21725,1.37611281179964,17,1998,15,"203-2","BENA",146,44,15,0,20,0,0,0,0,0,0,NA,NA,NA,0,0,1,0,933.944119,"East","24A","Low Shrub","Low Shrub","Loam","Mesic",0,566.911377,300,26.508135,-149.793674,67.571447,0.563807163574739,1.75735030054351,"203-2-B-BENA_2015",12.3333333333333,-5.2999999721845,153,112,8.50000015894572,-8.11666684349378,3.70000012715658,13.3000001907349,26.3999997675419,1.01666669920087,83.0599993467331,282.019999980927,148.200000762939,1,"24A_2015",0.77
"625","203-2-C-BENA",2015,0.0465,0.116136826421581,39,1976,15,"203-2","BENA",118,35,14,0,38,0,0,0,0,0,0,NA,NA,NA,0,0,1,0,933.944119,"East","24A","Low Shrub","Low Shrub","Loam","Mesic",0,566.911377,300,26.508135,-149.793674,67.571447,-0.917555083113139,0.399494579086515,"203-2-C-BENA_2015",12.3333333333333,-5.2999999721845,153,112,8.50000015894572,-8.11666684349378,3.70000012715658,13.3000001907349,26.3999997675419,1.01666669920087,83.0599993467331,282.019999980927,148.200000762939,1,"24A_2015",0.77
"626","203-3-B-BENA",2015,0.169,0.727107482506417,19,1996,15,"203-3","BENA",108,53,11,7,21,0,0,0,0,0,0,NA,NA,NA,0,0,1,0,922.335664,"East","24A","Low Shrub","Low Shrub","Loam","Mesic",0,556.241272,305,23.609533,-149.79364,67.571701,0.0585933225722836,1.06034393510095,"203-3-B-BENA_2015",12.3333333333333,-5.2999999721845,153,112,8.50000015894572,-8.11666684349378,3.70000012715658,13.3000001907349,26.3999997675419,1.01666669920087,83.0599993467331,282.019999980927,148.200000762939,1,"24A_2015",0.77
"627","203-3-D-BENA",2015,0.16525,0.658928835087751,23,1992,15,"203-3","BENA",108,52,11,0,7,1,0,0,0.14,0,0,"Moose",NA,NA,1,0,1,0,922.335664,"East","24A","Low Shrub","Low Shrub","Loam","Mesic",0,556.241272,305,23.609533,-149.79364,67.571701,0.188128149318379,1.20698818015188,"203-3-D-BENA_2015",12.3333333333333,-5.2999999721845,153,112,8.50000015894572,-8.11666684349378,3.70000012715658,13.3000001907349,26.3999997675419,1.01666669920087,83.0599993467331,282.019999980927,148.200000762939,1,"24A_2015",0.77
"628","203-4-A-BENA",2015,0.2085,0.975327859659202,19,1996,15,"203-4","BENA",85,42,10,0,10,0,0,0,0,0,0,NA,NA,NA,0,1,1,0,951.384807,"East","24A","Low Shrub","Low Shrub","Loam","Mesic",0,569.135193,316,29.227108,-149.792864,67.571712,0.352292692868944,1.42232476711653,"203-4-A-BENA_2015",12.3333333333333,-5.2999999721845,153,112,8.50000015894572,-8.11666684349378,3.70000012715658,13.3000001907349,26.3999997675419,1.01666669920087,83.0599993467331,282.019999980927,148.200000762939,1,"24A_2015",0.77
"629","203-4-B-BENA",2015,0.11325,0.615953418382969,36,1979,15,"203-4","BENA",99,36,12,0,12,0,0,0,0,0,0,NA,NA,NA,0,1,1,0,951.384807,"East","24A","Low Shrub","Low Shrub","Loam","Mesic",0,569.135193,316,29.227108,-149.792864,67.571712,0.655329167430353,1.92577631589906,"203-4-B-BENA_2015",12.3333333333333,-5.2999999721845,153,112,8.50000015894572,-8.11666684349378,3.70000012715658,13.3000001907349,26.3999997675419,1.01666669920087,83.0599993467331,282.019999980927,148.200000762939,1,"24A_2015",0.77
"630","209-1-C-BENA",2015,0.112666666666667,0.396899005379752,26,1989,16,"209-1","BENA",58,59,14,0,9,0,0,0,0,0,0,NA,NA,NA,0,0,1,0,698.873831,"East","24A","Low Shrub","Black Spruce Woodland","Sandy Loam","Mesic - Xeric",0,553.345276,287,19.679848,-149.692986,67.655886,-0.172499447083068,0.841558754123729,"209-1-C-BENA_2015",11.5909729003906,-5.74843693772952,145,107,8.50000015894572,-8.11666684349378,3.70000012715658,13.3000001907349,26.3999997675419,1.01666669920087,83.0599993467331,282.019999980927,148.200000762939,1,"24A_2015",0.77
"631","209-1-D-BENA",2015,0.07075,0.215988618274657,31,1984,16,"209-1","BENA",76,39,10,0,6,0,0,0,0,0,0,NA,NA,NA,0,0,1,0,698.873831,"East","24A","Low Shrub","Black Spruce Woodland","Sandy Loam","Mesic - Xeric",0,553.345276,287,19.679848,-149.692986,67.655886,-0.571058457769835,0.56492717058153,"209-1-D-BENA_2015",11.5909729003906,-5.74843693772952,145,107,8.50000015894572,-8.11666684349378,3.70000012715658,13.3000001907349,26.3999997675419,1.01666669920087,83.0599993467331,282.019999980927,148.200000762939,1,"24A_2015",0.77
"632","209-2-B-BENA",2015,0.11525,0.321426358215354,47,1968,16,"209-2","BENA",104,57,18,0,18,0,0,0,0,0,0,NA,NA,NA,0,0,0,0,728.528855,"East","24A","Low Shrub","Black Spruce Woodland","Sandy Loam","Mesic - Xeric",0,561.911133,287,21.070175,-149.692261,67.656,0.323104575191337,1.38140980454699,"209-2-B-BENA_2015",11.5909729003906,-5.74843693772952,145,107,8.50000015894572,-8.11666684349378,3.70000012715658,13.3000001907349,26.3999997675419,1.01666669920087,83.0599993467331,282.019999980927,148.200000762939,1,"24A_2015",0.77
"633","209-2-D-BENA",2015,0.03825,0.0664817946866448,54,1961,16,"209-2","BENA",86,47,10,0,6,0,0,0,0,0,0,NA,NA,NA,0,0,0,0,728.528855,"East","24A","Low Shrub","Black Spruce Woodland","Sandy Loam","Mesic - Xeric",0,561.911133,287,21.070175,-149.692261,67.656,-1.08705684399573,0.337207488910316,"209-2-D-BENA_2015",11.5909729003906,-5.74843693772952,145,107,8.50000015894572,-8.11666684349378,3.70000012715658,13.3000001907349,26.3999997675419,1.01666669920087,83.0599993467331,282.019999980927,148.200000762939,1,"24A_2015",0.77
"634","209-3-A-BENA",2015,0.1375,0.474517935370654,55,1960,16,"209-3","BENA",67,52,13,0,10,0,0,0,0,0,0,NA,NA,NA,0,0,1,0,711.058695,"East","24A","Low Shrub","Black Spruce Woodland","Sandy Loam","Mesic - Xeric",0,553.430786,276,18.070417,-149.69261,67.656251,0.900211162050725,2.46012254083386,"209-3-A-BENA_2015",11.5909729003906,-5.74843693772952,145,107,8.50000015894572,-8.11666684349378,3.70000012715658,13.3000001907349,26.3999997675419,1.01666669920087,83.0599993467331,282.019999980927,148.200000762939,1,"24A_2015",0.77
"635","209-3-D-BENA",2015,0.0475,0.0952805781925603,33,1982,16,"209-3","BENA",84,39,10,0,8,0,0,0,0,0,0,NA,NA,NA,0,0,1,0,711.058695,"East","24A","Low Shrub","Black Spruce Woodland","Sandy Loam","Mesic - Xeric",0,553.430786,276,18.070417,-149.69261,67.656251,-1.31485021927861,0.268514538528708,"209-3-D-BENA_2015",11.5909729003906,-5.74843693772952,145,107,8.50000015894572,-8.11666684349378,3.70000012715658,13.3000001907349,26.3999997675419,1.01666669920087,83.0599993467331,282.019999980927,148.200000762939,1,"24A_2015",0.77
"636","209-4-C-BENA",2015,0.037,0.0658493528155687,24,1991,16,"209-4","BENA",57,38,10,0,7,0,0,0,0,0,0,NA,NA,NA,0,0,0,0,738.024448,"East","24A","Low Shrub","Black Spruce Woodland","Sandy Loam","Mesic - Xeric",0,561.090881,296,18.584587,-149.691928,67.656444,-2.06432975742516,0.126903318076948,"209-4-C-BENA_2015",11.5909729003906,-5.74843693772952,145,107,8.50000015894572,-8.11666684349378,3.70000012715658,13.3000001907349,26.3999997675419,1.01666669920087,83.0599993467331,282.019999980927,148.200000762939,1,"24A_2015",0.77
"637","209-4-D-BENA",2015,0.0293333333333333,0.043926422884699,43,1972,16,"209-4","BENA",71,50,9,0,8,0,0,0,0,0,0,NA,NA,NA,0,0,0,0,738.024448,"East","24A","Low Shrub","Black Spruce Woodland","Sandy Loam","Mesic - Xeric",0,561.090881,296,18.584587,-149.691928,67.656444,-1.77329233097321,0.169773118395642,"209-4-D-BENA_2015",11.5909729003906,-5.74843693772952,145,107,8.50000015894572,-8.11666684349378,3.70000012715658,13.3000001907349,26.3999997675419,1.01666669920087,83.0599993467331,282.019999980927,148.200000762939,1,"24A_2015",0.77
"638","222-1-B-BENA",2015,0.098,0.296176789009831,35,1980,17,"222-1","BENA",63,58,19,0,9,0,2,0,0,0.222222222,0,NA,"Hare",NA,1,2,18,0,769.468544,"East","24A","Low Shrub","Tall Shrub","Clay Loam","Mesic",0,669.484009,287,15.029548,-149.809491,67.826198,-0.110503033747066,0.895383613817954,"222-1-B-BENA_2015",11.0666662851969,-6.3166667856276,149,110,8.50000015894572,-8.11666684349378,3.70000012715658,13.3000001907349,26.3999997675419,1.01666669920087,83.0599993467331,282.019999980927,148.200000762939,1,"24A_2015",0.77
"639","222-1-D-BENA",2015,0.0175,0.024657575339863,34,1981,17,"222-1","BENA",78,38,9,0,9,0,2,0,0,0.222222222,0,NA,"Hare",NA,1,2,18,0,769.468544,"East","24A","Low Shrub","Tall Shrub","Clay Loam","Mesic",0,669.484009,287,15.029548,-149.809491,67.826198,-2.63096734869818,0.0720087709454779,"222-1-D-BENA_2015",11.0666662851969,-6.3166667856276,149,110,8.50000015894572,-8.11666684349378,3.70000012715658,13.3000001907349,26.3999997675419,1.01666669920087,83.0599993467331,282.019999980927,148.200000762939,1,"24A_2015",0.77
"640","222-2-A-BENA",2015,0.22725,0.871169336977133,29,1986,17,"222-2","BENA",81,59,12,0,9,0,0,0,0,0,0,NA,NA,NA,0,3,13,0,794.735172,"East","24A","Low Shrub","Tall Shrub","Clay Loam","Mesic",0,676.198608,282,15.59229,-149.808768,67.826375,0.743966809163262,2.10426620290041,"222-2-A-BENA_2015",11.0666662851969,-6.3166667856276,149,110,8.50000015894572,-8.11666684349378,3.70000012715658,13.3000001907349,26.3999997675419,1.01666669920087,83.0599993467331,282.019999980927,148.200000762939,1,"24A_2015",0.77
"641","222-2-D-BENA",2015,0.125,0.382881604656256,15,2000,17,"222-2","BENA",62,59,8,0,6,0,1,0,0,0.166666667,0,NA,"Hare",NA,1,3,13,0,794.735172,"East","24A","Low Shrub","Tall Shrub","Clay Loam","Mesic",0,676.198608,282,15.59229,-149.808768,67.826375,-0.864847037424417,0.421115962683303,"222-2-D-BENA_2015",11.0666662851969,-6.3166667856276,149,110,8.50000015894572,-8.11666684349378,3.70000012715658,13.3000001907349,26.3999997675419,1.01666669920087,83.0599993467331,282.019999980927,148.200000762939,1,"24A_2015",0.77
"642","222-3-A-BENA",2015,0.0825,0.141901813171835,53,1962,17,"222-3","BENA",126,65,16,0,21,0,3,0,0,0.142857143,0,NA,"Hare",NA,1,2,11,1,778.440723,"East","24A","Low Shrub","Low Shrub","Clay Loam","Mesic",0,672.469177,278,13.422374,-149.809021,67.826615,-0.35115567289348,0.703874171197441,"222-3-A-BENA_2015",11.0666662851969,-6.3166667856276,149,110,8.50000015894572,-8.11666684349378,3.70000012715658,13.3000001907349,26.3999997675419,1.01666669920087,83.0599993467331,282.019999980927,148.200000762939,1,"24A_2015",0.77
"643","222-3-B-BENA",2015,0.341,1.13448879747169,12,2003,17,"222-3","BENA",70,62,8,0,8,0,0,0,0,0,0,NA,NA,NA,0,2,11,1,778.440723,"East","24A","Low Shrub","Low Shrub","Clay Loam","Mesic",0,672.469177,278,13.422374,-149.809021,67.826615,-0.0449212465361926,0.956072772910863,"222-3-B-BENA_2015",11.0666662851969,-6.3166667856276,149,110,8.50000015894572,-8.11666684349378,3.70000012715658,13.3000001907349,26.3999997675419,1.01666669920087,83.0599993467331,282.019999980927,148.200000762939,1,"24A_2015",0.77
"644","222-4-C-BENA",2015,0.22875,1.10508761357445,13,2002,17,"222-4","BENA",92,74,9,12,11,0,1,0,0,0.090909091,0,NA,"Hare",NA,1,0,15,0,805.061274,"East","24A","Low Shrub","Low Shrub","Clay Loam","Mesic",0,678.755371,278,16.631924,-149.808355,67.826658,0.0243392793306491,1.024637897384,"222-4-C-BENA_2015",11.0666662851969,-6.3166667856276,149,110,8.50000015894572,-8.11666684349378,3.70000012715658,13.3000001907349,26.3999997675419,1.01666669920087,83.0599993467331,282.019999980927,148.200000762939,1,"24A_2015",0.77
"645","222-4-D-BENA",2015,0.0845,0.339396464543429,20,1995,17,"222-4","BENA",107,70,8,0,14,0,0,0,0,0,0,NA,NA,NA,0,0,15,0,805.061274,"East","24A","Low Shrub","Low Shrub","Clay Loam","Mesic",0,678.755371,278,16.631924,-149.808355,67.826658,-0.642101781415526,0.526185334463345,"222-4-D-BENA_2015",11.0666662851969,-6.3166667856276,149,110,8.50000015894572,-8.11666684349378,3.70000012715658,13.3000001907349,26.3999997675419,1.01666669920087,83.0599993467331,282.019999980927,148.200000762939,1,"24A_2015",0.77
"646","235-1-A-BENA",2015,0.07325,0.250084716043147,36,1979,18,"235-1","BENA",59,29,10,0,18,0,0,0,0,0,0,NA,NA,NA,0,0,5,0,477.732622,"East","24A","Low Shrub","Low Shrub","Sandy Gravel","Mesic",0,813.776917,295,20.303024,-149.727576,68.004859,-0.246042449102362,0.781889033733385,"235-1-A-BENA_2015",8.80000003178914,-7.60833305120468,161,126,7.33333365122477,-9.28333337108294,2.70000004768372,12.0333334604899,13.2000000476837,0.933333343515793,60.9099986553192,292.989995956421,138.300004959106,1,"24A_2015",0.77
"647","235-1-B-BENA",2015,0.11175,0.485270625276186,23,1992,18,"235-1","BENA",42,18,10,0,10,0,1,0,0,0.1,0,NA,"Hare",NA,1,0,5,0,477.732622,"East","24A","Low Shrub","Low Shrub","Sandy Gravel","Mesic",0,813.776917,295,20.303024,-149.727576,68.004859,-0.1177806645292,0.888890996559995,"235-1-B-BENA_2015",8.80000003178914,-7.60833305120468,161,126,7.33333365122477,-9.28333337108294,2.70000004768372,12.0333334604899,13.2000000476837,0.933333343515793,60.9099986553192,292.989995956421,138.300004959106,1,"24A_2015",0.77
"648","235-2-A-BENA",2015,0.196,0.8897618713497,15,2000,18,"235-2","BENA",71,49,9,0,16,0,0,0,0,0,0,NA,NA,NA,0,0,0,0,510.631222,"East","24A","Dwarf Shrub-Lichen","Low Shrub","Sandy Gravel","Mesic",0,828.022217,289,26.243103,-149.726481,68.004961,-0.0216189859475163,0.978613029342892,"235-2-A-BENA_2015",8.80000003178914,-7.60833305120468,161,126,7.33333365122477,-9.28333337108294,2.70000004768372,12.0333334604899,13.2000000476837,0.933333343515793,60.9099986553192,292.989995956421,138.300004959106,1,"24A_2015",0.77
"649","235-2-B-BENA",2015,0.04575,0.101507803880599,32,1983,18,"235-2","BENA",54,38,8,0,9,0,0,0,0,0,0,NA,NA,NA,NA,0,0,0,510.631222,"East","24A","Dwarf Shrub-Lichen","Low Shrub","Sandy Gravel","Mesic",0,828.022217,289,26.243103,-149.726481,68.004961,-1.28826154114059,0.275749746229581,"235-2-B-BENA_2015",8.80000003178914,-7.60833305120468,161,126,7.33333365122477,-9.28333337108294,2.70000004768372,12.0333334604899,13.2000000476837,0.933333343515793,60.9099986553192,292.989995956421,138.300004959106,1,"24A_2015",0.77
"650","235-2-C-BENA",2015,0.02675,0.0280475501626274,27,1988,18,"235-2","BENA",58,33,8,0,9,0,2,0,0,0.222222222,0,NA,"Hare",NA,1,0,0,0,510.631222,"East","24A","Dwarf Shrub-Lichen","Low Shrub","Sandy Gravel","Mesic",0,828.022217,289,26.243103,-149.726481,68.004961,-2.77724301902663,0.0622097823542529,"235-2-C-BENA_2015",8.80000003178914,-7.60833305120468,161,126,7.33333365122477,-9.28333337108294,2.70000004768372,12.0333334604899,13.2000000476837,0.933333343515793,60.9099986553192,292.989995956421,138.300004959106,1,"24A_2015",0.77
"651","235-3-B-BENA",2015,0.0435,0.0837038092640828,30,1985,18,"235-3","BENA",59,31,10,0,15,0,0,0,0,0,0,NA,NA,NA,0,0,1,0,482.982181,"East","24A","Dwarf Shrub-Lichen","Low Shrub","Sandy Gravel","Mesic",0,817.546387,298,18.704132,-149.726784,68.005244,-1.55812904632737,0.210529594071667,"235-3-B-BENA_2015",8.80000003178914,-7.60833305120468,161,126,7.33333365122477,-9.28333337108294,2.70000004768372,12.0333334604899,13.2000000476837,0.933333343515793,60.9099986553192,292.989995956421,138.300004959106,1,"24A_2015",0.77
"652","235-3-C-BENA",2015,0.161,0.885902424774766,15,2000,18,"235-3","BENA",57,42,7,0,11,0,0,0,0,0,0,NA,NA,NA,0,0,1,0,482.982181,"East","24A","Dwarf Shrub-Lichen","Low Shrub","Sandy Gravel","Mesic",0,817.546387,298,18.704132,-149.726784,68.005244,-0.0259660381025601,0.974368180439045,"235-3-C-BENA_2015",8.80000003178914,-7.60833305120468,161,126,7.33333365122477,-9.28333337108294,2.70000004768372,12.0333334604899,13.2000000476837,0.933333343515793,60.9099986553192,292.989995956421,138.300004959106,1,"24A_2015",0.77
"653","235-4-A-BENA",2015,0.14875,0.595004885869752,25,1990,18,"235-4","BENA",45,36,11,0,13,0,0,0,0,0,0,NA,NA,NA,0,0,0,0,503.848767,"East","24A","Low Shrub","Low Shrub","Sandy Gravel","Mesic",0,825.290771,293,20.728168,-149.726015,68.005351,0.18558472337711,1.20392219580856,"235-4-A-BENA_2015",8.80000003178914,-7.60833305120468,161,126,7.33333365122477,-9.28333337108294,2.70000004768372,12.0333334604899,13.2000000476837,0.933333343515793,60.9099986553192,292.989995956421,138.300004959106,1,"24A_2015",0.77
"654","235-4-C-BENA",2015,0.31375,3.11497845507537,19,1996,18,"235-4","BENA",61,45,11,0,10,0,0,0,0,0,0,NA,NA,NA,0,0,0,0,503.848767,"East","24A","Low Shrub","Low Shrub","Sandy Gravel","Mesic",0,825.290771,293,20.728168,-149.726015,68.005351,1.51349652676774,4.54258633321125,"235-4-C-BENA_2015",8.80000003178914,-7.60833305120468,161,126,7.33333365122477,-9.28333337108294,2.70000004768372,12.0333334604899,13.2000000476837,0.933333343515793,60.9099986553192,292.989995956421,138.300004959106,1,"24A_2015",0.77
"655","240-1-C-BENA",2015,0.156,1.35460448674546,9,2006,19,"240-1","BENA",52,36,9,0,17,0,0,0,0,0,0,NA,NA,NA,0,0,1,0,395.986648,"West","24A","Low Shrub","Low Shrub","Sandy Loam","Mesic",0,1043.032227,75,23.365055,-149.606437,68.069578,-0.210896012498688,0.809858277641476,"240-1-C-BENA_2015",7.71828842163086,-8.09881303707759,202.579755783081,175.218667984009,7.33333365122477,-9.28333337108294,2.70000004768372,12.0333334604899,13.2000000476837,0.933333343515793,60.9099986553192,292.989995956421,138.300004959106,1,"24A_2015",0.77
"656","240-1-D-BENA",2015,0.17925,0.791620676696506,16,1999,19,"240-1","BENA",70,38,7,0,13,0,0,0,0,0,0,NA,NA,NA,0,0,1,0,395.986648,"West","24A","Low Shrub","Low Shrub","Sandy Loam","Mesic",0,1043.032227,75,23.365055,-149.606437,68.069578,-0.0614742075544013,0.940377200054413,"240-1-D-BENA_2015",7.71828842163086,-8.09881303707759,202.579755783081,175.218667984009,7.33333365122477,-9.28333337108294,2.70000004768372,12.0333334604899,13.2000000476837,0.933333343515793,60.9099986553192,292.989995956421,138.300004959106,1,"24A_2015",0.77
"657","240-2-A-BENA",2015,0.08075,0.329598426105506,19,1996,19,"240-2","BENA",90,57,9,0,23,0,0,2,0,0,0.086956522,NA,NA,"Ptarmagin",1,0,0,0,426.292991,"West","24A","Tussock Tundra (Low shrub or Herbaceous)","Low Shrub","Sandy Loam","Mesic",0,1048.270996,87,24.096361,-149.606886,68.069926,-0.732605965062605,0.480654787013152,"240-2-A-BENA_2015",7.71828842163086,-8.09881303707759,202.579755783081,175.218667984009,7.33333365122477,-9.28333337108294,2.70000004768372,12.0333334604899,13.2000000476837,0.933333343515793,60.9099986553192,292.989995956421,138.300004959106,1,"24A_2015",0.77
"658","240-2-D-BENA",2015,0.122,0.370051340258995,17,1998,19,"240-2","BENA",84,31,8,0,10,0,0,0,0,0,0,NA,NA,NA,0,0,0,0,426.292991,"West","24A","Tussock Tundra (Low shrub or Herbaceous)","Low Shrub","Sandy Loam","Mesic",0,1048.270996,87,24.096361,-149.606886,68.069926,-0.749569083408356,0.472570147188891,"240-2-D-BENA_2015",7.71828842163086,-8.09881303707759,202.579755783081,175.218667984009,7.33333365122477,-9.28333337108294,2.70000004768372,12.0333334604899,13.2000000476837,0.933333343515793,60.9099986553192,292.989995956421,138.300004959106,1,"24A_2015",0.77
"659","240-3-A-BENA",2015,0.284,2.15112388813662,11,2004,19,"240-3","BENA",66,43,8,0,18,0,0,0,0,0,0,NA,NA,NA,0,0,1,3,399.798137,"West","24A","Low Shrub","Low Shrub","Sandy Loam","Mesic",0,1034.808228,93,20.584356,-149.606025,68.07014,0.491053007997911,1.63403596728505,"240-3-A-BENA_2015",7.71828842163086,-8.09881303707759,202.579755783081,175.218667984009,7.33333365122477,-9.28333337108294,2.70000004768372,12.0333334604899,13.2000000476837,0.933333343515793,60.9099986553192,292.989995956421,138.300004959106,1,"24A_2015",0.77
"660","240-3-D-BENA",2015,0.14325,0.629258848669086,31,1984,19,"240-3","BENA",97,46,12,0,13,0,0,2,0,0,0.153846154,NA,NA,"Ptarmagin",1,0,1,3,399.798137,"West","24A","Low Shrub","Low Shrub","Sandy Loam","Mesic",0,1034.808228,93,20.584356,-149.606025,68.07014,0.498258525271027,1.64585256288817,"240-3-D-BENA_2015",7.71828842163086,-8.09881303707759,202.579755783081,175.218667984009,7.33333365122477,-9.28333337108294,2.70000004768372,12.0333334604899,13.2000000476837,0.933333343515793,60.9099986553192,292.989995956421,138.300004959106,1,"24A_2015",0.77
"661","240-4-B-BENA",2015,0.0205,0.0606350944087737,47,1968,19,"240-4","BENA",102,72,15,0,13,0,0,0,0,0,0,NA,NA,NA,0,0,2,0,431.079046,"West","24A","Low Shrub","Low Shrub","Sandy Loam","Mesic",0,1046.807861,94,24.616484,-149.606605,68.070368,-1.34479004426704,0.260594415408186,"240-4-B-BENA_2015",7.71828842163086,-8.09881303707759,202.579755783081,175.218667984009,7.33333365122477,-9.28333337108294,2.70000004768372,12.0333334604899,13.2000000476837,0.933333343515793,60.9099986553192,292.989995956421,138.300004959106,1,"24A_2015",0.77
"662","240-4-D-BENA",2015,0.41225,1.30127339890674,30,1985,19,"240-4","BENA",83,41,16,0,29,0,0,3,0,0,0.103448276,NA,NA,"Ptarmagin",1,0,2,0,431.079046,"West","24A","Low Shrub","Low Shrub","Sandy Loam","Mesic",0,1046.807861,94,24.616484,-149.606605,68.070368,1.18568506792813,3.27292823178179,"240-4-D-BENA_2015",7.71828842163086,-8.09881303707759,202.579755783081,175.218667984009,7.33333365122477,-9.28333337108294,2.70000004768372,12.0333334604899,13.2000000476837,0.933333343515793,60.9099986553192,292.989995956421,138.300004959106,1,"24A_2015",0.77
"663","255-1-A-BENA",2015,0.101,0.347761740381775,46,1969,20,"255-1","BENA",71,26,15,0,17,0,0,0,0,0,0,NA,NA,NA,0,0,0,0,585.543915,"East","26B","Low Shrub","Low Shrub","Sandy Gravel","Mesic - Xeric",0,991.483582,331,1.701594,-149.392735,68.222633,0.376189519991975,1.45672318577805,"255-1-A-BENA_2015",8.03784688313802,-8.52838518222173,210.864593505859,157.909729003906,5.40000001589457,-10.8000001658996,0.900000045696894,9.90000025431315,8.30000001192093,0.816666670143604,48.6899993419647,310.279995918274,137.500001907349,1,"26B_2015",0.27
"664","255-1-B-BENA",2015,0.0485,0.101019482572507,16,1999,20,"255-1","BENA",41,27,7,0,12,0,0,0,0,0,0,NA,NA,NA,0,0,0,0,585.543915,"East","26B","Low Shrub","Low Shrub","Sandy Gravel","Mesic - Xeric",0,991.483582,331,1.701594,-149.392735,68.222633,-2.12024314607714,0.1200024468397,"255-1-B-BENA_2015",8.03784688313802,-8.52838518222173,210.864593505859,157.909729003906,5.40000001589457,-10.8000001658996,0.900000045696894,9.90000025431315,8.30000001192093,0.816666670143604,48.6899993419647,310.279995918274,137.500001907349,1,"26B_2015",0.27
"665","255-2-C-BENA",2015,0.05425,0.115509882337649,34,1981,20,"255-2","BENA",65,27,8,0,20,0,0,0,0,0,0,NA,NA,NA,0,0,1,1,631.079496,"East","26B","Low Shrub","Low Shrub","Sandy Gravel","Mesic - Xeric",0,993.382141,286,2.676414,-149.39171,68.222788,-1.08669543032716,0.3373293823316,"255-2-C-BENA_2015",8.03784688313802,-8.52838518222173,210.864593505859,157.909729003906,5.40000001589457,-10.8000001658996,0.900000045696894,9.90000025431315,8.30000001192093,0.816666670143604,48.6899993419647,310.279995918274,137.500001907349,1,"26B_2015",0.27
"666","255-2-D-BENA",2015,0.055,0.194299651642894,26,1989,20,"255-2","BENA",60,32,10,0,11,0,0,0,0,0,0,NA,NA,NA,0,0,1,1,631.079496,"East","26B","Low Shrub","Low Shrub","Sandy Gravel","Mesic - Xeric",0,993.382141,286,2.676414,-149.39171,68.222788,-0.886779737397948,0.411980303671504,"255-2-D-BENA_2015",8.03784688313802,-8.52838518222173,210.864593505859,157.909729003906,5.40000001589457,-10.8000001658996,0.900000045696894,9.90000025431315,8.30000001192093,0.816666670143604,48.6899993419647,310.279995918274,137.500001907349,1,"26B_2015",0.27
"667","255-3-A-BENA",2015,0.15275,0.413775045063954,15,2000,20,"255-3","BENA",61,31,7,0,17,0,0,0,0,0,0,NA,NA,NA,0,0,1,0,600.399561,"East","26B","Tussock Tundra (Low shrub or Herbaceous)","Low Shrub","Sandy Gravel","Mesic - Xeric",0,990.277893,304,2.837043,-149.392647,68.223106,-0.787250395855909,0.455094405992344,"255-3-A-BENA_2015",8.03784688313802,-8.52838518222173,210.864593505859,157.909729003906,5.40000001589457,-10.8000001658996,0.900000045696894,9.90000025431315,8.30000001192093,0.816666670143604,48.6899993419647,310.279995918274,137.500001907349,1,"26B_2015",0.27
"668","255-3-D-BENA",2015,0.255,1.21808186559474,10,2005,20,"255-3","BENA",53,42,6,0,12,0,0,1,0,0,0.083333333,NA,NA,"Ptarmagin",1,0,1,0,600.399561,"East","26B","Tussock Tundra (Low shrub or Herbaceous)","Low Shrub","Sandy Gravel","Mesic - Xeric",0,990.277893,304,2.837043,-149.392647,68.223106,-0.191397377117722,0.825804367182528,"255-3-D-BENA_2015",8.03784688313802,-8.52838518222173,210.864593505859,157.909729003906,5.40000001589457,-10.8000001658996,0.900000045696894,9.90000025431315,8.30000001192093,0.816666670143604,48.6899993419647,310.279995918274,137.500001907349,1,"26B_2015",0.27
"669","255-4-B-BENA",2015,0.0555,0.44566005065294,19,1996,20,"255-4","BENA",49,32,10,0,25,0,0,0,0,0,0,NA,NA,NA,0,0,0,2,644.564014,"East","26B","Low Shrub","Low Shrub","Sandy Gravel","Mesic - Xeric",0,993.003235,239,7.430982,-149.391619,68.223199,-0.430924544804112,0.649907947856189,"255-4-B-BENA_2015",8.03784688313802,-8.52838518222173,210.864593505859,157.909729003906,5.40000001589457,-10.8000001658996,0.900000045696894,9.90000025431315,8.30000001192093,0.816666670143604,48.6899993419647,310.279995918274,137.500001907349,1,"26B_2015",0.27
"670","255-4-D-BENA",2015,0.041,0.0707141090396525,38,1977,20,"255-4","BENA",56,29,5,0,12,0,0,0,0,0,0,NA,NA,NA,0,0,0,2,644.564014,"East","26B","Low Shrub","Low Shrub","Sandy Gravel","Mesic - Xeric",0,993.003235,239,7.430982,-149.391619,68.223199,-1.44467655395641,0.235822340024511,"255-4-D-BENA_2015",8.03784688313802,-8.52838518222173,210.864593505859,157.909729003906,5.40000001589457,-10.8000001658996,0.900000045696894,9.90000025431315,8.30000001192093,0.816666670143604,48.6899993419647,310.279995918274,137.500001907349,1,"26B_2015",0.27
"671","261-1-C-BENA",2015,0.015,0.0196506623623636,39,1976,21,"261-1","BENA",52,23,10,0,13,0,0,0,0,0,0,NA,NA,NA,0,0,0,0,356.206777,"East","26B","Dwarf Shrub","Low Shrub","Sandy Loam","Mesic",0,883.832947,287,13.943512,-149.352299,68.301689,-2.69421307147255,0.0675955537197709,"261-1-C-BENA_2015",8.26493883132935,-8.65867070357005,233.609363555908,158.178260803223,5.40000001589457,-10.8000001658996,0.900000045696894,9.90000025431315,8.30000001192093,0.816666670143604,48.6899993419647,310.279995918274,137.500001907349,1,"26B_2015",0.27
"672","261-1-D-BENA",2015,0.046,0.164311578968053,26,1989,21,"261-1","BENA",59,19,9,0,15,0,0,0,0,0,0,NA,NA,NA,0,0,0,0,356.206777,"East","26B","Dwarf Shrub","Low Shrub","Sandy Loam","Mesic",0,883.832947,287,13.943512,-149.352299,68.301689,-1.05441680379016,0.348395551034836,"261-1-D-BENA_2015",8.26493883132935,-8.65867070357005,233.609363555908,158.178260803223,5.40000001589457,-10.8000001658996,0.900000045696894,9.90000025431315,8.30000001192093,0.816666670143604,48.6899993419647,310.279995918274,137.500001907349,1,"26B_2015",0.27
"673","261-2-B-BENA",2015,0.1075,0.506919536601615,29,1986,21,"261-2","BENA",66,25,12,0,19,0,0,0,0,0,0,NA,NA,NA,0,0,0,1,388.99561,"East","26B","Dwarf Shrub-Lichen","Low Shrub","Sandy Loam","Mesic",0,888.892761,295,13.025289,-149.351465,68.301786,0.202482720539597,1.22443892729516,"261-2-B-BENA_2015",8.26493883132935,-8.65867070357005,233.609363555908,158.178260803223,5.40000001589457,-10.8000001658996,0.900000045696894,9.90000025431315,8.30000001192093,0.816666670143604,48.6899993419647,310.279995918274,137.500001907349,1,"26B_2015",0.27
"674","261-2-C-BENA",2015,0.018,0.0200465027225562,24,1991,21,"261-2","BENA",37,18,8,0,13,0,0,0,0,0,0,NA,NA,NA,0,0,0,1,388.99561,"East","26B","Dwarf Shrub-Lichen","Low Shrub","Sandy Loam","Mesic",0,888.892761,295,13.025289,-149.351465,68.301786,-3.2536446466691,0.0386331467593329,"261-2-C-BENA_2015",8.26493883132935,-8.65867070357005,233.609363555908,158.178260803223,5.40000001589457,-10.8000001658996,0.900000045696894,9.90000025431315,8.30000001192093,0.816666670143604,48.6899993419647,310.279995918274,137.500001907349,1,"26B_2015",0.27
"675","261-3-A-BENA",2015,0.0725,0.444484309602336,10,2005,21,"261-3","BENA",70,41,11,0,15,0,0,0,0,0,0,NA,NA,NA,0,0,0,1,380.53651,"East","26B","Tussock Tundra (Low shrub or Herbaceous)","Low Shrub","Sandy Loam","Mesic",0,884.224731,295,11.657486,-149.351558,68.302088,-1.19951528091227,0.30134024188473,"261-3-A-BENA_2015",8.26493883132935,-8.65867070357005,233.609363555908,158.178260803223,5.40000001589457,-10.8000001658996,0.900000045696894,9.90000025431315,8.30000001192093,0.816666670143604,48.6899993419647,310.279995918274,137.500001907349,1,"26B_2015",0.27
"676","261-3-D-BENA",2015,0.179,0.51379589933807,35,1980,21,"261-3","BENA",74,41,14,0,26,0,0,0,0,0,0,NA,NA,NA,0,0,0,1,380.53651,"East","26B","Tussock Tundra (Low shrub or Herbaceous)","Low Shrub","Sandy Loam","Mesic",0,884.224731,295,11.657486,-149.351558,68.302088,0.440366533646364,1.55327644226333,"261-3-D-BENA_2015",8.26493883132935,-8.65867070357005,233.609363555908,158.178260803223,5.40000001589457,-10.8000001658996,0.900000045696894,9.90000025431315,8.30000001192093,0.816666670143604,48.6899993419647,310.279995918274,137.500001907349,1,"26B_2015",0.27
"677","261-4-A-BENA",2015,0.0525,0.117680133812657,50,1965,21,"261-4","BENA",45,23,13,0,13,0,0,0,0,0,0,NA,NA,NA,0,0,0,0,405.679111,"East","26B","Low Shrub","Low Shrub","Sandy Loam","Mesic",0,886.626587,308,9.946874,-149.350886,68.302265,-0.607855361415196,0.544517410771448,"261-4-A-BENA_2015",8.26493883132935,-8.65867070357005,233.609363555908,158.178260803223,5.40000001589457,-10.8000001658996,0.900000045696894,9.90000025431315,8.30000001192093,0.816666670143604,48.6899993419647,310.279995918274,137.500001907349,1,"26B_2015",0.27
"678","261-4-B-BENA",2015,0.02775,0.0521985436870981,29,1986,21,"261-4","BENA",71,30,12,0,13,0,0,0,0,0,0,NA,NA,NA,0,0,0,0,405.679111,"East","26B","Low Shrub","Low Shrub","Sandy Loam","Mesic",0,886.626587,308,9.946874,-149.350886,68.302265,-2.07081496974403,0.126082986004206,"261-4-B-BENA_2015",8.26493883132935,-8.65867070357005,233.609363555908,158.178260803223,5.40000001589457,-10.8000001658996,0.900000045696894,9.90000025431315,8.30000001192093,0.816666670143604,48.6899993419647,310.279995918274,137.500001907349,1,"26B_2015",0.27
"679","268-1-B-BENA",2015,0.089,0.263944048384,30,1985,22,"268-1","BENA",63,26,6,0,12,0,0,0,0,0,0,NA,NA,NA,0,0,1,2,212.091228,"West","26B","Low Shrub","Low Shrub","Sandy Gravel","Mesic",0,818.738892,195,1.432166,-149.327109,68.400098,-0.40967639096325,0.663865048107913,"268-1-B-BENA_2015",9.29548597335815,-8.06171858310699,244,144.909729003906,5.40000001589457,-10.8000001658996,0.900000045696894,9.90000025431315,8.30000001192093,0.816666670143604,48.6899993419647,310.279995918274,137.500001907349,1,"26B_2015",0.27
"680","268-1-C-BENA",2015,0.0715,0.180148347534799,27,1988,22,"268-1","BENA",47,18,6,0,11,0,0,0,0,0,0,NA,NA,NA,0,0,1,2,212.091228,"West","26B","Low Shrub","Low Shrub","Sandy Gravel","Mesic",0,818.738892,195,1.432166,-149.327109,68.400098,-0.917363644516634,0.399571065089,"268-1-C-BENA_2015",9.29548597335815,-8.06171858310699,244,144.909729003906,5.40000001589457,-10.8000001658996,0.900000045696894,9.90000025431315,8.30000001192093,0.816666670143604,48.6899993419647,310.279995918274,137.500001907349,1,"26B_2015",0.27
"681","268-2-A-BENA",2015,0.0735,0.364371340741306,25,1990,22,"268-2","BENA",60,23,9,0,24,0,0,0,0,0,0,NA,NA,NA,0,0,0,4,184.615387,"West","26B","Low Shrub","Low Shrub","Sandy Gravel","Mesic",0,819.441162,203,1.359031,-149.326454,68.400307,-0.304811379188731,0.737262424313954,"268-2-A-BENA_2015",9.29548597335815,-8.06171858310699,244,144.909729003906,5.40000001589457,-10.8000001658996,0.900000045696894,9.90000025431315,8.30000001192093,0.816666670143604,48.6899993419647,310.279995918274,137.500001907349,1,"26B_2015",0.27
"682","268-3-C-BENA",2015,0.10525,0.385788952307612,12,2003,22,"268-3","BENA",50,27,5,0,11,0,0,0,0,0,0,NA,NA,NA,0,0,0,0,206.549982,"West","26B","Low Shrub","Low Shrub","Sandy Gravel","Mesic",0,819.661011,150,1.610195,-149.326989,68.400547,-1.1235682120287,0.325117633786348,"268-3-C-BENA_2015",9.29548597335815,-8.06171858310699,244,144.909729003906,5.40000001589457,-10.8000001658996,0.900000045696894,9.90000025431315,8.30000001192093,0.816666670143604,48.6899993419647,310.279995918274,137.500001907349,1,"26B_2015",0.27
"683","268-4-C-BENA",2015,0.089,0.313573358329085,36,1979,22,"268-4","BENA",58,32,8,0,18,0,0,0,0,0,0,NA,NA,NA,0,0,0,5,171.881056,"West","26B","Dwarf Shrub-Lichen","Low Shrub","Sandy Gravel","Mesic",0,820.486511,188,1.085947,-149.326166,68.400831,-0.0198088431760353,0.980386062881827,"268-4-C-BENA_2015",9.29548597335815,-8.06171858310699,244,144.909729003906,5.40000001589457,-10.8000001658996,0.900000045696894,9.90000025431315,8.30000001192093,0.816666670143604,48.6899993419647,310.279995918274,137.500001907349,1,"26B_2015",0.27
"684","268-4-D-BENA",2015,0.02,0.0382331825941879,27,1988,22,"268-4","BENA",57,23,7,0,15,0,0,0,0,0,0,NA,NA,NA,0,0,0,5,171.881056,"West","26B","Dwarf Shrub-Lichen","Low Shrub","Sandy Gravel","Mesic",0,820.486511,188,1.085947,-149.326166,68.400831,-2.46744051610153,0.08480162987868,"268-4-D-BENA_2015",9.29548597335815,-8.06171858310699,244,144.909729003906,5.40000001589457,-10.8000001658996,0.900000045696894,9.90000025431315,8.30000001192093,0.816666670143604,48.6899993419647,310.279995918274,137.500001907349,1,"26B_2015",0.27
"685","282-1-B-BENA",2015,0.0996666666666667,0.212185617337209,26,1989,23,"282-1","BENA",41,18,8,0,9,0,0,0,0,0,0,NA,NA,NA,0,0,0,0,577.316923,"West","26B","Tussock Tundra (Low shrub or Herbaceous)","Tussock Tundra","Clay Loam","Mesic",0,826.622314,26,2.82316,-149.530032,68.582817,-0.798719855820994,0.449904538305466,"282-1-B-BENA_2015",9.76666673024496,-7.77499983708064,232,141,9.80000019073486,-7.29166685044765,5.16666682561239,14.5333337783813,34.2000008821487,1.08333336561918,82.4699975252151,267.959998130798,126.400003433228,1,"26B_2015",0.27
"686","282-1-D-BENA",2015,0.17925,0.952957560120689,25,1990,23,"282-1","BENA",74,20,11,0,15,0,0,0,0,0,0,NA,NA,NA,0,0,0,0,577.316923,"West","26B","Tussock Tundra (Low shrub or Herbaceous)","Tussock Tundra","Clay Loam","Mesic",0,826.622314,26,2.82316,-149.530032,68.582817,0.656585476055102,1.928197205668,"282-1-D-BENA_2015",9.76666673024496,-7.77499983708064,232,141,9.80000019073486,-7.29166685044765,5.16666682561239,14.5333337783813,34.2000008821487,1.08333336561918,82.4699975252151,267.959998130798,126.400003433228,1,"26B_2015",0.27
"687","282-2-A-BENA",2015,0.0105,0.0107041915689438,28,1987,23,"282-2","BENA",44,16,6,0,7,0,0,0,0,0,0,NA,NA,NA,0,0,0,0,604.079816,"West","26B","Low Shrub","Low Shrub-Tussock Tundra","Clay Loam","Mesic",0,826.41803,354,3.355184,-149.530916,68.583004,-3.69710999347227,0.0247950809699098,"282-2-A-BENA_2015",9.76666673024496,-7.77499983708064,232,141,9.80000019073486,-7.29166685044765,5.16666682561239,14.5333337783813,34.2000008821487,1.08333336561918,82.4699975252151,267.959998130798,126.400003433228,1,"26B_2015",0.27
"688","282-2-B-BENA",2015,0.13575,0.329768857506963,24,1991,23,"282-2","BENA",27,18,6,0,5,0,0,0,0,0,0,NA,NA,NA,0,0,0,0,604.079816,"West","26B","Low Shrub","Low Shrub-Tussock Tundra","Clay Loam","Mesic",0,826.41803,354,3.355184,-149.530916,68.583004,-0.453307380158216,0.635522756514981,"282-2-B-BENA_2015",9.76666673024496,-7.77499983708064,232,141,9.80000019073486,-7.29166685044765,5.16666682561239,14.5333337783813,34.2000008821487,1.08333336561918,82.4699975252151,267.959998130798,126.400003433228,1,"26B_2015",0.27
"689","282-3-B-BENA",2015,0.01325,0.0396592693093767,21,1994,23,"282-3","BENA",31,18,7,0,8,0,0,0,0,0,0,NA,NA,NA,0,0,0,0,571.732475,"West","26B","Low Shrub","Low Shrub-Tussock Tundra","Clay Loam","Mesic",0,823.876221,27,3.830761,-149.53038,68.583298,-2.73072282980836,0.0651721642553534,"282-3-B-BENA_2015",9.76666673024496,-7.77499983708064,232,141,9.80000019073486,-7.29166685044765,5.16666682561239,14.5333337783813,34.2000008821487,1.08333336561918,82.4699975252151,267.959998130798,126.400003433228,1,"26B_2015",0.27
"690","282-3-D-BENA",2015,0.0875,0.444083756539002,18,1997,23,"282-3","BENA",82,20,10,0,18,0,0,0,0,0,0,NA,NA,NA,0,0,0,0,571.732475,"West","26B","Low Shrub","Low Shrub-Tussock Tundra","Clay Loam","Mesic",0,823.876221,27,3.830761,-149.53038,68.583298,-0.498988307123991,0.607144592963729,"282-3-D-BENA_2015",9.76666673024496,-7.77499983708064,232,141,9.80000019073486,-7.29166685044765,5.16666682561239,14.5333337783813,34.2000008821487,1.08333336561918,82.4699975252151,267.959998130798,126.400003433228,1,"26B_2015",0.27
"691","282-4-A-BENA",2015,0.06875,0.352108722866639,27,1988,23,"282-4","BENA",52,15,7,0,6,0,0,0,0,0,0,NA,NA,NA,0,0,0,0,597.547448,"West","26B","Tussock Tundra (Low shrub or Herbaceous)","Low Shrub-Tussock Tundra","Clay Loam","Mesic",0,823.620117,358,4.137664,-149.531178,68.583423,-0.247204309263118,0.780981115554074,"282-4-A-BENA_2015",9.76666673024496,-7.77499983708064,232,141,9.80000019073486,-7.29166685044765,5.16666682561239,14.5333337783813,34.2000008821487,1.08333336561918,82.4699975252151,267.959998130798,126.400003433228,1,"26B_2015",0.27
"692","282-4-C-BENA",2015,0.04375,0.15417856821344,15,2000,23,"282-4","BENA",38,12,6,0,9,0,0,0,0,0,0,NA,NA,NA,0,0,0,0,597.547448,"West","26B","Tussock Tundra (Low shrub or Herbaceous)","Low Shrub-Tussock Tundra","Clay Loam","Mesic",0,823.620117,358,4.137664,-149.531178,68.583423,-1.77446138806485,0.169574759896408,"282-4-C-BENA_2015",9.76666673024496,-7.77499983708064,232,141,9.80000019073486,-7.29166685044765,5.16666682561239,14.5333337783813,34.2000008821487,1.08333336561918,82.4699975252151,267.959998130798,126.400003433228,1,"26B_2015",0.27
"693","60-1-A-BENA",2015,0.3225,3.45387481733825,11,2004,1,"60-1","BENA",121,NA,11,3,23,0,2,0,0,0.086956522,0,NA,"Hare",NA,1,0,1,0,1438.56091,"West","20F","Low Shrub","Low Shrub-Tussock Tundra","Silt Loam","Mesic",0,110.943649,215,1.507567,-149.840126,65.909691,0.964559300029265,2.62363116748223,"60-1-A-BENA_2015",14.4909725189209,-4.33483805259069,109.451354980469,108.270812988281,13.8333336512248,-2.37499990065893,8.50000031789144,19.2333335876465,87.9000005722046,1.14166667747001,118.639998435974,232.279997289181,182.200002670288,1,"20F_2015",0.375
"694","60-1-B-BENA",2015,0.12325,0.605098823065734,11,2004,1,"60-1","BENA",129,NA,14,0,32,0,4,0,0,0.125,0,NA,"Hare",NA,1,0,1,0,1438.56091,"West","20F","Low Shrub","Low Shrub-Tussock Tundra","Silt Loam","Mesic",0,110.943649,215,1.507567,-149.840126,65.909691,-0.777300926609747,0.459644954018783,"60-1-B-BENA_2015",14.4909725189209,-4.33483805259069,109.451354980469,108.270812988281,13.8333336512248,-2.37499990065893,8.50000031789144,19.2333335876465,87.9000005722046,1.14166667747001,118.639998435974,232.279997289181,182.200002670288,1,"20F_2015",0.375
"695","60-2-A-BENA",2015,0.05325,0.23876437961502,14,2001,1,"60-2","BENA",89,NA,9,0,10,0,0,0,0,0,0,NA,NA,NA,0,0,2,0,1432.670461,"West","20F","Low Shrub","Low Shrub","Silt Loam","Mesic",0,110.927505,264,1.953402,-149.84073,65.909949,-1.41942750622966,0.241852436284252,"60-2-A-BENA_2015",14.4909725189209,-4.33483805259069,109.451354980469,108.270812988281,13.8333336512248,-2.37499990065893,8.50000031789144,19.2333335876465,87.9000005722046,1.14166667747001,118.639998435974,232.279997289181,182.200002670288,1,"20F_2015",0.375
"696","60-2-D-BENA",2015,0.08975,0.349980293843833,14,2001,1,"60-2","BENA",102,NA,7,0,18,0,0,0,0,0,0,NA,NA,NA,0,0,2,0,1432.670461,"West","20F","Low Shrub","Low Shrub","Silt Loam","Mesic",0,110.927505,264,1.953402,-149.84073,65.909949,-1.0370278629358,0.35450676040575,"60-2-D-BENA_2015",14.4909725189209,-4.33483805259069,109.451354980469,108.270812988281,13.8333336512248,-2.37499990065893,8.50000031789144,19.2333335876465,87.9000005722046,1.14166667747001,118.639998435974,232.279997289181,182.200002670288,1,"20F_2015",0.375
"697","60-3-A-BENA",2015,0.148,0.766944448150262,8,2007,1,"60-3","BENA",83,NA,8,11,15,0,0,0,0,0,0,NA,NA,NA,0,0,3,0,1403.187226,"West","20F","Low Shrub","Black Spruce Woodland","Silt Loam","Mesic",0,111.24585,78,1.323723,-149.840194,65.910114,-0.920301488657365,0.398398910223839,"60-3-A-BENA_2015",14.4909725189209,-4.33483805259069,109.451354980469,108.270812988281,13.8333336512248,-2.37499990065893,8.50000031789144,19.2333335876465,87.9000005722046,1.14166667747001,118.639998435974,232.279997289181,182.200002670288,1,"20F_2015",0.375
"698","60-3-D-BENA",2015,0.1745,0.717604164729308,11,2004,1,"60-3","BENA",101,NA,8,0,12,0,0,0,0,0,0,NA,NA,NA,0,0,3,0,1403.187226,"West","20F","Low Shrub","Black Spruce Woodland","Silt Loam","Mesic",0,111.24585,78,1.323723,-149.840194,65.910114,-0.606774600792083,0.545106221872222,"60-3-D-BENA_2015",14.4909725189209,-4.33483805259069,109.451354980469,108.270812988281,13.8333336512248,-2.37499990065893,8.50000031789144,19.2333335876465,87.9000005722046,1.14166667747001,118.639998435974,232.279997289181,182.200002670288,1,"20F_2015",0.375
"699","60-4-A-BENA",2015,0.0925,0.304836589159451,16,1999,1,"60-4","BENA",92,NA,7,13,13,0,0,0,0,0,0,NA,NA,NA,0,0,1,0,1406.241796,"West","20F","Tall Shrub (Open-Closed)","Black Spruce Woodland","Silt Loam","Mesic",0,110.670654,252,1.181915,-149.840942,65.910317,-1.01578068129177,0.362119619442183,"60-4-A-BENA_2015",14.4909725189209,-4.33483805259069,109.451354980469,108.270812988281,13.8333336512248,-2.37499990065893,8.50000031789144,19.2333335876465,87.9000005722046,1.14166667747001,118.639998435974,232.279997289181,182.200002670288,1,"20F_2015",0.375
"700","60-4-B-BENA",2015,0.115,0.408249965333993,25,1990,1,"60-4","BENA",95,NA,9,0,9,0,2,0,0,0.222222222,0,NA,"Hare",NA,1,0,1,0,1406.241796,"West","20F","Tall Shrub (Open-Closed)","Black Spruce Woodland","Silt Loam","Mesic",0,110.670654,252,1.181915,-149.840942,65.910317,-0.19110524674371,0.826045644961743,"60-4-B-BENA_2015",14.4909725189209,-4.33483805259069,109.451354980469,108.270812988281,13.8333336512248,-2.37499990065893,8.50000031789144,19.2333335876465,87.9000005722046,1.14166667747001,118.639998435974,232.279997289181,182.200002670288,1,"20F_2015",0.375
"701","72-1-C-BENA",2015,0.04625,0.094335155153372,47,1968,2,"72-1","BENA",118,71,9,0,11,0,2,0,0,0.181818182,0,NA,"Hare",NA,1,0,0,0,895.937772,"West","20F","Tussock Tundra (Low shrub or Herbaceous)","Black Spruce Woodland","Clay Loam","Mesic",0,130.808105,148,1.606934,-150.14017,66.022623,-0.902809964007319,0.405428817244101,"72-1-C-BENA_2015",14.7007929484049,-4.06461497147878,105.310777664185,106.2024269104,12.6000003814697,-4.08333331346512,7.40000009536743,17.8666671117147,74.0000016689301,1.22500001701216,119.729996919632,245.679999291897,182.5,1,"20F_2015",0.375
"702","72-1-D-BENA",2015,0.075,0.250227854858428,59,1956,2,"72-1","BENA",65,41,8,7,4,0,0,0,0,0,0,NA,NA,NA,0,0,0,0,895.937772,"West","20F","Tussock Tundra (Low shrub or Herbaceous)","Black Spruce Woodland","Clay Loam","Mesic",0,130.808105,148,1.606934,-150.14017,66.022623,0.34406112354298,1.41066485770661,"72-1-D-BENA_2015",14.7007929484049,-4.06461497147878,105.310777664185,106.2024269104,12.6000003814697,-4.08333331346512,7.40000009536743,17.8666671117147,74.0000016689301,1.22500001701216,119.729996919632,245.679999291897,182.5,1,"20F_2015",0.375
"703","72-2-A-BENA",2015,0.03875,0.0940720467686342,46,1969,2,"72-2","BENA",121,72,12,21,14,0,0,0,0,0,0,NA,NA,NA,0,0,0,0,855.94066,"West","20F","Tussock Tundra (Low shrub or Herbaceous)","Black Spruce Woodland","Clay Loam","Mesic",0,131.055786,179,2.125059,-150.13956,66.022889,-0.931267127545657,0.394054077113332,"72-2-A-BENA_2015",14.7007929484049,-4.06461497147878,105.310777664185,106.2024269104,12.6000003814697,-4.08333331346512,7.40000009536743,17.8666671117147,74.0000016689301,1.22500001701216,119.729996919632,245.679999291897,182.5,1,"20F_2015",0.375
"704","72-2-B-BENA",2015,0.23825,0.96947448349694,16,1999,2,"72-2","BENA",104,67,9,0,5,0,1,0,0,0.2,0,NA,"Hare",NA,1,0,0,0,855.94066,"West","20F","Tussock Tundra (Low shrub or Herbaceous)","Black Spruce Woodland","Clay Loam","Mesic",0,131.055786,179,2.125059,-150.13956,66.022889,0.141197614022767,1.15165220812514,"72-2-B-BENA_2015",14.7007929484049,-4.06461497147878,105.310777664185,106.2024269104,12.6000003814697,-4.08333331346512,7.40000009536743,17.8666671117147,74.0000016689301,1.22500001701216,119.729996919632,245.679999291897,182.5,1,"20F_2015",0.375
"705","72-3-C-BENA",2015,0.0955,0.34202519219632,13,2002,2,"72-3","BENA",65,39,9,0,4,0,0,0,0,0,0,NA,NA,NA,0,0,1,0,885.368743,"West","20F","Tussock Tundra (Low shrub or Herbaceous)","Black Spruce Woodland","Clay Loam","Mesic",0,132.401993,119,2.284806,-150.140609,66.023021,-1.14845622403823,0.317125963117844,"72-3-C-BENA_2015",14.7007929484049,-4.06461497147878,105.310777664185,106.2024269104,12.6000003814697,-4.08333331346512,7.40000009536743,17.8666671117147,74.0000016689301,1.22500001701216,119.729996919632,245.679999291897,182.5,1,"20F_2015",0.375
"706","72-3-D-BENA",2015,0.0405,0.07913986053658,59,1956,2,"72-3","BENA",104,47,11,0,9,0,0,0,0,0,0,NA,NA,NA,0,0,1,0,885.368743,"West","20F","Tussock Tundra (Low shrub or Herbaceous)","Black Spruce Woodland","Clay Loam","Mesic",0,132.401993,119,2.284806,-150.140609,66.023021,-0.80709412494355,0.446152648217036,"72-3-D-BENA_2015",14.7007929484049,-4.06461497147878,105.310777664185,106.2024269104,12.6000003814697,-4.08333331346512,7.40000009536743,17.8666671117147,74.0000016689301,1.22500001701216,119.729996919632,245.679999291897,182.5,1,"20F_2015",0.375
"707","72-4-A-BENA",2015,0.01975,0.0348856192722473,17,1998,2,"72-4","BENA",97,39,7,0,8,0,0,0,0,0,0,NA,NA,NA,0,0,0,0,844.255779,"West","20F","Tussock Tundra (Low shrub or Herbaceous)","Low Shrub-Tussock Tundra","Clay Loam","Mesic",0,132.260803,156,1.029158,-150.139994,66.023305,-3.11113614782362,0.0445503108372023,"72-4-A-BENA_2015",14.7007929484049,-4.06461497147878,105.310777664185,106.2024269104,12.6000003814697,-4.08333331346512,7.40000009536743,17.8666671117147,74.0000016689301,1.22500001701216,119.729996919632,245.679999291897,182.5,1,"20F_2015",0.375
"708","72-4-D-BENA",2015,0.02675,0.0519562483536902,18,1997,2,"72-4","BENA",85,37,8,0,12,0,0,0,0,0,0,NA,NA,NA,0,0,0,0,844.255779,"West","20F","Tussock Tundra (Low shrub or Herbaceous)","Low Shrub-Tussock Tundra","Clay Loam","Mesic",0,132.260803,156,1.029158,-150.139994,66.023305,-2.64459950600858,0.0710337966523962,"72-4-D-BENA_2015",14.7007929484049,-4.06461497147878,105.310777664185,106.2024269104,12.6000003814697,-4.08333331346512,7.40000009536743,17.8666671117147,74.0000016689301,1.22500001701216,119.729996919632,245.679999291897,182.5,1,"20F_2015",0.375
"709","86-1-A-BENA",2015,0.4085,4.52377561144479,11,2004,3,"86-1","BENA",142,NA,20,0,87,1,0,0,0.011494253,0,0,"Moose",NA,NA,1,1,0,0,1072.088921,"West","20F","Tall Shrub (Open-Closed)","Tall Shrub","Gravely Sand Loam","Mesic - Xeric",0,572.239319,57,8.372539,-150.2773,66.212913,1.23440952120196,3.43634883039254,"86-1-A-BENA_2015",12.5333331425985,-4.79166690508525,215,245,12.6000003814697,-4.08333331346512,7.40000009536743,17.8666671117147,74.0000016689301,1.22500001701216,119.729996919632,245.679999291897,182.5,1,"20F_2015",0.375
"710","86-1-B-BENA",2015,0.17375,1.57027894575476,10,2005,3,"86-1","BENA",95,NA,11,0,56,0,0,0,0,0,0,NA,NA,NA,0,1,0,0,1072.088921,"West","20F","Tall Shrub (Open-Closed)","Tall Shrub","Gravely Sand Loam","Mesic - Xeric",0,572.239319,57,8.372539,-150.2773,66.212913,0.0625785187549028,1.06457804497887,"86-1-B-BENA_2015",12.5333331425985,-4.79166690508525,215,245,12.6000003814697,-4.08333331346512,7.40000009536743,17.8666671117147,74.0000016689301,1.22500001701216,119.729996919632,245.679999291897,182.5,1,"20F_2015",0.375
"711","86-2-A-BENA",2015,0.477333333333333,7.61290276688539,11,2004,3,"86-2","BENA",118,NA,20,0,82,0,0,0,0,0,0,NA,NA,NA,0,0,0,0,1091.215231,"West","20F","Low Shrub","Tall Shrub","Gravely Sand Loam","Mesic - Xeric",0,576.231995,67,9.004415,-150.278061,66.212989,1.75490710402887,5.78291050791611,"86-2-A-BENA_2015",12.5333331425985,-4.79166690508525,215,245,12.6000003814697,-4.08333331346512,7.40000009536743,17.8666671117147,74.0000016689301,1.22500001701216,119.729996919632,245.679999291897,182.5,1,"20F_2015",0.375
"712","86-2-B-BENA",2015,0.47025,4.96421138986435,11,2004,3,"86-2","BENA",94,NA,18,3,35,0,0,0,0,0,0,NA,NA,NA,0,0,0,0,1091.215231,"West","20F","Low Shrub","Tall Shrub","Gravely Sand Loam","Mesic - Xeric",0,576.231995,67,9.004415,-150.278061,66.212989,1.32731701478793,3.77091250066081,"86-2-B-BENA_2015",12.5333331425985,-4.79166690508525,215,245,12.6000003814697,-4.08333331346512,7.40000009536743,17.8666671117147,74.0000016689301,1.22500001701216,119.729996919632,245.679999291897,182.5,1,"20F_2015",0.375
"713","86-3-A-BENA",2015,0.213,2.11989645715994,11,2004,3,"86-3","BENA",105,NA,18,0,64,0,0,0,0,0,0,NA,NA,NA,0,0,0,1,1057.338847,"West","20F","Tall Shrub (Open-Closed)","Tall Shrub","Gravely Sand Loam","Mesic - Xeric",0,571.701965,63,9.459789,-150.277761,66.213303,0.476429810299276,1.61031499720833,"86-3-A-BENA_2015",12.5333331425985,-4.79166690508525,215,245,12.6000003814697,-4.08333331346512,7.40000009536743,17.8666671117147,74.0000016689301,1.22500001701216,119.729996919632,245.679999291897,182.5,1,"20F_2015",0.375
"714","86-3-D-BENA",2015,0.33875,4.72058951895826,11,2004,3,"86-3","BENA",167,NA,18,0,12,0,0,0,0,0,0,NA,NA,NA,0,0,0,1,1057.338847,"West","20F","Tall Shrub (Open-Closed)","Tall Shrub","Gravely Sand Loam","Mesic - Xeric",0,571.701965,63,9.459789,-150.277761,66.213303,1.27699625365313,3.585852541226,"86-3-D-BENA_2015",12.5333331425985,-4.79166690508525,215,245,12.6000003814697,-4.08333331346512,7.40000009536743,17.8666671117147,74.0000016689301,1.22500001701216,119.729996919632,245.679999291897,182.5,1,"20F_2015",0.375
"715","86-4-C-BENA",2015,0.812666666666667,18.7863227112851,11,2004,3,"86-4","BENA",133,NA,26,0,52,0,0,0,0,0,0,NA,NA,NA,0,2,0,0,1074.730943,"West","20F","Low Shrub","Tall Shrub","Gravely Sand Loam","Mesic - Xeric",0,575.689697,64,9.57597,-150.278532,66.213405,2.65819165348141,14.2704598152434,"86-4-C-BENA_2015",12.5333331425985,-4.79166690508525,215,245,12.6000003814697,-4.08333331346512,7.40000009536743,17.8666671117147,74.0000016689301,1.22500001701216,119.729996919632,245.679999291897,182.5,1,"20F_2015",0.375
"716","86-4-D-BENA",2015,0.333,3.50216263932291,10,2005,3,"86-4","BENA",104,NA,11,0,31,0,0,0,0,0,0,NA,NA,NA,0,2,0,0,1074.730943,"West","20F","Low Shrub","Tall Shrub","Gravely Sand Loam","Mesic - Xeric",0,575.689697,64,9.57597,-150.278532,66.213405,0.864705917346358,2.3743077405756,"86-4-D-BENA_2015",12.5333331425985,-4.79166690508525,215,245,12.6000003814697,-4.08333331346512,7.40000009536743,17.8666671117147,74.0000016689301,1.22500001701216,119.729996919632,245.679999291897,182.5,1,"20F_2015",0.375
"717","97-1-C-BENA",2015,0.07775,0.212199857534427,9,2006,4,"97-1","BENA",63,29,7,0,3,0,0,0,0,0,0,NA,NA,NA,0,0,0,0,926.812684,"East","24A","Tussock Tundra (Low shrub or Herbaceous)","Low Shrub","Gravely Sand Loam","Mesic",2004,556.594971,67,6.396444,-150.432109,66.348765,-2.06463225669744,0.126864935721189,"97-1-C-BENA_2015",12.2045135498047,-4.80494818091393,220.774322509766,258.458374023438,12.6000003814697,-4.08333331346512,7.40000009536743,17.8666671117147,74.0000016689301,1.22500001701216,119.729996919632,245.679999291897,182.5,1,"24A_2015",0.77
"718","97-1-D-BENA",2015,0.17625,1.28722733815254,11,2004,4,"97-1","BENA",121,53,14,0,19,0,0,0,0,0,0,NA,NA,NA,0,0,0,0,926.812684,"East","24A","Tussock Tundra (Low shrub or Herbaceous)","Low Shrub","Gravely Sand Loam","Mesic",2004,556.594971,67,6.396444,-150.432109,66.348765,-0.0224468812937835,0.977803175453492,"97-1-D-BENA_2015",12.2045135498047,-4.80494818091393,220.774322509766,258.458374023438,12.6000003814697,-4.08333331346512,7.40000009536743,17.8666671117147,74.0000016689301,1.22500001701216,119.729996919632,245.679999291897,182.5,1,"24A_2015",0.77
"719","97-2-A-BENA",2015,0.17375,1.27961290295841,10,2005,4,"97-2","BENA",102,64,9,0,13,0,0,0,0,0,0,NA,NA,NA,0,0,0,0,888.474156,"East","24A","Tussock Tundra (Low shrub or Herbaceous)","Low Shrub","Gravely Sand Loam","Mesic",2004,560.389526,70,6.330689,-150.43305,66.348843,-0.142117144648931,0.867519625251312,"97-2-A-BENA_2015",12.2045135498047,-4.80494818091393,220.774322509766,258.458374023438,12.6000003814697,-4.08333331346512,7.40000009536743,17.8666671117147,74.0000016689301,1.22500001701216,119.729996919632,245.679999291897,182.5,1,"24A_2015",0.77
"720","97-2-B-BENA",2015,0.31325,3.00815959246433,10,2005,4,"97-2","BENA",91,53,13,0,26,0,0,0,0,0,0,NA,NA,NA,0,0,0,0,888.474156,"East","24A","Tussock Tundra (Low shrub or Herbaceous)","Low Shrub","Gravely Sand Loam","Mesic",2004,560.389526,70,6.330689,-150.43305,66.348843,0.71265370340691,2.03939603634618,"97-2-B-BENA_2015",12.2045135498047,-4.80494818091393,220.774322509766,258.458374023438,12.6000003814697,-4.08333331346512,7.40000009536743,17.8666671117147,74.0000016689301,1.22500001701216,119.729996919632,245.679999291897,182.5,1,"24A_2015",0.77
"721","97-3-A-BENA",2015,0.17875,0.619540724494288,10,2005,4,"97-3","BENA",91,57,10,0,11,0,0,0,0,0,0,NA,NA,NA,0,0,0,0,924.995234,"East","24A","Tussock Tundra (Low shrub or Herbaceous)","Tall Shrub","Gravely Sand Loam","Mesic",2004,557.015015,71,7.919354,-150.432427,66.349149,-0.867451599669794,0.420020567078231,"97-3-A-BENA_2015",12.2045135498047,-4.80494818091393,220.774322509766,258.458374023438,12.6000003814697,-4.08333331346512,7.40000009536743,17.8666671117147,74.0000016689301,1.22500001701216,119.729996919632,245.679999291897,182.5,1,"24A_2015",0.77
"722","97-3-D-BENA",2015,0.14875,0.743610072366183,20,1995,4,"97-3","BENA",75,49,7,21,13,0,0,0,0,0,0,NA,NA,NA,0,0,0,0,924.995234,"East","24A","Tussock Tundra (Low shrub or Herbaceous)","Tall Shrub","Gravely Sand Loam","Mesic",2004,557.015015,71,7.919354,-150.432427,66.349149,0.142246083787463,1.15286031386531,"97-3-D-BENA_2015",12.2045135498047,-4.80494818091393,220.774322509766,258.458374023438,12.6000003814697,-4.08333331346512,7.40000009536743,17.8666671117147,74.0000016689301,1.22500001701216,119.729996919632,245.679999291897,182.5,1,"24A_2015",0.77
"723","97-4-B-BENA",2015,0.137,0.574581588378305,10,2005,4,"97-4","BENA",115,59,12,0,13,0,0,0,0,0,0,NA,NA,NA,0,0,0,0,898.750829,"East","24A","Tussock Tundra (Low shrub or Herbaceous)","Low Shrub","Gravely Sand Loam","Mesic",2004,558.840271,63,3.962788,-150.433152,66.349294,-0.942787932731093,0.389540307911738,"97-4-B-BENA_2015",12.2045135498047,-4.80494818091393,220.774322509766,258.458374023438,12.6000003814697,-4.08333331346512,7.40000009536743,17.8666671117147,74.0000016689301,1.22500001701216,119.729996919632,245.679999291897,182.5,1,"24A_2015",0.77
"724","97-4-D-BENA",2015,0.116,0.636650034435277,11,2004,4,"97-4","BENA",98,54,13,0,12,0,0,0,0,0,0,NA,NA,NA,0,0,0,0,898.750829,"East","24A","Tussock Tundra (Low shrub or Herbaceous)","Low Shrub","Gravely Sand Loam","Mesic",2004,558.840271,63,3.962788,-150.433152,66.349294,-0.726472607104048,0.483611874043044,"97-4-D-BENA_2015",12.2045135498047,-4.80494818091393,220.774322509766,258.458374023438,12.6000003814697,-4.08333331346512,7.40000009536743,17.8666671117147,74.0000016689301,1.22500001701216,119.729996919632,245.679999291897,182.5,1,"24A_2015",0.77
"725","102-1-B-BENA",2014,0.06825,0.352013689688868,11,2003,5,"102-1","BENA",81,NA,11,0,18,0,0,2,0,0,0.111111111,NA,NA,"Ptarmagin",1,0,0,0,978.645101,"West","24A","Low Shrub","Low Shrub","Sandy Loam","Mesic",2004,428.203827,339,4.033863,-150.565499,66.400721,-1.31902264920832,0.267396514492055,"102-1-B-BENA_2014",11.8666667938232,-4.37499992052714,427,106,12.1333335240682,-3.67500007152557,7.06666692097982,17.2333335876465,60.3000011444092,1.15833334128062,106.089997291565,251.439997971058,319.900001525879,1,"24A_2014",0.78
"726","102-1-C-BENA",2014,0.075,0.419991667876784,9,2005,5,"102-1","BENA",109,NA,11,0,37,0,0,3,0,0,0.081081081,NA,NA,"Ptarmagin",1,0,0,0,978.645101,"West","24A","Low Shrub","Low Shrub","Sandy Loam","Mesic",2004,428.203827,339,4.033863,-150.565499,66.400721,-1.38192593881103,0.251094494443658,"102-1-C-BENA_2014",11.8666667938232,-4.37499992052714,427,106,12.1333335240682,-3.67500007152557,7.06666692097982,17.2333335876465,60.3000011444092,1.15833334128062,106.089997291565,251.439997971058,319.900001525879,1,"24A_2014",0.78
"727","102-2-B-BENA",2014,0.2065,1.73051097031258,11,2003,5,"102-2","BENA",63,NA,11,0,9,0,0,0,0,0,0,NA,NA,NA,0,0,0,1,973.266715,"West","24A","Tall Shrub (Open-Closed)","Low Shrub","Sandy Loam","Mesic",2004,426.001434,321,4.435797,-150.566012,66.400957,0.27347928723253,1.31453013137313,"102-2-B-BENA_2014",11.8666667938232,-4.37499992052714,427,106,12.1333335240682,-3.67500007152557,7.06666692097982,17.2333335876465,60.3000011444092,1.15833334128062,106.089997291565,251.439997971058,319.900001525879,1,"24A_2014",0.78
"728","102-2-C-BENA",2014,0.16075,1.17427687207987,10,2004,5,"102-2","BENA",167,NA,16,0,31,0,0,0,0,0,0,NA,NA,NA,0,0,0,1,973.266715,"West","24A","Tall Shrub (Open-Closed)","Low Shrub","Sandy Loam","Mesic",2004,426.001434,321,4.435797,-150.566012,66.400957,-0.228022227153261,0.796106564456175,"102-2-C-BENA_2014",11.8666667938232,-4.37499992052714,427,106,12.1333335240682,-3.67500007152557,7.06666692097982,17.2333335876465,60.3000011444092,1.15833334128062,106.089997291565,251.439997971058,319.900001525879,1,"24A_2014",0.78
"729","102-3-A-BENA",2014,0.055,0.161901977402749,10,2004,5,"102-3","BENA",118,NA,7,10,21,0,0,0,0,0,0,NA,NA,NA,0,0,0,0,939.238254,"West","24A","Tussock Tundra (Low shrub or Herbaceous)","Low Shrub","Sandy Loam","Mesic",2004,424.339783,330,3.896938,-150.565669,66.401242,-2.20943896192268,0.109762212024557,"102-3-A-BENA_2014",11.8666667938232,-4.37499992052714,427,106,12.1333335240682,-3.67500007152557,7.06666692097982,17.2333335876465,60.3000011444092,1.15833334128062,106.089997291565,251.439997971058,319.900001525879,1,"24A_2014",0.78
"730","102-3-B-BENA",2014,0.0645,0.237992136870861,34,1980,5,"102-3","BENA",72,NA,16,0,12,0,0,0,0,0,0,NA,NA,NA,0,0,0,0,939.238254,"West","24A","Tussock Tundra (Low shrub or Herbaceous)","Low Shrub","Sandy Loam","Mesic",2004,424.339783,330,3.896938,-150.565669,66.401242,-0.363813883225801,0.695020537686568,"102-3-B-BENA_2014",11.8666667938232,-4.37499992052714,427,106,12.1333335240682,-3.67500007152557,7.06666692097982,17.2333335876465,60.3000011444092,1.15833334128062,106.089997291565,251.439997971058,319.900001525879,1,"24A_2014",0.78
"731","102-4-A-BENA",2014,0.07825,0.581694350495578,10,2004,5,"102-4","BENA",88,NA,11,0,17,0,0,0,0,0,0,NA,NA,NA,0,0,0,0,934.189604,"West","24A","Low Shrub","Low Shrub","Sandy Loam","Mesic",2004,423.102509,349,3.666453,-150.566049,66.401434,-0.930484897449764,0.394362438660977,"102-4-A-BENA_2014",11.8666667938232,-4.37499992052714,427,106,12.1333335240682,-3.67500007152557,7.06666692097982,17.2333335876465,60.3000011444092,1.15833334128062,106.089997291565,251.439997971058,319.900001525879,1,"24A_2014",0.78
"732","102-4-C-BENA",2014,0.0616666666666667,0.241583252777625,10,2004,5,"102-4","BENA",97,NA,15,5,9,0,0,0,0,0,0,NA,NA,NA,0,0,0,0,934.189604,"West","24A","Low Shrub","Low Shrub","Sandy Loam","Mesic",2004,423.102509,349,3.666453,-150.566049,66.401434,-1.80921589057618,0.16378250987631,"102-4-C-BENA_2014",11.8666667938232,-4.37499992052714,427,106,12.1333335240682,-3.67500007152557,7.06666692097982,17.2333335876465,60.3000011444092,1.15833334128062,106.089997291565,251.439997971058,319.900001525879,1,"24A_2014",0.78
"733","111-1-A-BENA",2014,0.1155,0.518518296678668,26,1988,6,"111-1","BENA",45,37,7,0,7,0,0,0,0,0,0,NA,NA,NA,0,0,0,0,640.914524,"West","24A","Tall Shrub (Open-Closed)","Low Shrub","Gravely Sand Loam","Mesic",0,512.854736,12,8.158982,-150.736683,66.498494,0.0947940138619311,1.09943236397316,"111-1-A-BENA_2014",11.8090127309163,-4.38553229967753,470.180068969727,108.025268554688,12.1333335240682,-3.67500007152557,7.06666692097982,17.2333335876465,60.3000011444092,1.15833334128062,106.089997291565,251.439997971058,319.900001525879,1,"24A_2014",0.78
"734","111-1-B-BENA",2014,0.14925,0.615525769083001,18,1996,6,"111-1","BENA",89,51,9,0,12,0,0,0,0,0,0,NA,NA,NA,0,0,0,0,640.914524,"West","24A","Tall Shrub (Open-Closed)","Low Shrub","Gravely Sand Loam","Mesic",0,512.854736,12,8.158982,-150.736683,66.498494,-0.17252468096143,0.841537518600422,"111-1-B-BENA_2014",11.8090127309163,-4.38553229967753,470.180068969727,108.025268554688,12.1333335240682,-3.67500007152557,7.06666692097982,17.2333335876465,60.3000011444092,1.15833334128062,106.089997291565,251.439997971058,319.900001525879,1,"24A_2014",0.78
"735","111-2-A-BENA",2014,0.07075,0.345792943535678,14,2000,6,"111-2","BENA",70,39,11,0,13,0,0,0,0,0,0,NA,NA,NA,0,0,0,0,685.564701,"West","24A","Tall Shrub (Open-Closed)","Low Shrub","Gravely Sand Loam","Mesic",0,516.430603,8,6.353059,-150.737535,66.498284,-1.0490645456909,0.35026525304508,"111-2-A-BENA_2014",11.8042138417562,-4.38797934850057,471.379272460938,108.316054344177,12.1333335240682,-3.67500007152557,7.06666692097982,17.2333335876465,60.3000011444092,1.15833334128062,106.089997291565,251.439997971058,319.900001525879,1,"24A_2014",0.78
"736","111-2-D-BENA",2014,0.06575,0.256495528551881,18,1996,6,"111-2","BENA",75,31,6,0,7,0,0,0,0,0,0,NA,NA,NA,0,0,0,0,685.564701,"West","24A","Tall Shrub (Open-Closed)","Low Shrub","Gravely Sand Loam","Mesic",0,516.430603,8,6.353059,-150.737535,66.498284,-1.04789026070677,0.350676805865047,"111-2-D-BENA_2014",11.8042138417562,-4.38797934850057,471.379272460938,108.316054344177,12.1333335240682,-3.67500007152557,7.06666692097982,17.2333335876465,60.3000011444092,1.15833334128062,106.089997291565,251.439997971058,319.900001525879,1,"24A_2014",0.78
"737","111-3-A-BENA",2014,0.1435,0.548195351680804,27,1987,6,"111-3","BENA",108,46,7,0,11,0,0,0,0,0,0,NA,NA,NA,0,0,0,0,664.632709,"West","24A","Tall Shrub (Open-Closed)","Low Shrub","Gravely Sand Loam","Mesic",0,511.257965,359,9.703425,-150.737553,66.498636,0.195487395642678,1.2159034681438,"111-3-A-BENA_2014",11.8090127309163,-4.38553229967753,470.180068969727,108.025268554688,12.1333335240682,-3.67500007152557,7.06666692097982,17.2333335876465,60.3000011444092,1.15833334128062,106.089997291565,251.439997971058,319.900001525879,1,"24A_2014",0.78
"738","111-3-D-BENA",2014,0.1935,1.50242034808768,17,1997,6,"111-3","BENA",95,38,7,3,16,0,0,0,0,0,0,NA,NA,NA,0,0,0,0,664.632709,"West","24A","Tall Shrub (Open-Closed)","Low Shrub","Gravely Sand Loam","Mesic",0,511.257965,359,9.703425,-150.737553,66.498636,0.651621815206671,1.91865000283058,"111-3-D-BENA_2014",11.8090127309163,-4.38553229967753,470.180068969727,108.025268554688,12.1333335240682,-3.67500007152557,7.06666692097982,17.2333335876465,60.3000011444092,1.15833334128062,106.089997291565,251.439997971058,319.900001525879,1,"24A_2014",0.78
"739","111-4-A-BENA",2014,0.22775,1.86154621084519,16,1998,6,"111-4","BENA",112,61,10,0,19,0,0,0,0,0,0,NA,NA,NA,0,0,0,0,707.594422,"West","24A","Tall Shrub (Open-Closed)","Low Shrub","Gravely Sand Loam","Mesic",0,515.006653,353,8.170983,-150.73833,66.498407,0.793606176451593,2.2113566068432,"111-4-A-BENA_2014",11.8042138417562,-4.38797934850057,471.379272460938,108.316054344177,12.1333335240682,-3.67500007152557,7.06666692097982,17.2333335876465,60.3000011444092,1.15833334128062,106.089997291565,251.439997971058,319.900001525879,1,"24A_2014",0.78
"740","111-4-C-BENA",2014,0.0496666666666667,0.145578274345592,22,1992,6,"111-4","BENA",51,30,7,0,13,0,0,0,0,0,0,NA,NA,NA,0,0,0,0,707.594422,"West","24A","Tall Shrub (Open-Closed)","Low Shrub","Gravely Sand Loam","Mesic",0,515.006653,353,8.170983,-150.73833,66.498407,-1.37481948635848,0.252885240920564,"111-4-C-BENA_2014",11.8042138417562,-4.38797934850057,471.379272460938,108.316054344177,12.1333335240682,-3.67500007152557,7.06666692097982,17.2333335876465,60.3000011444092,1.15833334128062,106.089997291565,251.439997971058,319.900001525879,1,"24A_2014",0.78
"741","121-1-C-BENA",2014,0.312,1.50996252665079,42,1972,7,"121-1","BENA",60,36,11,0,11,0,0,0,0,0,0,NA,NA,NA,0,0,0,0,1394.51987,"East","24A","Tall Shrub (Open-Closed)","Low Shrub","Clay Loam","Mesic",2005,466.470276,61,7.209129,-150.675843,66.599029,1.73595190273532,5.67432664086395,"121-1-C-BENA_2014",12.2999998728434,-4.15000001589457,449,96,12.1666669845581,-3.94166680177053,7.13333336512248,17.2666670481364,67.1000018119812,1.16666668529312,106.429998397827,249.899996757507,307.500007629395,1,"24A_2014",0.78
"742","121-1-D-BENA",2014,0.07225,0.390916424217355,30,1984,7,"121-1","BENA",73,42,19,0,25,0,0,0,0,0,0,NA,NA,NA,0,0,0,0,1394.51987,"East","24A","Tall Shrub (Open-Closed)","Low Shrub","Clay Loam","Mesic",2005,466.470276,61,7.209129,-150.675843,66.599029,-0.0169197453750394,0.983222589628805,"121-1-D-BENA_2014",12.2999998728434,-4.15000001589457,449,96,12.1666669845581,-3.94166680177053,7.13333336512248,17.2666670481364,67.1000018119812,1.16666668529312,106.429998397827,249.899996757507,307.500007629395,1,"24A_2014",0.78
"743","121-2-A-BENA",2014,0.043,0.358749983385886,8,2006,7,"121-2","BENA",78,45,15,0,25,0,0,0,0,0,0,NA,NA,NA,0,0,0,0,1360.369622,"East","24A","Low Shrub","Low Shrub","Clay Loam","Mesic",2005,467.582397,57,7.419251,-150.676297,66.599294,-1.68009013919467,0.186357177196431,"121-2-A-BENA_2014",12.2999998728434,-4.15000001589457,449,96,12.1666669845581,-3.94166680177053,7.13333336512248,17.2666670481364,67.1000018119812,1.16666668529312,106.429998397827,249.899996757507,307.500007629395,1,"24A_2014",0.78
"744","121-2-B-BENA",2014,0.40175,2.87608978620099,7,2007,7,"121-2","BENA",101,47,16,0,31,0,0,0,0,0,0,NA,NA,NA,0,0,0,0,1360.369622,"East","24A","Low Shrub","Low Shrub","Clay Loam","Mesic",2005,467.582397,57,7.419251,-150.676297,66.599294,0.242122906063255,1.27395075946713,"121-2-B-BENA_2014",12.2999998728434,-4.15000001589457,449,96,12.1666669845581,-3.94166680177053,7.13333336512248,17.2666670481364,67.1000018119812,1.16666668529312,106.429998397827,249.899996757507,307.500007629395,1,"24A_2014",0.78
"745","121-3-C-BENA",2014,0.16,2.06993256759724,6,2008,7,"121-3","BENA",83,36,13,0,12,0,0,0,0,0,0,NA,NA,NA,0,0,0,0,1376.839212,"East","24A","Low Shrub","Low Shrub","Clay Loam","Mesic",2005,462.586914,66,7.264894,-150.675497,66.599464,-0.270746685483227,0.762809702704282,"121-3-C-BENA_2014",12.2999998728434,-4.15000001589457,449,96,12.1666669845581,-3.94166680177053,7.13333336512248,17.2666670481364,67.1000018119812,1.16666668529312,106.429998397827,249.899996757507,307.500007629395,1,"24A_2014",0.78
"746","121-3-D-BENA",2014,0.099,0.544591944907138,10,2004,7,"121-3","BENA",88,37,15,0,15,0,0,0,0,0,0,NA,NA,NA,0,0,0,0,1376.839212,"East","24A","Low Shrub","Low Shrub","Clay Loam","Mesic",2005,462.586914,66,7.264894,-150.675497,66.599464,-0.996393246973123,0.369208687149414,"121-3-D-BENA_2014",12.2999998728434,-4.15000001589457,449,96,12.1666669845581,-3.94166680177053,7.13333336512248,17.2666670481364,67.1000018119812,1.16666668529312,106.429998397827,249.899996757507,307.500007629395,1,"24A_2014",0.78
"747","121-4-A-BENA",2014,0.2285,3.48948791165934,9,2005,7,"121-4","BENA",61,33,21,0,34,0,0,0,0,0,0,NA,NA,NA,0,0,0,0,1343.63337,"East","24A","Tall Shrub (Open-Closed)","Low Shrub","Clay Loam","Mesic",2005,462.975769,50,6.55981,-150.675949,66.599719,0.735349462743925,2.08621091812329,"121-4-A-BENA_2014",12.2999998728434,-4.15000001589457,449,96,12.1666669845581,-3.94166680177053,7.13333336512248,17.2666670481364,67.1000018119812,1.16666668529312,106.429998397827,249.899996757507,307.500007629395,1,"24A_2014",0.78
"748","121-4-B-BENA",2014,0.03075,0.228444247747975,7,2007,7,"121-4","BENA",58,29,8,0,9,0,0,0,0,0,0,NA,NA,NA,0,0,0,0,1343.63337,"East","24A","Tall Shrub (Open-Closed)","Low Shrub","Clay Loam","Mesic",2005,462.975769,50,6.55981,-150.675949,66.599719,-2.29077184320144,0.101188330180347,"121-4-B-BENA_2014",12.2999998728434,-4.15000001589457,449,96,12.1666669845581,-3.94166680177053,7.13333336512248,17.2666670481364,67.1000018119812,1.16666668529312,106.429998397827,249.899996757507,307.500007629395,1,"24A_2014",0.78
"749","129-1-A-BENA",2014,0.18075,1.94273242629651,9,2005,8,"129-1","BENA",104,71,16,0,11,0,0,0,0,0,0,NA,NA,NA,0,0,0,0,982.902287,"East","24A","Tussock Tundra (Low shrub or Herbaceous)","Low Shrub","Sandy Loam","Mesic - Hydric",2005,301.875214,348,5.919549,-150.647865,66.709988,0.149689916757979,1.16147403324995,"129-1-A-BENA_2014",12.5666666030884,-4.07499996821086,424,90,12.1666669845581,-3.94166680177053,7.13333336512248,17.2666670481364,67.1000018119812,1.16666668529312,106.429998397827,249.899996757507,307.500007629395,1,"24A_2014",0.78
"750","129-1-B-BENA",2014,0.592,7.48020750642099,11,2003,8,"129-1","BENA",131,89,21,0,13,0,0,0,0,0,0,NA,NA,NA,0,0,0,0,982.902287,"East","24A","Tussock Tundra (Low shrub or Herbaceous)","Low Shrub","Sandy Loam","Mesic - Hydric",2005,301.875214,348,5.919549,-150.647865,66.709988,1.73732309687214,5.68211258108219,"129-1-B-BENA_2014",12.5666666030884,-4.07499996821086,424,90,12.1666669845581,-3.94166680177053,7.13333336512248,17.2666670481364,67.1000018119812,1.16666668529312,106.429998397827,249.899996757507,307.500007629395,1,"24A_2014",0.78
"751","129-2-B-BENA",2014,0.10275,0.669726489038142,9,2005,8,"129-2","BENA",85,42,10,0,15,0,0,0,0,0,0,NA,NA,NA,0,0,0,0,1017.146639,"East","24A","Tussock Tundra (Low shrub or Herbaceous)","Low Shrub","Sandy Loam","Mesic - Hydric",2005,305.151764,352,5.708165,-150.647276,66.70977,-0.915291407780881,0.400399929433586,"129-2-B-BENA_2014",12.5666666030884,-4.07499996821086,424,90,12.1666669845581,-3.94166680177053,7.13333336512248,17.2666670481364,67.1000018119812,1.16666668529312,106.429998397827,249.899996757507,307.500007629395,1,"24A_2014",0.78
"752","129-2-C-BENA",2014,0.1325,1.00901672847997,9,2005,8,"129-2","BENA",109,67,13,0,10,0,0,0,0,0,0,NA,NA,NA,0,0,0,0,1017.146639,"East","24A","Tussock Tundra (Low shrub or Herbaceous)","Low Shrub","Sandy Loam","Mesic - Hydric",2005,305.151764,352,5.708165,-150.647276,66.70977,-0.505429212020307,0.603246599161584,"129-2-C-BENA_2014",12.5666666030884,-4.07499996821086,424,90,12.1666669845581,-3.94166680177053,7.13333336512248,17.2666670481364,67.1000018119812,1.16666668529312,106.429998397827,249.899996757507,307.500007629395,1,"24A_2014",0.78
"753","129-3-A-BENA",2014,0.07275,0.623543898933125,62,1952,8,"129-3","BENA",51,35,12,0,6,0,0,0,0,0,0,NA,NA,NA,0,0,0,0,1022.673056,"East","24A","Tussock Tundra (Low shrub or Herbaceous)","Low Shrub-Tussock Tundra","Sandy Loam","Mesic - Hydric",2005,301.546051,352,6.265718,-150.646771,66.710061,1.31629431790296,3.72957511844299,"129-3-A-BENA_2014",12.5666666030884,-4.07499996821086,424,90,12.1666669845581,-3.94166680177053,7.13333336512248,17.2666670481364,67.1000018119812,1.16666668529312,106.429998397827,249.899996757507,307.500007629395,1,"24A_2014",0.78
"754","129-3-B-BENA",2014,0.06775,0.484696499218745,10,2004,8,"129-3","BENA",105,47,16,0,13,0,0,0,0,0,0,NA,NA,NA,0,0,0,0,1022.673056,"East","24A","Tussock Tundra (Low shrub or Herbaceous)","Low Shrub-Tussock Tundra","Sandy Loam","Mesic - Hydric",2005,301.546051,352,6.265718,-150.646771,66.710061,-1.11290711600884,0.328602286199779,"129-3-B-BENA_2014",12.5666666030884,-4.07499996821086,424,90,12.1666669845581,-3.94166680177053,7.13333336512248,17.2666670481364,67.1000018119812,1.16666668529312,106.429998397827,249.899996757507,307.500007629395,1,"24A_2014",0.78
"755","129-4-C-BENA",2014,0.093,1.05443473347292,8,2006,8,"129-4","BENA",93,53,15,0,11,0,0,0,0,0,0,NA,NA,NA,0,0,0,0,1057.255538,"East","24A","Tussock Tundra (Low shrub or Herbaceous)","Tall Shrub","Sandy Loam","Mesic - Hydric",2005,303.823029,358,6.979915,-150.646167,66.709845,-0.601955755294074,0.547739343743798,"129-4-C-BENA_2014",12.5666666030884,-4.07499996821086,424,90,12.1666669845581,-3.94166680177053,7.13333336512248,17.2666670481364,67.1000018119812,1.16666668529312,106.429998397827,249.899996757507,307.500007629395,1,"24A_2014",0.78
"756","129-4-D-BENA",2014,0.257,2.58687535556013,53,1961,8,"129-4","BENA",87,41,18,0,9,0,0,0,0,0,0,NA,NA,NA,0,0,0,0,1057.255538,"East","24A","Tussock Tundra (Low shrub or Herbaceous)","Tall Shrub","Sandy Loam","Mesic - Hydric",2005,303.823029,358,6.979915,-150.646167,66.709845,2.55191496515869,12.8316524375982,"129-4-D-BENA_2014",12.5666666030884,-4.07499996821086,424,90,12.1666669845581,-3.94166680177053,7.13333336512248,17.2666670481364,67.1000018119812,1.16666668529312,106.429998397827,249.899996757507,307.500007629395,1,"24A_2014",0.78
"757","147-1-A-BENA",2014,0.089,0.21151872097722,15,1999,9,"147-1","BENA",104,58,9,25,11,1,1,0,0.090909091,0.090909091,0,"Moose","Hare",NA,1,1,0,0,984.758365,"West","24A","Low Shrub","Tall Shrub","Clay Loam","Mesic - Hydric",0,426.634277,145,7.907337,-150.485282,66.911769,-1.45825934276401,0.232640870510956,"147-1-A-BENA_2014",12.0681715011597,-4.39091424147288,440.496490478516,94.1354064941406,10.6333335240682,-5.15833350022634,5.70000012715658,15.6333335240682,42.6000008583069,1.10833336164554,102.109996795654,264.229996323586,316.900009155273,1,"24A_2014",0.78
"758","147-1-B-BENA",2014,0.26825,0.842100180153469,7,2007,9,"147-1","BENA",103,61,6,31,12,0,0,0,0,0,0,NA,NA,NA,0,1,0,0,984.758365,"West","24A","Low Shrub","Tall Shrub","Clay Loam","Mesic - Hydric",0,426.634277,145,7.907337,-150.485282,66.911769,-0.986165045445,0.373004406608239,"147-1-B-BENA_2014",12.0681715011597,-4.39091424147288,440.496490478516,94.1354064941406,10.6333335240682,-5.15833350022634,5.70000012715658,15.6333335240682,42.6000008583069,1.10833336164554,102.109996795654,264.229996323586,316.900009155273,1,"24A_2014",0.78
"759","147-2-A-BENA",2014,0.08425,0.143919304704061,19,1995,9,"147-2","BENA",89,56,6,61,9,0,0,0,0,0,0,NA,NA,NA,0,2,1,0,986.173835,"West","24A","Low Shrub","Tall Shrub","Clay Loam","Mesic - Hydric",0,428.943481,147,8.698308,-150.484958,66.912025,-1.56122822941856,0.209878134331467,"147-2-A-BENA_2014",12.0681715011597,-4.39091424147288,440.496490478516,94.1354064941406,10.6333335240682,-5.15833350022634,5.70000012715658,15.6333335240682,42.6000008583069,1.10833336164554,102.109996795654,264.229996323586,316.900009155273,1,"24A_2014",0.78
"760","147-2-D-BENA",2014,0.2065,0.629925455360269,8,2006,9,"147-2","BENA",91,53,5,37,5,0,0,0,0,0,0,NA,NA,NA,0,2,1,0,986.173835,"West","24A","Low Shrub","Tall Shrub","Clay Loam","Mesic - Hydric",0,428.943481,147,8.698308,-150.484958,66.912025,-1.11711437239771,0.327222676352978,"147-2-D-BENA_2014",12.0681715011597,-4.39091424147288,440.496490478516,94.1354064941406,10.6333335240682,-5.15833350022634,5.70000012715658,15.6333335240682,42.6000008583069,1.10833336164554,102.109996795654,264.229996323586,316.900009155273,1,"24A_2014",0.78
"761","147-3-A-BENA",2014,0.15925,0.443639810227142,24,1990,9,"147-3","BENA",107,63,8,18,8,1,0,0,0.125,0,0,"Moose",NA,NA,1,2,1,0,952.272152,"West","24A","White Spruce or Black Spruce (Woodland)","Black Spruce Woodland","Clay Loam","Mesic - Hydric",0,425.583191,170,6.572863,-150.484233,66.911912,-0.156686362431435,0.854972168162919,"147-3-A-BENA_2014",12.0681715011597,-4.39091424147288,440.496490478516,94.1354064941406,10.6333335240682,-5.15833350022634,5.70000012715658,15.6333335240682,42.6000008583069,1.10833336164554,102.109996795654,264.229996323586,316.900009155273,1,"24A_2014",0.78
"762","147-3-C-BENA",2014,0.0705,0.223475622616783,20,1994,9,"147-3","BENA",136,53,12,30,29,2,1,0,0.068965517,0.034482759,0,"Moose","Hare",NA,1,2,1,0,952.272152,"West","24A","White Spruce or Black Spruce (Woodland)","Black Spruce Woodland","Clay Loam","Mesic - Hydric",0,425.583191,170,6.572863,-150.484233,66.911912,-1.05996838033806,0.346466765318852,"147-3-C-BENA_2014",12.0681715011597,-4.39091424147288,440.496490478516,94.1354064941406,10.6333335240682,-5.15833350022634,5.70000012715658,15.6333335240682,42.6000008583069,1.10833336164554,102.109996795654,264.229996323586,316.900009155273,1,"24A_2014",0.78
"763","147-4-A-BENA",2014,0.02475,0.0553805843461035,14,2000,9,"147-4","BENA",65,33,9,8,10,0,0,0,0,0,0,NA,NA,NA,0,0,1,0,956.341518,"West","24A","Tall Shrub (Open-Closed)","Tall Shrub","Clay Loam","Mesic - Hydric",0,428.39856,129,7.52786,-150.483929,66.912191,-2.88067564327085,0.0560968485690655,"147-4-A-BENA_2014",12.0681715011597,-4.39091424147288,440.496490478516,94.1354064941406,10.6333335240682,-5.15833350022634,5.70000012715658,15.6333335240682,42.6000008583069,1.10833336164554,102.109996795654,264.229996323586,316.900009155273,1,"24A_2014",0.78
"764","147-4-D-BENA",2014,0.03825,0.0983257632215945,28,1986,9,"147-4","BENA",94,47,7,14,7,0,0,0,0,0,0,NA,NA,NA,0,0,1,0,956.341518,"West","24A","Tall Shrub (Open-Closed)","Tall Shrub","Clay Loam","Mesic - Hydric",0,428.39856,129,7.52786,-150.483929,66.912191,-1.47945931312605,0.227760802373997,"147-4-D-BENA_2014",12.0681715011597,-4.39091424147288,440.496490478516,94.1354064941406,10.6333335240682,-5.15833350022634,5.70000012715658,15.6333335240682,42.6000008583069,1.10833336164554,102.109996795654,264.229996323586,316.900009155273,1,"24A_2014",0.78
"765","151-1-C-BENA",2014,0.15375,0.960605767435856,16,1998,10,"151-1","BENA",118,82,11,0,4,0,0,0,0,0,0,NA,NA,NA,0,0,0,0,725.03173,"East","24A","White Spruce or Black Spruce (Open-Closed)","Low Shrub","Clay Loam","Mesic",0,471.29071,296,22.022722,-150.362735,66.958242,0.132007552132181,1.14111693710064,"151-1-C-BENA_2014",11.1982723871867,-5.2288348476092,477.293296813965,103.936789512634,10.6333335240682,-5.15833350022634,5.70000012715658,15.6333335240682,42.6000008583069,1.10833336164554,102.109996795654,264.229996323586,316.900009155273,1,"24A_2014",0.78
"766","151-1-D-BENA",2014,0.02325,0.060898791842134,30,1984,10,"151-1","BENA",90,67,12,0,8,0,0,0,0,0,0,NA,NA,NA,0,0,0,0,725.03173,"East","24A","White Spruce or Black Spruce (Open-Closed)","Low Shrub","Clay Loam","Mesic",0,471.29071,296,22.022722,-150.362735,66.958242,-1.87620019757769,0.153171020992958,"151-1-D-BENA_2014",11.1982723871867,-5.2288348476092,477.293296813965,103.936789512634,10.6333335240682,-5.15833350022634,5.70000012715658,15.6333335240682,42.6000008583069,1.10833336164554,102.109996795654,264.229996323586,316.900009155273,1,"24A_2014",0.78
"767","151-2-A-BENA",2014,0.079,0.381833883506282,19,1995,10,"151-2","BENA",119,71,11,0,4,0,0,0,0,0,0,NA,NA,NA,0,1,0,0,737.726474,"East","24A","Low Shrub","Low Shrub","Clay Loam","Mesic",0,482.941345,297,25.566626,-150.361917,66.958285,-0.58549533382481,0.556829976768057,"151-2-A-BENA_2014",11.1982723871867,-5.2288348476092,477.293296813965,103.936789512634,10.6333335240682,-5.15833350022634,5.70000012715658,15.6333335240682,42.6000008583069,1.10833336164554,102.109996795654,264.229996323586,316.900009155273,1,"24A_2014",0.78
"768","151-2-B-BENA",2014,0.01775,0.0311856085244808,19,1995,10,"151-2","BENA",142,91,14,0,17,0,0,0,0,0,0,NA,NA,NA,0,1,0,0,737.726474,"East","24A","Low Shrub","Low Shrub","Clay Loam","Mesic",0,482.941345,297,25.566626,-150.361917,66.958285,-3.09052426476229,0.045478105585406,"151-2-B-BENA_2014",11.1982723871867,-5.2288348476092,477.293296813965,103.936789512634,10.6333335240682,-5.15833350022634,5.70000012715658,15.6333335240682,42.6000008583069,1.10833336164554,102.109996795654,264.229996323586,316.900009155273,1,"24A_2014",0.78
"769","151-3-A-BENA",2014,0.13875,0.443851082333095,12,2002,10,"151-3","BENA",91,52,9,0,6,0,0,0,0,0,0,NA,NA,NA,0,0,0,0,698.113665,"East","24A","White Spruce or Black Spruce (Open-Closed)","Low Shrub","Clay Loam","Mesic",0,469.98999,301,21.5443,-150.36215,66.958641,-0.98336957026605,0.374048589982907,"151-3-A-BENA_2014",11.1982723871867,-5.2288348476092,477.293296813965,103.936789512634,10.6333335240682,-5.15833350022634,5.70000012715658,15.6333335240682,42.6000008583069,1.10833336164554,102.109996795654,264.229996323586,316.900009155273,1,"24A_2014",0.78
"770","151-3-C-BENA",2014,0.08625,0.340938397487722,28,1986,10,"151-3","BENA",86,51,13,0,9,0,0,0,0,0,0,NA,NA,NA,0,0,0,0,698.113665,"East","24A","White Spruce or Black Spruce (Open-Closed)","Low Shrub","Clay Loam","Mesic",0,469.98999,301,21.5443,-150.36215,66.958641,-0.236043585211948,0.789746251924888,"151-3-C-BENA_2014",11.1982723871867,-5.2288348476092,477.293296813965,103.936789512634,10.6333335240682,-5.15833350022634,5.70000012715658,15.6333335240682,42.6000008583069,1.10833336164554,102.109996795654,264.229996323586,316.900009155273,1,"24A_2014",0.78
"771","151-4-A-BENA",2014,0.07825,0.245030678861686,28,1986,10,"151-4","BENA",65,36,9,0,8,0,0,0,0,0,0,NA,NA,NA,0,0,0,0,714.907956,"East","24A","Low Shrub","Low Shrub","Clay Loam","Mesic",0,485.466003,301,24.973797,-150.361301,66.958638,-0.566361971098164,0.567586583569239,"151-4-A-BENA_2014",11.1982723871867,-5.2288348476092,477.293296813965,103.936789512634,10.6333335240682,-5.15833350022634,5.70000012715658,15.6333335240682,42.6000008583069,1.10833336164554,102.109996795654,264.229996323586,316.900009155273,1,"24A_2014",0.78
"772","151-4-D-BENA",2014,0.05375,0.197946844364172,21,1993,10,"151-4","BENA",83,56,8,0,9,0,0,0,0,0,0,NA,NA,NA,0,0,0,0,714.907956,"East","24A","Low Shrub","Low Shrub","Clay Loam","Mesic",0,485.466003,301,24.973797,-150.361301,66.958638,-1.1230489970171,0.325286483573225,"151-4-D-BENA_2014",11.1982723871867,-5.2288348476092,477.293296813965,103.936789512634,10.6333335240682,-5.15833350022634,5.70000012715658,15.6333335240682,42.6000008583069,1.10833336164554,102.109996795654,264.229996323586,316.900009155273,1,"24A_2014",0.78
"773","158-1-B-BENA",2014,0.30025,2.4682839635284,8,2006,11,"158-1","BENA",75,35,10,0,16,0,0,0,0,0,0,NA,NA,NA,0,0,0,0,1304.611642,"East","24A","Low Shrub","Low Shrub","Sandy Loam","Mesic - Xeric",2005,586.787537,51,13.434302,-150.285356,67.046606,0.248562576604969,1.2821810543963,"158-1-B-BENA_2014",12.0666666030884,-4.849999944369,439,113,10.5333334604899,-5.50000001986821,5.6333335240682,15.5000003178914,45.2000012397766,1.05833336835106,104.6499979496,264.399996757507,297.100009918213,1,"24A_2014",0.78
"774","158-1-D-BENA",2014,0.483,7.26981194528113,7,2007,11,"158-1","BENA",103,41,13,0,31,0,0,0,0,0,0,NA,NA,NA,0,0,0,0,1304.611642,"East","24A","Low Shrub","Low Shrub","Sandy Loam","Mesic - Xeric",2005,586.787537,51,13.434302,-150.285356,67.046606,1.16942167155444,3.22012980725035,"158-1-D-BENA_2014",12.0666666030884,-4.849999944369,439,113,10.5333334604899,-5.50000001986821,5.6333335240682,15.5000003178914,45.2000012397766,1.05833336835106,104.6499979496,264.399996757507,297.100009918213,1,"24A_2014",0.78
"775","158-2-B-BENA",2014,0.39725,7.8874493477624,7,2007,11,"158-2","BENA",139,50,23,0,53,0,0,7,0,0,0.132075472,NA,NA,"Ptarmagin",1,0,0,1,1283.38641,"East","24A","Tussock Tundra (Low shrub or Herbaceous)","Low Shrub","Sandy Loam","Mesic - Xeric",2005,590.000549,54,15.617359,-150.286104,67.046812,1.25096405357756,3.4937094575594,"158-2-B-BENA_2014",12.0666666030884,-4.849999944369,439,113,10.5333334604899,-5.50000001986821,5.6333335240682,15.5000003178914,45.2000012397766,1.05833336835106,104.6499979496,264.399996757507,297.100009918213,1,"24A_2014",0.78
"776","158-2-C-BENA",2014,0.03225,0.0582822378607751,26,1988,11,"158-2","BENA",54,29,8,0,53,0,0,0,0,0,0,NA,NA,NA,0,0,0,1,1283.38641,"East","24A","Tussock Tundra (Low shrub or Herbaceous)","Low Shrub","Sandy Loam","Mesic - Xeric",2005,590.000549,54,15.617359,-150.286104,67.046812,-2.09088392187253,0.123577854358007,"158-2-C-BENA_2014",12.0666666030884,-4.849999944369,439,113,10.5333334604899,-5.50000001986821,5.6333335240682,15.5000003178914,45.2000012397766,1.05833336835106,104.6499979496,264.399996757507,297.100009918213,1,"24A_2014",0.78
"777","158-3-A-BENA",2014,0.1625,1.29516084135057,8,2006,11,"158-3","BENA",100,56,15,0,32,0,0,1,0,0,0.03125,NA,NA,"Ptarmagin",1,0,0,0,1313.543229,"East","24A","Tussock Tundra (Low shrub or Herbaceous)","Low Shrub","Sandy Loam","Mesic - Xeric",2005,580.218689,48,13.61797,-150.285679,67.047111,-0.39632569172104,0.672787538919066,"158-3-A-BENA_2014",12.0666666030884,-4.849999944369,439,113,10.5333334604899,-5.50000001986821,5.6333335240682,15.5000003178914,45.2000012397766,1.05833336835106,104.6499979496,264.399996757507,297.100009918213,1,"24A_2014",0.78
"778","158-3-D-BENA",2014,0.08475,0.565049014519607,9,2005,11,"158-3","BENA",119,49,12,0,19,0,0,0,0,0,0,NA,NA,NA,0,0,0,0,1313.543229,"East","24A","Tussock Tundra (Low shrub or Herbaceous)","Low Shrub","Sandy Loam","Mesic - Xeric",2005,580.218689,48,13.61797,-150.285679,67.047111,-1.08524833275715,0.337817884230772,"158-3-D-BENA_2014",12.0666666030884,-4.849999944369,439,113,10.5333334604899,-5.50000001986821,5.6333335240682,15.5000003178914,45.2000012397766,1.05833336835106,104.6499979496,264.399996757507,297.100009918213,1,"24A_2014",0.78
"779","158-4-A-BENA",2014,0.47875,10.2413672304785,8,2006,11,"158-4","BENA",119,54,13,0,42,0,0,0,0,0,0,NA,NA,NA,0,0,0,0,1283.367604,"East","24A","Tussock Tundra (Low shrub or Herbaceous)","Low Shrub","Sandy Loam","Mesic - Xeric",2005,587.563538,57,15.053073,-150.286524,67.047197,1.67147454832471,5.3200066232507,"158-4-A-BENA_2014",12.0666666030884,-4.849999944369,439,113,10.5333334604899,-5.50000001986821,5.6333335240682,15.5000003178914,45.2000012397766,1.05833336835106,104.6499979496,264.399996757507,297.100009918213,1,"24A_2014",0.78
"780","158-4-C-BENA",2014,0.335,5.92379757958443,9,2005,11,"158-4","BENA",107,46,13,4,33,0,0,0,0,0,0,NA,NA,NA,0,0,0,0,1283.367604,"East","24A","Tussock Tundra (Low shrub or Herbaceous)","Low Shrub","Sandy Loam","Mesic - Xeric",2005,587.563538,57,15.053073,-150.286524,67.047197,1.26457219375062,3.5415773030733,"158-4-C-BENA_2014",12.0666666030884,-4.849999944369,439,113,10.5333334604899,-5.50000001986821,5.6333335240682,15.5000003178914,45.2000012397766,1.05833336835106,104.6499979496,264.399996757507,297.100009918213,1,"24A_2014",0.78
"781","173-1-A-BENA",2014,0.04625,0.140685427766273,46,1968,12,"173-1","BENA",69,40,12,0,9,0,0,0,0,0,0,NA,NA,NA,0,0,0,0,1301.486525,"East","24A","Low Shrub","Low Shrub","Clay Loam","Mesic",0,349.871613,358,2.901099,-150.191497,67.228159,-0.528801682003945,0.589310728383313,"173-1-A-BENA_2014",12.5325546264648,-4.6683277686437,390.370956420898,139.777174949646,10.5333334604899,-5.50000001986821,5.6333335240682,15.5000003178914,45.2000012397766,1.05833336835106,104.6499979496,264.399996757507,297.100009918213,1,"24A_2014",0.78
"782","173-1-B-BENA",2014,0.06275,0.122568648331183,24,1990,12,"173-1","BENA",101,53,11,0,7,0,0,0,0,0,0,NA,NA,NA,0,0,0,0,1301.486525,"East","24A","Low Shrub","Low Shrub","Clay Loam","Mesic",0,349.871613,358,2.901099,-150.191497,67.228159,-1.44302808984203,0.236211405281362,"173-1-B-BENA_2014",12.5325546264648,-4.6683277686437,390.370956420898,139.777174949646,10.5333334604899,-5.50000001986821,5.6333335240682,15.5000003178914,45.2000012397766,1.05833336835106,104.6499979496,264.399996757507,297.100009918213,1,"24A_2014",0.78
"783","173-2-A-BENA",2014,0.01775,0.0460744015080057,55,1959,12,"173-2","BENA",94,43,12,0,6,0,0,0,0,0,0,NA,NA,NA,0,2,0,0,1323.706943,"East","24A","Tussock Tundra (Low shrub or Herbaceous)","Low Shrub","Clay Loam","Mesic",0,348.371155,13,2.823825,-150.190835,67.228457,-1.43183073979328,0.238871210667171,"173-2-A-BENA_2014",12.5325546264648,-4.6683277686437,390.370956420898,139.777174949646,10.5333334604899,-5.50000001986821,5.6333335240682,15.5000003178914,45.2000012397766,1.05833336835106,104.6499979496,264.399996757507,297.100009918213,1,"24A_2014",0.78
"784","173-2-C-BENA",2014,0.10175,0.890164976957066,17,1997,12,"173-2","BENA",107,64,12,0,13,0,0,0,0,0,0,NA,NA,NA,0,2,0,0,1323.706943,"East","24A","Tussock Tundra (Low shrub or Herbaceous)","Low Shrub","Clay Loam","Mesic",0,348.371155,13,2.823825,-150.190835,67.228457,0.128195976037824,1.1367757616783,"173-2-C-BENA_2014",12.5325546264648,-4.6683277686437,390.370956420898,139.777174949646,10.5333334604899,-5.50000001986821,5.6333335240682,15.5000003178914,45.2000012397766,1.05833336835106,104.6499979496,264.399996757507,297.100009918213,1,"24A_2014",0.78
"785","173-3-B-BENA",2014,0.05525,0.101930740791589,49,1965,12,"173-3","BENA",70,51,14,0,9,0,0,0,0,0,0,NA,NA,NA,0,0,0,0,1278.311889,"East","24A","Low Shrub","Low Shrub","Clay Loam","Mesic",0,347.24527,24,1.739254,-150.191816,67.228627,-0.775640675416458,0.460408713943408,"173-3-B-BENA_2014",12.5325546264648,-4.6683277686437,390.370956420898,139.777174949646,10.5333334604899,-5.50000001986821,5.6333335240682,15.5000003178914,45.2000012397766,1.05833336835106,104.6499979496,264.399996757507,297.100009918213,1,"24A_2014",0.78
"786","173-3-C-BENA",2014,0.04425,0.13182142409417,13,2001,12,"173-3","BENA",32,27,6,0,6,0,0,0,0,0,0,NA,NA,NA,0,0,0,0,1278.311889,"East","24A","Low Shrub","Low Shrub","Clay Loam","Mesic",0,347.24527,24,1.739254,-150.191816,67.228627,-2.1018924608905,0.122224903396689,"173-3-C-BENA_2014",12.5325546264648,-4.6683277686437,390.370956420898,139.777174949646,10.5333334604899,-5.50000001986821,5.6333335240682,15.5000003178914,45.2000012397766,1.05833336835106,104.6499979496,264.399996757507,297.100009918213,1,"24A_2014",0.78
"787","173-4-B-BENA",2014,0.0195,0.0465890336545729,24,1990,12,"173-4","BENA",124,71,14,0,12,0,0,0,0,0,0,NA,NA,NA,0,1,0,0,1308.377258,"East","24A","Low Shrub","Low Shrub","Clay Loam","Mesic",0,346.165253,355,1.872125,-150.190975,67.22891,-2.4103341732684,0.0897852857160663,"173-4-B-BENA_2014",12.5325546264648,-4.6683277686437,390.370956420898,139.777174949646,10.5333334604899,-5.50000001986821,5.6333335240682,15.5000003178914,45.2000012397766,1.05833336835106,104.6499979496,264.399996757507,297.100009918213,1,"24A_2014",0.78
"788","173-4-C-BENA",2014,0.0585,0.223664118175997,45,1969,12,"173-4","BENA",119,74,14,0,14,0,0,0,0,0,0,NA,NA,NA,0,1,0,0,1308.377258,"East","24A","Low Shrub","Low Shrub","Clay Loam","Mesic",0,346.165253,355,1.872125,-150.190975,67.22891,-0.0914108959465583,0.912642632687057,"173-4-C-BENA_2014",12.5325546264648,-4.6683277686437,390.370956420898,139.777174949646,10.5333334604899,-5.50000001986821,5.6333335240682,15.5000003178914,45.2000012397766,1.05833336835106,104.6499979496,264.399996757507,297.100009918213,1,"24A_2014",0.78
"789","184-1-B-BENA",2014,0.10775,0.701301066003045,62,1952,13,"184-1","BENA",128,51,19,0,13,0,1,0,0,0.076923077,0,NA,"Hare",NA,1,2,0,0,692.283244,"East","24A","White Spruce or Black Spruce (Open-Closed)","Tall Shrub","Clay Loam","Mesic",0,423.977753,249,10.469168,-150.109686,67.368938,1.43381242357117,4.19466056965304,"184-1-B-BENA_2014",12.0666666030884,-4.60000014305115,310,102,10.5333334604899,-5.50000001986821,5.6333335240682,15.5000003178914,45.2000012397766,1.05833336835106,104.6499979496,264.399996757507,297.100009918213,1,"24A_2014",0.78
"790","184-1-C-BENA",2014,0.10825,0.544718983060066,23,1991,13,"184-1","BENA",166,49,15,8,26,1,2,0,0.038461538,0.076923077,0,"Moose","Hare",NA,1,2,0,0,692.283244,"East","24A","White Spruce or Black Spruce (Open-Closed)","Tall Shrub","Clay Loam","Mesic",0,423.977753,249,10.469168,-150.109686,67.368938,-0.00221735583918992,0.997785100678276,"184-1-C-BENA_2014",12.0666666030884,-4.60000014305115,310,102,10.5333334604899,-5.50000001986821,5.6333335240682,15.5000003178914,45.2000012397766,1.05833336835106,104.6499979496,264.399996757507,297.100009918213,1,"24A_2014",0.78
"791","184-2-A-BENA",2014,0.0395,0.0798537874671076,29,1985,13,"184-2","BENA",89,39,11,0,12,0,1,0,0,0.083333333,0,NA,"Hare",NA,1,1,0,0,706.210196,"East","24A","White Spruce or Black Spruce (Open-Closed)","Tall Shrub","Clay Loam","Mesic",0,429.192566,258,16.706417,-150.109279,67.369156,-1.64567225971834,0.192882851827276,"184-2-A-BENA_2014",12.0636574427287,-4.60075243314107,308.961883544922,101.277830839157,10.5333334604899,-5.50000001986821,5.6333335240682,15.5000003178914,45.2000012397766,1.05833336835106,104.6499979496,264.399996757507,297.100009918213,1,"24A_2014",0.78
"792","184-2-D-BENA",2014,0.043,0.075649551098441,43,1971,13,"184-2","BENA",84,38,12,10,7,0,0,0,0,0,0,NA,NA,NA,0,1,0,0,706.210196,"East","24A","White Spruce or Black Spruce (Open-Closed)","Tall Shrub","Clay Loam","Mesic",0,429.192566,258,16.706417,-150.109279,67.369156,-1.22969685173652,0.292381199100247,"184-2-D-BENA_2014",12.0636574427287,-4.60075243314107,308.961883544922,101.277830839157,10.5333334604899,-5.50000001986821,5.6333335240682,15.5000003178914,45.2000012397766,1.05833336835106,104.6499979496,264.399996757507,297.100009918213,1,"24A_2014",0.78
"793","184-3-B-BENA",2014,0.0566666666666667,0.167460849646161,37,1977,13,"184-3","BENA",71,35,17,0,17,0,2,0,0,0.117647059,0,NA,"Hare",NA,1,1,3,0,683.765397,"East","24A","White Spruce or Black Spruce (Open-Closed)","Tall Shrub","Clay Loam","Mesic",0,425.482941,261,10.788996,-150.109693,67.36937,-0.614396328449053,0.540967363366918,"184-3-B-BENA_2014",12.0636574427287,-4.60075243314107,308.961883544922,101.277830839157,10.5333334604899,-5.50000001986821,5.6333335240682,15.5000003178914,45.2000012397766,1.05833336835106,104.6499979496,264.399996757507,297.100009918213,1,"24A_2014",0.78
"794","184-3-D-BENA",2014,0.0515,0.0808960108299368,26,1988,13,"184-3","BENA",103,48,17,7,31,3,1,0,0.096774194,0.032258065,0,"Moose","Hare",NA,1,1,3,0,683.765397,"East","24A","White Spruce or Black Spruce (Open-Closed)","Tall Shrub","Clay Loam","Mesic",0,425.482941,261,10.788996,-150.109693,67.36937,-1.76301678793791,0.171526623057379,"184-3-D-BENA_2014",12.0636574427287,-4.60075243314107,308.961883544922,101.277830839157,10.5333334604899,-5.50000001986821,5.6333335240682,15.5000003178914,45.2000012397766,1.05833336835106,104.6499979496,264.399996757507,297.100009918213,1,"24A_2014",0.78
"795","191-1-C-BENA",2014,0.08675,0.220002395588699,12,2002,14,"191-1","BENA",105,51,8,16,13,0,0,0,0,0,0,NA,NA,NA,0,1,0,0,1595.806211,"East","24A","Low Shrub","Low Shrub","Clay Loam","Mesic",0,492.755432,293,2.980974,-149.860617,67.475764,-1.68522024095576,0.185403593994297,"191-1-C-BENA_2014",11.2787024180094,-4.88295735915502,323.826477050781,98.774322271347,8.66666698455811,-6.97500013311704,3.93333339691162,13.466667175293,18.6000006198883,0.975000023841858,85.1499991416931,281.439997196198,307.700004577637,1,"24A_2014",0.78
"796","191-1-D-BENA",2014,0.06,0.149288482898586,16,1998,14,"191-1","BENA",135,61,10,9,18,0,0,0,0,0,0,NA,NA,NA,0,1,0,0,1595.806211,"East","24A","Low Shrub","Low Shrub","Clay Loam","Mesic",0,492.755432,293,2.980974,-149.860617,67.475764,-1.72967598016992,0.17734186294172,"191-1-D-BENA_2014",11.2787024180094,-4.88295735915502,323.826477050781,98.774322271347,8.66666698455811,-6.97500013311704,3.93333339691162,13.466667175293,18.6000006198883,0.975000023841858,85.1499991416931,281.439997196198,307.700004577637,1,"24A_2014",0.78
"797","191-2-A-BENA",2014,0.01825,0.0322360785680259,21,1993,14,"191-2","BENA",82,51,10,0,13,1,0,0,0.076923077,0,0,"Moose",NA,NA,1,0,0,0,1628.072852,"East","24A","Low Shrub","Low Shrub","Clay Loam","Mesic",0,494.812988,260,1.497492,-149.859771,67.475671,-2.93796125112663,0.0529736186260786,"191-2-A-BENA_2014",11.2787024180094,-4.88295735915502,323.826477050781,98.774322271347,8.66666698455811,-6.97500013311704,3.93333339691162,13.466667175293,18.6000006198883,0.975000023841858,85.1499991416931,281.439997196198,307.700004577637,1,"24A_2014",0.78
"798","191-2-B-BENA",2014,0.0915,0.289324190034188,19,1995,14,"191-2","BENA",92,71,8,0,13,0,0,0,0,0,0,NA,NA,NA,0,0,0,0,1628.072852,"East","24A","Low Shrub","Low Shrub","Clay Loam","Mesic",0,494.812988,260,1.497492,-149.859771,67.475671,-0.862933163692603,0.42192269721009,"191-2-B-BENA_2014",11.2787024180094,-4.88295735915502,323.826477050781,98.774322271347,8.66666698455811,-6.97500013311704,3.93333339691162,13.466667175293,18.6000006198883,0.975000023841858,85.1499991416931,281.439997196198,307.700004577637,1,"24A_2014",0.78
"799","191-3-A-BENA",2014,0.0183333333333333,0.0332328092048249,33,1981,14,"191-3","BENA",102,51,9,0,9,0,1,0,0,0.111111111,0,NA,"Hare",NA,1,2,0,0,1608.343863,"East","24A","Low Shrub","Low Shrub","Clay Loam","Mesic",0,494.475037,298,4.15829,-149.859591,67.475979,-2.36813859565249,0.0936548937561225,"191-3-A-BENA_2014",11.2787024180094,-4.88295735915502,323.826477050781,98.774322271347,8.66666698455811,-6.97500013311704,3.93333339691162,13.466667175293,18.6000006198883,0.975000023841858,85.1499991416931,281.439997196198,307.700004577637,1,"24A_2014",0.78
"800","191-3-D-BENA",2014,0.068,0.26739142414673,28,1986,14,"191-3","BENA",110,71,10,0,16,0,0,0,0,0,0,NA,NA,NA,0,2,0,0,1608.343863,"East","24A","Low Shrub","Low Shrub","Clay Loam","Mesic",0,494.475037,298,4.15829,-149.859591,67.475979,-0.479031800747422,0.619382787544025,"191-3-D-BENA_2014",11.2787024180094,-4.88295735915502,323.826477050781,98.774322271347,8.66666698455811,-6.97500013311704,3.93333339691162,13.466667175293,18.6000006198883,0.975000023841858,85.1499991416931,281.439997196198,307.700004577637,1,"24A_2014",0.78
"801","191-4-A-BENA",2014,0.099,0.707876223077468,15,1999,14,"191-4","BENA",105,69,11,0,12,0,0,0,0,0,0,NA,NA,NA,0,1,0,0,1634.196324,"East","24A","Low Shrub","Low Shrub","Clay Loam","Mesic",0,497.007599,303,3.553675,-149.85875,67.475963,-0.250303600343751,0.778564374774587,"191-4-A-BENA_2014",11.2787024180094,-4.88295735915502,323.826477050781,98.774322271347,8.66666698455811,-6.97500013311704,3.93333339691162,13.466667175293,18.6000006198883,0.975000023841858,85.1499991416931,281.439997196198,307.700004577637,1,"24A_2014",0.78
"802","191-4-B-BENA",2014,0.04325,0.0954174338225326,31,1983,14,"191-4","BENA",77,59,11,0,12,0,1,0,0,0.083333333,0,NA,"Hare",NA,1,1,0,0,1634.196324,"East","24A","Low Shrub","Low Shrub","Clay Loam","Mesic",0,497.007599,303,3.553675,-149.85875,67.475963,-1.38802286466329,0.249568247364627,"191-4-B-BENA_2014",11.2787024180094,-4.88295735915502,323.826477050781,98.774322271347,8.66666698455811,-6.97500013311704,3.93333339691162,13.466667175293,18.6000006198883,0.975000023841858,85.1499991416931,281.439997196198,307.700004577637,1,"24A_2014",0.78
"803","203-1-A-BENA",2014,0.166,0.684735251591123,24,1990,15,"203-1","BENA",97,41,11,0,17,1,0,0,0.058823529,0,0,"Moose",NA,NA,1,1,0,0,905.036767,"East","24A","Low Shrub","Low Shrub","Loam","Mesic",0,550.644958,299,23.927214,-149.794431,67.571449,0.277332912121899,1.31960561062071,"203-1-A-BENA_2014",11.5666666030884,-5,264,89,7.90000009536743,-7.76666679978371,3.30000019073486,12.5666672388713,10.5000003576279,1.00000002235174,78.0899990797043,287.439997196198,285.000007629395,1,"24A_2014",0.78
"804","203-1-D-BENA",2014,0.0785,0.463882858840089,22,1992,15,"203-1","BENA",143,46,14,0,26,2,0,0,0.076923077,0,0,"Moose",NA,NA,1,1,0,0,905.036767,"East","24A","Low Shrub","Low Shrub","Loam","Mesic",0,550.644958,299,23.927214,-149.794431,67.571449,-0.215901335371398,0.805814803369719,"203-1-D-BENA_2014",11.5666666030884,-5,264,89,7.90000009536743,-7.76666679978371,3.30000019073486,12.5666672388713,10.5000003576279,1.00000002235174,78.0899990797043,287.439997196198,285.000007629395,1,"24A_2014",0.78
"805","203-2-B-BENA",2014,0.14525,1.08546247696655,16,1998,15,"203-2","BENA",146,44,15,0,20,0,0,0,0,0,0,NA,NA,NA,0,0,1,0,933.944119,"East","24A","Low Shrub","Low Shrub","Loam","Mesic",0,566.911377,300,26.508135,-149.793674,67.571447,0.254204880135936,1.28943595702121,"203-2-B-BENA_2014",11.5666666030884,-5,264,89,7.90000009536743,-7.76666679978371,3.30000019073486,12.5666672388713,10.5000003576279,1.00000002235174,78.0899990797043,287.439997196198,285.000007629395,1,"24A_2014",0.78
"806","203-2-C-BENA",2014,0.048,0.13413343993767,38,1976,15,"203-2","BENA",118,35,14,0,38,0,0,0,0,0,0,NA,NA,NA,0,0,1,0,933.944119,"East","24A","Low Shrub","Low Shrub","Loam","Mesic",0,566.911377,300,26.508135,-149.793674,67.571447,-0.804486544156467,0.447317545412348,"203-2-C-BENA_2014",11.5666666030884,-5,264,89,7.90000009536743,-7.76666679978371,3.30000019073486,12.5666672388713,10.5000003576279,1.00000002235174,78.0899990797043,287.439997196198,285.000007629395,1,"24A_2014",0.78
"807","203-3-B-BENA",2014,0.0955,0.490236108814726,18,1996,15,"203-3","BENA",108,53,11,7,21,0,0,0,0,0,0,NA,NA,NA,0,0,1,0,922.335664,"East","24A","Low Shrub","Low Shrub","Loam","Mesic",0,556.241272,305,23.609533,-149.79364,67.571701,-0.40011436284548,0.670243390711137,"203-3-B-BENA_2014",11.5666666030884,-5,264,89,7.90000009536743,-7.76666679978371,3.30000019073486,12.5666672388713,10.5000003576279,1.00000002235174,78.0899990797043,287.439997196198,285.000007629395,1,"24A_2014",0.78
"808","203-3-D-BENA",2014,0.0545,0.254941814635139,22,1992,15,"203-3","BENA",108,52,11,0,7,1,0,0,0.14,0,0,"Moose",NA,NA,1,0,1,0,922.335664,"East","24A","Low Shrub","Low Shrub","Loam","Mesic",0,556.241272,305,23.609533,-149.79364,67.571701,-0.814498055107584,0.442861563681429,"203-3-D-BENA_2014",11.5666666030884,-5,264,89,7.90000009536743,-7.76666679978371,3.30000019073486,12.5666672388713,10.5000003576279,1.00000002235174,78.0899990797043,287.439997196198,285.000007629395,1,"24A_2014",0.78
"809","203-4-A-BENA",2014,0.14975,0.869045227644224,18,1996,15,"203-4","BENA",85,42,10,0,10,0,0,0,0,0,0,NA,NA,NA,0,1,1,0,951.384807,"East","24A","Low Shrub","Low Shrub","Loam","Mesic",0,569.135193,316,29.227108,-149.792864,67.571712,0.172393676912201,1.18814548660211,"203-4-A-BENA_2014",11.5666666030884,-5,264,89,7.90000009536743,-7.76666679978371,3.30000019073486,12.5666672388713,10.5000003576279,1.00000002235174,78.0899990797043,287.439997196198,285.000007629395,1,"24A_2014",0.78
"810","203-4-B-BENA",2014,0.08275,0.501021000044958,35,1979,15,"203-4","BENA",99,36,12,0,12,0,0,0,0,0,0,NA,NA,NA,0,1,1,0,951.384807,"East","24A","Low Shrub","Low Shrub","Loam","Mesic",0,569.135193,316,29.227108,-149.792864,67.571712,0.415188446513198,1.51465614546874,"203-4-B-BENA_2014",11.5666666030884,-5,264,89,7.90000009536743,-7.76666679978371,3.30000019073486,12.5666672388713,10.5000003576279,1.00000002235174,78.0899990797043,287.439997196198,285.000007629395,1,"24A_2014",0.78
"811","209-1-C-BENA",2014,0.0993333333333333,0.416086437063947,25,1989,16,"209-1","BENA",58,59,14,0,9,0,0,0,0,0,0,NA,NA,NA,0,0,1,0,698.873831,"East","24A","Low Shrub","Black Spruce Woodland","Sandy Loam","Mesic - Xeric",0,553.345276,287,19.679848,-149.692986,67.655886,-0.17209187359919,0.84190182106478,"209-1-C-BENA_2014",10.8894681930542,-5.44047975540161,250,87,7.90000009536743,-7.76666679978371,3.30000019073486,12.5666672388713,10.5000003576279,1.00000002235174,78.0899990797043,287.439997196198,285.000007629395,1,"24A_2014",0.78
"812","209-1-D-BENA",2014,0.03575,0.121100346464711,30,1984,16,"209-1","BENA",76,39,10,0,6,0,0,0,0,0,0,NA,NA,NA,0,0,1,0,698.873831,"East","24A","Low Shrub","Black Spruce Woodland","Sandy Loam","Mesic - Xeric",0,553.345276,287,19.679848,-149.692986,67.655886,-1.18879402217293,0.304588369481695,"209-1-D-BENA_2014",10.8894681930542,-5.44047975540161,250,87,7.90000009536743,-7.76666679978371,3.30000019073486,12.5666672388713,10.5000003576279,1.00000002235174,78.0899990797043,287.439997196198,285.000007629395,1,"24A_2014",0.78
"813","209-2-B-BENA",2014,0.15375,0.55873323518865,46,1968,16,"209-2","BENA",104,57,18,0,18,0,0,0,0,0,0,NA,NA,NA,0,0,0,0,728.528855,"East","24A","Low Shrub","Black Spruce Woodland","Sandy Loam","Mesic - Xeric",0,561.911133,287,21.070175,-149.692261,67.656,0.850344070116494,2.34045199299544,"209-2-B-BENA_2014",10.8894681930542,-5.44047975540161,250,87,7.90000009536743,-7.76666679978371,3.30000019073486,12.5666672388713,10.5000003576279,1.00000002235174,78.0899990797043,287.439997196198,285.000007629395,1,"24A_2014",0.78
"814","209-2-D-BENA",2014,0.02925,0.0570417014616895,53,1961,16,"209-2","BENA",86,47,10,0,6,0,0,0,0,0,0,NA,NA,NA,0,0,0,0,728.528855,"East","24A","Low Shrub","Black Spruce Woodland","Sandy Loam","Mesic - Xeric",0,561.911133,287,21.070175,-149.692261,67.656,-1.26250842985863,0.282943391931286,"209-2-D-BENA_2014",10.8894681930542,-5.44047975540161,250,87,7.90000009536743,-7.76666679978371,3.30000019073486,12.5666672388713,10.5000003576279,1.00000002235174,78.0899990797043,287.439997196198,285.000007629395,1,"24A_2014",0.78
"815","209-3-A-BENA",2014,0.05325,0.215678386000115,54,1960,16,"209-3","BENA",67,52,13,0,10,0,0,0,0,0,0,NA,NA,NA,0,0,1,0,711.058695,"East","24A","Low Shrub","Black Spruce Woodland","Sandy Loam","Mesic - Xeric",0,553.430786,276,18.070417,-149.69261,67.656251,0.0898033543211734,1.09395914021465,"209-3-A-BENA_2014",10.8894681930542,-5.44047975540161,250,87,7.90000009536743,-7.76666679978371,3.30000019073486,12.5666672388713,10.5000003576279,1.00000002235174,78.0899990797043,287.439997196198,285.000007629395,1,"24A_2014",0.78
"816","209-3-D-BENA",2014,0.06975,0.165604540694547,32,1982,16,"209-3","BENA",84,39,10,0,8,0,0,0,0,0,0,NA,NA,NA,0,0,1,0,711.058695,"East","24A","Low Shrub","Black Spruce Woodland","Sandy Loam","Mesic - Xeric",0,553.430786,276,18.070417,-149.69261,67.656251,-0.798794560961719,0.449870929379014,"209-3-D-BENA_2014",10.8894681930542,-5.44047975540161,250,87,7.90000009536743,-7.76666679978371,3.30000019073486,12.5666672388713,10.5000003576279,1.00000002235174,78.0899990797043,287.439997196198,285.000007629395,1,"24A_2014",0.78
"817","209-4-C-BENA",2014,0.03125,0.0623164355270662,23,1991,16,"209-4","BENA",57,38,10,0,7,0,0,0,0,0,0,NA,NA,NA,0,0,0,0,738.024448,"East","24A","Low Shrub","Black Spruce Woodland","Sandy Loam","Mesic - Xeric",0,561.090881,296,18.584587,-149.691928,67.656444,-2.17026218647372,0.114147685008122,"209-4-C-BENA_2014",10.8894681930542,-5.44047975540161,250,87,7.90000009536743,-7.76666679978371,3.30000019073486,12.5666672388713,10.5000003576279,1.00000002235174,78.0899990797043,287.439997196198,285.000007629395,1,"24A_2014",0.78
"818","209-4-D-BENA",2014,0.045,0.0778957606289471,42,1972,16,"209-4","BENA",71,50,9,0,8,0,0,0,0,0,0,NA,NA,NA,0,0,0,0,738.024448,"East","24A","Low Shrub","Black Spruce Woodland","Sandy Loam","Mesic - Xeric",0,561.090881,296,18.584587,-149.691928,67.656444,-1.22851667926335,0.292726463038523,"209-4-D-BENA_2014",10.8894681930542,-5.44047975540161,250,87,7.90000009536743,-7.76666679978371,3.30000019073486,12.5666672388713,10.5000003576279,1.00000002235174,78.0899990797043,287.439997196198,285.000007629395,1,"24A_2014",0.78
"819","222-1-B-BENA",2014,0.062,0.218541751354321,34,1980,17,"222-1","BENA",63,58,19,0,9,0,2,0,0,0.222222222,0,NA,"Hare",NA,1,2,18,0,769.468544,"East","24A","Low Shrub","Tall Shrub","Clay Loam","Mesic",0,669.484009,287,15.029548,-149.809491,67.826198,-0.449074439998768,0.638218587934541,"222-1-B-BENA_2014",10.266666730245,-5.99166656533877,250,90,7.90000009536743,-7.76666679978371,3.30000019073486,12.5666672388713,10.5000003576279,1.00000002235174,78.0899990797043,287.439997196198,285.000007629395,1,"24A_2014",0.78
"820","222-1-D-BENA",2014,0.01775,0.0269754816695895,33,1981,17,"222-1","BENA",78,38,9,0,9,0,2,0,0,0.222222222,0,NA,"Hare",NA,1,2,18,0,769.468544,"East","24A","Low Shrub","Tall Shrub","Clay Loam","Mesic",0,669.484009,287,15.029548,-149.809491,67.826198,-2.57674784552638,0.076020833935966,"222-1-D-BENA_2014",10.266666730245,-5.99166656533877,250,90,7.90000009536743,-7.76666679978371,3.30000019073486,12.5666672388713,10.5000003576279,1.00000002235174,78.0899990797043,287.439997196198,285.000007629395,1,"24A_2014",0.78
"821","222-2-A-BENA",2014,0.17525,0.8934279136269,28,1986,17,"222-2","BENA",81,59,12,0,9,0,0,0,0,0,0,NA,NA,NA,0,3,13,0,794.735172,"East","24A","Low Shrub","Tall Shrub","Clay Loam","Mesic",0,676.198608,282,15.59229,-149.808768,67.826375,0.727320259048385,2.06952737313,"222-2-A-BENA_2014",10.266666730245,-5.99166656533877,250,90,7.90000009536743,-7.76666679978371,3.30000019073486,12.5666672388713,10.5000003576279,1.00000002235174,78.0899990797043,287.439997196198,285.000007629395,1,"24A_2014",0.78
"822","222-2-D-BENA",2014,0.12275,0.471529691708468,14,2000,17,"222-2","BENA",62,59,8,0,6,0,1,0,0,0.166666667,0,NA,"Hare",NA,1,3,13,0,794.735172,"East","24A","Low Shrub","Tall Shrub","Clay Loam","Mesic",0,676.198608,282,15.59229,-149.808768,67.826375,-0.738922639569468,0.47762821616831,"222-2-D-BENA_2014",10.266666730245,-5.99166656533877,250,90,7.90000009536743,-7.76666679978371,3.30000019073486,12.5666672388713,10.5000003576279,1.00000002235174,78.0899990797043,287.439997196198,285.000007629395,1,"24A_2014",0.78
"823","222-3-A-BENA",2014,0.10375,0.239158649493044,52,1962,17,"222-3","BENA",126,65,16,0,21,0,3,0,0,0.142857143,0,NA,"Hare",NA,1,2,11,1,778.440723,"East","24A","Low Shrub","Low Shrub","Clay Loam","Mesic",0,672.469177,278,13.422374,-149.809021,67.826615,0.148105155107003,1.1596348314766,"222-3-A-BENA_2014",10.266666730245,-5.99166656533877,250,90,7.90000009536743,-7.76666679978371,3.30000019073486,12.5666672388713,10.5000003576279,1.00000002235174,78.0899990797043,287.439997196198,285.000007629395,1,"24A_2014",0.78
"824","222-3-B-BENA",2014,0.382,2.13855751752226,11,2003,17,"222-3","BENA",70,62,8,0,8,0,0,0,0,0,0,NA,NA,NA,0,2,11,1,778.440723,"East","24A","Low Shrub","Low Shrub","Clay Loam","Mesic",0,672.469177,278,13.422374,-149.809021,67.826615,0.485194108292864,1.62449030528235,"222-3-B-BENA_2014",10.266666730245,-5.99166656533877,250,90,7.90000009536743,-7.76666679978371,3.30000019073486,12.5666672388713,10.5000003576279,1.00000002235174,78.0899990797043,287.439997196198,285.000007629395,1,"24A_2014",0.78
"825","222-4-C-BENA",2014,0.16775,1.01935394275707,12,2002,17,"222-4","BENA",92,74,9,12,11,0,1,0,0,0.090909091,0,NA,"Hare",NA,1,0,15,0,805.061274,"East","24A","Low Shrub","Low Shrub","Clay Loam","Mesic",0,678.755371,278,16.631924,-149.808355,67.826658,-0.151934360139758,0.859044666462376,"222-4-C-BENA_2014",10.266666730245,-5.99166656533877,250,90,7.90000009536743,-7.76666679978371,3.30000019073486,12.5666672388713,10.5000003576279,1.00000002235174,78.0899990797043,287.439997196198,285.000007629395,1,"24A_2014",0.78
"826","222-4-D-BENA",2014,0.11825,0.550274496968859,19,1995,17,"222-4","BENA",107,70,8,0,14,0,0,0,0,0,0,NA,NA,NA,0,0,15,0,805.061274,"East","24A","Low Shrub","Low Shrub","Clay Loam","Mesic",0,678.755371,278,16.631924,-149.808355,67.826658,-0.220063748798439,0.802467639984031,"222-4-D-BENA_2014",10.266666730245,-5.99166656533877,250,90,7.90000009536743,-7.76666679978371,3.30000019073486,12.5666672388713,10.5000003576279,1.00000002235174,78.0899990797043,287.439997196198,285.000007629395,1,"24A_2014",0.78
"827","235-1-A-BENA",2014,0.078,0.303364753001246,35,1979,18,"235-1","BENA",59,29,10,0,18,0,0,0,0,0,0,NA,NA,NA,0,0,5,0,477.732622,"East","24A","Low Shrub","Low Shrub","Sandy Gravel","Mesic",0,813.776917,295,20.303024,-149.727576,68.004859,-0.0865236831492069,0.917113828383866,"235-1-A-BENA_2014",8.03333346048991,-7.25833335518837,257,97,6.70000012715658,-8.94166687317193,2.23333342870077,11.2000001271566,4.90000009536743,0.883333352704843,57.569998383522,297.639999389648,255.400001525879,1,"24A_2014",0.78
"828","235-1-B-BENA",2014,0.12125,0.615277975962448,22,1992,18,"235-1","BENA",42,18,10,0,10,0,1,0,0,0.1,0,NA,"Hare",NA,1,0,5,0,477.732622,"East","24A","Low Shrub","Low Shrub","Sandy Gravel","Mesic",0,813.776917,295,20.303024,-149.727576,68.004859,0.066540762795075,1.06880453064728,"235-1-B-BENA_2014",8.03333346048991,-7.25833335518837,257,97,6.70000012715658,-8.94166687317193,2.23333342870077,11.2000001271566,4.90000009536743,0.883333352704843,57.569998383522,297.639999389648,255.400001525879,1,"24A_2014",0.78
"829","235-2-A-BENA",2014,0.213,1.24062122208792,14,2000,18,"235-2","BENA",71,49,9,0,16,0,0,0,0,0,0,NA,NA,NA,0,0,0,0,510.631222,"East","24A","Dwarf Shrub-Lichen","Low Shrub","Sandy Gravel","Mesic",0,828.022217,289,26.243103,-149.726481,68.004961,0.228462806171659,1.25666678401402,"235-2-A-BENA_2014",8.03333346048991,-7.25833335518837,257,97,6.70000012715658,-8.94166687317193,2.23333342870077,11.2000001271566,4.90000009536743,0.883333352704843,57.569998383522,297.639999389648,255.400001525879,1,"24A_2014",0.78
"830","235-2-B-BENA",2014,0.133,0.369781163290787,31,1983,18,"235-2","BENA",54,38,8,0,9,0,0,0,0,0,0,NA,NA,NA,NA,0,0,0,510.631222,"East","24A","Dwarf Shrub-Lichen","Low Shrub","Sandy Gravel","Mesic",0,828.022217,289,26.243103,-149.726481,68.004961,-0.0333727907958352,0.967177937341905,"235-2-B-BENA_2014",8.03333346048991,-7.25833335518837,257,97,6.70000012715658,-8.94166687317193,2.23333342870077,11.2000001271566,4.90000009536743,0.883333352704843,57.569998383522,297.639999389648,255.400001525879,1,"24A_2014",0.78
"831","235-2-C-BENA",2014,0.013,0.0152540031295051,26,1988,18,"235-2","BENA",58,33,8,0,9,0,2,0,0,0.222222222,0,NA,"Hare",NA,1,0,0,0,510.631222,"East","24A","Dwarf Shrub-Lichen","Low Shrub","Sandy Gravel","Mesic",0,828.022217,289,26.243103,-149.726481,68.004961,-3.43133933199538,0.0323435929419456,"235-2-C-BENA_2014",8.03333346048991,-7.25833335518837,257,97,6.70000012715658,-8.94166687317193,2.23333342870077,11.2000001271566,4.90000009536743,0.883333352704843,57.569998383522,297.639999389648,255.400001525879,1,"24A_2014",0.78
"832","235-3-B-BENA",2014,0.062,0.139851138567203,29,1985,18,"235-3","BENA",59,31,10,0,15,0,0,0,0,0,0,NA,NA,NA,0,0,1,0,482.982181,"East","24A","Dwarf Shrub-Lichen","Low Shrub","Sandy Gravel","Mesic",0,817.546387,298,18.704132,-149.726784,68.005244,-1.08529100456827,0.337803469237383,"235-3-B-BENA_2014",8.03333346048991,-7.25833335518837,257,97,6.70000012715658,-8.94166687317193,2.23333342870077,11.2000001271566,4.90000009536743,0.883333352704843,57.569998383522,297.639999389648,255.400001525879,1,"24A_2014",0.78
"833","235-3-C-BENA",2014,0.1385,0.892411804753004,14,2000,18,"235-3","BENA",57,42,7,0,11,0,0,0,0,0,0,NA,NA,NA,0,0,1,0,482.982181,"East","24A","Dwarf Shrub-Lichen","Low Shrub","Sandy Gravel","Mesic",0,817.546387,298,18.704132,-149.726784,68.005244,-0.100977021963793,0.903953803730458,"235-3-C-BENA_2014",8.03333346048991,-7.25833335518837,257,97,6.70000012715658,-8.94166687317193,2.23333342870077,11.2000001271566,4.90000009536743,0.883333352704843,57.569998383522,297.639999389648,255.400001525879,1,"24A_2014",0.78
"834","235-4-A-BENA",2014,0.12225,0.593084194661162,24,1990,18,"235-4","BENA",45,36,11,0,13,0,0,0,0,0,0,NA,NA,NA,0,0,0,0,503.848767,"East","24A","Low Shrub","Low Shrub","Sandy Gravel","Mesic",0,825.290771,293,20.728168,-149.726015,68.005351,0.133637012393548,1.14297785753942,"235-4-A-BENA_2014",8.03333346048991,-7.25833335518837,257,97,6.70000012715658,-8.94166687317193,2.23333342870077,11.2000001271566,4.90000009536743,0.883333352704843,57.569998383522,297.639999389648,255.400001525879,1,"24A_2014",0.78
"835","235-4-C-BENA",2014,0.1925,2.21734002189449,18,1996,18,"235-4","BENA",61,45,11,0,10,0,0,0,0,0,0,NA,NA,NA,0,0,0,0,503.848767,"East","24A","Low Shrub","Low Shrub","Sandy Gravel","Mesic",0,825.290771,293,20.728168,-149.726015,68.005351,1.10906207550958,3.03151372963376,"235-4-C-BENA_2014",8.03333346048991,-7.25833335518837,257,97,6.70000012715658,-8.94166687317193,2.23333342870077,11.2000001271566,4.90000009536743,0.883333352704843,57.569998383522,297.639999389648,255.400001525879,1,"24A_2014",0.78
"836","240-1-C-BENA",2014,0.10175,0.96592369840022,8,2006,19,"240-1","BENA",52,36,9,0,17,0,0,0,0,0,0,NA,NA,NA,0,0,1,0,395.986648,"West","24A","Low Shrub","Low Shrub","Sandy Loam","Mesic",0,1043.032227,75,23.365055,-149.606437,68.069578,-0.689631016027846,0.50176117674514,"240-1-C-BENA_2014",6.95162169138591,-7.78139429291089,316.392189025879,131.812442779541,6.70000012715658,-8.94166687317193,2.23333342870077,11.2000001271566,4.90000009536743,0.883333352704843,57.569998383522,297.639999389648,255.400001525879,1,"24A_2014",0.78
"837","240-1-D-BENA",2014,0.10125,0.536372949476723,15,1999,19,"240-1","BENA",70,38,7,0,13,0,0,0,0,0,0,NA,NA,NA,0,0,1,0,395.986648,"West","24A","Low Shrub","Low Shrub","Sandy Loam","Mesic",0,1043.032227,75,23.365055,-149.606437,68.069578,-0.527743132215952,0.58993487341592,"240-1-D-BENA_2014",6.95162169138591,-7.78139429291089,316.392189025879,131.812442779541,6.70000012715658,-8.94166687317193,2.23333342870077,11.2000001271566,4.90000009536743,0.883333352704843,57.569998383522,297.639999389648,255.400001525879,1,"24A_2014",0.78
"838","240-2-A-BENA",2014,0.11525,0.541383004361036,18,1996,19,"240-2","BENA",90,57,9,0,23,0,0,2,0,0,0.086956522,NA,NA,"Ptarmagin",1,0,0,0,426.292991,"West","24A","Tussock Tundra (Low shrub or Herbaceous)","Low Shrub","Sandy Loam","Mesic",0,1048.270996,87,24.096361,-149.606886,68.069926,-0.300874507950687,0.740170652450771,"240-2-A-BENA_2014",6.95162169138591,-7.78139429291089,316.392189025879,131.812442779541,6.70000012715658,-8.94166687317193,2.23333342870077,11.2000001271566,4.90000009536743,0.883333352704843,57.569998383522,297.639999389648,255.400001525879,1,"24A_2014",0.78
"839","240-2-D-BENA",2014,0.0485,0.173089188842184,16,1998,19,"240-2","BENA",84,31,8,0,10,0,0,0,0,0,0,NA,NA,NA,0,0,0,0,426.292991,"West","24A","Tussock Tundra (Low shrub or Herbaceous)","Low Shrub","Sandy Loam","Mesic",0,1048.270996,87,24.096361,-149.606886,68.069926,-1.58174953698191,0.205615052201959,"240-2-D-BENA_2014",6.95162169138591,-7.78139429291089,316.392189025879,131.812442779541,6.70000012715658,-8.94166687317193,2.23333342870077,11.2000001271566,4.90000009536743,0.883333352704843,57.569998383522,297.639999389648,255.400001525879,1,"24A_2014",0.78
"840","240-3-A-BENA",2014,0.298,2.80203047003389,10,2004,19,"240-3","BENA",66,43,8,0,18,0,0,0,0,0,0,NA,NA,NA,0,0,1,3,399.798137,"West","24A","Low Shrub","Low Shrub","Sandy Loam","Mesic",0,1034.808228,93,20.584356,-149.606025,68.07014,0.641669564964536,1.89964982197868,"240-3-A-BENA_2014",6.95162169138591,-7.78139429291089,316.392189025879,131.812442779541,6.70000012715658,-8.94166687317193,2.23333342870077,11.2000001271566,4.90000009536743,0.883333352704843,57.569998383522,297.639999389648,255.400001525879,1,"24A_2014",0.78
"841","240-3-D-BENA",2014,0.0925,0.474836021626831,30,1984,19,"240-3","BENA",97,46,12,0,13,0,0,2,0,0,0.153846154,NA,NA,"Ptarmagin",1,0,1,3,399.798137,"West","24A","Low Shrub","Low Shrub","Sandy Loam","Mesic",0,1034.808228,93,20.584356,-149.606025,68.07014,0.17755599309744,1.19429492830259,"240-3-D-BENA_2014",6.95162169138591,-7.78139429291089,316.392189025879,131.812442779541,6.70000012715658,-8.94166687317193,2.23333342870077,11.2000001271566,4.90000009536743,0.883333352704843,57.569998383522,297.639999389648,255.400001525879,1,"24A_2014",0.78
"842","240-4-B-BENA",2014,0.0445,0.140709578759797,46,1968,19,"240-4","BENA",102,72,15,0,13,0,0,0,0,0,0,NA,NA,NA,0,0,2,0,431.079046,"West","24A","Low Shrub","Low Shrub","Sandy Loam","Mesic",0,1046.807861,94,24.616484,-149.606605,68.070368,-0.528630030105199,0.589411893371124,"240-4-B-BENA_2014",6.95162169138591,-7.78139429291089,316.392189025879,131.812442779541,6.70000012715658,-8.94166687317193,2.23333342870077,11.2000001271566,4.90000009536743,0.883333352704843,57.569998383522,297.639999389648,255.400001525879,1,"24A_2014",0.78
"843","240-4-D-BENA",2014,0.124,0.60030809061855,29,1985,19,"240-4","BENA",83,41,16,0,29,0,0,3,0,0,0.103448276,NA,NA,"Ptarmagin",1,0,2,0,431.079046,"West","24A","Low Shrub","Low Shrub","Sandy Loam","Mesic",0,1046.807861,94,24.616484,-149.606605,68.070368,0.371573442263567,1.45001433452593,"240-4-D-BENA_2014",6.95162169138591,-7.78139429291089,316.392189025879,131.812442779541,6.70000012715658,-8.94166687317193,2.23333342870077,11.2000001271566,4.90000009536743,0.883333352704843,57.569998383522,297.639999389648,255.400001525879,1,"24A_2014",0.78
"844","255-1-A-BENA",2014,0.1765,0.761593530463034,45,1969,20,"255-1","BENA",71,26,15,0,17,0,0,0,0,0,0,NA,NA,NA,0,0,0,0,585.543915,"East","26B","Low Shrub","Low Shrub","Sandy Gravel","Mesic - Xeric",0,991.483582,331,1.701594,-149.392735,68.222633,1.13385663873679,3.10761838039789,"255-1-A-BENA_2014",7.27118015289307,-8.19542799455424,317.684051513672,122.864593505859,4.800000111262,-10.5000002284845,0.466666658719381,9.20000012715658,2.40000009536743,0.758333352704843,47.5499991774559,314.599997520447,269.500003814697,1,"26B_2014",0.27
"845","255-1-B-BENA",2014,0.05375,0.129220578076078,15,1999,20,"255-1","BENA",41,27,7,0,12,0,0,0,0,0,0,NA,NA,NA,0,0,0,0,585.543915,"East","26B","Low Shrub","Low Shrub","Sandy Gravel","Mesic - Xeric",0,991.483582,331,1.701594,-149.392735,68.222633,-1.95105200089127,0.142124477836575,"255-1-B-BENA_2014",7.27118015289307,-8.19542799455424,317.684051513672,122.864593505859,4.800000111262,-10.5000002284845,0.466666658719381,9.20000012715658,2.40000009536743,0.758333352704843,47.5499991774559,314.599997520447,269.500003814697,1,"26B_2014",0.27
"846","255-2-C-BENA",2014,0.079,0.201278699722845,33,1981,20,"255-2","BENA",65,27,8,0,20,0,0,0,0,0,0,NA,NA,NA,0,0,1,1,631.079496,"East","26B","Low Shrub","Low Shrub","Sandy Gravel","Mesic - Xeric",0,993.382141,286,2.676414,-149.39171,68.222788,-0.566985699209352,0.567232674244604,"255-2-C-BENA_2014",7.27118015289307,-8.19542799455424,317.684051513672,122.864593505859,4.800000111262,-10.5000002284845,0.466666658719381,9.20000012715658,2.40000009536743,0.758333352704843,47.5499991774559,314.599997520447,269.500003814697,1,"26B_2014",0.27
"847","255-2-D-BENA",2014,0.15925,0.669774791025189,25,1989,20,"255-2","BENA",60,32,10,0,11,0,0,0,0,0,0,NA,NA,NA,0,0,1,1,631.079496,"East","26B","Low Shrub","Low Shrub","Sandy Gravel","Mesic - Xeric",0,993.382141,286,2.676414,-149.39171,68.222788,0.303956629400888,1.35521027853337,"255-2-D-BENA_2014",7.27118015289307,-8.19542799455424,317.684051513672,122.864593505859,4.800000111262,-10.5000002284845,0.466666658719381,9.20000012715658,2.40000009536743,0.758333352704843,47.5499991774559,314.599997520447,269.500003814697,1,"26B_2014",0.27
"848","255-3-A-BENA",2014,0.2775,1.12679111007223,14,2000,20,"255-3","BENA",61,31,7,0,17,0,0,0,0,0,0,NA,NA,NA,0,0,1,0,600.399561,"East","26B","Tussock Tundra (Low shrub or Herbaceous)","Low Shrub","Sandy Gravel","Mesic - Xeric",0,990.277893,304,2.837043,-149.392647,68.223106,0.132224433905506,1.14136445140523,"255-3-A-BENA_2014",7.27118015289307,-8.19542799455424,317.684051513672,122.864593505859,4.800000111262,-10.5000002284845,0.466666658719381,9.20000012715658,2.40000009536743,0.758333352704843,47.5499991774559,314.599997520447,269.500003814697,1,"26B_2014",0.27
"849","255-3-D-BENA",2014,0.2925,1.90031798022993,9,2005,20,"255-3","BENA",53,42,6,0,12,0,0,1,0,0,0.083333333,NA,NA,"Ptarmagin",1,0,1,0,600.399561,"East","26B","Tussock Tundra (Low shrub or Herbaceous)","Low Shrub","Sandy Gravel","Mesic - Xeric",0,990.277893,304,2.837043,-149.392647,68.223106,0.127615697664444,1.13611630664067,"255-3-D-BENA_2014",7.27118015289307,-8.19542799455424,317.684051513672,122.864593505859,4.800000111262,-10.5000002284845,0.466666658719381,9.20000012715658,2.40000009536743,0.758333352704843,47.5499991774559,314.599997520447,269.500003814697,1,"26B_2014",0.27
"850","255-4-B-BENA",2014,0.07325,0.617819131720119,18,1996,20,"255-4","BENA",49,32,10,0,25,0,0,0,0,0,0,NA,NA,NA,0,0,0,2,644.564014,"East","26B","Low Shrub","Low Shrub","Sandy Gravel","Mesic - Xeric",0,993.003235,239,7.430982,-149.391619,68.223199,-0.168805745116612,0.844672969299368,"255-4-B-BENA_2014",7.27118015289307,-8.19542799455424,317.684051513672,122.864593505859,4.800000111262,-10.5000002284845,0.466666658719381,9.20000012715658,2.40000009536743,0.758333352704843,47.5499991774559,314.599997520447,269.500003814697,1,"26B_2014",0.27
"851","255-4-D-BENA",2014,0.03125,0.0609910761263331,37,1977,20,"255-4","BENA",56,29,5,0,12,0,0,0,0,0,0,NA,NA,NA,0,0,0,2,644.564014,"East","26B","Low Shrub","Low Shrub","Sandy Gravel","Mesic - Xeric",0,993.003235,239,7.430982,-149.391619,68.223199,-1.62441835847798,0.197026240525407,"255-4-D-BENA_2014",7.27118015289307,-8.19542799455424,317.684051513672,122.864593505859,4.800000111262,-10.5000002284845,0.466666658719381,9.20000012715658,2.40000009536743,0.758333352704843,47.5499991774559,314.599997520447,269.500003814697,1,"26B_2014",0.27
"852","261-1-C-BENA",2014,0.052,0.0790676049946335,38,1976,21,"261-1","BENA",52,23,10,0,13,0,0,0,0,0,0,NA,NA,NA,0,0,0,0,356.206777,"East","26B","Dwarf Shrub","Low Shrub","Sandy Loam","Mesic",0,883.832947,287,13.943512,-149.352299,68.301689,-1.33301842309808,0.263680160624135,"261-1-C-BENA_2014",7.49616543451945,-8.33209023873011,338.85083770752,139.178262472153,4.800000111262,-10.5000002284845,0.466666658719381,9.20000012715658,2.40000009536743,0.758333352704843,47.5499991774559,314.599997520447,269.500003814697,1,"26B_2014",0.27
"853","261-1-D-BENA",2014,0.04075,0.156664353400594,25,1989,21,"261-1","BENA",59,19,9,0,15,0,0,0,0,0,0,NA,NA,NA,0,0,0,0,356.206777,"East","26B","Dwarf Shrub","Low Shrub","Sandy Loam","Mesic",0,883.832947,287,13.943512,-149.352299,68.301689,-1.14887925328175,0.316991837933005,"261-1-D-BENA_2014",7.49616543451945,-8.33209023873011,338.85083770752,139.178262472153,4.800000111262,-10.5000002284845,0.466666658719381,9.20000012715658,2.40000009536743,0.758333352704843,47.5499991774559,314.599997520447,269.500003814697,1,"26B_2014",0.27
"854","261-2-B-BENA",2014,0.035,0.180712263416117,28,1986,21,"261-2","BENA",66,25,12,0,19,0,0,0,0,0,0,NA,NA,NA,0,0,0,1,388.99561,"East","26B","Dwarf Shrub-Lichen","Low Shrub","Sandy Loam","Mesic",0,888.892761,295,13.025289,-149.351465,68.301786,-0.870839332186214,0.418600057257796,"261-2-B-BENA_2014",7.49616543451945,-8.33209023873011,338.85083770752,139.178262472153,4.800000111262,-10.5000002284845,0.466666658719381,9.20000012715658,2.40000009536743,0.758333352704843,47.5499991774559,314.599997520447,269.500003814697,1,"26B_2014",0.27
"855","261-2-C-BENA",2014,0.03025,0.0382746123473071,23,1991,21,"261-2","BENA",37,18,8,0,13,0,0,0,0,0,0,NA,NA,NA,0,0,0,1,388.99561,"East","26B","Dwarf Shrub-Lichen","Low Shrub","Sandy Loam","Mesic",0,888.892761,295,13.025289,-149.351465,68.301786,-2.65770057670698,0.0701092473771354,"261-2-C-BENA_2014",7.49616543451945,-8.33209023873011,338.85083770752,139.178262472153,4.800000111262,-10.5000002284845,0.466666658719381,9.20000012715658,2.40000009536743,0.758333352704843,47.5499991774559,314.599997520447,269.500003814697,1,"26B_2014",0.27
"856","261-3-A-BENA",2014,0.12575,0.849270079987124,9,2005,21,"261-3","BENA",70,41,11,0,15,0,0,0,0,0,0,NA,NA,NA,0,0,0,1,380.53651,"East","26B","Tussock Tundra (Low shrub or Herbaceous)","Low Shrub","Sandy Loam","Mesic",0,884.224731,295,11.657486,-149.351558,68.302088,-0.677783560364932,0.507741123671658,"261-3-A-BENA_2014",7.49616543451945,-8.33209023873011,338.85083770752,139.178262472153,4.800000111262,-10.5000002284845,0.466666658719381,9.20000012715658,2.40000009536743,0.758333352704843,47.5499991774559,314.599997520447,269.500003814697,1,"26B_2014",0.27
"857","261-3-D-BENA",2014,0.223333333333333,0.923334933881486,34,1980,21,"261-3","BENA",74,41,14,0,26,0,0,0,0,0,0,NA,NA,NA,0,0,0,1,380.53651,"East","26B","Tussock Tundra (Low shrub or Herbaceous)","Low Shrub","Sandy Loam","Mesic",0,884.224731,295,11.657486,-149.351558,68.302088,0.991940525963655,2.69646195310781,"261-3-D-BENA_2014",7.49616543451945,-8.33209023873011,338.85083770752,139.178262472153,4.800000111262,-10.5000002284845,0.466666658719381,9.20000012715658,2.40000009536743,0.758333352704843,47.5499991774559,314.599997520447,269.500003814697,1,"26B_2014",0.27
"858","261-4-A-BENA",2014,0.04475,0.113980319414431,49,1965,21,"261-4","BENA",45,23,13,0,13,0,0,0,0,0,0,NA,NA,NA,0,0,0,0,405.679111,"East","26B","Low Shrub","Low Shrub","Sandy Loam","Mesic",0,886.626587,308,9.946874,-149.350886,68.302265,-0.66390844944506,0.514835189746679,"261-4-A-BENA_2014",7.49616543451945,-8.33209023873011,338.85083770752,139.178262472153,4.800000111262,-10.5000002284845,0.466666658719381,9.20000012715658,2.40000009536743,0.758333352704843,47.5499991774559,314.599997520447,269.500003814697,1,"26B_2014",0.27
"859","261-4-B-BENA",2014,0.0405,0.0848654131477482,28,1986,21,"261-4","BENA",71,30,12,0,13,0,0,0,0,0,0,NA,NA,NA,0,0,0,0,405.679111,"East","26B","Low Shrub","Low Shrub","Sandy Loam","Mesic",0,886.626587,308,9.946874,-149.350886,68.302265,-1.62667876675177,0.196581383749552,"261-4-B-BENA_2014",7.49616543451945,-8.33209023873011,338.85083770752,139.178262472153,4.800000111262,-10.5000002284845,0.466666658719381,9.20000012715658,2.40000009536743,0.758333352704843,47.5499991774559,314.599997520447,269.500003814697,1,"26B_2014",0.27
"860","268-1-B-BENA",2014,0.032,0.10706547763434,29,1985,22,"268-1","BENA",63,26,6,0,12,0,0,0,0,0,0,NA,NA,NA,0,0,1,2,212.091228,"West","26B","Low Shrub","Low Shrub","Sandy Gravel","Mesic",0,818.738892,195,1.432166,-149.327109,68.400098,-1.35242897771833,0.25861133596033,"268-1-B-BENA_2014",8.52881940205892,-7.72838523983955,341.954864501953,145.135406494141,4.800000111262,-10.5000002284845,0.466666658719381,9.20000012715658,2.40000009536743,0.758333352704843,47.5499991774559,314.599997520447,269.500003814697,1,"26B_2014",0.27
"861","268-1-C-BENA",2014,0.114,0.353664792977871,26,1988,22,"268-1","BENA",47,18,6,0,11,0,0,0,0,0,0,NA,NA,NA,0,0,1,2,212.091228,"West","26B","Low Shrub","Low Shrub","Sandy Gravel","Mesic",0,818.738892,195,1.432166,-149.327109,68.400098,-0.28783174886001,0.749887751094544,"268-1-C-BENA_2014",8.52881940205892,-7.72838523983955,341.954864501953,145.135406494141,4.800000111262,-10.5000002284845,0.466666658719381,9.20000012715658,2.40000009536743,0.758333352704843,47.5499991774559,314.599997520447,269.500003814697,1,"26B_2014",0.27
"862","268-2-A-BENA",2014,0.13475,0.756172515989725,24,1990,22,"268-2","BENA",60,23,9,0,24,0,0,0,0,0,0,NA,NA,NA,0,0,0,4,184.615387,"West","26B","Low Shrub","Low Shrub","Sandy Gravel","Mesic",0,819.441162,203,1.359031,-149.326454,68.400307,0.376570188495744,1.45727781997277,"268-2-A-BENA_2014",8.52881940205892,-7.72838523983955,341.954864501953,145.135406494141,4.800000111262,-10.5000002284845,0.466666658719381,9.20000012715658,2.40000009536743,0.758333352704843,47.5499991774559,314.599997520447,269.500003814697,1,"26B_2014",0.27
"863","268-3-C-BENA",2014,0.09725,0.418333103305231,11,2003,22,"268-3","BENA",50,27,5,0,11,0,0,0,0,0,0,NA,NA,NA,0,0,0,0,206.549982,"West","26B","Low Shrub","Low Shrub","Sandy Gravel","Mesic",0,819.661011,150,1.610195,-149.326989,68.400547,-1.14641470218208,0.317774044013269,"268-3-C-BENA_2014",8.52881940205892,-7.72838523983955,341.954864501953,145.135406494141,4.800000111262,-10.5000002284845,0.466666658719381,9.20000012715658,2.40000009536743,0.758333352704843,47.5499991774559,314.599997520447,269.500003814697,1,"26B_2014",0.27
"864","268-4-C-BENA",2014,0.142,0.603358577085187,35,1979,22,"268-4","BENA",58,32,8,0,18,0,0,0,0,0,0,NA,NA,NA,0,0,0,5,171.881056,"West","26B","Dwarf Shrub-Lichen","Low Shrub","Sandy Gravel","Mesic",0,820.486511,188,1.085947,-149.326166,68.400831,0.601052105238553,1.82403686995425,"268-4-C-BENA_2014",8.52881940205892,-7.72838523983955,341.954864501953,145.135406494141,4.800000111262,-10.5000002284845,0.466666658719381,9.20000012715658,2.40000009536743,0.758333352704843,47.5499991774559,314.599997520447,269.500003814697,1,"26B_2014",0.27
"865","268-4-D-BENA",2014,0.0555,0.119261140315576,26,1988,22,"268-4","BENA",57,23,7,0,15,0,0,0,0,0,0,NA,NA,NA,0,0,0,5,171.881056,"West","26B","Dwarf Shrub-Lichen","Low Shrub","Sandy Gravel","Mesic",0,820.486511,188,1.085947,-149.326166,68.400831,-1.37486575565485,0.252873540369096,"268-4-D-BENA_2014",8.52881940205892,-7.72838523983955,341.954864501953,145.135406494141,4.800000111262,-10.5000002284845,0.466666658719381,9.20000012715658,2.40000009536743,0.758333352704843,47.5499991774559,314.599997520447,269.500003814697,1,"26B_2014",0.27
"866","282-1-B-BENA",2014,0.108333333333333,0.301427078056538,25,1989,23,"282-1","BENA",41,18,8,0,9,0,0,0,0,0,0,NA,NA,NA,0,0,0,0,577.316923,"West","26B","Tussock Tundra (Low shrub or Herbaceous)","Tussock Tundra","Clay Loam","Mesic",0,826.622314,26,2.82316,-149.530032,68.582817,-0.494456770592884,0.609902134096799,"282-1-B-BENA_2014",9,-7.42500003178914,303,168,9.16666698455811,-6.97499988476435,4.66666674613953,13.7000001271566,27.1000006198883,1.02500002086163,77.8299977779388,274.799997806549,190.800006866455,1,"26B_2014",0.27
"867","282-1-D-BENA",2014,0.2385,1.58095937902926,24,1990,23,"282-1","BENA",74,20,11,0,15,0,0,0,0,0,0,NA,NA,NA,0,0,0,0,577.316923,"West","26B","Tussock Tundra (Low shrub or Herbaceous)","Tussock Tundra","Clay Loam","Mesic",0,826.622314,26,2.82316,-149.530032,68.582817,1.11408778626107,3.04678758963064,"282-1-D-BENA_2014",9,-7.42500003178914,303,168,9.16666698455811,-6.97499988476435,4.66666674613953,13.7000001271566,27.1000006198883,1.02500002086163,77.8299977779388,274.799997806549,190.800006866455,1,"26B_2014",0.27
"868","282-2-A-BENA",2014,0.0205,0.0228951418611992,27,1987,23,"282-2","BENA",44,16,6,0,7,0,0,0,0,0,0,NA,NA,NA,0,0,0,0,604.079816,"West","26B","Low Shrub","Low Shrub-Tussock Tundra","Clay Loam","Mesic",0,826.41803,354,3.355184,-149.530916,68.583004,-2.98021956669544,0.0507816826744745,"282-2-A-BENA_2014",9,-7.42500003178914,303,168,9.16666698455811,-6.97499988476435,4.66666674613953,13.7000001271566,27.1000006198883,1.02500002086163,77.8299977779388,274.799997806549,190.800006866455,1,"26B_2014",0.27
"869","282-2-B-BENA",2014,0.068,0.208714849533892,23,1991,23,"282-2","BENA",27,18,6,0,5,0,0,0,0,0,0,NA,NA,NA,0,0,0,0,604.079816,"West","26B","Low Shrub","Low Shrub-Tussock Tundra","Clay Loam","Mesic",0,826.41803,354,3.355184,-149.530916,68.583004,-0.961518426022029,0.382311932632356,"282-2-B-BENA_2014",9,-7.42500003178914,303,168,9.16666698455811,-6.97499988476435,4.66666674613953,13.7000001271566,27.1000006198883,1.02500002086163,77.8299977779388,274.799997806549,190.800006866455,1,"26B_2014",0.27
"870","282-3-B-BENA",2014,0.03525,0.110879567465339,20,1994,23,"282-3","BENA",31,18,7,0,8,0,0,0,0,0,0,NA,NA,NA,0,0,0,0,571.732475,"West","26B","Low Shrub","Low Shrub-Tussock Tundra","Clay Loam","Mesic",0,823.876221,27,3.830761,-149.53038,68.583298,-1.76082608286905,0.171902799194996,"282-3-B-BENA_2014",9,-7.42500003178914,303,168,9.16666698455811,-6.97499988476435,4.66666674613953,13.7000001271566,27.1000006198883,1.02500002086163,77.8299977779388,274.799997806549,190.800006866455,1,"26B_2014",0.27
"871","282-3-D-BENA",2014,0.08275,0.464235698964994,17,1997,23,"282-3","BENA",82,20,10,0,18,0,0,0,0,0,0,NA,NA,NA,0,0,0,0,571.732475,"West","26B","Low Shrub","Low Shrub-Tussock Tundra","Clay Loam","Mesic",0,823.876221,27,3.830761,-149.53038,68.583298,-0.522818441717929,0.592847285559567,"282-3-D-BENA_2014",9,-7.42500003178914,303,168,9.16666698455811,-6.97499988476435,4.66666674613953,13.7000001271566,27.1000006198883,1.02500002086163,77.8299977779388,274.799997806549,190.800006866455,1,"26B_2014",0.27
"872","282-4-A-BENA",2014,0.1385,0.799515695384518,26,1988,23,"282-4","BENA",52,15,7,0,6,0,0,0,0,0,0,NA,NA,NA,0,0,0,0,597.547448,"West","26B","Tussock Tundra (Low shrub or Herbaceous)","Low Shrub-Tussock Tundra","Clay Loam","Mesic",0,823.620117,358,4.137664,-149.531178,68.583423,0.527824862684602,1.6952409136586,"282-4-A-BENA_2014",9,-7.42500003178914,303,168,9.16666698455811,-6.97499988476435,4.66666674613953,13.7000001271566,27.1000006198883,1.02500002086163,77.8299977779388,274.799997806549,190.800006866455,1,"26B_2014",0.27
"873","282-4-C-BENA",2014,0.319,1.48771847986704,14,2000,23,"282-4","BENA",38,12,6,0,9,0,0,0,0,0,0,NA,NA,NA,0,0,0,0,597.547448,"West","26B","Tussock Tundra (Low shrub or Herbaceous)","Low Shrub-Tussock Tundra","Clay Loam","Mesic",0,823.620117,358,4.137664,-149.531178,68.583423,0.410094291325092,1.50695987165714,"282-4-C-BENA_2014",9,-7.42500003178914,303,168,9.16666698455811,-6.97499988476435,4.66666674613953,13.7000001271566,27.1000006198883,1.02500002086163,77.8299977779388,274.799997806549,190.800006866455,1,"26B_2014",0.27
"874","60-1-A-BENA",2014,0.389,5.03557875382641,10,2004,1,"60-1","BENA",121,NA,11,3,23,0,2,0,0,0.086956522,0,NA,"Hare",NA,1,0,1,0,1438.56091,"West","20F","Low Shrub","Low Shrub-Tussock Tundra","Silt Loam","Mesic",0,110.943649,215,1.507567,-149.840126,65.909691,1.22785370842832,3.41389445459894,"60-1-A-BENA_2014",13.8924773534139,-4.05983783801397,214.677032470703,58.2708146572113,13.3333333333333,-2.32500004768372,8.23333342870077,18.5000006357829,62.2000007629395,1.08333335754772,100.709996461868,240.16999793984,299.900016784668,1,"20F_2014",0.375
"875","60-1-B-BENA",2014,0.37925,2.46064007590313,10,2004,1,"60-1","BENA",129,NA,14,0,32,0,4,0,0,0.125,0,NA,"Hare",NA,1,0,1,0,1438.56091,"West","20F","Low Shrub","Low Shrub-Tussock Tundra","Silt Loam","Mesic",0,110.943649,215,1.507567,-149.840126,65.909691,0.511746752277688,1.66820258813476,"60-1-B-BENA_2014",13.8924773534139,-4.05983783801397,214.677032470703,58.2708146572113,13.3333333333333,-2.32500004768372,8.23333342870077,18.5000006357829,62.2000007629395,1.08333335754772,100.709996461868,240.16999793984,299.900016784668,1,"20F_2014",0.375
"876","60-2-A-BENA",2014,0.05675,0.274069205156979,13,2001,1,"60-2","BENA",89,NA,9,0,10,0,0,0,0,0,0,NA,NA,NA,0,0,2,0,1432.670461,"West","20F","Low Shrub","Low Shrub","Silt Loam","Mesic",0,110.927505,264,1.953402,-149.84073,65.909949,-1.36995997171837,0.254117131221318,"60-2-A-BENA_2014",13.8924773534139,-4.05983783801397,214.677032470703,58.2708146572113,13.3333333333333,-2.32500004768372,8.23333342870077,18.5000006357829,62.2000007629395,1.08333335754772,100.709996461868,240.16999793984,299.900016784668,1,"20F_2014",0.375
"877","60-2-D-BENA",2014,0.047,0.203468389802395,13,2001,1,"60-2","BENA",102,NA,7,0,18,0,0,0,0,0,0,NA,NA,NA,0,0,2,0,1432.670461,"West","20F","Low Shrub","Low Shrub","Silt Loam","Mesic",0,110.927505,264,1.953402,-149.84073,65.909949,-1.6678299596298,0.188656012926336,"60-2-D-BENA_2014",13.8924773534139,-4.05983783801397,214.677032470703,58.2708146572113,13.3333333333333,-2.32500004768372,8.23333342870077,18.5000006357829,62.2000007629395,1.08333335754772,100.709996461868,240.16999793984,299.900016784668,1,"20F_2014",0.375
"878","60-3-A-BENA",2014,0.33475,2.24237674819774,7,2007,1,"60-3","BENA",83,NA,8,11,15,0,0,0,0,0,0,NA,NA,NA,0,0,3,0,1403.187226,"West","20F","Low Shrub","Black Spruce Woodland","Silt Loam","Mesic",0,111.24585,78,1.323723,-149.840194,65.910114,-0.00677240077674046,0.993250480247107,"60-3-A-BENA_2014",13.8924773534139,-4.05983783801397,214.677032470703,58.2708146572113,13.3333333333333,-2.32500004768372,8.23333342870077,18.5000006357829,62.2000007629395,1.08333335754772,100.709996461868,240.16999793984,299.900016784668,1,"20F_2014",0.375
"879","60-3-D-BENA",2014,0.0725,0.354403067251463,10,2004,1,"60-3","BENA",101,NA,8,0,12,0,0,0,0,0,0,NA,NA,NA,0,0,3,0,1403.187226,"West","20F","Low Shrub","Black Spruce Woodland","Silt Loam","Mesic",0,111.24585,78,1.323723,-149.840194,65.910114,-1.4259951627946,0.24026923718813,"60-3-D-BENA_2014",13.8924773534139,-4.05983783801397,214.677032470703,58.2708146572113,13.3333333333333,-2.32500004768372,8.23333342870077,18.5000006357829,62.2000007629395,1.08333335754772,100.709996461868,240.16999793984,299.900016784668,1,"20F_2014",0.375
"880","60-4-A-BENA",2014,0.092,0.356514217514677,15,1999,1,"60-4","BENA",92,NA,7,13,13,0,0,0,0,0,0,NA,NA,NA,0,0,1,0,1406.241796,"West","20F","Tall Shrub (Open-Closed)","Black Spruce Woodland","Silt Loam","Mesic",0,110.670654,252,1.181915,-149.840942,65.910317,-0.936198732706112,0.392115541966988,"60-4-A-BENA_2014",13.8924773534139,-4.05983783801397,214.677032470703,58.2708146572113,13.3333333333333,-2.32500004768372,8.23333342870077,18.5000006357829,62.2000007629395,1.08333335754772,100.709996461868,240.16999793984,299.900016784668,1,"20F_2014",0.375
"881","60-4-B-BENA",2014,0.0655,0.269667244800678,24,1990,1,"60-4","BENA",95,NA,9,0,9,0,2,0,0,0.222222222,0,NA,"Hare",NA,1,0,1,0,1406.241796,"West","20F","Tall Shrub (Open-Closed)","Black Spruce Woodland","Silt Loam","Mesic",0,110.670654,252,1.181915,-149.840942,65.910317,-0.654510585132771,0.519696347475469,"60-4-B-BENA_2014",13.8924773534139,-4.05983783801397,214.677032470703,58.2708146572113,13.3333333333333,-2.32500004768372,8.23333342870077,18.5000006357829,62.2000007629395,1.08333335754772,100.709996461868,240.16999793984,299.900016784668,1,"20F_2014",0.375
"882","72-1-C-BENA",2014,0.11,0.278360817071323,46,1968,2,"72-1","BENA",118,71,9,0,11,0,2,0,0,0.181818182,0,NA,"Hare",NA,1,0,0,0,895.937772,"West","20F","Tussock Tundra (Low shrub or Herbaceous)","Black Spruce Woodland","Clay Loam","Mesic",0,130.808105,148,1.606934,-150.14017,66.022623,0.153590104052199,1.16601284487122,"72-1-C-BENA_2014",14.1639426549276,-3.79679191112518,206.621545791626,57.1449227333069,11.9333337148031,-3.85000006357829,6.90000009536743,17.0333334604899,51.5000016689301,1.1750000094374,103.169996738434,253.249997973442,321.300003051758,1,"20F_2014",0.375
"883","72-1-D-BENA",2014,0.09525,0.368734423888519,58,1956,2,"72-1","BENA",65,41,8,7,4,0,0,0,0,0,0,NA,NA,NA,0,0,0,0,895.937772,"West","20F","Tussock Tundra (Low shrub or Herbaceous)","Black Spruce Woodland","Clay Loam","Mesic",0,130.808105,148,1.606934,-150.14017,66.022623,0.71136641981439,2.03677244430573,"72-1-D-BENA_2014",14.1639426549276,-3.79679191112518,206.621545791626,57.1449227333069,11.9333337148031,-3.85000006357829,6.90000009536743,17.0333334604899,51.5000016689301,1.1750000094374,103.169996738434,253.249997973442,321.300003051758,1,"20F_2014",0.375
"884","72-2-A-BENA",2014,0.0635,0.174554741815084,45,1969,2,"72-2","BENA",121,72,12,21,14,0,0,0,0,0,0,NA,NA,NA,0,0,0,0,855.94066,"West","20F","Tussock Tundra (Low shrub or Herbaceous)","Black Spruce Woodland","Clay Loam","Mesic",0,131.055786,179,2.125059,-150.13956,66.022889,-0.339317950915623,0.712255950651739,"72-2-A-BENA_2014",14.1639426549276,-3.79679191112518,206.621545791626,57.1449227333069,11.9333337148031,-3.85000006357829,6.90000009536743,17.0333334604899,51.5000016689301,1.1750000094374,103.169996738434,253.249997973442,321.300003051758,1,"20F_2014",0.375
"885","72-2-B-BENA",2014,0.14825,0.78326011324714,15,1999,2,"72-2","BENA",104,67,9,0,5,0,1,0,0,0.2,0,NA,"Hare",NA,1,0,0,0,855.94066,"West","20F","Tussock Tundra (Low shrub or Herbaceous)","Black Spruce Woodland","Clay Loam","Mesic",0,131.055786,179,2.125059,-150.13956,66.022889,-0.149108010941014,0.861476061033617,"72-2-B-BENA_2014",14.1639426549276,-3.79679191112518,206.621545791626,57.1449227333069,11.9333337148031,-3.85000006357829,6.90000009536743,17.0333334604899,51.5000016689301,1.1750000094374,103.169996738434,253.249997973442,321.300003051758,1,"20F_2014",0.375
"886","72-3-C-BENA",2014,0.1195,0.508694536450893,12,2002,2,"72-3","BENA",65,39,9,0,4,0,0,0,0,0,0,NA,NA,NA,0,0,1,0,885.368743,"West","20F","Tussock Tundra (Low shrub or Herbaceous)","Black Spruce Woodland","Clay Loam","Mesic",0,132.401993,119,2.284806,-150.140609,66.023021,-0.847010964735749,0.428694401489978,"72-3-C-BENA_2014",14.1639426549276,-3.79679191112518,206.621545791626,57.1449227333069,11.9333337148031,-3.85000006357829,6.90000009536743,17.0333334604899,51.5000016689301,1.1750000094374,103.169996738434,253.249997973442,321.300003051758,1,"20F_2014",0.375
"887","72-3-D-BENA",2014,0.0475,0.105950212242316,58,1956,2,"72-3","BENA",104,47,11,0,9,0,0,0,0,0,0,NA,NA,NA,0,0,1,0,885.368743,"West","20F","Tussock Tundra (Low shrub or Herbaceous)","Black Spruce Woodland","Clay Loam","Mesic",0,132.401993,119,2.284806,-150.140609,66.023021,-0.535740958701945,0.585235494120115,"72-3-D-BENA_2014",14.1639426549276,-3.79679191112518,206.621545791626,57.1449227333069,11.9333337148031,-3.85000006357829,6.90000009536743,17.0333334604899,51.5000016689301,1.1750000094374,103.169996738434,253.249997973442,321.300003051758,1,"20F_2014",0.375
"888","72-4-A-BENA",2014,0.0745,0.153652940492587,16,1998,2,"72-4","BENA",97,39,7,0,8,0,0,0,0,0,0,NA,NA,NA,0,0,0,0,844.255779,"West","20F","Tussock Tundra (Low shrub or Herbaceous)","Low Shrub-Tussock Tundra","Clay Loam","Mesic",0,132.260803,156,1.029158,-150.139994,66.023305,-1.70086011507808,0.182526462754259,"72-4-A-BENA_2014",14.1639426549276,-3.79679191112518,206.621545791626,57.1449227333069,11.9333337148031,-3.85000006357829,6.90000009536743,17.0333334604899,51.5000016689301,1.1750000094374,103.169996738434,253.249997973442,321.300003051758,1,"20F_2014",0.375
"889","72-4-D-BENA",2014,0.031,0.065835215648628,17,1997,2,"72-4","BENA",85,37,8,0,12,0,0,0,0,0,0,NA,NA,NA,0,0,0,0,844.255779,"West","20F","Tussock Tundra (Low shrub or Herbaceous)","Low Shrub-Tussock Tundra","Clay Loam","Mesic",0,132.260803,156,1.029158,-150.139994,66.023305,-2.47605594948207,0.084074165296928,"72-4-D-BENA_2014",14.1639426549276,-3.79679191112518,206.621545791626,57.1449227333069,11.9333337148031,-3.85000006357829,6.90000009536743,17.0333334604899,51.5000016689301,1.1750000094374,103.169996738434,253.249997973442,321.300003051758,1,"20F_2014",0.375
"890","86-1-A-BENA",2014,0.24,3.14674486554168,10,2004,3,"86-1","BENA",142,NA,20,0,87,1,0,0,0.011494253,0,0,"Moose",NA,NA,1,1,0,0,1072.088921,"West","20F","Tall Shrub (Open-Closed)","Tall Shrub","Gravely Sand Loam","Mesic - Xeric",0,572.239319,57,8.372539,-150.2773,66.212913,0.757693785239217,2.13335057829199,"86-1-A-BENA_2014",11.9666668574015,-4.52499989668528,447,131,11.9333337148031,-3.85000006357829,6.90000009536743,17.0333334604899,51.5000016689301,1.1750000094374,103.169996738434,253.249997973442,321.300003051758,1,"20F_2014",0.375
"891","86-1-B-BENA",2014,0.1655,1.67210640668786,9,2005,3,"86-1","BENA",95,NA,11,0,56,0,0,0,0,0,0,NA,NA,NA,0,1,0,0,1072.088921,"West","20F","Tall Shrub (Open-Closed)","Tall Shrub","Gravely Sand Loam","Mesic - Xeric",0,572.239319,57,8.372539,-150.2773,66.212913,-0.000321379519813703,0.999678672117052,"86-1-B-BENA_2014",11.9666668574015,-4.52499989668528,447,131,11.9333337148031,-3.85000006357829,6.90000009536743,17.0333334604899,51.5000016689301,1.1750000094374,103.169996738434,253.249997973442,321.300003051758,1,"20F_2014",0.375
"892","86-2-A-BENA",2014,0.175333333333333,3.15586520359172,10,2004,3,"86-2","BENA",118,NA,20,0,82,0,0,0,0,0,0,NA,NA,NA,0,0,0,0,1091.215231,"West","20F","Low Shrub","Tall Shrub","Gravely Sand Loam","Mesic - Xeric",0,576.231995,67,9.004415,-150.278061,66.212989,0.760587933636805,2.13953375464872,"86-2-A-BENA_2014",11.9666668574015,-4.52499989668528,447,131,11.9333337148031,-3.85000006357829,6.90000009536743,17.0333334604899,51.5000016689301,1.1750000094374,103.169996738434,253.249997973442,321.300003051758,1,"20F_2014",0.375
"893","86-2-B-BENA",2014,0.34575,4.53626638748592,10,2004,3,"86-2","BENA",94,NA,18,3,35,0,0,0,0,0,0,NA,NA,NA,0,0,0,0,1091.215231,"West","20F","Low Shrub","Tall Shrub","Gravely Sand Loam","Mesic - Xeric",0,576.231995,67,9.004415,-150.278061,66.212989,1.12342953482227,3.07538327209242,"86-2-B-BENA_2014",11.9666668574015,-4.52499989668528,447,131,11.9333337148031,-3.85000006357829,6.90000009536743,17.0333334604899,51.5000016689301,1.1750000094374,103.169996738434,253.249997973442,321.300003051758,1,"20F_2014",0.375
"894","86-3-A-BENA",2014,0.19275,2.1640556652465,10,2004,3,"86-3","BENA",105,NA,18,0,64,0,0,0,0,0,0,NA,NA,NA,0,0,0,1,1057.338847,"West","20F","Tall Shrub (Open-Closed)","Tall Shrub","Gravely Sand Loam","Mesic - Xeric",0,571.701965,63,9.459789,-150.277761,66.213303,0.383309326686394,1.46713178289876,"86-3-A-BENA_2014",11.9666668574015,-4.52499989668528,447,131,11.9333337148031,-3.85000006357829,6.90000009536743,17.0333334604899,51.5000016689301,1.1750000094374,103.169996738434,253.249997973442,321.300003051758,1,"20F_2014",0.375
"895","86-3-D-BENA",2014,0.184,2.8662760397998,10,2004,3,"86-3","BENA",167,NA,18,0,12,0,0,0,0,0,0,NA,NA,NA,0,0,0,1,1057.338847,"West","20F","Tall Shrub (Open-Closed)","Tall Shrub","Gravely Sand Loam","Mesic - Xeric",0,571.701965,63,9.459789,-150.277761,66.213303,0.664338882841599,1.94320541014017,"86-3-D-BENA_2014",11.9666668574015,-4.52499989668528,447,131,11.9333337148031,-3.85000006357829,6.90000009536743,17.0333334604899,51.5000016689301,1.1750000094374,103.169996738434,253.249997973442,321.300003051758,1,"20F_2014",0.375
"896","86-4-C-BENA",2014,0.422,11.3921877937094,10,2004,3,"86-4","BENA",133,NA,26,0,52,0,0,0,0,0,0,NA,NA,NA,0,2,0,0,1074.730943,"West","20F","Low Shrub","Tall Shrub","Gravely Sand Loam","Mesic - Xeric",0,575.689697,64,9.57597,-150.278532,66.213405,2.04425308195567,7.72338764539057,"86-4-C-BENA_2014",11.9666668574015,-4.52499989668528,447,131,11.9333337148031,-3.85000006357829,6.90000009536743,17.0333334604899,51.5000016689301,1.1750000094374,103.169996738434,253.249997973442,321.300003051758,1,"20F_2014",0.375
"897","86-4-D-BENA",2014,0.201,2.45111769538162,9,2005,3,"86-4","BENA",104,NA,11,0,31,0,0,0,0,0,0,NA,NA,NA,0,2,0,0,1074.730943,"West","20F","Low Shrub","Tall Shrub","Gravely Sand Loam","Mesic - Xeric",0,575.689697,64,9.57597,-150.278532,66.213405,0.38213859020372,1.46541516324632,"86-4-D-BENA_2014",11.9666668574015,-4.52499989668528,447,131,11.9333337148031,-3.85000006357829,6.90000009536743,17.0333334604899,51.5000016689301,1.1750000094374,103.169996738434,253.249997973442,321.300003051758,1,"20F_2014",0.375
"898","97-1-C-BENA",2014,0.105,0.346855390901215,8,2006,4,"97-1","BENA",63,29,7,0,3,0,0,0,0,0,0,NA,NA,NA,0,0,0,0,926.812684,"East","24A","Tussock Tundra (Low shrub or Herbaceous)","Low Shrub","Gravely Sand Loam","Mesic",2004,556.594971,67,6.396444,-150.432109,66.348765,-1.71380790778984,0.18017838198528,"97-1-C-BENA_2014",11.6378472646077,-4.52123838663101,461.368103027344,133.729187011719,11.9333337148031,-3.85000006357829,6.90000009536743,17.0333334604899,51.5000016689301,1.1750000094374,103.169996738434,253.249997973442,321.300003051758,1,"24A_2014",0.78
"899","97-1-D-BENA",2014,0.145,1.20533485340279,10,2004,4,"97-1","BENA",121,53,14,0,19,0,0,0,0,0,0,NA,NA,NA,0,0,0,0,926.812684,"East","24A","Tussock Tundra (Low shrub or Herbaceous)","Low Shrub","Gravely Sand Loam","Mesic",2004,556.594971,67,6.396444,-150.432109,66.348765,-0.201917342298096,0.817162469922612,"97-1-D-BENA_2014",11.6378472646077,-4.52123838663101,461.368103027344,133.729187011719,11.9333337148031,-3.85000006357829,6.90000009536743,17.0333334604899,51.5000016689301,1.1750000094374,103.169996738434,253.249997973442,321.300003051758,1,"24A_2014",0.78
"900","97-2-A-BENA",2014,0.16425,1.38405868501873,9,2005,4,"97-2","BENA",102,64,9,0,13,0,0,0,0,0,0,NA,NA,NA,0,0,0,0,888.474156,"East","24A","Tussock Tundra (Low shrub or Herbaceous)","Low Shrub","Gravely Sand Loam","Mesic",2004,560.389526,70,6.330689,-150.43305,66.348843,-0.189385273754211,0.827467643708328,"97-2-A-BENA_2014",11.6378472646077,-4.52123838663101,461.368103027344,133.729187011719,11.9333337148031,-3.85000006357829,6.90000009536743,17.0333334604899,51.5000016689301,1.1750000094374,103.169996738434,253.249997973442,321.300003051758,1,"24A_2014",0.78
"901","97-2-B-BENA",2014,0.109,1.19132649176044,9,2005,4,"97-2","BENA",91,53,13,0,26,0,0,0,0,0,0,NA,NA,NA,0,0,0,0,888.474156,"East","24A","Tussock Tundra (Low shrub or Herbaceous)","Low Shrub","Gravely Sand Loam","Mesic",2004,560.389526,70,6.330689,-150.43305,66.348843,-0.339338147254702,0.71224156583431,"97-2-B-BENA_2014",11.6378472646077,-4.52123838663101,461.368103027344,133.729187011719,11.9333337148031,-3.85000006357829,6.90000009536743,17.0333334604899,51.5000016689301,1.1750000094374,103.169996738434,253.249997973442,321.300003051758,1,"24A_2014",0.78
"902","97-3-A-BENA",2014,0.23925,1.14341111695743,9,2005,4,"97-3","BENA",91,57,10,0,11,0,0,0,0,0,0,NA,NA,NA,0,0,0,0,924.995234,"East","24A","Tussock Tundra (Low shrub or Herbaceous)","Tall Shrub","Gravely Sand Loam","Mesic",2004,557.015015,71,7.919354,-150.432427,66.349149,-0.380389530000985,0.6835950765526,"97-3-A-BENA_2014",11.6378472646077,-4.52123838663101,461.368103027344,133.729187011719,11.9333337148031,-3.85000006357829,6.90000009536743,17.0333334604899,51.5000016689301,1.1750000094374,103.169996738434,253.249997973442,321.300003051758,1,"24A_2014",0.78
"903","97-3-D-BENA",2014,0.05525,0.311606917677478,19,1995,4,"97-3","BENA",75,49,7,21,13,0,0,0,0,0,0,NA,NA,NA,0,0,0,0,924.995234,"East","24A","Tussock Tundra (Low shrub or Herbaceous)","Tall Shrub","Gravely Sand Loam","Mesic",2004,557.015015,71,7.919354,-150.432427,66.349149,-0.788738473665635,0.45441769373058,"97-3-D-BENA_2014",11.6378472646077,-4.52123838663101,461.368103027344,133.729187011719,11.9333337148031,-3.85000006357829,6.90000009536743,17.0333334604899,51.5000016689301,1.1750000094374,103.169996738434,253.249997973442,321.300003051758,1,"24A_2014",0.78
"904","97-4-B-BENA",2014,0.121,0.605551408757393,9,2005,4,"97-4","BENA",115,59,12,0,13,0,0,0,0,0,0,NA,NA,NA,0,0,0,0,898.750829,"East","24A","Tussock Tundra (Low shrub or Herbaceous)","Low Shrub","Gravely Sand Loam","Mesic",2004,558.840271,63,3.962788,-150.433152,66.349294,-1.016021349129,0.362032479382879,"97-4-B-BENA_2014",11.6378472646077,-4.52123838663101,461.368103027344,133.729187011719,11.9333337148031,-3.85000006357829,6.90000009536743,17.0333334604899,51.5000016689301,1.1750000094374,103.169996738434,253.249997973442,321.300003051758,1,"24A_2014",0.78
"905","97-4-D-BENA",2014,0.113,0.701479940434757,10,2004,4,"97-4","BENA",98,54,13,0,12,0,0,0,0,0,0,NA,NA,NA,0,0,0,0,898.750829,"East","24A","Tussock Tundra (Low shrub or Herbaceous)","Low Shrub","Gravely Sand Loam","Mesic",2004,558.840271,63,3.962788,-150.433152,66.349294,-0.743237732373415,0.475571646425524,"97-4-D-BENA_2014",11.6378472646077,-4.52123838663101,461.368103027344,133.729187011719,11.9333337148031,-3.85000006357829,6.90000009536743,17.0333334604899,51.5000016689301,1.1750000094374,103.169996738434,253.249997973442,321.300003051758,1,"24A_2014",0.78
"906","102-1-B-BENA",2013,0.1965,1.17692621643455,10,2003,5,"102-1","BENA",81,NA,11,0,18,0,0,2,0,0,0.111111111,NA,NA,"Ptarmagin",1,0,0,0,978.645101,"West","24A","Low Shrub","Low Shrub","Sandy Loam","Mesic",2004,428.203827,339,4.033863,-150.565499,66.400721,-0.225768618786634,0.797902700003432,"102-1-B-BENA_2013",13.6000000635783,-5.96666655937831,132,298,13.9000002543132,-5.14166672031085,8.16666666666667,19.6666673024495,114.000004291534,1.17500000322858,122.149997234344,252.459997113794,105.300001144409,1,"24A_2013",0.79
"907","102-1-C-BENA",2013,0.36075,2.51400827380507,8,2005,5,"102-1","BENA",109,NA,11,0,37,0,0,3,0,0,0.081081081,NA,NA,"Ptarmagin",1,0,0,0,978.645101,"West","24A","Low Shrub","Low Shrub","Sandy Loam","Mesic",2004,428.203827,339,4.033863,-150.565499,66.400721,0.266917820279311,1.30593312070162,"102-1-C-BENA_2013",13.6000000635783,-5.96666655937831,132,298,13.9000002543132,-5.14166672031085,8.16666666666667,19.6666673024495,114.000004291534,1.17500000322858,122.149997234344,252.459997113794,105.300001144409,1,"24A_2013",0.79
"908","102-2-B-BENA",2013,0.428,4.43987466724169,10,2003,5,"102-2","BENA",63,NA,11,0,9,0,0,0,0,0,0,NA,NA,NA,0,0,0,1,973.266715,"West","24A","Tall Shrub (Open-Closed)","Low Shrub","Sandy Loam","Mesic",2004,426.001434,321,4.435797,-150.566012,66.400957,1.1019513906683,3.01003404903421,"102-2-B-BENA_2013",13.6000000635783,-5.96666655937831,132,298,13.9000002543132,-5.14166672031085,8.16666666666667,19.6666673024495,114.000004291534,1.17500000322858,122.149997234344,252.459997113794,105.300001144409,1,"24A_2013",0.79
"909","102-2-C-BENA",2013,0.3465,3.08335145278305,9,2004,5,"102-2","BENA",167,NA,16,0,31,0,0,0,0,0,0,NA,NA,NA,0,0,0,1,973.266715,"West","24A","Tall Shrub (Open-Closed)","Low Shrub","Sandy Loam","Mesic",2004,426.001434,321,4.435797,-150.566012,66.400957,0.611611606896332,1.84339984205548,"102-2-C-BENA_2013",13.6000000635783,-5.96666655937831,132,298,13.9000002543132,-5.14166672031085,8.16666666666667,19.6666673024495,114.000004291534,1.17500000322858,122.149997234344,252.459997113794,105.300001144409,1,"24A_2013",0.79
"910","102-3-A-BENA",2013,0.084,0.28394971040206,9,2004,5,"102-3","BENA",118,NA,7,10,21,0,0,0,0,0,0,NA,NA,NA,0,0,0,0,939.238254,"West","24A","Tussock Tundra (Low shrub or Herbaceous)","Low Shrub","Sandy Loam","Mesic",2004,424.339783,330,3.896938,-150.565669,66.401242,-1.77336366507074,0.169761008215396,"102-3-A-BENA_2013",13.6000000635783,-5.96666655937831,132,298,13.9000002543132,-5.14166672031085,8.16666666666667,19.6666673024495,114.000004291534,1.17500000322858,122.149997234344,252.459997113794,105.300001144409,1,"24A_2013",0.79
"911","102-3-B-BENA",2013,0.19075,0.856790267401652,33,1980,5,"102-3","BENA",72,NA,16,0,12,0,0,0,0,0,0,NA,NA,NA,0,0,0,0,939.238254,"West","24A","Tussock Tundra (Low shrub or Herbaceous)","Low Shrub","Sandy Loam","Mesic",2004,424.339783,330,3.896938,-150.565669,66.401242,0.8815169471682,2.41455968919809,"102-3-B-BENA_2013",13.6000000635783,-5.96666655937831,132,298,13.9000002543132,-5.14166672031085,8.16666666666667,19.6666673024495,114.000004291534,1.17500000322858,122.149997234344,252.459997113794,105.300001144409,1,"24A_2013",0.79
"912","102-4-A-BENA",2013,0.22975,1.93022260434991,9,2004,5,"102-4","BENA",88,NA,11,0,17,0,0,0,0,0,0,NA,NA,NA,0,0,0,0,934.189604,"West","24A","Low Shrub","Low Shrub","Sandy Loam","Mesic",2004,423.102509,349,3.666453,-150.566049,66.401434,0.143229802786249,1.15399496245519,"102-4-A-BENA_2013",13.6000000635783,-5.96666655937831,132,298,13.9000002543132,-5.14166672031085,8.16666666666667,19.6666673024495,114.000004291534,1.17500000322858,122.149997234344,252.459997113794,105.300001144409,1,"24A_2013",0.79
"913","102-4-C-BENA",2013,0.311666666666667,1.586516534127,9,2004,5,"102-4","BENA",97,NA,15,5,9,0,0,0,0,0,0,NA,NA,NA,0,0,0,0,934.189604,"West","24A","Low Shrub","Low Shrub","Sandy Loam","Mesic",2004,423.102509,349,3.666453,-150.566049,66.401434,-0.0528647787711057,0.948508262263896,"102-4-C-BENA_2013",13.6000000635783,-5.96666655937831,132,298,13.9000002543132,-5.14166672031085,8.16666666666667,19.6666673024495,114.000004291534,1.17500000322858,122.149997234344,252.459997113794,105.300001144409,1,"24A_2013",0.79
"914","111-1-A-BENA",2013,0.08425,0.431096216159521,25,1988,6,"111-1","BENA",45,37,7,0,7,0,0,0,0,0,0,NA,NA,NA,0,0,0,0,640.914524,"West","24A","Tall Shrub (Open-Closed)","Low Shrub","Gravely Sand Loam","Mesic",0,512.854736,12,8.158982,-150.736683,66.498494,-0.136653589141819,0.872272338410918,"111-1-A-BENA_2013",13.6090129216512,-5.97511223951976,145.65128326416,302.378671646118,13.9000002543132,-5.14166672031085,8.16666666666667,19.6666673024495,114.000004291534,1.17500000322858,122.149997234344,252.459997113794,105.300001144409,1,"24A_2013",0.79
"915","111-1-B-BENA",2013,0.0655,0.314320271982475,17,1996,6,"111-1","BENA",89,51,9,0,12,0,0,0,0,0,0,NA,NA,NA,0,0,0,0,640.914524,"West","24A","Tall Shrub (Open-Closed)","Low Shrub","Gravely Sand Loam","Mesic",0,512.854736,12,8.158982,-150.736683,66.498494,-0.912798396323228,0.401399376343968,"111-1-B-BENA_2013",13.6090129216512,-5.97511223951976,145.65128326416,302.378671646118,13.9000002543132,-5.14166672031085,8.16666666666667,19.6666673024495,114.000004291534,1.17500000322858,122.149997234344,252.459997113794,105.300001144409,1,"24A_2013",0.79
"916","111-2-A-BENA",2013,0.11675,0.639390877675995,13,2000,6,"111-2","BENA",70,39,11,0,13,0,0,0,0,0,0,NA,NA,NA,0,0,0,0,685.564701,"West","24A","Tall Shrub (Open-Closed)","Low Shrub","Gravely Sand Loam","Mesic",0,516.430603,8,6.353059,-150.737535,66.498284,-0.522824650263331,0.592843604851704,"111-2-A-BENA_2013",13.604214032491,-5.97859259446462,146.063209533691,303.442469596863,13.9000002543132,-5.14166672031085,8.16666666666667,19.6666673024495,114.000004291534,1.17500000322858,122.149997234344,252.459997113794,105.300001144409,1,"24A_2013",0.79
"917","111-2-D-BENA",2013,0.07175,0.310895739640521,17,1996,6,"111-2","BENA",75,31,6,0,7,0,0,0,0,0,0,NA,NA,NA,0,0,0,0,685.564701,"West","24A","Tall Shrub (Open-Closed)","Low Shrub","Gravely Sand Loam","Mesic",0,516.430603,8,6.353059,-150.737535,66.498284,-0.923753223217913,0.397026113564384,"111-2-D-BENA_2013",13.604214032491,-5.97859259446462,146.063209533691,303.442469596863,13.9000002543132,-5.14166672031085,8.16666666666667,19.6666673024495,114.000004291534,1.17500000322858,122.149997234344,252.459997113794,105.300001144409,1,"24A_2013",0.79
"918","111-3-A-BENA",2013,0.12575,0.586755848959588,26,1987,6,"111-3","BENA",108,46,7,0,11,0,0,0,0,0,0,NA,NA,NA,0,0,0,0,664.632709,"West","24A","Tall Shrub (Open-Closed)","Low Shrub","Gravely Sand Loam","Mesic",0,511.257965,359,9.703425,-150.737553,66.498636,0.218427502185916,1.24411881746286,"111-3-A-BENA_2013",13.6090129216512,-5.97511223951976,145.65128326416,302.378671646118,13.9000002543132,-5.14166672031085,8.16666666666667,19.6666673024495,114.000004291534,1.17500000322858,122.149997234344,252.459997113794,105.300001144409,1,"24A_2013",0.79
"919","111-3-D-BENA",2013,0.08975,0.776723637032261,16,1997,6,"111-3","BENA",95,38,7,3,16,0,0,0,0,0,0,NA,NA,NA,0,0,0,0,664.632709,"West","24A","Tall Shrub (Open-Closed)","Low Shrub","Gravely Sand Loam","Mesic",0,511.257965,359,9.703425,-150.737553,66.498636,-0.0804719334701727,0.922680799668533,"111-3-D-BENA_2013",13.6090129216512,-5.97511223951976,145.65128326416,302.378671646118,13.9000002543132,-5.14166672031085,8.16666666666667,19.6666673024495,114.000004291534,1.17500000322858,122.149997234344,252.459997113794,105.300001144409,1,"24A_2013",0.79
"920","111-4-A-BENA",2013,0.0825,0.754736219098412,15,1998,6,"111-4","BENA",112,61,10,0,19,0,0,0,0,0,0,NA,NA,NA,0,0,0,0,707.594422,"West","24A","Tall Shrub (Open-Closed)","Low Shrub","Gravely Sand Loam","Mesic",0,515.006653,353,8.170983,-150.73833,66.498407,-0.186204543067353,0.830103785641327,"111-4-A-BENA_2013",13.604214032491,-5.97859259446462,146.063209533691,303.442469596863,13.9000002543132,-5.14166672031085,8.16666666666667,19.6666673024495,114.000004291534,1.17500000322858,122.149997234344,252.459997113794,105.300001144409,1,"24A_2013",0.79
"921","111-4-C-BENA",2013,0.0503333333333333,0.163345007446195,21,1992,6,"111-4","BENA",51,30,7,0,13,0,0,0,0,0,0,NA,NA,NA,0,0,0,0,707.594422,"West","24A","Tall Shrub (Open-Closed)","Low Shrub","Gravely Sand Loam","Mesic",0,515.006653,353,8.170983,-150.73833,66.498407,-1.31518295481904,0.268425209060985,"111-4-C-BENA_2013",13.604214032491,-5.97859259446462,146.063209533691,303.442469596863,13.9000002543132,-5.14166672031085,8.16666666666667,19.6666673024495,114.000004291534,1.17500000322858,122.149997234344,252.459997113794,105.300001144409,1,"24A_2013",0.79
"922","121-1-C-BENA",2013,0.422,3.01542315102897,41,1972,7,"121-1","BENA",60,36,11,0,11,0,0,0,0,0,0,NA,NA,NA,0,0,0,0,1394.51987,"East","24A","Tall Shrub (Open-Closed)","Low Shrub","Clay Loam","Mesic",2005,466.470276,61,7.209129,-150.675843,66.599029,2.39885069832869,11.0105147030415,"121-1-C-BENA_2013",14.1000000635783,-5.72500020265579,137,275,14.1000003814697,-5.2833334505558,8.40000009536743,19.8000005086263,120.50000333786,1.17500003986061,119.109998226166,252.379997948185,99.8999996185303,1,"24A_2013",0.79
"923","121-1-D-BENA",2013,0.209,1.31548380422663,29,1984,7,"121-1","BENA",73,42,19,0,25,0,0,0,0,0,0,NA,NA,NA,0,0,0,0,1394.51987,"East","24A","Tall Shrub (Open-Closed)","Low Shrub","Clay Loam","Mesic",2005,466.470276,61,7.209129,-150.675843,66.599029,1.15609022337943,3.17748569905143,"121-1-D-BENA_2013",14.1000000635783,-5.72500020265579,137,275,14.1000003814697,-5.2833334505558,8.40000009536743,19.8000005086263,120.50000333786,1.17500003986061,119.109998226166,252.379997948185,99.8999996185303,1,"24A_2013",0.79
"924","121-2-A-BENA",2013,0.309666666666667,2.92664665782081,7,2006,7,"121-2","BENA",78,45,15,0,25,0,0,0,0,0,0,NA,NA,NA,0,0,0,0,1360.369622,"East","24A","Low Shrub","Low Shrub","Clay Loam","Mesic",2005,467.582397,57,7.419251,-150.676297,66.599294,0.259548529787689,1.29634469351792,"121-2-A-BENA_2013",14.1000000635783,-5.72500020265579,137,275,14.1000003814697,-5.2833334505558,8.40000009536743,19.8000005086263,120.50000333786,1.17500003986061,119.109998226166,252.379997948185,99.8999996185303,1,"24A_2013",0.79
"925","121-2-B-BENA",2013,0.34075,3.23424116618727,6,2007,7,"121-2","BENA",101,47,16,0,31,0,0,0,0,0,0,NA,NA,NA,0,0,0,0,1360.369622,"East","24A","Low Shrub","Low Shrub","Clay Loam","Mesic",2005,467.582397,57,7.419251,-150.676297,66.599294,0.175531614289545,1.19187966848459,"121-2-B-BENA_2013",14.1000000635783,-5.72500020265579,137,275,14.1000003814697,-5.2833334505558,8.40000009536743,19.8000005086263,120.50000333786,1.17500003986061,119.109998226166,252.379997948185,99.8999996185303,1,"24A_2013",0.79
"926","121-3-D-BENA",2013,0.26575,1.76639365255326,9,2004,7,"121-3","BENA",88,37,15,0,15,0,0,0,0,0,0,NA,NA,NA,0,0,0,0,1376.839212,"East","24A","Low Shrub","Low Shrub","Clay Loam","Mesic",2005,462.586914,66,7.264894,-150.675497,66.599464,0.0545344511364856,1.05604885787037,"121-3-D-BENA_2013",14.1000000635783,-5.72500020265579,137,275,14.1000003814697,-5.2833334505558,8.40000009536743,19.8000005086263,120.50000333786,1.17500003986061,119.109998226166,252.379997948185,99.8999996185303,1,"24A_2013",0.79
"927","121-4-A-BENA",2013,0.41675,7.20910592822441,8,2005,7,"121-4","BENA",61,33,21,0,34,0,0,0,0,0,0,NA,NA,NA,0,0,0,0,1343.63337,"East","24A","Tall Shrub (Open-Closed)","Low Shrub","Clay Loam","Mesic",2005,462.975769,50,6.55981,-150.675949,66.599719,1.32038435822528,3.74486046860347,"121-4-A-BENA_2013",14.1000000635783,-5.72500020265579,137,275,14.1000003814697,-5.2833334505558,8.40000009536743,19.8000005086263,120.50000333786,1.17500003986061,119.109998226166,252.379997948185,99.8999996185303,1,"24A_2013",0.79
"928","121-4-B-BENA",2013,0.28425,2.39301061815022,6,2007,7,"121-4","BENA",58,29,8,0,9,0,0,0,0,0,0,NA,NA,NA,0,0,0,0,1343.63337,"East","24A","Tall Shrub (Open-Closed)","Low Shrub","Clay Loam","Mesic",2005,462.975769,50,6.55981,-150.675949,66.599719,-0.125710470102515,0.881870137595005,"121-4-B-BENA_2013",14.1000000635783,-5.72500020265579,137,275,14.1000003814697,-5.2833334505558,8.40000009536743,19.8000005086263,120.50000333786,1.17500003986061,119.109998226166,252.379997948185,99.8999996185303,1,"24A_2013",0.79
"929","129-1-A-BENA",2013,0.2625,3.18692976257191,8,2005,8,"129-1","BENA",104,71,16,0,11,0,0,0,0,0,0,NA,NA,NA,0,0,0,0,982.902287,"East","24A","Tussock Tundra (Low shrub or Herbaceous)","Low Shrub","Sandy Loam","Mesic - Hydric",2005,301.875214,348,5.919549,-150.647865,66.709988,0.504097415488487,1.65549062573018,"129-1-A-BENA_2013",14.3999999364217,-5.61666675408681,130,250,14.1000003814697,-5.2833334505558,8.40000009536743,19.8000005086263,120.50000333786,1.17500003986061,119.109998226166,252.379997948185,99.8999996185303,1,"24A_2013",0.79
"930","129-1-B-BENA",2013,0.701,11.7049930326346,10,2003,8,"129-1","BENA",131,89,21,0,13,0,0,0,0,0,0,NA,NA,NA,0,0,0,0,982.902287,"East","24A","Tussock Tundra (Low shrub or Herbaceous)","Low Shrub","Sandy Loam","Mesic - Hydric",2005,301.875214,348,5.919549,-150.647865,66.709988,2.07134074841707,7.93545543794074,"129-1-B-BENA_2013",14.3999999364217,-5.61666675408681,130,250,14.1000003814697,-5.2833334505558,8.40000009536743,19.8000005086263,120.50000333786,1.17500003986061,119.109998226166,252.379997948185,99.8999996185303,1,"24A_2013",0.79
"931","129-2-B-BENA",2013,0.20575,1.54049154231066,8,2005,8,"129-2","BENA",85,42,10,0,15,0,0,0,0,0,0,NA,NA,NA,0,0,0,0,1017.146639,"East","24A","Tussock Tundra (Low shrub or Herbaceous)","Low Shrub","Sandy Loam","Mesic - Hydric",2005,305.151764,352,5.708165,-150.647276,66.70977,-0.222859032159253,0.800227647707497,"129-2-B-BENA_2013",14.3999999364217,-5.61666675408681,130,250,14.1000003814697,-5.2833334505558,8.40000009536743,19.8000005086263,120.50000333786,1.17500003986061,119.109998226166,252.379997948185,99.8999996185303,1,"24A_2013",0.79
"932","129-2-C-BENA",2013,0.37125,3.41468246723702,8,2005,8,"129-2","BENA",109,67,13,0,10,0,0,0,0,0,0,NA,NA,NA,0,0,0,0,1017.146639,"East","24A","Tussock Tundra (Low shrub or Herbaceous)","Low Shrub","Sandy Loam","Mesic - Hydric",2005,305.151764,352,5.708165,-150.647276,66.70977,0.573123925949039,1.77379962393462,"129-2-C-BENA_2013",14.3999999364217,-5.61666675408681,130,250,14.1000003814697,-5.2833334505558,8.40000009536743,19.8000005086263,120.50000333786,1.17500003986061,119.109998226166,252.379997948185,99.8999996185303,1,"24A_2013",0.79
"933","129-3-A-BENA",2013,0.1085,0.991740325079714,61,1952,8,"129-3","BENA",51,35,12,0,6,0,0,0,0,0,0,NA,NA,NA,0,0,0,0,1022.673056,"East","24A","Tussock Tundra (Low shrub or Herbaceous)","Low Shrub-Tussock Tundra","Sandy Loam","Mesic - Hydric",2005,301.546051,352,6.265718,-150.646771,66.710061,1.76093214395259,5.81785794874558,"129-3-A-BENA_2013",14.3999999364217,-5.61666675408681,130,250,14.1000003814697,-5.2833334505558,8.40000009536743,19.8000005086263,120.50000333786,1.17500003986061,119.109998226166,252.379997948185,99.8999996185303,1,"24A_2013",0.79
"934","129-3-B-BENA",2013,0.1665,1.31370330659021,9,2004,8,"129-3","BENA",105,47,16,0,13,0,0,0,0,0,0,NA,NA,NA,0,0,0,0,1022.673056,"East","24A","Tussock Tundra (Low shrub or Herbaceous)","Low Shrub-Tussock Tundra","Sandy Loam","Mesic - Hydric",2005,301.546051,352,6.265718,-150.646771,66.710061,-0.241555432025188,0.785405265977815,"129-3-B-BENA_2013",14.3999999364217,-5.61666675408681,130,250,14.1000003814697,-5.2833334505558,8.40000009536743,19.8000005086263,120.50000333786,1.17500003986061,119.109998226166,252.379997948185,99.8999996185303,1,"24A_2013",0.79
"935","129-4-C-BENA",2013,0.51925,6.88600686827055,7,2006,8,"129-4","BENA",93,53,15,0,11,0,0,0,0,0,0,NA,NA,NA,0,0,0,0,1057.255538,"East","24A","Tussock Tundra (Low shrub or Herbaceous)","Tall Shrub","Sandy Loam","Mesic - Hydric",2005,303.823029,358,6.979915,-150.646167,66.709845,1.11518260990876,3.05012511139876,"129-4-C-BENA_2013",14.3999999364217,-5.61666675408681,130,250,14.1000003814697,-5.2833334505558,8.40000009536743,19.8000005086263,120.50000333786,1.17500003986061,119.109998226166,252.379997948185,99.8999996185303,1,"24A_2013",0.79
"936","129-4-D-BENA",2013,0.41675,5.0769780727668,52,1961,8,"129-4","BENA",87,41,18,0,9,0,0,0,0,0,0,NA,NA,NA,0,0,0,0,1057.255538,"East","24A","Tussock Tundra (Low shrub or Herbaceous)","Tall Shrub","Sandy Loam","Mesic - Hydric",2005,303.823029,358,6.979915,-150.646167,66.709845,3.20344951398966,24.6173016292876,"129-4-D-BENA_2013",14.3999999364217,-5.61666675408681,130,250,14.1000003814697,-5.2833334505558,8.40000009536743,19.8000005086263,120.50000333786,1.17500003986061,119.109998226166,252.379997948185,99.8999996185303,1,"24A_2013",0.79
"937","147-1-A-BENA",2013,0.10325,0.307745507607135,14,1999,9,"147-1","BENA",104,58,9,25,11,1,1,0,0.090909091,0.090909091,0,"Moose","Hare",NA,1,1,0,0,984.758365,"West","24A","Low Shrub","Tall Shrub","Clay Loam","Mesic - Hydric",0,426.634277,145,7.907337,-150.485282,66.911769,-1.16563154511258,0.311725730991899,"147-1-A-BENA_2013",13.9348376592,-5.91629050175349,133.180541992188,255.496490478516,12.5666669209798,-6.55833342671394,7,18.200000445048,78.3000020980835,1.11666668578982,111.23999786377,262.269998788834,100.500001907349,1,"24A_2013",0.79
"938","147-1-B-BENA",2013,0.325,1.62597054777357,6,2007,9,"147-1","BENA",103,61,6,31,12,0,0,0,0,0,0,NA,NA,NA,0,1,0,0,984.758365,"West","24A","Low Shrub","Tall Shrub","Clay Loam","Mesic - Hydric",0,426.634277,145,7.907337,-150.485282,66.911769,-0.512157818528734,0.599201215328868,"147-1-B-BENA_2013",13.9348376592,-5.91629050175349,133.180541992188,255.496490478516,12.5666669209798,-6.55833342671394,7,18.200000445048,78.3000020980835,1.11666668578982,111.23999786377,262.269998788834,100.500001907349,1,"24A_2013",0.79
"939","147-2-A-BENA",2013,0.0805,0.179178380803004,18,1995,9,"147-2","BENA",89,56,6,61,9,0,0,0,0,0,0,NA,NA,NA,0,2,1,0,986.173835,"West","24A","Low Shrub","Tall Shrub","Clay Loam","Mesic - Hydric",0,428.943481,147,8.698308,-150.484958,66.912025,-1.40661964219686,0.24496997126934,"147-2-A-BENA_2013",13.9348376592,-5.91629050175349,133.180541992188,255.496490478516,12.5666669209798,-6.55833342671394,7,18.200000445048,78.3000020980835,1.11666668578982,111.23999786377,262.269998788834,100.500001907349,1,"24A_2013",0.79
"940","147-2-D-BENA",2013,0.203,0.880404637630984,7,2006,9,"147-2","BENA",91,53,5,37,5,0,0,0,0,0,0,NA,NA,NA,0,2,1,0,986.173835,"West","24A","Low Shrub","Tall Shrub","Clay Loam","Mesic - Hydric",0,428.943481,147,8.698308,-150.484958,66.912025,-0.941682414135245,0.389971190096216,"147-2-D-BENA_2013",13.9348376592,-5.91629050175349,133.180541992188,255.496490478516,12.5666669209798,-6.55833342671394,7,18.200000445048,78.3000020980835,1.11666668578982,111.23999786377,262.269998788834,100.500001907349,1,"24A_2013",0.79
"941","147-3-A-BENA",2013,0.16175,0.613721316802595,23,1990,9,"147-3","BENA",107,63,8,18,8,1,0,0,0.125,0,0,"Moose",NA,NA,1,2,1,0,952.272152,"West","24A","White Spruce or Black Spruce (Woodland)","Black Spruce Woodland","Clay Loam","Mesic - Hydric",0,425.583191,170,6.572863,-150.484233,66.911912,0.117053553574607,1.12417963191629,"147-3-A-BENA_2013",13.9348376592,-5.91629050175349,133.180541992188,255.496490478516,12.5666669209798,-6.55833342671394,7,18.200000445048,78.3000020980835,1.11666668578982,111.23999786377,262.269998788834,100.500001907349,1,"24A_2013",0.79
"942","147-3-C-BENA",2013,0.08075,0.294336404763451,19,1994,9,"147-3","BENA",136,53,12,30,29,2,1,0,0.068965517,0.034482759,0,"Moose","Hare",NA,1,2,1,0,952.272152,"West","24A","White Spruce or Black Spruce (Woodland)","Black Spruce Woodland","Clay Loam","Mesic - Hydric",0,425.583191,170,6.572863,-150.484233,66.911912,-0.845757640829872,0.429232031273434,"147-3-C-BENA_2013",13.9348376592,-5.91629050175349,133.180541992188,255.496490478516,12.5666669209798,-6.55833342671394,7,18.200000445048,78.3000020980835,1.11666668578982,111.23999786377,262.269998788834,100.500001907349,1,"24A_2013",0.79
"943","147-4-A-BENA",2013,0.10425,0.275518657467529,13,2000,9,"147-4","BENA",65,33,9,8,10,0,0,0,0,0,0,NA,NA,NA,0,0,1,0,956.341518,"West","24A","Tall Shrub (Open-Closed)","Tall Shrub","Clay Loam","Mesic - Hydric",0,428.39856,129,7.52786,-150.483929,66.912191,-1.36468527127561,0.255461064272053,"147-4-A-BENA_2013",13.9348376592,-5.91629050175349,133.180541992188,255.496490478516,12.5666669209798,-6.55833342671394,7,18.200000445048,78.3000020980835,1.11666668578982,111.23999786377,262.269998788834,100.500001907349,1,"24A_2013",0.79
"944","147-4-D-BENA",2013,0.03025,0.0842706703885142,27,1986,9,"147-4","BENA",94,47,7,14,7,0,0,0,0,0,0,NA,NA,NA,0,0,1,0,956.341518,"West","24A","Tall Shrub (Open-Closed)","Tall Shrub","Clay Loam","Mesic - Hydric",0,428.39856,129,7.52786,-150.483929,66.912191,-1.67711042395254,0.186913296645134,"147-4-D-BENA_2013",13.9348376592,-5.91629050175349,133.180541992188,255.496490478516,12.5666669209798,-6.55833342671394,7,18.200000445048,78.3000020980835,1.11666668578982,111.23999786377,262.269998788834,100.500001907349,1,"24A_2013",0.79
"945","151-1-C-BENA",2013,0.2725,2.06744285541927,15,1998,10,"151-1","BENA",118,82,11,0,4,0,0,0,0,0,0,NA,NA,NA,0,0,0,0,725.03173,"East","24A","White Spruce or Black Spruce (Open-Closed)","Low Shrub","Clay Loam","Mesic",0,471.29071,296,22.022722,-150.362735,66.958242,0.821494934465407,2.27389662434747,"151-1-C-BENA_2013",13.0649391810099,-6.72936174273491,144.557525634766,278.683952331543,12.5666669209798,-6.55833342671394,7,18.200000445048,78.3000020980835,1.11666668578982,111.23999786377,262.269998788834,100.500001907349,1,"24A_2013",0.79
"946","151-1-D-BENA",2013,0.04575,0.12975032913729,29,1984,10,"151-1","BENA",90,67,12,0,8,0,0,0,0,0,0,NA,NA,NA,0,0,0,0,725.03173,"East","24A","White Spruce or Black Spruce (Open-Closed)","Low Shrub","Clay Loam","Mesic",0,471.29071,296,22.022722,-150.362735,66.958242,-1.16025750678248,0.313405466457515,"151-1-D-BENA_2013",13.0649391810099,-6.72936174273491,144.557525634766,278.683952331543,12.5666669209798,-6.55833342671394,7,18.200000445048,78.3000020980835,1.11666668578982,111.23999786377,262.269998788834,100.500001907349,1,"24A_2013",0.79
"947","151-2-A-BENA",2013,0.10425,0.563892123024927,18,1995,10,"151-2","BENA",119,71,11,0,4,0,0,0,0,0,0,NA,NA,NA,0,1,0,0,737.726474,"East","24A","Low Shrub","Low Shrub","Clay Loam","Mesic",0,482.941345,297,25.566626,-150.361917,66.958285,-0.26013853064839,0.770944778925627,"151-2-A-BENA_2013",13.0649391810099,-6.72936174273491,144.557525634766,278.683952331543,12.5666669209798,-6.55833342671394,7,18.200000445048,78.3000020980835,1.11666668578982,111.23999786377,262.269998788834,100.500001907349,1,"24A_2013",0.79
"948","151-2-B-BENA",2013,0.085,0.176777418617498,18,1995,10,"151-2","BENA",142,91,14,0,17,0,0,0,0,0,0,NA,NA,NA,0,1,0,0,737.726474,"East","24A","Low Shrub","Low Shrub","Clay Loam","Mesic",0,482.941345,297,25.566626,-150.361917,66.958285,-1.42011007332479,0.241687412095815,"151-2-B-BENA_2013",13.0649391810099,-6.72936174273491,144.557525634766,278.683952331543,12.5666669209798,-6.55833342671394,7,18.200000445048,78.3000020980835,1.11666668578982,111.23999786377,262.269998788834,100.500001907349,1,"24A_2013",0.79
"949","151-3-A-BENA",2013,0.2525,1.11808889842179,11,2002,10,"151-3","BENA",91,52,9,0,6,0,0,0,0,0,0,NA,NA,NA,0,0,0,0,698.113665,"East","24A","White Spruce or Black Spruce (Open-Closed)","Low Shrub","Clay Loam","Mesic",0,469.98999,301,21.5443,-150.36215,66.958641,-0.163316549074884,0.849322293671304,"151-3-A-BENA_2013",13.0649391810099,-6.72936174273491,144.557525634766,278.683952331543,12.5666669209798,-6.55833342671394,7,18.200000445048,78.3000020980835,1.11666668578982,111.23999786377,262.269998788834,100.500001907349,1,"24A_2013",0.79
"950","151-3-C-BENA",2013,0.08425,0.378160379946533,27,1986,10,"151-3","BENA",86,51,13,0,9,0,0,0,0,0,0,NA,NA,NA,0,0,0,0,698.113665,"East","24A","White Spruce or Black Spruce (Open-Closed)","Low Shrub","Clay Loam","Mesic",0,469.98999,301,21.5443,-150.36215,66.958641,-0.175825917741618,0.838763984557275,"151-3-C-BENA_2013",13.0649391810099,-6.72936174273491,144.557525634766,278.683952331543,12.5666669209798,-6.55833342671394,7,18.200000445048,78.3000020980835,1.11666668578982,111.23999786377,262.269998788834,100.500001907349,1,"24A_2013",0.79
"951","151-4-A-BENA",2013,0.0765,0.276742111456561,27,1986,10,"151-4","BENA",65,36,9,0,8,0,0,0,0,0,0,NA,NA,NA,0,0,0,0,714.907956,"East","24A","Low Shrub","Low Shrub","Clay Loam","Mesic",0,485.466003,301,24.973797,-150.361301,66.958638,-0.488058241989882,0.61381712207111,"151-4-A-BENA_2013",13.0649391810099,-6.72936174273491,144.557525634766,278.683952331543,12.5666669209798,-6.55833342671394,7,18.200000445048,78.3000020980835,1.11666668578982,111.23999786377,262.269998788834,100.500001907349,1,"24A_2013",0.79
"952","151-4-D-BENA",2013,0.04075,0.162169209127846,20,1993,10,"151-4","BENA",83,56,8,0,9,0,0,0,0,0,0,NA,NA,NA,0,0,0,0,714.907956,"East","24A","Low Shrub","Low Shrub","Clay Loam","Mesic",0,485.466003,301,24.973797,-150.361301,66.958638,-1.380630426467,0.251420001264254,"151-4-D-BENA_2013",13.0649391810099,-6.72936174273491,144.557525634766,278.683952331543,12.5666669209798,-6.55833342671394,7,18.200000445048,78.3000020980835,1.11666668578982,111.23999786377,262.269998788834,100.500001907349,1,"24A_2013",0.79
"953","158-1-B-BENA",2013,0.119,1.13500716025954,7,2006,11,"158-1","BENA",75,35,10,0,16,0,0,0,0,0,0,NA,NA,NA,0,0,0,0,1304.611642,"East","24A","Low Shrub","Low Shrub","Sandy Loam","Mesic - Xeric",2005,586.787537,51,13.434302,-150.285356,67.046606,-0.68766979292019,0.502746207976769,"158-1-B-BENA_2013",13.9000002543132,-6.34166661898295,136,285,12.5000003178914,-6.78333352009455,6.96666685740153,18.0666672388713,78.9000020027161,1.10000001018246,110.199998378754,262.52999740839,94.2999992370605,1,"24A_2013",0.79
"954","158-1-D-BENA",2013,0.515333333333333,9.37274199346887,6,2007,11,"158-1","BENA",103,41,13,0,31,0,0,0,0,0,0,NA,NA,NA,0,0,0,0,1304.611642,"East","24A","Low Shrub","Low Shrub","Sandy Loam","Mesic - Xeric",2005,586.787537,51,13.434302,-150.285356,67.046606,1.23954297262658,3.45403451565629,"158-1-D-BENA_2013",13.9000002543132,-6.34166661898295,136,285,12.5000003178914,-6.78333352009455,6.96666685740153,18.0666672388713,78.9000020027161,1.10000001018246,110.199998378754,262.52999740839,94.2999992370605,1,"24A_2013",0.79
"955","158-2-B-BENA",2013,0.42225,9.4709250116075,6,2007,11,"158-2","BENA",139,50,23,0,53,0,0,7,0,0,0.132075472,NA,NA,"Ptarmagin",1,0,0,1,1283.38641,"East","24A","Tussock Tundra (Low shrub or Herbaceous)","Low Shrub","Sandy Loam","Mesic - Xeric",2005,590.000549,54,15.617359,-150.286104,67.046812,1.24996386433793,3.49021683388701,"158-2-B-BENA_2013",13.9000002543132,-6.34166661898295,136,285,12.5000003178914,-6.78333352009455,6.96666685740153,18.0666672388713,78.9000020027161,1.10000001018246,110.199998378754,262.52999740839,94.2999992370605,1,"24A_2013",0.79
"956","158-2-C-BENA",2013,0.01775,0.0348659843181619,25,1988,11,"158-2","BENA",54,29,8,0,53,0,0,0,0,0,0,NA,NA,NA,0,0,0,1,1283.38641,"East","24A","Tussock Tundra (Low shrub or Herbaceous)","Low Shrub","Sandy Loam","Mesic - Xeric",2005,590.000549,54,15.617359,-150.286104,67.046812,-2.65147320113419,0.0705472062435078,"158-2-C-BENA_2013",13.9000002543132,-6.34166661898295,136,285,12.5000003178914,-6.78333352009455,6.96666685740153,18.0666672388713,78.9000020027161,1.10000001018246,110.199998378754,262.52999740839,94.2999992370605,1,"24A_2013",0.79
"957","158-3-A-BENA",2013,0.27825,2.60299467111616,7,2006,11,"158-3","BENA",100,56,15,0,32,0,0,1,0,0,0.03125,NA,NA,"Ptarmagin",1,0,0,0,1313.543229,"East","24A","Tussock Tundra (Low shrub or Herbaceous)","Low Shrub","Sandy Loam","Mesic - Xeric",2005,580.218689,48,13.61797,-150.285679,67.047111,0.142353826369422,1.15298453270387,"158-3-A-BENA_2013",13.9000002543132,-6.34166661898295,136,285,12.5000003178914,-6.78333352009455,6.96666685740153,18.0666672388713,78.9000020027161,1.10000001018246,110.199998378754,262.52999740839,94.2999992370605,1,"24A_2013",0.79
"958","158-3-D-BENA",2013,0.1285,0.942828869055978,8,2005,11,"158-3","BENA",119,49,12,0,19,0,0,0,0,0,0,NA,NA,NA,0,0,0,0,1313.543229,"East","24A","Tussock Tundra (Low shrub or Herbaceous)","Low Shrub","Sandy Loam","Mesic - Xeric",2005,580.218689,48,13.61797,-150.285679,67.047111,-0.713831068812678,0.489764278058746,"158-3-D-BENA_2013",13.9000002543132,-6.34166661898295,136,285,12.5000003178914,-6.78333352009455,6.96666685740153,18.0666672388713,78.9000020027161,1.10000001018246,110.199998378754,262.52999740839,94.2999992370605,1,"24A_2013",0.79
"959","158-4-A-BENA",2013,0.713,17.9218844516382,7,2006,11,"158-4","BENA",119,54,13,0,42,0,0,0,0,0,0,NA,NA,NA,0,0,0,0,1283.367604,"East","24A","Tussock Tundra (Low shrub or Herbaceous)","Low Shrub","Sandy Loam","Mesic - Xeric",2005,587.563538,57,15.053073,-150.286524,67.047197,2.07171380871718,7.93841639360107,"158-4-A-BENA_2013",13.9000002543132,-6.34166661898295,136,285,12.5000003178914,-6.78333352009455,6.96666685740153,18.0666672388713,78.9000020027161,1.10000001018246,110.199998378754,262.52999740839,94.2999992370605,1,"24A_2013",0.79
"960","158-4-C-BENA",2013,0.3365,6.66019553696567,8,2005,11,"158-4","BENA",107,46,13,4,33,0,0,0,0,0,0,NA,NA,NA,0,0,0,0,1283.367604,"East","24A","Tussock Tundra (Low shrub or Herbaceous)","Low Shrub","Sandy Loam","Mesic - Xeric",2005,587.563538,57,15.053073,-150.286524,67.047197,1.24118826305082,3.45972208313702,"158-4-C-BENA_2013",13.9000002543132,-6.34166661898295,136,285,12.5000003178914,-6.78333352009455,6.96666685740153,18.0666672388713,78.9000020027161,1.10000001018246,110.199998378754,262.52999740839,94.2999992370605,1,"24A_2013",0.79
"961","173-1-A-BENA",2013,0.05325,0.178623693350104,45,1968,12,"173-1","BENA",69,40,12,0,9,0,0,0,0,0,0,NA,NA,NA,0,0,0,0,1301.486525,"East","24A","Low Shrub","Low Shrub","Clay Loam","Mesic",0,349.871613,358,2.901099,-150.191497,67.228159,-0.316275028860781,0.728858965348422,"173-1-A-BENA_2013",14.3992214202881,-6.13338679075241,125.77717590332,308.532997131348,12.5000003178914,-6.78333352009455,6.96666685740153,18.0666672388713,78.9000020027161,1.10000001018246,110.199998378754,262.52999740839,94.2999992370605,1,"24A_2013",0.79
"962","173-1-B-BENA",2013,0.07,0.165923215999345,23,1990,12,"173-1","BENA",101,53,11,0,7,0,0,0,0,0,0,NA,NA,NA,0,0,0,0,1301.486525,"East","24A","Low Shrub","Low Shrub","Clay Loam","Mesic",0,349.871613,358,2.901099,-150.191497,67.228159,-1.19096226298366,0.303928664007132,"173-1-B-BENA_2013",14.3992214202881,-6.13338679075241,125.77717590332,308.532997131348,12.5000003178914,-6.78333352009455,6.96666685740153,18.0666672388713,78.9000020027161,1.10000001018246,110.199998378754,262.52999740839,94.2999992370605,1,"24A_2013",0.79
"963","173-2-A-BENA",2013,0.03075,0.0845043263421267,54,1959,12,"173-2","BENA",94,43,12,0,6,0,0,0,0,0,0,NA,NA,NA,0,2,0,0,1323.706943,"East","24A","Tussock Tundra (Low shrub or Herbaceous)","Low Shrub","Clay Loam","Mesic",0,348.371155,13,2.823825,-150.190835,67.228457,-0.847182257699101,0.428620975444436,"173-2-A-BENA_2013",14.3992214202881,-6.13338679075241,125.77717590332,308.532997131348,12.5000003178914,-6.78333352009455,6.96666685740153,18.0666672388713,78.9000020027161,1.10000001018246,110.199998378754,262.52999740839,94.2999992370605,1,"24A_2013",0.79
"964","173-2-C-BENA",2013,0.04775,0.440169921141252,16,1997,12,"173-2","BENA",107,64,12,0,13,0,0,0,0,0,0,NA,NA,NA,0,2,0,0,1323.706943,"East","24A","Tussock Tundra (Low shrub or Herbaceous)","Low Shrub","Clay Loam","Mesic",0,348.371155,13,2.823825,-150.190835,67.228457,-0.648395704299469,0.522883964727054,"173-2-C-BENA_2013",14.3992214202881,-6.13338679075241,125.77717590332,308.532997131348,12.5000003178914,-6.78333352009455,6.96666685740153,18.0666672388713,78.9000020027161,1.10000001018246,110.199998378754,262.52999740839,94.2999992370605,1,"24A_2013",0.79
"965","173-3-B-BENA",2013,0.03825,0.0818029493591196,48,1965,12,"173-3","BENA",70,51,14,0,9,0,0,0,0,0,0,NA,NA,NA,0,0,0,0,1278.311889,"East","24A","Low Shrub","Low Shrub","Clay Loam","Mesic",0,347.24527,24,1.739254,-150.191816,67.228627,-1.02022673982736,0.36051318820716,"173-3-B-BENA_2013",14.3992214202881,-6.13338679075241,125.77717590332,308.532997131348,12.5000003178914,-6.78333352009455,6.96666685740153,18.0666672388713,78.9000020027161,1.10000001018246,110.199998378754,262.52999740839,94.2999992370605,1,"24A_2013",0.79
"966","173-3-C-BENA",2013,0.094,0.320853999303779,12,2001,12,"173-3","BENA",32,27,6,0,6,0,0,0,0,0,0,NA,NA,NA,0,0,0,0,1278.311889,"East","24A","Low Shrub","Low Shrub","Clay Loam","Mesic",0,347.24527,24,1.739254,-150.191816,67.228627,-1.30787248745463,0.27039471301748,"173-3-C-BENA_2013",14.3992214202881,-6.13338679075241,125.77717590332,308.532997131348,12.5000003178914,-6.78333352009455,6.96666685740153,18.0666672388713,78.9000020027161,1.10000001018246,110.199998378754,262.52999740839,94.2999992370605,1,"24A_2013",0.79
"967","173-4-B-BENA",2013,0.0765,0.205844219246674,23,1990,12,"173-4","BENA",124,71,14,0,12,0,0,0,0,0,0,NA,NA,NA,0,1,0,0,1308.377258,"East","24A","Low Shrub","Low Shrub","Clay Loam","Mesic",0,346.165253,355,1.872125,-150.190975,67.22891,-0.975367724644252,0.377053676138244,"173-4-B-BENA_2013",14.3992214202881,-6.13338679075241,125.77717590332,308.532997131348,12.5000003178914,-6.78333352009455,6.96666685740153,18.0666672388713,78.9000020027161,1.10000001018246,110.199998378754,262.52999740839,94.2999992370605,1,"24A_2013",0.79
"968","173-4-C-BENA",2013,0.11875,0.520144659925525,44,1969,12,"173-4","BENA",119,74,14,0,14,0,0,0,0,0,0,NA,NA,NA,0,1,0,0,1308.377258,"East","24A","Low Shrub","Low Shrub","Clay Loam","Mesic",0,346.165253,355,1.872125,-150.190975,67.22891,0.725732887607299,2.06624487044611,"173-4-C-BENA_2013",14.3992214202881,-6.13338679075241,125.77717590332,308.532997131348,12.5000003178914,-6.78333352009455,6.96666685740153,18.0666672388713,78.9000020027161,1.10000001018246,110.199998378754,262.52999740839,94.2999992370605,1,"24A_2013",0.79
"969","184-1-B-BENA",2013,0.10425,0.747953324209768,61,1952,13,"184-1","BENA",128,51,19,0,13,0,1,0,0,0.076923077,0,NA,"Hare",NA,1,2,0,0,692.283244,"East","24A","White Spruce or Black Spruce (Open-Closed)","Tall Shrub","Clay Loam","Mesic",0,423.977753,249,10.469168,-150.109686,67.368938,1.47881141524648,4.38772739446156,"184-1-B-BENA_2013",14.0000003178914,-6.02499990661939,103,205,12.5000003178914,-6.78333352009455,6.96666685740153,18.0666672388713,78.9000020027161,1.10000001018246,110.199998378754,262.52999740839,94.2999992370605,1,"24A_2013",0.79
"970","184-1-C-BENA",2013,0.2465,1.51511866559349,22,1991,13,"184-1","BENA",166,49,15,8,26,1,2,0,0.038461538,0.076923077,0,"Moose","Hare",NA,1,2,0,0,692.283244,"East","24A","White Spruce or Black Spruce (Open-Closed)","Tall Shrub","Clay Loam","Mesic",0,423.977753,249,10.469168,-150.109686,67.368938,0.967715645672421,2.63192533703402,"184-1-C-BENA_2013",14.0000003178914,-6.02499990661939,103,205,12.5000003178914,-6.78333352009455,6.96666685740153,18.0666672388713,78.9000020027161,1.10000001018246,110.199998378754,262.52999740839,94.2999992370605,1,"24A_2013",0.79
"971","184-2-A-BENA",2013,0.05875,0.136903735609515,28,1985,13,"184-2","BENA",89,39,11,0,12,0,1,0,0,0.083333333,0,NA,"Hare",NA,1,1,0,0,706.210196,"East","24A","White Spruce or Black Spruce (Open-Closed)","Tall Shrub","Clay Loam","Mesic",0,429.192566,258,16.706417,-150.109279,67.369156,-1.14846737458468,0.317122427009777,"184-2-A-BENA_2013",13.9969911575317,-6.02650446693103,102.684051513672,203.736196517944,12.5000003178914,-6.78333352009455,6.96666685740153,18.0666672388713,78.9000020027161,1.10000001018246,110.199998378754,262.52999740839,94.2999992370605,1,"24A_2013",0.79
"972","184-2-D-BENA",2013,0.02875,0.0570601583185299,42,1971,13,"184-2","BENA",84,38,12,10,7,0,0,0,0,0,0,NA,NA,NA,0,1,0,0,706.210196,"East","24A","White Spruce or Black Spruce (Open-Closed)","Tall Shrub","Clay Loam","Mesic",0,429.192566,258,16.706417,-150.109279,67.369156,-1.53978208959921,0.214427822389019,"184-2-D-BENA_2013",13.9969911575317,-6.02650446693103,102.684051513672,203.736196517944,12.5000003178914,-6.78333352009455,6.96666685740153,18.0666672388713,78.9000020027161,1.10000001018246,110.199998378754,262.52999740839,94.2999992370605,1,"24A_2013",0.79
"973","184-3-B-BENA",2013,0.145,0.520368143821003,36,1977,13,"184-3","BENA",71,35,17,0,17,0,2,0,0,0.117647059,0,NA,"Hare",NA,1,1,3,0,683.765397,"East","24A","White Spruce or Black Spruce (Open-Closed)","Tall Shrub","Clay Loam","Mesic",0,425.482941,261,10.788996,-150.109693,67.36937,0.486694356234564,1.62692927258954,"184-3-B-BENA_2013",13.9969911575317,-6.02650446693103,102.684051513672,203.736196517944,12.5000003178914,-6.78333352009455,6.96666685740153,18.0666672388713,78.9000020027161,1.10000001018246,110.199998378754,262.52999740839,94.2999992370605,1,"24A_2013",0.79
"974","184-3-D-BENA",2013,0.0425,0.0793095065398742,25,1988,13,"184-3","BENA",103,48,17,7,31,3,1,0,0.096774194,0.032258065,0,"Moose","Hare",NA,1,1,3,0,683.765397,"East","24A","White Spruce or Black Spruce (Open-Closed)","Tall Shrub","Clay Loam","Mesic",0,425.482941,261,10.788996,-150.109693,67.36937,-1.82962689152033,0.160473430604534,"184-3-D-BENA_2013",13.9969911575317,-6.02650446693103,102.684051513672,203.736196517944,12.5000003178914,-6.78333352009455,6.96666685740153,18.0666672388713,78.9000020027161,1.10000001018246,110.199998378754,262.52999740839,94.2999992370605,1,"24A_2013",0.79
"975","191-1-C-BENA",2013,0.088,0.271483870752616,11,2002,14,"191-1","BENA",105,51,8,16,13,0,0,0,0,0,0,NA,NA,NA,0,1,0,0,1595.806211,"East","24A","Low Shrub","Low Shrub","Clay Loam","Mesic",0,492.755432,293,2.980974,-149.860617,67.475764,-1.57878998551179,0.20622448190644,"191-1-C-BENA_2013",13.1787026723226,-6.30758115649223,106.593780517578,183.413237571716,10.6666669845581,-8.25000003228585,5.26666673024495,16.0666672388713,35.800000667572,1.04166668405135,82.5199980735779,275.439998626709,94.9000015258789,1,"24A_2013",0.79
"976","191-1-D-BENA",2013,0.0635,0.182634132721953,15,1998,14,"191-1","BENA",135,61,10,9,18,0,0,0,0,0,0,NA,NA,NA,0,1,0,0,1595.806211,"East","24A","Low Shrub","Low Shrub","Clay Loam","Mesic",0,492.755432,293,2.980974,-149.860617,67.475764,-1.60508797571135,0.200871882286129,"191-1-D-BENA_2013",13.1787026723226,-6.30758115649223,106.593780517578,183.413237571716,10.6666669845581,-8.25000003228585,5.26666673024495,16.0666672388713,35.800000667572,1.04166668405135,82.5199980735779,275.439998626709,94.9000015258789,1,"24A_2013",0.79
"977","191-2-A-BENA",2013,0.01025,0.0190229325661089,20,1993,14,"191-2","BENA",82,51,10,0,13,1,0,0,0.076923077,0,0,"Moose",NA,NA,1,0,0,0,1628.072852,"East","24A","Low Shrub","Low Shrub","Clay Loam","Mesic",0,494.812988,260,1.497492,-149.859771,67.475671,-3.52362548885845,0.0294923170405945,"191-2-A-BENA_2013",13.1787026723226,-6.30758115649223,106.593780517578,183.413237571716,10.6666669845581,-8.25000003228585,5.26666673024495,16.0666672388713,35.800000667572,1.04166668405135,82.5199980735779,275.439998626709,94.9000015258789,1,"24A_2013",0.79
"978","191-2-B-BENA",2013,0.13125,0.506861613487065,18,1995,14,"191-2","BENA",92,71,8,0,13,0,0,0,0,0,0,NA,NA,NA,0,0,0,0,1628.072852,"East","24A","Low Shrub","Low Shrub","Clay Loam","Mesic",0,494.812988,260,1.497492,-149.859771,67.475671,-0.366763477988329,0.692973529155678,"191-2-B-BENA_2013",13.1787026723226,-6.30758115649223,106.593780517578,183.413237571716,10.6666669845581,-8.25000003228585,5.26666673024495,16.0666672388713,35.800000667572,1.04166668405135,82.5199980735779,275.439998626709,94.9000015258789,1,"24A_2013",0.79
"979","191-3-A-BENA",2013,0.0413333333333333,0.0826727506398346,32,1981,14,"191-3","BENA",102,51,9,0,9,0,1,0,0,0.111111111,0,NA,"Hare",NA,1,2,0,0,1608.343863,"East","24A","Low Shrub","Low Shrub","Clay Loam","Mesic",0,494.475037,298,4.15829,-149.859591,67.475979,-1.49350717095163,0.224583619559451,"191-3-A-BENA_2013",13.1787026723226,-6.30758115649223,106.593780517578,183.413237571716,10.6666669845581,-8.25000003228585,5.26666673024495,16.0666672388713,35.800000667572,1.04166668405135,82.5199980735779,275.439998626709,94.9000015258789,1,"24A_2013",0.79
"980","191-3-D-BENA",2013,0.153333333333333,0.709560102920272,27,1986,14,"191-3","BENA",110,71,10,0,16,0,0,0,0,0,0,NA,NA,NA,0,2,0,0,1608.343863,"East","24A","Low Shrub","Low Shrub","Clay Loam","Mesic",0,494.475037,298,4.15829,-149.859591,67.475979,0.453500895718375,1.5738123049602,"191-3-D-BENA_2013",13.1787026723226,-6.30758115649223,106.593780517578,183.413237571716,10.6666669845581,-8.25000003228585,5.26666673024495,16.0666672388713,35.800000667572,1.04166668405135,82.5199980735779,275.439998626709,94.9000015258789,1,"24A_2013",0.79
"981","191-4-A-BENA",2013,0.2305,1.88673923138294,14,1999,14,"191-4","BENA",105,69,11,0,12,0,0,0,0,0,0,NA,NA,NA,0,1,0,0,1634.196324,"East","24A","Low Shrub","Low Shrub","Clay Loam","Mesic",0,497.007599,303,3.553675,-149.85875,67.475963,0.647700631122402,1.91114135399423,"191-4-A-BENA_2013",13.1787026723226,-6.30758115649223,106.593780517578,183.413237571716,10.6666669845581,-8.25000003228585,5.26666673024495,16.0666672388713,35.800000667572,1.04166668405135,82.5199980735779,275.439998626709,94.9000015258789,1,"24A_2013",0.79
"982","191-4-B-BENA",2013,0.05525,0.138988575034252,30,1983,14,"191-4","BENA",77,59,11,0,12,0,1,0,0,0.083333333,0,NA,"Hare",NA,1,1,0,0,1634.196324,"East","24A","Low Shrub","Low Shrub","Clay Loam","Mesic",0,497.007599,303,3.553675,-149.85875,67.475963,-1.05102179795376,0.349580366052903,"191-4-B-BENA_2013",13.1787026723226,-6.30758115649223,106.593780517578,183.413237571716,10.6666669845581,-8.25000003228585,5.26666673024495,16.0666672388713,35.800000667572,1.04166668405135,82.5199980735779,275.439998626709,94.9000015258789,1,"24A_2013",0.79
"983","203-1-A-BENA",2013,0.236,1.27152821061393,23,1990,15,"203-1","BENA",97,41,11,0,17,1,0,0,0.058823529,0,0,"Moose",NA,NA,1,1,0,0,905.036767,"East","24A","Low Shrub","Low Shrub","Loam","Mesic",0,550.644958,299,23.927214,-149.794431,67.571449,0.845487381384731,2.32911270416069,"203-1-A-BENA_2013",13.5,-6.41666664679845,87,152,9.83333365122477,-9.20833363632361,4.5666667620341,15.1333332061768,26.400000333786,1.01666667312384,71.3299983739853,281.679998874664,90.7000007629395,1,"24A_2013",0.79
"984","203-1-D-BENA",2013,0.1165,0.759806749641308,21,1992,15,"203-1","BENA",143,46,14,0,26,2,0,0,0.076923077,0,0,"Moose",NA,NA,1,1,0,0,905.036767,"East","24A","Low Shrub","Low Shrub","Loam","Mesic",0,550.644958,299,23.927214,-149.794431,67.571449,0.222016595296972,1.24859209844902,"203-1-D-BENA_2013",13.5,-6.41666664679845,87,152,9.83333365122477,-9.20833363632361,4.5666667620341,15.1333332061768,26.400000333786,1.01666667312384,71.3299983739853,281.679998874664,90.7000007629395,1,"24A_2013",0.79
"985","203-2-B-BENA",2013,0.23125,2.00167066797326,15,1998,15,"203-2","BENA",146,44,15,0,20,0,0,0,0,0,0,NA,NA,NA,0,0,1,0,933.944119,"East","24A","Low Shrub","Low Shrub","Loam","Mesic",0,566.911377,300,26.508135,-149.793674,67.571447,0.789164592239622,2.20155646045012,"203-2-B-BENA_2013",13.5,-6.41666664679845,87,152,9.83333365122477,-9.20833363632361,4.5666667620341,15.1333332061768,26.400000333786,1.01666667312384,71.3299983739853,281.679998874664,90.7000007629395,1,"24A_2013",0.79
"986","203-2-C-BENA",2013,0.0245,0.0740441972524598,37,1976,15,"203-2","BENA",118,35,14,0,38,0,0,0,0,0,0,NA,NA,NA,0,0,1,0,933.944119,"East","24A","Low Shrub","Low Shrub","Loam","Mesic",0,566.911377,300,26.508135,-149.793674,67.571447,-1.43048374385482,0.239193186018817,"203-2-C-BENA_2013",13.5,-6.41666664679845,87,152,9.83333365122477,-9.20833363632361,4.5666667620341,15.1333332061768,26.400000333786,1.01666667312384,71.3299983739853,281.679998874664,90.7000007629395,1,"24A_2013",0.79
"987","203-3-B-BENA",2013,0.034,0.188366753916592,17,1996,15,"203-3","BENA",108,53,11,7,21,0,0,0,0,0,0,NA,NA,NA,0,0,1,0,922.335664,"East","24A","Low Shrub","Low Shrub","Loam","Mesic",0,556.241272,305,23.609533,-149.79364,67.571701,-1.4248199557179,0.240551769280327,"203-3-B-BENA_2013",13.5,-6.41666664679845,87,152,9.83333365122477,-9.20833363632361,4.5666667620341,15.1333332061768,26.400000333786,1.01666667312384,71.3299983739853,281.679998874664,90.7000007629395,1,"24A_2013",0.79
"988","203-3-D-BENA",2013,0.06775,0.34294312629979,21,1992,15,"203-3","BENA",108,52,11,0,7,1,0,0,0.14,0,0,"Moose",NA,NA,1,0,1,0,922.335664,"East","24A","Low Shrub","Low Shrub","Loam","Mesic",0,556.241272,305,23.609533,-149.79364,67.571701,-0.573482907981361,0.563559191751676,"203-3-D-BENA_2013",13.5,-6.41666664679845,87,152,9.83333365122477,-9.20833363632361,4.5666667620341,15.1333332061768,26.400000333786,1.01666667312384,71.3299983739853,281.679998874664,90.7000007629395,1,"24A_2013",0.79
"989","203-4-A-BENA",2013,0.068,0.441142440417079,17,1996,15,"203-4","BENA",85,42,10,0,10,0,0,0,0,0,0,NA,NA,NA,0,1,1,0,951.384807,"East","24A","Low Shrub","Low Shrub","Loam","Mesic",0,569.135193,316,29.227108,-149.792864,67.571712,-0.57384301943894,0.563356284166568,"203-4-A-BENA_2013",13.5,-6.41666664679845,87,152,9.83333365122477,-9.20833363632361,4.5666667620341,15.1333332061768,26.400000333786,1.01666667312384,71.3299983739853,281.679998874664,90.7000007629395,1,"24A_2013",0.79
"990","203-4-B-BENA",2013,0.0445,0.287220893752612,34,1979,15,"203-4","BENA",99,36,12,0,12,0,0,0,0,0,0,NA,NA,NA,0,1,1,0,951.384807,"East","24A","Low Shrub","Low Shrub","Loam","Mesic",0,569.135193,316,29.227108,-149.792864,67.571712,-0.175799933630841,0.838785779376724,"203-4-B-BENA_2013",13.5,-6.41666664679845,87,152,9.83333365122477,-9.20833363632361,4.5666667620341,15.1333332061768,26.400000333786,1.01666667312384,71.3299983739853,281.679998874664,90.7000007629395,1,"24A_2013",0.79
"991","209-1-C-BENA",2013,0.0743333333333333,0.35192220699949,24,1989,16,"209-1","BENA",58,59,14,0,9,0,0,0,0,0,0,NA,NA,NA,0,0,1,0,698.873831,"East","24A","Low Shrub","Black Spruce Woodland","Sandy Loam","Mesic - Xeric",0,553.345276,287,19.679848,-149.692986,67.655886,-0.388289209073692,0.678216168627838,"209-1-C-BENA_2013",12.7894684473673,-6.87381318211555,81,136.954864501953,9.83333365122477,-9.20833363632361,4.5666667620341,15.1333332061768,26.400000333786,1.01666667312384,71.3299983739853,281.679998874664,90.7000007629395,1,"24A_2013",0.79
"992","209-1-D-BENA",2013,0.03925,0.142204387814283,29,1984,16,"209-1","BENA",76,39,10,0,6,0,0,0,0,0,0,NA,NA,NA,0,0,1,0,698.873831,"East","24A","Low Shrub","Black Spruce Woodland","Sandy Loam","Mesic - Xeric",0,553.345276,287,19.679848,-149.692986,67.655886,-1.06860419199523,0.343487625746856,"209-1-D-BENA_2013",12.7894684473673,-6.87381318211555,81,136.954864501953,9.83333365122477,-9.20833363632361,4.5666667620341,15.1333332061768,26.400000333786,1.01666667312384,71.3299983739853,281.679998874664,90.7000007629395,1,"24A_2013",0.79
"993","209-2-B-BENA",2013,0.18975,0.8943248383295,45,1968,16,"209-2","BENA",104,57,18,0,18,0,0,0,0,0,0,NA,NA,NA,0,0,0,0,728.528855,"East","24A","Low Shrub","Black Spruce Woodland","Sandy Loam","Mesic - Xeric",0,561.911133,287,21.070175,-149.692261,67.656,1.29451271297347,3.6492173245608,"209-2-B-BENA_2013",12.7894684473673,-6.87381318211555,81,136.954864501953,9.83333365122477,-9.20833363632361,4.5666667620341,15.1333332061768,26.400000333786,1.01666667312384,71.3299983739853,281.679998874664,90.7000007629395,1,"24A_2013",0.79
"994","209-2-D-BENA",2013,0.03175,0.0680015401328181,52,1961,16,"209-2","BENA",86,47,10,0,6,0,0,0,0,0,0,NA,NA,NA,0,0,0,0,728.528855,"East","24A","Low Shrub","Black Spruce Woodland","Sandy Loam","Mesic - Xeric",0,561.911133,287,21.070175,-149.692261,67.656,-1.10949162808172,0.329726542189575,"209-2-D-BENA_2013",12.7894684473673,-6.87381318211555,81,136.954864501953,9.83333365122477,-9.20833363632361,4.5666667620341,15.1333332061768,26.400000333786,1.01666667312384,71.3299983739853,281.679998874664,90.7000007629395,1,"24A_2013",0.79
"995","209-3-A-BENA",2013,0.09075,0.408618906121249,53,1960,16,"209-3","BENA",67,52,13,0,10,0,0,0,0,0,0,NA,NA,NA,0,0,1,0,711.058695,"East","24A","Low Shrub","Black Spruce Woodland","Sandy Loam","Mesic - Xeric",0,553.430786,276,18.070417,-149.69261,67.656251,0.706491917008674,2.02686834969059,"209-3-A-BENA_2013",12.7894684473673,-6.87381318211555,81,136.954864501953,9.83333365122477,-9.20833363632361,4.5666667620341,15.1333332061768,26.400000333786,1.01666667312384,71.3299983739853,281.679998874664,90.7000007629395,1,"24A_2013",0.79
"996","209-3-D-BENA",2013,0.09575,0.277118906225451,31,1982,16,"209-3","BENA",84,39,10,0,8,0,0,0,0,0,0,NA,NA,NA,0,0,1,0,711.058695,"East","24A","Low Shrub","Black Spruce Woodland","Sandy Loam","Mesic - Xeric",0,553.430786,276,18.070417,-149.69261,67.656251,-0.321837492461219,0.724815968818859,"209-3-D-BENA_2013",12.7894684473673,-6.87381318211555,81,136.954864501953,9.83333365122477,-9.20833363632361,4.5666667620341,15.1333332061768,26.400000333786,1.01666667312384,71.3299983739853,281.679998874664,90.7000007629395,1,"24A_2013",0.79
"997","209-4-C-BENA",2013,0.08,0.187490249566239,22,1991,16,"209-4","BENA",57,38,10,0,7,0,0,0,0,0,0,NA,NA,NA,0,0,0,0,738.024448,"East","24A","Low Shrub","Black Spruce Woodland","Sandy Loam","Mesic - Xeric",0,561.090881,296,18.584587,-149.691928,67.656444,-1.12180655458315,0.325690884474005,"209-4-C-BENA_2013",12.7894684473673,-6.87381318211555,81,136.954864501953,9.83333365122477,-9.20833363632361,4.5666667620341,15.1333332061768,26.400000333786,1.01666667312384,71.3299983739853,281.679998874664,90.7000007629395,1,"24A_2013",0.79
"998","209-4-D-BENA",2013,0.0393333333333333,0.0785076696787605,41,1972,16,"209-4","BENA",71,50,9,0,8,0,0,0,0,0,0,NA,NA,NA,0,0,0,0,738.024448,"East","24A","Low Shrub","Black Spruce Woodland","Sandy Loam","Mesic - Xeric",0,561.090881,296,18.584587,-149.691928,67.656444,-1.24944842665475,0.286662868859566,"209-4-D-BENA_2013",12.7894684473673,-6.87381318211555,81,136.954864501953,9.83333365122477,-9.20833363632361,4.5666667620341,15.1333332061768,26.400000333786,1.01666667312384,71.3299983739853,281.679998874664,90.7000007629395,1,"24A_2013",0.79
"999","222-1-B-BENA",2013,0.16225,0.686215138080507,33,1980,17,"222-1","BENA",63,58,19,0,9,0,2,0,0,0.222222222,0,NA,"Hare",NA,1,2,18,0,769.468544,"East","24A","Low Shrub","Tall Shrub","Clay Loam","Mesic",0,669.484009,287,15.029548,-149.809491,67.826198,0.659514978263011,1.93385414560266,"222-1-B-BENA_2013",12.2000001271566,-7.4083332195878,87,132,9.83333365122477,-9.20833363632361,4.5666667620341,15.1333332061768,26.400000333786,1.01666667312384,71.3299983739853,281.679998874664,90.7000007629395,1,"24A_2013",0.79
"1000","222-1-D-BENA",2013,0.02225,0.036610353639068,32,1981,17,"222-1","BENA",78,38,9,0,9,0,2,0,0,0.222222222,0,NA,"Hare",NA,1,2,18,0,769.468544,"East","24A","Low Shrub","Tall Shrub","Clay Loam","Mesic",0,669.484009,287,15.029548,-149.809491,67.826198,-2.30806613547417,0.0994533951027356,"222-1-D-BENA_2013",12.2000001271566,-7.4083332195878,87,132,9.83333365122477,-9.20833363632361,4.5666667620341,15.1333332061768,26.400000333786,1.01666667312384,71.3299983739853,281.679998874664,90.7000007629395,1,"24A_2013",0.79
"1001","222-2-A-BENA",2013,0.065,0.380431162386453,27,1986,17,"222-2","BENA",81,59,12,0,9,0,0,0,0,0,0,NA,NA,NA,0,3,13,0,794.735172,"East","24A","Low Shrub","Tall Shrub","Clay Loam","Mesic",0,676.198608,282,15.59229,-149.808768,67.826375,-0.169839061585892,0.843800605600546,"222-2-A-BENA_2013",12.2000001271566,-7.4083332195878,87,132,9.83333365122477,-9.20833363632361,4.5666667620341,15.1333332061768,26.400000333786,1.01666667312384,71.3299983739853,281.679998874664,90.7000007629395,1,"24A_2013",0.79
"1002","222-2-D-BENA",2013,0.18375,0.882786553911027,13,2000,17,"222-2","BENA",62,59,8,0,6,0,1,0,0,0.166666667,0,NA,"Hare",NA,1,3,13,0,794.735172,"East","24A","Low Shrub","Tall Shrub","Clay Loam","Mesic",0,676.198608,282,15.59229,-149.808768,67.826375,-0.200257176697839,0.818520221679532,"222-2-D-BENA_2013",12.2000001271566,-7.4083332195878,87,132,9.83333365122477,-9.20833363632361,4.5666667620341,15.1333332061768,26.400000333786,1.01666667312384,71.3299983739853,281.679998874664,90.7000007629395,1,"24A_2013",0.79
"1003","222-3-A-BENA",2013,0.13675,0.418550265897411,51,1962,17,"222-3","BENA",126,65,16,0,21,0,3,0,0,0.142857143,0,NA,"Hare",NA,1,2,11,1,778.440723,"East","24A","Low Shrub","Low Shrub","Clay Loam","Mesic",0,672.469177,278,13.422374,-149.809021,67.826615,0.684602658063407,1.98298375637309,"222-3-A-BENA_2013",12.2000001271566,-7.4083332195878,87,132,9.83333365122477,-9.20833363632361,4.5666667620341,15.1333332061768,26.400000333786,1.01666667312384,71.3299983739853,281.679998874664,90.7000007629395,1,"24A_2013",0.79
"1004","222-3-B-BENA",2013,0.282,2.16698264785194,10,2003,17,"222-3","BENA",70,62,8,0,8,0,0,0,0,0,0,NA,NA,NA,0,2,11,1,778.440723,"East","24A","Low Shrub","Low Shrub","Clay Loam","Mesic",0,672.469177,278,13.422374,-149.809021,67.826615,0.384660957791664,1.46911614461246,"222-3-B-BENA_2013",12.2000001271566,-7.4083332195878,87,132,9.83333365122477,-9.20833363632361,4.5666667620341,15.1333332061768,26.400000333786,1.01666667312384,71.3299983739853,281.679998874664,90.7000007629395,1,"24A_2013",0.79
"1005","222-4-C-BENA",2013,0.23725,1.74354327838738,11,2002,17,"222-4","BENA",92,74,9,12,11,0,1,0,0,0.090909091,0,NA,"Hare",NA,1,0,15,0,805.061274,"East","24A","Low Shrub","Low Shrub","Clay Loam","Mesic",0,678.755371,278,16.631924,-149.808355,67.826658,0.280981973301594,1.32442972862478,"222-4-C-BENA_2013",12.2000001271566,-7.4083332195878,87,132,9.83333365122477,-9.20833363632361,4.5666667620341,15.1333332061768,26.400000333786,1.01666667312384,71.3299983739853,281.679998874664,90.7000007629395,1,"24A_2013",0.79
"1006","222-4-D-BENA",2013,0.106,0.567946544693923,18,1995,17,"222-4","BENA",107,70,8,0,14,0,0,0,0,0,0,NA,NA,NA,0,0,15,0,805.061274,"East","24A","Low Shrub","Low Shrub","Clay Loam","Mesic",0,678.755371,278,16.631924,-149.808355,67.826658,-0.252974189781346,0.776487922888177,"222-4-D-BENA_2013",12.2000001271566,-7.4083332195878,87,132,9.83333365122477,-9.20833363632361,4.5666667620341,15.1333332061768,26.400000333786,1.01666667312384,71.3299983739853,281.679998874664,90.7000007629395,1,"24A_2013",0.79
"1007","235-1-A-BENA",2013,0.1085,0.485559062751694,34,1979,18,"235-1","BENA",59,29,10,0,18,0,0,0,0,0,0,NA,NA,NA,0,0,5,0,477.732622,"East","24A","Low Shrub","Low Shrub","Sandy Gravel","Mesic",0,813.776917,295,20.303024,-149.727576,68.004859,0.349249415791969,1.41800281853592,"235-1-A-BENA_2013",9.93333339691162,-8.71666666865349,98,136,8.63333336512248,-10.3416670064131,3.5666667620341,13.8000001907349,11.0000002384186,0.933333347241084,57.8699996471405,290.659996509552,92,1,"24A_2013",0.79
"1008","235-1-B-BENA",2013,0.19,1.14993286695674,21,1992,18,"235-1","BENA",42,18,10,0,10,0,1,0,0,0.1,0,NA,"Hare",NA,1,0,5,0,477.732622,"East","24A","Low Shrub","Low Shrub","Sandy Gravel","Mesic",0,813.776917,295,20.303024,-149.727576,68.004859,0.636411314232136,1.88968720284051,"235-1-B-BENA_2013",9.93333339691162,-8.71666666865349,98,136,8.63333336512248,-10.3416670064131,3.5666667620341,13.8000001907349,11.0000002384186,0.933333347241084,57.8699996471405,290.659996509552,92,1,"24A_2013",0.79
"1009","235-2-A-BENA",2013,0.12925,0.89178918035897,13,2000,18,"235-2","BENA",71,49,9,0,16,0,0,0,0,0,0,NA,NA,NA,0,0,0,0,510.631222,"East","24A","Dwarf Shrub-Lichen","Low Shrub","Sandy Gravel","Mesic",0,828.022217,289,26.243103,-149.726481,68.004961,-0.190110860023614,0.826867462315699,"235-2-A-BENA_2013",9.93333339691162,-8.71666666865349,98,136,8.63333336512248,-10.3416670064131,3.5666667620341,13.8000001907349,11.0000002384186,0.933333347241084,57.8699996471405,290.659996509552,92,1,"24A_2013",0.79
"1010","235-2-B-BENA",2013,0.1335,0.482942116071254,30,1983,18,"235-2","BENA",54,38,8,0,9,0,0,0,0,0,0,NA,NA,NA,NA,0,0,0,510.631222,"East","24A","Dwarf Shrub-Lichen","Low Shrub","Sandy Gravel","Mesic",0,828.022217,289,26.243103,-149.726481,68.004961,0.194483270260152,1.21468316138177,"235-2-B-BENA_2013",9.93333339691162,-8.71666666865349,98,136,8.63333336512248,-10.3416670064131,3.5666667620341,13.8000001907349,11.0000002384186,0.933333347241084,57.8699996471405,290.659996509552,92,1,"24A_2013",0.79
"1011","235-2-C-BENA",2013,0.03675,0.0488657065807216,25,1988,18,"235-2","BENA",58,33,8,0,9,0,2,0,0,0.222222222,0,NA,"Hare",NA,1,0,0,0,510.631222,"East","24A","Dwarf Shrub-Lichen","Low Shrub","Sandy Gravel","Mesic",0,828.022217,289,26.243103,-149.726481,68.004961,-2.31390904014125,0.0988739927410901,"235-2-C-BENA_2013",9.93333339691162,-8.71666666865349,98,136,8.63333336512248,-10.3416670064131,3.5666667620341,13.8000001907349,11.0000002384186,0.933333347241084,57.8699996471405,290.659996509552,92,1,"24A_2013",0.79
"1012","235-3-B-BENA",2013,0.0805,0.217618908512329,28,1985,18,"235-3","BENA",59,31,10,0,15,0,0,0,0,0,0,NA,NA,NA,0,0,1,0,482.982181,"East","24A","Dwarf Shrub-Lichen","Low Shrub","Sandy Gravel","Mesic",0,817.546387,298,18.704132,-149.726784,68.005244,-0.684999986703779,0.504090236277321,"235-3-B-BENA_2013",9.93333339691162,-8.71666666865349,98,136,8.63333336512248,-10.3416670064131,3.5666667620341,13.8000001907349,11.0000002384186,0.933333347241084,57.8699996471405,290.659996509552,92,1,"24A_2013",0.79
"1013","235-3-C-BENA",2013,0.2215,1.6777251451488,13,2000,18,"235-3","BENA",57,42,7,0,11,0,0,0,0,0,0,NA,NA,NA,0,0,1,0,482.982181,"East","24A","Dwarf Shrub-Lichen","Low Shrub","Sandy Gravel","Mesic",0,817.546387,298,18.704132,-149.726784,68.005244,0.441853454752902,1.55558775973714,"235-3-C-BENA_2013",9.93333339691162,-8.71666666865349,98,136,8.63333336512248,-10.3416670064131,3.5666667620341,13.8000001907349,11.0000002384186,0.933333347241084,57.8699996471405,290.659996509552,92,1,"24A_2013",0.79
"1014","235-4-A-BENA",2013,0.19475,1.13875959633471,23,1990,18,"235-4","BENA",45,36,11,0,13,0,0,0,0,0,0,NA,NA,NA,0,0,0,0,503.848767,"East","24A","Low Shrub","Low Shrub","Sandy Gravel","Mesic",0,825.290771,293,20.728168,-149.726015,68.005351,0.735207485508156,2.08591474468934,"235-4-A-BENA_2013",9.93333339691162,-8.71666666865349,98,136,8.63333336512248,-10.3416670064131,3.5666667620341,13.8000001907349,11.0000002384186,0.933333347241084,57.8699996471405,290.659996509552,92,1,"24A_2013",0.79
"1015","235-4-C-BENA",2013,0.2135,2.73154805345244,17,1996,18,"235-4","BENA",61,45,11,0,10,0,0,0,0,0,0,NA,NA,NA,0,0,0,0,503.848767,"East","24A","Low Shrub","Low Shrub","Sandy Gravel","Mesic",0,825.290771,293,20.728168,-149.726015,68.005351,1.2494129431347,3.48829452899724,"235-4-C-BENA_2013",9.93333339691162,-8.71666666865349,98,136,8.63333336512248,-10.3416670064131,3.5666667620341,13.8000001907349,11.0000002384186,0.933333347241084,57.8699996471405,290.659996509552,92,1,"24A_2013",0.79
"1016","240-1-C-BENA",2013,0.122,1.24391675278153,7,2006,19,"240-1","BENA",52,36,9,0,17,0,0,0,0,0,0,NA,NA,NA,0,0,1,0,395.986648,"West","24A","Low Shrub","Low Shrub","Sandy Loam","Mesic",0,1043.032227,75,23.365055,-149.606437,68.069578,-0.596043679340463,0.550987211707712,"240-1-C-BENA_2013",8.88495492935181,-9.20752256115278,124.992986679077,181.173525810242,8.63333336512248,-10.3416670064131,3.5666667620341,13.8000001907349,11.0000002384186,0.933333347241084,57.8699996471405,290.659996509552,92,1,"24A_2013",0.79
"1017","240-1-D-BENA",2013,0.11375,0.679423407462527,14,1999,19,"240-1","BENA",70,38,7,0,13,0,0,0,0,0,0,NA,NA,NA,0,0,1,0,395.986648,"West","24A","Low Shrub","Low Shrub","Sandy Loam","Mesic",0,1043.032227,75,23.365055,-149.606437,68.069578,-0.373660204259005,0.688210723175322,"240-1-D-BENA_2013",8.88495492935181,-9.20752256115278,124.992986679077,181.173525810242,8.63333336512248,-10.3416670064131,3.5666667620341,13.8000001907349,11.0000002384186,0.933333347241084,57.8699996471405,290.659996509552,92,1,"24A_2013",0.79
"1018","240-2-A-BENA",2013,0.114,0.617615124547178,17,1996,19,"240-2","BENA",90,57,9,0,23,0,0,2,0,0,0.086956522,NA,NA,"Ptarmagin",1,0,0,0,426.292991,"West","24A","Tussock Tundra (Low shrub or Herbaceous)","Low Shrub","Sandy Loam","Mesic",0,1048.270996,87,24.096361,-149.606886,68.069926,-0.237345349238791,0.78871885752142,"240-2-A-BENA_2013",8.88495492935181,-9.20752256115278,124.992986679077,181.173525810242,8.63333336512248,-10.3416670064131,3.5666667620341,13.8000001907349,11.0000002384186,0.933333347241084,57.8699996471405,290.659996509552,92,1,"24A_2013",0.79
"1019","240-2-D-BENA",2013,0.16375,0.693588063339399,15,1998,19,"240-2","BENA",84,31,8,0,10,0,0,0,0,0,0,NA,NA,NA,0,0,0,0,426.292991,"West","24A","Tussock Tundra (Low shrub or Herbaceous)","Low Shrub","Sandy Loam","Mesic",0,1048.270996,87,24.096361,-149.606886,68.069926,-0.270694636991868,0.762849406831763,"240-2-D-BENA_2013",8.88495492935181,-9.20752256115278,124.992986679077,181.173525810242,8.63333336512248,-10.3416670064131,3.5666667620341,13.8000001907349,11.0000002384186,0.933333347241084,57.8699996471405,290.659996509552,92,1,"24A_2013",0.79
"1020","240-3-A-BENA",2013,0.26725,2.98747338293769,9,2004,19,"240-3","BENA",66,43,8,0,18,0,0,0,0,0,0,NA,NA,NA,0,0,1,3,399.798137,"West","24A","Low Shrub","Low Shrub","Sandy Loam","Mesic",0,1034.808228,93,20.584356,-149.606025,68.07014,0.580022475220103,1.78607857280802,"240-3-A-BENA_2013",8.88495492935181,-9.20752256115278,124.992986679077,181.173525810242,8.63333336512248,-10.3416670064131,3.5666667620341,13.8000001907349,11.0000002384186,0.933333347241084,57.8699996471405,290.659996509552,92,1,"24A_2013",0.79
"1021","240-3-D-BENA",2013,0.11625,0.672990996504301,29,1984,19,"240-3","BENA",97,46,12,0,13,0,0,2,0,0,0.153846154,NA,NA,"Ptarmagin",1,0,1,3,399.798137,"West","24A","Low Shrub","Low Shrub","Sandy Loam","Mesic",0,1034.808228,93,20.584356,-149.606025,68.07014,0.485862385875281,1.6255762785616,"240-3-D-BENA_2013",8.88495492935181,-9.20752256115278,124.992986679077,181.173525810242,8.63333336512248,-10.3416670064131,3.5666667620341,13.8000001907349,11.0000002384186,0.933333347241084,57.8699996471405,290.659996509552,92,1,"24A_2013",0.79
"1022","240-4-B-BENA",2013,0.11075,0.404209288132856,45,1968,19,"240-4","BENA",102,72,15,0,13,0,0,0,0,0,0,NA,NA,NA,0,0,2,0,431.079046,"West","24A","Low Shrub","Low Shrub","Sandy Loam","Mesic",0,1046.807861,94,24.616484,-149.606605,68.070368,0.500376433718448,1.64934202180724,"240-4-B-BENA_2013",8.88495492935181,-9.20752256115278,124.992986679077,181.173525810242,8.63333336512248,-10.3416670064131,3.5666667620341,13.8000001907349,11.0000002384186,0.933333347241084,57.8699996471405,290.659996509552,92,1,"24A_2013",0.79
"1023","240-4-D-BENA",2013,0.13575,0.767968018306711,28,1985,19,"240-4","BENA",83,41,16,0,29,0,0,3,0,0,0.103448276,NA,NA,"Ptarmagin",1,0,2,0,431.079046,"West","24A","Low Shrub","Low Shrub","Sandy Loam","Mesic",0,1046.807861,94,24.616484,-149.606605,68.070368,0.576002695803626,1.77891334189705,"240-4-D-BENA_2013",8.88495492935181,-9.20752256115278,124.992986679077,181.173525810242,8.63333336512248,-10.3416670064131,3.5666667620341,13.8000001907349,11.0000002384186,0.933333347241084,57.8699996471405,290.659996509552,92,1,"24A_2013",0.79
"1024","255-1-A-BENA",2013,0.10925,0.569486121443725,44,1969,20,"255-1","BENA",71,26,15,0,17,0,0,0,0,0,0,NA,NA,NA,0,0,0,0,585.543915,"East","26B","Low Shrub","Low Shrub","Sandy Gravel","Mesic - Xeric",0,991.483582,331,1.701594,-149.392735,68.222633,0.816360335424619,2.26225100031178,"255-1-A-BENA_2013",9.2378470102946,-9.6204277475675,136.909729003906,144.864593505859,6.63333336512248,-12.0416669050852,1.70000000794729,11.6333338419596,6.40000021457672,0.808333365867535,47.0199995040894,307.729996681213,94.3000030517578,1,"26B_2013",0.27
"1025","255-1-B-BENA",2013,0.08125,0.229792776394529,14,1999,20,"255-1","BENA",41,27,7,0,12,0,0,0,0,0,0,NA,NA,NA,0,0,0,0,585.543915,"East","26B","Low Shrub","Low Shrub","Sandy Gravel","Mesic - Xeric",0,991.483582,331,1.701594,-149.392735,68.222633,-1.45772678192474,0.232764798924986,"255-1-B-BENA_2013",9.2378470102946,-9.6204277475675,136.909729003906,144.864593505859,6.63333336512248,-12.0416669050852,1.70000000794729,11.6333338419596,6.40000021457672,0.808333365867535,47.0199995040894,307.729996681213,94.3000030517578,1,"26B_2013",0.27
"1026","255-2-C-BENA",2013,0.06225,0.186225954872709,32,1981,20,"255-2","BENA",65,27,8,0,20,0,0,0,0,0,0,NA,NA,NA,0,0,1,1,631.079496,"East","26B","Low Shrub","Low Shrub","Sandy Gravel","Mesic - Xeric",0,993.382141,286,2.676414,-149.39171,68.222788,-0.681436474619242,0.505889772355972,"255-2-C-BENA_2013",9.2378470102946,-9.6204277475675,136.909729003906,144.864593505859,6.63333336512248,-12.0416669050852,1.70000000794729,11.6333338419596,6.40000021457672,0.808333365867535,47.0199995040894,307.729996681213,94.3000030517578,1,"26B_2013",0.27
"1027","255-2-D-BENA",2013,0.25975,1.43437443295863,24,1989,20,"255-2","BENA",60,32,10,0,11,0,0,0,0,0,0,NA,NA,NA,0,0,1,1,631.079496,"East","26B","Low Shrub","Low Shrub","Sandy Gravel","Mesic - Xeric",0,993.382141,286,2.676414,-149.39171,68.222788,1.01678474052117,2.7642925423582,"255-2-D-BENA_2013",9.2378470102946,-9.6204277475675,136.909729003906,144.864593505859,6.63333336512248,-12.0416669050852,1.70000000794729,11.6333338419596,6.40000021457672,0.808333365867535,47.0199995040894,307.729996681213,94.3000030517578,1,"26B_2013",0.27
"1028","255-3-A-BENA",2013,0.2235,1.25929877581167,13,2000,20,"255-3","BENA",61,31,7,0,17,0,0,0,0,0,0,NA,NA,NA,0,0,1,0,600.399561,"East","26B","Tussock Tundra (Low shrub or Herbaceous)","Low Shrub","Sandy Gravel","Mesic - Xeric",0,990.277893,304,2.837043,-149.392647,68.223106,0.154969698112503,1.16762257940102,"255-3-A-BENA_2013",9.2378470102946,-9.6204277475675,136.909729003906,144.864593505859,6.63333336512248,-12.0416669050852,1.70000000794729,11.6333338419596,6.40000021457672,0.808333365867535,47.0199995040894,307.729996681213,94.3000030517578,1,"26B_2013",0.27
"1029","255-3-D-BENA",2013,0.271,2.24038438940674,8,2005,20,"255-3","BENA",53,42,6,0,12,0,0,1,0,0,0.083333333,NA,NA,"Ptarmagin",1,0,1,0,600.399561,"East","26B","Tussock Tundra (Low shrub or Herbaceous)","Low Shrub","Sandy Gravel","Mesic - Xeric",0,990.277893,304,2.837043,-149.392647,68.223106,0.151686872583418,1.16379576301108,"255-3-D-BENA_2013",9.2378470102946,-9.6204277475675,136.909729003906,144.864593505859,6.63333336512248,-12.0416669050852,1.70000000794729,11.6333338419596,6.40000021457672,0.808333365867535,47.0199995040894,307.729996681213,94.3000030517578,1,"26B_2013",0.27
"1030","255-4-B-BENA",2013,0.1885,1.74488846909174,17,1996,20,"255-4","BENA",49,32,10,0,25,0,0,0,0,0,0,NA,NA,NA,0,0,0,2,644.564014,"East","26B","Low Shrub","Low Shrub","Sandy Gravel","Mesic - Xeric",0,993.003235,239,7.430982,-149.391619,68.223199,0.801235081155854,2.22829135030227,"255-4-B-BENA_2013",9.2378470102946,-9.6204277475675,136.909729003906,144.864593505859,6.63333336512248,-12.0416669050852,1.70000000794729,11.6333338419596,6.40000021457672,0.808333365867535,47.0199995040894,307.729996681213,94.3000030517578,1,"26B_2013",0.27
"1031","255-4-D-BENA",2013,0.02825,0.0604165573698081,36,1977,20,"255-4","BENA",56,29,5,0,12,0,0,0,0,0,0,NA,NA,NA,0,0,0,2,644.564014,"East","26B","Low Shrub","Low Shrub","Sandy Gravel","Mesic - Xeric",0,993.003235,239,7.430982,-149.391619,68.223199,-1.66657897772211,0.188892165866013,"255-4-D-BENA_2013",9.2378470102946,-9.6204277475675,136.909729003906,144.864593505859,6.63333336512248,-12.0416669050852,1.70000000794729,11.6333338419596,6.40000021457672,0.808333365867535,47.0199995040894,307.729996681213,94.3000030517578,1,"26B_2013",0.27
"1032","261-1-C-BENA",2013,0.0333333333333333,0.0596204416351475,37,1976,21,"261-1","BENA",52,23,10,0,13,0,0,0,0,0,0,NA,NA,NA,0,0,0,0,356.206777,"East","26B","Dwarf Shrub","Low Shrub","Sandy Loam","Mesic",0,883.832947,287,13.943512,-149.352299,68.301689,-1.64714742321605,0.192598527848664,"261-1-C-BENA_2013",9.42949867248535,-9.75867066780726,153.115051269531,152.304681777954,6.63333336512248,-12.0416669050852,1.70000000794729,11.6333338419596,6.40000021457672,0.808333365867535,47.0199995040894,307.729996681213,94.3000030517578,1,"26B_2013",0.27
"1033","261-1-D-BENA",2013,0.05575,0.231233589325283,24,1989,21,"261-1","BENA",59,19,9,0,15,0,0,0,0,0,0,NA,NA,NA,0,0,0,0,356.206777,"East","26B","Dwarf Shrub","Low Shrub","Sandy Loam","Mesic",0,883.832947,287,13.943512,-149.352299,68.301689,-0.808270948610166,0.445627914042048,"261-1-D-BENA_2013",9.42949867248535,-9.75867066780726,153.115051269531,152.304681777954,6.63333336512248,-12.0416669050852,1.70000000794729,11.6333338419596,6.40000021457672,0.808333365867535,47.0199995040894,307.729996681213,94.3000030517578,1,"26B_2013",0.27
"1034","261-2-B-BENA",2013,0.095,0.529303384258444,27,1986,21,"261-2","BENA",66,25,12,0,19,0,0,0,0,0,0,NA,NA,NA,0,0,0,1,388.99561,"East","26B","Dwarf Shrub-Lichen","Low Shrub","Sandy Loam","Mesic",0,888.892761,295,13.025289,-149.351465,68.301786,0.160417463731111,1.17400087149012,"261-2-B-BENA_2013",9.42949867248535,-9.75867066780726,153.115051269531,152.304681777954,6.63333336512248,-12.0416669050852,1.70000000794729,11.6333338419596,6.40000021457672,0.808333365867535,47.0199995040894,307.729996681213,94.3000030517578,1,"26B_2013",0.27
"1035","261-2-C-BENA",2013,0.13,0.229933166316237,22,1991,21,"261-2","BENA",37,18,8,0,13,0,0,0,0,0,0,NA,NA,NA,0,0,0,1,388.99561,"East","26B","Dwarf Shrub-Lichen","Low Shrub","Sandy Loam","Mesic",0,888.892761,295,13.025289,-149.351465,68.301786,-0.91774471086552,0.399418831009591,"261-2-C-BENA_2013",9.42949867248535,-9.75867066780726,153.115051269531,152.304681777954,6.63333336512248,-12.0416669050852,1.70000000794729,11.6333338419596,6.40000021457672,0.808333365867535,47.0199995040894,307.729996681213,94.3000030517578,1,"26B_2013",0.27
"1036","261-3-A-BENA",2013,0.34575,2.84721658621909,8,2005,21,"261-3","BENA",70,41,11,0,15,0,0,0,0,0,0,NA,NA,NA,0,0,0,1,380.53651,"East","26B","Tussock Tundra (Low shrub or Herbaceous)","Low Shrub","Sandy Loam","Mesic",0,884.224731,295,11.657486,-149.351558,68.302088,0.39138129967088,1.47902235664751,"261-3-A-BENA_2013",9.42949867248535,-9.75867066780726,153.115051269531,152.304681777954,6.63333336512248,-12.0416669050852,1.70000000794729,11.6333338419596,6.40000021457672,0.808333365867535,47.0199995040894,307.729996681213,94.3000030517578,1,"26B_2013",0.27
"1037","261-3-D-BENA",2013,0.178,0.960338734133751,33,1980,21,"261-3","BENA",74,41,14,0,26,0,0,0,0,0,0,NA,NA,NA,0,0,0,1,380.53651,"East","26B","Tussock Tundra (Low shrub or Herbaceous)","Low Shrub","Sandy Loam","Mesic",0,884.224731,295,11.657486,-149.351558,68.302088,0.995609857622584,2.70637434111732,"261-3-D-BENA_2013",9.42949867248535,-9.75867066780726,153.115051269531,152.304681777954,6.63333336512248,-12.0416669050852,1.70000000794729,11.6333338419596,6.40000021457672,0.808333365867535,47.0199995040894,307.729996681213,94.3000030517578,1,"26B_2013",0.27
"1038","261-4-A-BENA",2013,0.04175,0.117684649852097,48,1965,21,"261-4","BENA",45,23,13,0,13,0,0,0,0,0,0,NA,NA,NA,0,0,0,0,405.679111,"East","26B","Low Shrub","Low Shrub","Sandy Loam","Mesic",0,886.626587,308,9.946874,-149.350886,68.302265,-0.656531450329175,0.51864717169263,"261-4-A-BENA_2013",9.42949867248535,-9.75867066780726,153.115051269531,152.304681777954,6.63333336512248,-12.0416669050852,1.70000000794729,11.6333338419596,6.40000021457672,0.808333365867535,47.0199995040894,307.729996681213,94.3000030517578,1,"26B_2013",0.27
"1039","261-4-B-BENA",2013,0.1475,0.396194103525843,27,1986,21,"261-4","BENA",71,30,12,0,13,0,0,0,0,0,0,NA,NA,NA,0,0,0,0,405.679111,"East","26B","Low Shrub","Low Shrub","Sandy Loam","Mesic",0,886.626587,308,9.946874,-149.350886,68.302265,-0.129240057366475,0.878762986694741,"261-4-B-BENA_2013",9.42949867248535,-9.75867066780726,153.115051269531,152.304681777954,6.63333336512248,-12.0416669050852,1.70000000794729,11.6333338419596,6.40000021457672,0.808333365867535,47.0199995040894,307.729996681213,94.3000030517578,1,"26B_2013",0.27
"1040","268-1-B-BENA",2013,0.0585,0.212361453206546,28,1985,22,"268-1","BENA",63,26,6,0,12,0,0,0,0,0,0,NA,NA,NA,0,0,1,2,212.091228,"West","26B","Low Shrub","Low Shrub","Sandy Gravel","Mesic",0,818.738892,195,1.432166,-149.327109,68.400098,-0.709455602827646,0.491911920038962,"268-1-B-BENA_2013",10.462153116862,-9.15300900737445,162.045135498047,154.135406494141,6.63333336512248,-12.0416669050852,1.70000000794729,11.6333338419596,6.40000021457672,0.808333365867535,47.0199995040894,307.729996681213,94.3000030517578,1,"26B_2013",0.27
"1041","268-1-C-BENA",2013,0.14425,0.564542432704218,25,1988,22,"268-1","BENA",47,18,6,0,11,0,0,0,0,0,0,NA,NA,NA,0,0,1,2,212.091228,"West","26B","Low Shrub","Low Shrub","Sandy Gravel","Mesic",0,818.738892,195,1.432166,-149.327109,68.400098,0.13303065573638,1.14228501538246,"268-1-C-BENA_2013",10.462153116862,-9.15300900737445,162.045135498047,154.135406494141,6.63333336512248,-12.0416669050852,1.70000000794729,11.6333338419596,6.40000021457672,0.808333365867535,47.0199995040894,307.729996681213,94.3000030517578,1,"26B_2013",0.27
"1042","268-2-A-BENA",2013,0.11325,0.723756384892739,23,1990,22,"268-2","BENA",60,23,9,0,24,0,0,0,0,0,0,NA,NA,NA,0,0,0,4,184.615387,"West","26B","Low Shrub","Low Shrub","Sandy Gravel","Mesic",0,819.441162,203,1.359031,-149.326454,68.400307,0.281967460698989,1.32573558077581,"268-2-A-BENA_2013",10.462153116862,-9.15300900737445,162.045135498047,154.135406494141,6.63333336512248,-12.0416669050852,1.70000000794729,11.6333338419596,6.40000021457672,0.808333365867535,47.0199995040894,307.729996681213,94.3000030517578,1,"26B_2013",0.27
"1043","268-3-C-BENA",2013,0.25625,1.38687080314278,10,2003,22,"268-3","BENA",50,27,5,0,11,0,0,0,0,0,0,NA,NA,NA,0,0,0,0,206.549982,"West","26B","Low Shrub","Low Shrub","Sandy Gravel","Mesic",0,819.661011,150,1.610195,-149.326989,68.400547,-0.0616247687036328,0.940235626440472,"268-3-C-BENA_2013",10.462153116862,-9.15300900737445,162.045135498047,154.135406494141,6.63333336512248,-12.0416669050852,1.70000000794729,11.6333338419596,6.40000021457672,0.808333365867535,47.0199995040894,307.729996681213,94.3000030517578,1,"26B_2013",0.27
"1044","268-4-C-BENA",2013,0.1,0.500926948614893,34,1979,22,"268-4","BENA",58,32,8,0,18,0,0,0,0,0,0,NA,NA,NA,0,0,0,5,171.881056,"West","26B","Dwarf Shrub-Lichen","Low Shrub","Sandy Gravel","Mesic",0,820.486511,188,1.085947,-149.326166,68.400831,0.380408761311698,1.46288243698123,"268-4-C-BENA_2013",10.462153116862,-9.15300900737445,162.045135498047,154.135406494141,6.63333336512248,-12.0416669050852,1.70000000794729,11.6333338419596,6.40000021457672,0.808333365867535,47.0199995040894,307.729996681213,94.3000030517578,1,"26B_2013",0.27
"1045","268-4-D-BENA",2013,0.08175,0.210917695032681,25,1988,22,"268-4","BENA",57,23,7,0,15,0,0,0,0,0,0,NA,NA,NA,0,0,0,5,171.881056,"West","26B","Dwarf Shrub-Lichen","Low Shrub","Sandy Gravel","Mesic",0,820.486511,188,1.085947,-149.326166,68.400831,-0.85151690723716,0.426767074639131,"268-4-D-BENA_2013",10.462153116862,-9.15300900737445,162.045135498047,154.135406494141,6.63333336512248,-12.0416669050852,1.70000000794729,11.6333338419596,6.40000021457672,0.808333365867535,47.0199995040894,307.729996681213,94.3000030517578,1,"26B_2013",0.27
"1046","282-1-B-BENA",2013,0.107666666666667,0.372633041697689,24,1989,23,"282-1","BENA",41,18,8,0,9,0,0,0,0,0,0,NA,NA,NA,0,0,0,0,577.316923,"West","26B","Tussock Tundra (Low shrub or Herbaceous)","Tussock Tundra","Clay Loam","Mesic",0,826.622314,26,2.82316,-149.530032,68.582817,-0.331105224431183,0.718129600286095,"282-1-B-BENA_2013",10.9333333969116,-8.85833344856898,160,178,10.9666668574015,-8.50000005463759,5.86666679382324,16.1000003814697,41.100001335144,1.04166668653488,79.3599984645844,271.199997782707,94.0000038146973,1,"26B_2013",0.27
"1047","282-1-D-BENA",2013,0.2765,2.28020721788364,23,1990,23,"282-1","BENA",74,20,11,0,15,0,0,0,0,0,0,NA,NA,NA,0,0,0,0,577.316923,"West","26B","Tussock Tundra (Low shrub or Herbaceous)","Tussock Tundra","Clay Loam","Mesic",0,826.622314,26,2.82316,-149.530032,68.582817,1.42953421274719,4.17675326033658,"282-1-D-BENA_2013",10.9333333969116,-8.85833344856898,160,178,10.9666668574015,-8.50000005463759,5.86666679382324,16.1000003814697,41.100001335144,1.04166668653488,79.3599984645844,271.199997782707,94.0000038146973,1,"26B_2013",0.27
"1048","282-2-A-BENA",2013,0.02475,0.0311600830841713,26,1987,23,"282-2","BENA",44,16,6,0,7,0,0,0,0,0,0,NA,NA,NA,0,0,0,0,604.079816,"West","26B","Low Shrub","Low Shrub-Tussock Tundra","Clay Loam","Mesic",0,826.41803,354,3.355184,-149.530916,68.583004,-2.71704341352542,0.0660698070372258,"282-2-A-BENA_2013",10.9333333969116,-8.85833344856898,160,178,10.9666668574015,-8.50000005463759,5.86666679382324,16.1000003814697,41.100001335144,1.04166668653488,79.3599984645844,271.199997782707,94.0000038146973,1,"26B_2013",0.27
"1049","282-2-B-BENA",2013,0.0655,0.228512381038651,22,1991,23,"282-2","BENA",27,18,6,0,5,0,0,0,0,0,0,NA,NA,NA,0,0,0,0,604.079816,"West","26B","Low Shrub","Low Shrub-Tussock Tundra","Clay Loam","Mesic",0,826.41803,354,3.355184,-149.530916,68.583004,-0.923943003485105,0.396950772991773,"282-2-B-BENA_2013",10.9333333969116,-8.85833344856898,160,178,10.9666668574015,-8.50000005463759,5.86666679382324,16.1000003814697,41.100001335144,1.04166668653488,79.3599984645844,271.199997782707,94.0000038146973,1,"26B_2013",0.27
"1050","282-3-B-BENA",2013,0.07925,0.277789636256993,19,1994,23,"282-3","BENA",31,18,7,0,8,0,0,0,0,0,0,NA,NA,NA,0,0,0,0,571.732475,"West","26B","Low Shrub","Low Shrub-Tussock Tundra","Clay Loam","Mesic",0,823.876221,27,3.830761,-149.53038,68.583298,-0.903616864787153,0.405101808364902,"282-3-B-BENA_2013",10.9333333969116,-8.85833344856898,160,178,10.9666668574015,-8.50000005463759,5.86666679382324,16.1000003814697,41.100001335144,1.04166668653488,79.3599984645844,271.199997782707,94.0000038146973,1,"26B_2013",0.27
"1051","282-3-D-BENA",2013,0.35875,2.5102140152777,16,1997,23,"282-3","BENA",82,20,10,0,18,0,0,0,0,0,0,NA,NA,NA,0,0,0,0,571.732475,"West","26B","Low Shrub","Low Shrub-Tussock Tundra","Clay Loam","Mesic",0,823.876221,27,3.830761,-149.53038,68.583298,1.09256675246814,2.98191810385112,"282-3-D-BENA_2013",10.9333333969116,-8.85833344856898,160,178,10.9666668574015,-8.50000005463759,5.86666679382324,16.1000003814697,41.100001335144,1.04166668653488,79.3599984645844,271.199997782707,94.0000038146973,1,"26B_2013",0.27
"1052","282-4-A-BENA",2013,0.15625,1.04666577119013,25,1988,23,"282-4","BENA",52,15,7,0,6,0,0,0,0,0,0,NA,NA,NA,0,0,0,0,597.547448,"West","26B","Tussock Tundra (Low shrub or Herbaceous)","Low Shrub-Tussock Tundra","Clay Loam","Mesic",0,823.620117,358,4.137664,-149.531178,68.583423,0.750380041002386,2.1178047163208,"282-4-A-BENA_2013",10.9333333969116,-8.85833344856898,160,178,10.9666668574015,-8.50000005463759,5.86666679382324,16.1000003814697,41.100001335144,1.04166668653488,79.3599984645844,271.199997782707,94.0000038146973,1,"26B_2013",0.27
"1053","282-4-C-BENA",2013,0.32125,2.14437555076717,13,2000,23,"282-4","BENA",38,12,6,0,9,0,0,0,0,0,0,NA,NA,NA,0,0,0,0,597.547448,"West","26B","Tussock Tundra (Low shrub or Herbaceous)","Low Shrub-Tussock Tundra","Clay Loam","Mesic",0,823.620117,358,4.137664,-149.531178,68.583423,0.687263050674707,1.9882662954051,"282-4-C-BENA_2013",10.9333333969116,-8.85833344856898,160,178,10.9666668574015,-8.50000005463759,5.86666679382324,16.1000003814697,41.100001335144,1.04166668653488,79.3599984645844,271.199997782707,94.0000038146973,1,"26B_2013",0.27
"1054","60-1-A-BENA",2013,0.2155,3.19888744960964,9,2004,1,"60-1","BENA",121,NA,11,3,23,0,2,0,0,0.086956522,0,NA,"Hare",NA,1,0,1,0,1438.56091,"West","20F","Low Shrub","Low Shrub-Tussock Tundra","Silt Loam","Mesic",0,110.943649,215,1.507567,-149.840126,65.909691,0.648397544835859,1.91247371882992,"60-1-A-BENA_2013",15.7243057886759,-5.62005209922791,67.2708129882812,150.406220436096,15.2000001271566,-3.71666706415514,9.39999993642171,21.0333340962728,123.60000038147,1.09999999962747,119.849997520447,242.259999174625,107.89999961853,1,"20F_2013",0.375
"1055","60-1-B-BENA",2013,0.532,4.97470568377413,9,2004,1,"60-1","BENA",129,NA,14,0,32,0,4,0,0,0.125,0,NA,"Hare",NA,1,0,1,0,1438.56091,"West","20F","Low Shrub","Low Shrub-Tussock Tundra","Silt Loam","Mesic",0,110.943649,215,1.507567,-149.840126,65.909691,1.0899606772993,2.97415711837341,"60-1-B-BENA_2013",15.7243057886759,-5.62005209922791,67.2708129882812,150.406220436096,15.2000001271566,-3.71666706415514,9.39999993642171,21.0333340962728,123.60000038147,1.09999999962747,119.849997520447,242.259999174625,107.89999961853,1,"20F_2013",0.375
"1056","60-2-A-BENA",2013,0.10575,0.564696763443326,12,2001,1,"60-2","BENA",89,NA,9,0,10,0,0,0,0,0,0,NA,NA,NA,0,0,2,0,1432.670461,"West","20F","Low Shrub","Low Shrub","Silt Loam","Mesic",0,110.927505,264,1.953402,-149.84073,65.909949,-0.742569791088157,0.475889406472982,"60-2-A-BENA_2013",15.7243057886759,-5.62005209922791,67.2708129882812,150.406220436096,15.2000001271566,-3.71666706415514,9.39999993642171,21.0333340962728,123.60000038147,1.09999999962747,119.849997520447,242.259999174625,107.89999961853,1,"20F_2013",0.375
"1057","60-2-D-BENA",2013,0.05075,0.23528742194566,12,2001,1,"60-2","BENA",102,NA,7,0,18,0,0,0,0,0,0,NA,NA,NA,0,0,2,0,1432.670461,"West","20F","Low Shrub","Low Shrub","Silt Loam","Mesic",0,110.927505,264,1.953402,-149.84073,65.909949,-1.61805083737841,0.198284812006924,"60-2-D-BENA_2013",15.7243057886759,-5.62005209922791,67.2708129882812,150.406220436096,15.2000001271566,-3.71666706415514,9.39999993642171,21.0333340962728,123.60000038147,1.09999999962747,119.849997520447,242.259999174625,107.89999961853,1,"20F_2013",0.375
"1058","60-3-A-BENA",2013,0.24175,2.05724151502444,6,2007,1,"60-3","BENA",83,NA,8,11,15,0,0,0,0,0,0,NA,NA,NA,0,0,3,0,1403.187226,"West","20F","Low Shrub","Black Spruce Woodland","Silt Loam","Mesic",0,111.24585,78,1.323723,-149.840194,65.910114,-0.276896701120818,0.758132807335028,"60-3-A-BENA_2013",15.7243057886759,-5.62005209922791,67.2708129882812,150.406220436096,15.2000001271566,-3.71666706415514,9.39999993642171,21.0333340962728,123.60000038147,1.09999999962747,119.849997520447,242.259999174625,107.89999961853,1,"20F_2013",0.375
"1059","60-3-D-BENA",2013,0.0535,0.282702498118585,9,2004,1,"60-3","BENA",101,NA,8,0,12,0,0,0,0,0,0,NA,NA,NA,0,0,3,0,1403.187226,"West","20F","Low Shrub","Black Spruce Woodland","Silt Loam","Mesic",0,111.24585,78,1.323723,-149.840194,65.910114,-1.77776571020093,0.169015354999544,"60-3-D-BENA_2013",15.7243057886759,-5.62005209922791,67.2708129882812,150.406220436096,15.2000001271566,-3.71666706415514,9.39999993642171,21.0333340962728,123.60000038147,1.09999999962747,119.849997520447,242.259999174625,107.89999961853,1,"20F_2013",0.375
"1060","60-4-A-BENA",2013,0.12675,0.578281402776529,14,1999,1,"60-4","BENA",92,NA,7,13,13,0,0,0,0,0,0,NA,NA,NA,0,0,1,0,1406.241796,"West","20F","Tall Shrub (Open-Closed)","Black Spruce Woodland","Silt Loam","Mesic",0,110.670654,252,1.181915,-149.840942,65.910317,-0.534844106319634,0.585760599402995,"60-4-A-BENA_2013",15.7243057886759,-5.62005209922791,67.2708129882812,150.406220436096,15.2000001271566,-3.71666706415514,9.39999993642171,21.0333340962728,123.60000038147,1.09999999962747,119.849997520447,242.259999174625,107.89999961853,1,"20F_2013",0.375
"1061","60-4-B-BENA",2013,0.0895,0.412058361028308,23,1990,1,"60-4","BENA",95,NA,9,0,9,0,2,0,0,0.222222222,0,NA,"Hare",NA,1,0,1,0,1406.241796,"West","20F","Tall Shrub (Open-Closed)","Black Spruce Woodland","Silt Loam","Mesic",0,110.670654,252,1.181915,-149.840942,65.910317,-0.281322397809161,0.754784955233732,"60-4-B-BENA_2013",15.7243057886759,-5.62005209922791,67.2708129882812,150.406220436096,15.2000001271566,-3.71666706415514,9.39999993642171,21.0333340962728,123.60000038147,1.09999999962747,119.849997520447,242.259999174625,107.89999961853,1,"20F_2013",0.375
"1062","72-1-C-BENA",2013,0.11375,0.367808832152955,45,1968,2,"72-1","BENA",118,71,9,0,11,0,2,0,0,0.181818182,0,NA,"Hare",NA,1,0,0,0,895.937772,"West","20F","Tussock Tundra (Low shrub or Herbaceous)","Black Spruce Woodland","Clay Loam","Mesic",0,130.808105,148,1.606934,-150.14017,66.022623,0.406006975309186,1.50081302105636,"72-1-C-BENA_2013",15.9326206843058,-5.37146313985189,64.3107738494873,147.305068969727,13.7000001271566,-5.30000013113022,7.96666669845581,19.4333330790202,98.5000023841858,1.1750000162671,119.209996700287,253.509996280074,104.60000038147,1,"20F_2013",0.375
"1063","72-1-D-BENA",2013,0.0625,0.272925861780613,57,1956,2,"72-1","BENA",65,41,8,7,4,0,0,0,0,0,0,NA,NA,NA,0,0,0,0,895.937772,"West","20F","Tussock Tundra (Low shrub or Herbaceous)","Black Spruce Woodland","Clay Loam","Mesic",0,130.808105,148,1.606934,-150.14017,66.022623,0.389735704365848,1.47659048588771,"72-1-D-BENA_2013",15.9326206843058,-5.37146313985189,64.3107738494873,147.305068969727,13.7000001271566,-5.30000013113022,7.96666669845581,19.4333330790202,98.5000023841858,1.1750000162671,119.209996700287,253.509996280074,104.60000038147,1,"20F_2013",0.375
"1064","72-2-A-BENA",2013,0.07525,0.239655413831392,44,1969,2,"72-2","BENA",121,72,12,21,14,0,0,0,0,0,0,NA,NA,NA,0,0,0,0,855.94066,"West","20F","Tussock Tundra (Low shrub or Herbaceous)","Black Spruce Woodland","Clay Loam","Mesic",0,131.055786,179,2.125059,-150.13956,66.022889,-0.0491719615185156,0.952017405263095,"72-2-A-BENA_2013",15.9326206843058,-5.37146313985189,64.3107738494873,147.305068969727,13.7000001271566,-5.30000013113022,7.96666669845581,19.4333330790202,98.5000023841858,1.1750000162671,119.209996700287,253.509996280074,104.60000038147,1,"20F_2013",0.375
"1065","72-2-B-BENA",2013,0.12625,0.775899754358859,14,1999,2,"72-2","BENA",104,67,9,0,5,0,1,0,0,0.2,0,NA,"Hare",NA,1,0,0,0,855.94066,"West","20F","Tussock Tundra (Low shrub or Herbaceous)","Black Spruce Woodland","Clay Loam","Mesic",0,131.055786,179,2.125059,-150.13956,66.022889,-0.240881383219637,0.785934845920534,"72-2-B-BENA_2013",15.9326206843058,-5.37146313985189,64.3107738494873,147.305068969727,13.7000001271566,-5.30000013113022,7.96666669845581,19.4333330790202,98.5000023841858,1.1750000162671,119.209996700287,253.509996280074,104.60000038147,1,"20F_2013",0.375
"1066","72-3-C-BENA",2013,0.3625,2.09202581793361,11,2002,2,"72-3","BENA",65,39,9,0,4,0,0,0,0,0,0,NA,NA,NA,0,0,1,0,885.368743,"West","20F","Tussock Tundra (Low shrub or Herbaceous)","Black Spruce Woodland","Clay Loam","Mesic",0,132.401993,119,2.284806,-150.140609,66.023021,0.46319545116539,1.58914391209408,"72-3-C-BENA_2013",15.9326206843058,-5.37146313985189,64.3107738494873,147.305068969727,13.7000001271566,-5.30000013113022,7.96666669845581,19.4333330790202,98.5000023841858,1.1750000162671,119.209996700287,253.509996280074,104.60000038147,1,"20F_2013",0.375
"1067","72-3-D-BENA",2013,0.02675,0.0659064905319556,57,1956,2,"72-3","BENA",104,47,11,0,9,0,0,0,0,0,0,NA,NA,NA,0,0,1,0,885.368743,"West","20F","Tussock Tundra (Low shrub or Herbaceous)","Black Spruce Woodland","Clay Loam","Mesic",0,132.401993,119,2.284806,-150.140609,66.023021,-1.03122755808845,0.356568982663727,"72-3-D-BENA_2013",15.9326206843058,-5.37146313985189,64.3107738494873,147.305068969727,13.7000001271566,-5.30000013113022,7.96666669845581,19.4333330790202,98.5000023841858,1.1750000162671,119.209996700287,253.509996280074,104.60000038147,1,"20F_2013",0.375
"1068","72-4-A-BENA",2013,0.1035,0.271341713685041,15,1998,2,"72-4","BENA",97,39,7,0,8,0,0,0,0,0,0,NA,NA,NA,0,0,0,0,844.255779,"West","20F","Tussock Tundra (Low shrub or Herbaceous)","Low Shrub-Tussock Tundra","Clay Loam","Mesic",0,132.260803,156,1.029158,-150.139994,66.023305,-1.20919388991725,0.298437756175827,"72-4-A-BENA_2013",15.9326206843058,-5.37146313985189,64.3107738494873,147.305068969727,13.7000001271566,-5.30000013113022,7.96666669845581,19.4333330790202,98.5000023841858,1.1750000162671,119.209996700287,253.509996280074,104.60000038147,1,"20F_2013",0.375
"1069","72-4-D-BENA",2013,0.0305,0.0706661997516853,16,1997,2,"72-4","BENA",85,37,8,0,12,0,0,0,0,0,0,NA,NA,NA,0,0,0,0,844.255779,"West","20F","Tussock Tundra (Low shrub or Herbaceous)","Low Shrub-Tussock Tundra","Clay Loam","Mesic",0,132.260803,156,1.029158,-150.139994,66.023305,-2.4775891623791,0.0839453604702301,"72-4-D-BENA_2013",15.9326206843058,-5.37146313985189,64.3107738494873,147.305068969727,13.7000001271566,-5.30000013113022,7.96666669845581,19.4333330790202,98.5000023841858,1.1750000162671,119.209996700287,253.509996280074,104.60000038147,1,"20F_2013",0.375
"1070","86-1-A-BENA",2013,0.451,6.89230713598778,9,2004,3,"86-1","BENA",142,NA,20,0,87,1,0,0,0.011494253,0,0,"Moose",NA,NA,1,1,0,0,1072.088921,"West","20F","Tall Shrub (Open-Closed)","Tall Shrub","Gravely Sand Loam","Mesic - Xeric",0,572.239319,57,8.372539,-150.2773,66.212913,1.41600034928237,4.12060645062367,"86-1-A-BENA_2013",13.733333269755,-6.10833328962326,138,340,13.7000001271566,-5.30000013113022,7.96666669845581,19.4333330790202,98.5000023841858,1.1750000162671,119.209996700287,253.509996280074,104.60000038147,1,"20F_2013",0.375
"1071","86-1-B-BENA",2013,0.26225,3.00202249121555,8,2005,3,"86-1","BENA",95,NA,11,0,56,0,0,0,0,0,0,NA,NA,NA,0,1,0,0,1072.088921,"West","20F","Tall Shrub (Open-Closed)","Tall Shrub","Gravely Sand Loam","Mesic - Xeric",0,572.239319,57,8.372539,-150.2773,66.212913,0.444325644285093,1.55943822509216,"86-1-B-BENA_2013",13.733333269755,-6.10833328962326,138,340,13.7000001271566,-5.30000013113022,7.96666669845581,19.4333330790202,98.5000023841858,1.1750000162671,119.209996700287,253.509996280074,104.60000038147,1,"20F_2013",0.375
"1072","86-2-A-BENA",2013,0.741333333333333,15.4783169719282,9,2004,3,"86-2","BENA",118,NA,20,0,82,0,0,0,0,0,0,NA,NA,NA,0,0,0,0,1091.215231,"West","20F","Low Shrub","Tall Shrub","Gravely Sand Loam","Mesic - Xeric",0,576.231995,67,9.004415,-150.278061,66.212989,2.22503460698627,9.25380304460048,"86-2-A-BENA_2013",13.733333269755,-6.10833328962326,138,340,13.7000001271566,-5.30000013113022,7.96666669845581,19.4333330790202,98.5000023841858,1.1750000162671,119.209996700287,253.509996280074,104.60000038147,1,"20F_2013",0.375
"1073","86-2-B-BENA",2013,0.51225,8.1015220526673,9,2004,3,"86-2","BENA",94,NA,18,3,35,0,0,0,0,0,0,NA,NA,NA,0,0,0,0,1091.215231,"West","20F","Low Shrub","Tall Shrub","Gravely Sand Loam","Mesic - Xeric",0,576.231995,67,9.004415,-150.278061,66.212989,1.57764641924174,4.8435427167461,"86-2-B-BENA_2013",13.733333269755,-6.10833328962326,138,340,13.7000001271566,-5.30000013113022,7.96666669845581,19.4333330790202,98.5000023841858,1.1750000162671,119.209996700287,253.509996280074,104.60000038147,1,"20F_2013",0.375
"1074","86-3-A-BENA",2013,0.5315,7.17661341715602,9,2004,3,"86-3","BENA",105,NA,18,0,64,0,0,0,0,0,0,NA,NA,NA,0,0,0,1,1057.338847,"West","20F","Tall Shrub (Open-Closed)","Tall Shrub","Gravely Sand Loam","Mesic - Xeric",0,571.701965,63,9.459789,-150.277761,66.213303,1.45642207034867,4.29058063677357,"86-3-A-BENA_2013",13.733333269755,-6.10833328962326,138,340,13.7000001271566,-5.30000013113022,7.96666669845581,19.4333330790202,98.5000023841858,1.1750000162671,119.209996700287,253.509996280074,104.60000038147,1,"20F_2013",0.375
"1075","86-3-D-BENA",2013,0.41075,7.16596479250713,9,2004,3,"86-3","BENA",167,NA,18,0,12,0,0,0,0,0,0,NA,NA,NA,0,0,0,1,1057.338847,"West","20F","Tall Shrub (Open-Closed)","Tall Shrub","Gravely Sand Loam","Mesic - Xeric",0,571.701965,63,9.459789,-150.277761,66.213303,1.45493717321932,4.28421429375479,"86-3-D-BENA_2013",13.733333269755,-6.10833328962326,138,340,13.7000001271566,-5.30000013113022,7.96666669845581,19.4333330790202,98.5000023841858,1.1750000162671,119.209996700287,253.509996280074,104.60000038147,1,"20F_2013",0.375
"1076","86-4-C-BENA",2013,0.447666666666667,13.308164971769,9,2004,3,"86-4","BENA",133,NA,26,0,52,0,0,0,0,0,0,NA,NA,NA,0,2,0,0,1074.730943,"West","20F","Low Shrub","Tall Shrub","Gravely Sand Loam","Mesic - Xeric",0,575.689697,64,9.57597,-150.278532,66.213405,2.07397222199438,7.95636487850393,"86-4-C-BENA_2013",13.733333269755,-6.10833328962326,138,340,13.7000001271566,-5.30000013113022,7.96666669845581,19.4333330790202,98.5000023841858,1.1750000162671,119.209996700287,253.509996280074,104.60000038147,1,"20F_2013",0.375
"1077","86-4-D-BENA",2013,0.319,4.41120970194831,8,2005,3,"86-4","BENA",104,NA,11,0,31,0,0,0,0,0,0,NA,NA,NA,0,2,0,0,1074.730943,"West","20F","Low Shrub","Tall Shrub","Gravely Sand Loam","Mesic - Xeric",0,575.689697,64,9.57597,-150.278532,66.213405,0.829188379699538,2.29145819135092,"86-4-D-BENA_2013",13.733333269755,-6.10833328962326,138,340,13.7000001271566,-5.30000013113022,7.96666669845581,19.4333330790202,98.5000023841858,1.1750000162671,119.209996700287,253.509996280074,104.60000038147,1,"20F_2013",0.375
"1078","97-1-C-BENA",2013,0.0895,0.350340987950373,7,2006,4,"97-1","BENA",63,29,7,0,3,0,0,0,0,0,0,NA,NA,NA,0,0,0,0,926.812684,"East","24A","Tussock Tundra (Low shrub or Herbaceous)","Low Shrub","Gravely Sand Loam","Mesic",2004,556.594971,67,6.396444,-150.432109,66.348765,-1.86315709991903,0.155181931319807,"97-1-C-BENA_2013",13.3726851145426,-6.1212389866511,141.774322509766,363.232696533203,13.7000001271566,-5.30000013113022,7.96666669845581,19.4333330790202,98.5000023841858,1.1750000162671,119.209996700287,253.509996280074,104.60000038147,1,"24A_2013",0.79
"1079","97-1-D-BENA",2013,0.296,2.87063657040298,9,2004,4,"97-1","BENA",121,53,14,0,19,0,0,0,0,0,0,NA,NA,NA,0,0,0,0,926.812684,"East","24A","Tussock Tundra (Low shrub or Herbaceous)","Low Shrub","Gravely Sand Loam","Mesic",2004,556.594971,67,6.396444,-150.432109,66.348765,0.540128274190433,1.71622699569431,"97-1-D-BENA_2013",13.3726851145426,-6.1212389866511,141.774322509766,363.232696533203,13.7000001271566,-5.30000013113022,7.96666669845581,19.4333330790202,98.5000023841858,1.1750000162671,119.209996700287,253.509996280074,104.60000038147,1,"24A_2013",0.79
"1080","97-2-A-BENA",2013,0.45275,4.69270827685674,8,2005,4,"97-2","BENA",102,64,9,0,13,0,0,0,0,0,0,NA,NA,NA,0,0,0,0,888.474156,"East","24A","Tussock Tundra (Low shrub or Herbaceous)","Low Shrub","Gravely Sand Loam","Mesic",2004,560.389526,70,6.330689,-150.43305,66.348843,0.891049292570344,2.43768615576681,"97-2-A-BENA_2013",13.3726851145426,-6.1212389866511,141.774322509766,363.232696533203,13.7000001271566,-5.30000013113022,7.96666669845581,19.4333330790202,98.5000023841858,1.1750000162671,119.209996700287,253.509996280074,104.60000038147,1,"24A_2013",0.79
"1081","97-2-B-BENA",2013,0.20225,2.4082760095531,8,2005,4,"97-2","BENA",91,53,13,0,26,0,0,0,0,0,0,NA,NA,NA,0,0,0,0,888.474156,"East","24A","Tussock Tundra (Low shrub or Herbaceous)","Low Shrub","Gravely Sand Loam","Mesic",2004,560.389526,70,6.330689,-150.43305,66.348843,0.223950561810174,1.25100917027069,"97-2-B-BENA_2013",13.3726851145426,-6.1212389866511,141.774322509766,363.232696533203,13.7000001271566,-5.30000013113022,7.96666669845581,19.4333330790202,98.5000023841858,1.1750000162671,119.209996700287,253.509996280074,104.60000038147,1,"24A_2013",0.79
"1082","97-3-A-BENA",2013,0.3455,2.28589507138297,8,2005,4,"97-3","BENA",91,57,10,0,11,0,0,0,0,0,0,NA,NA,NA,0,0,0,0,924.995234,"East","24A","Tussock Tundra (Low shrub or Herbaceous)","Tall Shrub","Gravely Sand Loam","Mesic",2004,557.015015,71,7.919354,-150.432427,66.349149,0.171797082811528,1.18743685741707,"97-3-A-BENA_2013",13.3726851145426,-6.1212389866511,141.774322509766,363.232696533203,13.7000001271566,-5.30000013113022,7.96666669845581,19.4333330790202,98.5000023841858,1.1750000162671,119.209996700287,253.509996280074,104.60000038147,1,"24A_2013",0.79
"1083","97-3-D-BENA",2013,0.111,0.684007972891818,18,1995,4,"97-3","BENA",75,49,7,21,13,0,0,0,0,0,0,NA,NA,NA,0,0,0,0,924.995234,"East","24A","Tussock Tundra (Low shrub or Herbaceous)","Tall Shrub","Gravely Sand Loam","Mesic",2004,557.015015,71,7.919354,-150.432427,66.349149,-0.0670319187901715,0.935165351513763,"97-3-D-BENA_2013",13.3726851145426,-6.1212389866511,141.774322509766,363.232696533203,13.7000001271566,-5.30000013113022,7.96666669845581,19.4333330790202,98.5000023841858,1.1750000162671,119.209996700287,253.509996280074,104.60000038147,1,"24A_2013",0.79
"1084","97-4-B-BENA",2013,0.22775,1.38931771112084,8,2005,4,"97-4","BENA",115,59,12,0,13,0,0,0,0,0,0,NA,NA,NA,0,0,0,0,898.750829,"East","24A","Tussock Tundra (Low shrub or Herbaceous)","Low Shrub","Gravely Sand Loam","Mesic",2004,558.840271,63,3.962788,-150.433152,66.349294,-0.326147809650294,0.721698505543882,"97-4-B-BENA_2013",13.3726851145426,-6.1212389866511,141.774322509766,363.232696533203,13.7000001271566,-5.30000013113022,7.96666669845581,19.4333330790202,98.5000023841858,1.1750000162671,119.209996700287,253.509996280074,104.60000038147,1,"24A_2013",0.79
"1085","97-4-D-BENA",2013,0.26775,1.98240720721961,9,2004,4,"97-4","BENA",98,54,13,0,12,0,0,0,0,0,0,NA,NA,NA,0,0,0,0,898.750829,"East","24A","Tussock Tundra (Low shrub or Herbaceous)","Low Shrub","Gravely Sand Loam","Mesic",2004,558.840271,63,3.962788,-150.433152,66.349294,0.169906334968331,1.18519383490319,"97-4-D-BENA_2013",13.3726851145426,-6.1212389866511,141.774322509766,363.232696533203,13.7000001271566,-5.30000013113022,7.96666669845581,19.4333330790202,98.5000023841858,1.1750000162671,119.209996700287,253.509996280074,104.60000038147,1,"24A_2013",0.79
"1086","102-1-B-BENA",2012,0.29275,2.2033742681025,9,2003,5,"102-1","BENA",81,NA,11,0,18,0,0,2,0,0,0.111111111,NA,NA,"Ptarmagin",1,0,0,0,978.645101,"West","24A","Low Shrub","Low Shrub","Sandy Loam","Mesic",2004,428.203827,339,4.033863,-150.565499,66.400721,0.275584411065911,1.31730029482793,"102-1-B-BENA_2012",12.3999999364217,-7.37499996026357,208,102,12.5333334604899,-6.58333351214727,7.56666692097982,17.5333337783813,66.600001335144,1.03333335866531,101.979997158051,251.66999784112,152.600002288818,1,"24A_2012",0.8
"1087","102-1-C-BENA",2012,0.48975,4.72156341268087,7,2005,5,"102-1","BENA",109,NA,11,0,37,0,0,3,0,0,0.081081081,NA,NA,"Ptarmagin",1,0,0,0,978.645101,"West","24A","Low Shrub","Low Shrub","Sandy Loam","Mesic",2004,428.203827,339,4.033863,-150.565499,66.400721,0.737831223820239,2.09139482512548,"102-1-C-BENA_2012",12.3999999364217,-7.37499996026357,208,102,12.5333334604899,-6.58333351214727,7.56666692097982,17.5333337783813,66.600001335144,1.03333335866531,101.979997158051,251.66999784112,152.600002288818,1,"24A_2012",0.8
"1088","102-2-B-BENA",2012,0.1975,2.43687451652735,9,2003,5,"102-2","BENA",63,NA,11,0,9,0,0,0,0,0,0,NA,NA,NA,0,0,0,1,973.266715,"West","24A","Tall Shrub (Open-Closed)","Low Shrub","Sandy Loam","Mesic",2004,426.001434,321,4.435797,-150.566012,66.400957,0.376310749835167,1.45689979480636,"102-2-B-BENA_2012",12.3999999364217,-7.37499996026357,208,102,12.5333334604899,-6.58333351214727,7.56666692097982,17.5333337783813,66.600001335144,1.03333335866531,101.979997158051,251.66999784112,152.600002288818,1,"24A_2012",0.8
"1089","102-2-C-BENA",2012,0.34475,3.81644700723676,8,2004,5,"102-2","BENA",167,NA,16,0,31,0,0,0,0,0,0,NA,NA,NA,0,0,0,1,973.266715,"West","24A","Tall Shrub (Open-Closed)","Low Shrub","Sandy Loam","Mesic",2004,426.001434,321,4.435797,-150.566012,66.400957,0.684359306011618,1.98250125191892,"102-2-C-BENA_2012",12.3999999364217,-7.37499996026357,208,102,12.5333334604899,-6.58333351214727,7.56666692097982,17.5333337783813,66.600001335144,1.03333335866531,101.979997158051,251.66999784112,152.600002288818,1,"24A_2012",0.8
"1090","102-3-A-BENA",2012,0.06475,0.249136347760846,8,2004,5,"102-3","BENA",118,NA,7,10,21,0,0,0,0,0,0,NA,NA,NA,0,0,0,0,939.238254,"West","24A","Tussock Tundra (Low shrub or Herbaceous)","Low Shrub","Sandy Loam","Mesic",2004,424.339783,330,3.896938,-150.565669,66.401242,-2.04471553199178,0.129416999737668,"102-3-A-BENA_2012",12.3999999364217,-7.37499996026357,208,102,12.5333334604899,-6.58333351214727,7.56666692097982,17.5333337783813,66.600001335144,1.03333335866531,101.979997158051,251.66999784112,152.600002288818,1,"24A_2012",0.8
"1091","102-3-B-BENA",2012,0.33525,2.05983293626458,32,1980,5,"102-3","BENA",72,NA,16,0,12,0,0,0,0,0,0,NA,NA,NA,0,0,0,0,939.238254,"West","24A","Tussock Tundra (Low shrub or Herbaceous)","Low Shrub","Sandy Loam","Mesic",2004,424.339783,330,3.896938,-150.565669,66.401242,1.72198293740421,5.59561322121017,"102-3-B-BENA_2012",12.3999999364217,-7.37499996026357,208,102,12.5333334604899,-6.58333351214727,7.56666692097982,17.5333337783813,66.600001335144,1.03333335866531,101.979997158051,251.66999784112,152.600002288818,1,"24A_2012",0.8
"1092","102-4-A-BENA",2012,0.312,3.15224893587077,8,2004,5,"102-4","BENA",88,NA,11,0,17,0,0,0,0,0,0,NA,NA,NA,0,0,0,0,934.189604,"West","24A","Low Shrub","Low Shrub","Sandy Loam","Mesic",2004,423.102509,349,3.666453,-150.566049,66.401434,0.493155565018221,1.6374752354412,"102-4-A-BENA_2012",12.3999999364217,-7.37499996026357,208,102,12.5333334604899,-6.58333351214727,7.56666692097982,17.5333337783813,66.600001335144,1.03333335866531,101.979997158051,251.66999784112,152.600002288818,1,"24A_2012",0.8
"1093","102-4-C-BENA",2012,0.386333333333333,2.81376570271793,8,2004,5,"102-4","BENA",97,NA,15,5,9,0,0,0,0,0,0,NA,NA,NA,0,0,0,0,934.189604,"West","24A","Low Shrub","Low Shrub","Sandy Loam","Mesic",2004,423.102509,349,3.666453,-150.566049,66.401434,0.379563112956273,1.46164587577588,"102-4-C-BENA_2012",12.3999999364217,-7.37499996026357,208,102,12.5333334604899,-6.58333351214727,7.56666692097982,17.5333337783813,66.600001335144,1.03333335866531,101.979997158051,251.66999784112,152.600002288818,1,"24A_2012",0.8
"1094","111-1-A-BENA",2012,0.0915,0.518713860821359,24,1988,6,"111-1","BENA",45,37,7,0,7,0,0,0,0,0,0,NA,NA,NA,0,0,0,0,640.914524,"West","24A","Tall Shrub (Open-Closed)","Low Shrub","Gravely Sand Loam","Mesic",0,512.854736,12,8.158982,-150.736683,66.498494,-0.000346954173112146,0.999653106008527,"111-1-A-BENA_2012",12.4438505172729,-7.37513605753581,226.678871154785,99.7990579605103,12.5333334604899,-6.58333351214727,7.56666692097982,17.5333337783813,66.600001335144,1.03333335866531,101.979997158051,251.66999784112,152.600002288818,1,"24A_2012",0.8
"1095","111-1-B-BENA",2012,0.0625,0.325056664876119,16,1996,6,"111-1","BENA",89,51,9,0,12,0,0,0,0,0,0,NA,NA,NA,0,0,0,0,640.914524,"West","24A","Tall Shrub (Open-Closed)","Low Shrub","Gravely Sand Loam","Mesic",0,512.854736,12,8.158982,-150.736683,66.498494,-0.951557020476786,0.386139328309159,"111-1-B-BENA_2012",12.4438505172729,-7.37513605753581,226.678871154785,99.7990579605103,12.5333334604899,-6.58333351214727,7.56666692097982,17.5333337783813,66.600001335144,1.03333335866531,101.979997158051,251.66999784112,152.600002288818,1,"24A_2012",0.8
"1096","111-2-A-BENA",2012,0.126,0.786139579263695,12,2000,6,"111-2","BENA",70,39,11,0,13,0,0,0,0,0,0,NA,NA,NA,0,0,0,0,685.564701,"West","24A","Tall Shrub (Open-Closed)","Low Shrub","Gravely Sand Loam","Mesic",0,516.430603,8,6.353059,-150.737535,66.498284,-0.41172431786452,0.662506892193772,"111-2-A-BENA_2012",12.4375470479329,-7.3785924911499,227.189628601074,100.126420021057,12.5333334604899,-6.58333351214727,7.56666692097982,17.5333337783813,66.600001335144,1.03333335866531,101.979997158051,251.66999784112,152.600002288818,1,"24A_2012",0.8
"1097","111-2-D-BENA",2012,0.12325,0.609551637953116,16,1996,6,"111-2","BENA",75,31,6,0,7,0,0,0,0,0,0,NA,NA,NA,0,0,0,0,685.564701,"West","24A","Tall Shrub (Open-Closed)","Low Shrub","Gravely Sand Loam","Mesic",0,516.430603,8,6.353059,-150.737535,66.498284,-0.322832873914794,0.724094859395254,"111-2-D-BENA_2012",12.4375470479329,-7.3785924911499,227.189628601074,100.126420021057,12.5333334604899,-6.58333351214727,7.56666692097982,17.5333337783813,66.600001335144,1.03333335866531,101.979997158051,251.66999784112,152.600002288818,1,"24A_2012",0.8
"1098","111-3-A-BENA",2012,0.10925,0.590422480285408,25,1987,6,"111-3","BENA",108,46,7,0,11,0,0,0,0,0,0,NA,NA,NA,0,0,0,0,664.632709,"West","24A","Tall Shrub (Open-Closed)","Low Shrub","Gravely Sand Loam","Mesic",0,511.257965,359,9.703425,-150.737553,66.498636,0.177853455244944,1.19465023867979,"111-3-A-BENA_2012",12.4438505172729,-7.37513605753581,226.678871154785,99.7990579605103,12.5333334604899,-6.58333351214727,7.56666692097982,17.5333337783813,66.600001335144,1.03333335866531,101.979997158051,251.66999784112,152.600002288818,1,"24A_2012",0.8
"1099","111-3-D-BENA",2012,0.30875,3.05854759703526,15,1997,6,"111-3","BENA",95,38,7,3,16,0,0,0,0,0,0,NA,NA,NA,0,0,0,0,664.632709,"West","24A","Tall Shrub (Open-Closed)","Low Shrub","Gravely Sand Loam","Mesic",0,511.257965,359,9.703425,-150.737553,66.498636,1.21312258818492,3.36397257030551,"111-3-D-BENA_2012",12.4438505172729,-7.37513605753581,226.678871154785,99.7990579605103,12.5333334604899,-6.58333351214727,7.56666692097982,17.5333337783813,66.600001335144,1.03333335866531,101.979997158051,251.66999784112,152.600002288818,1,"24A_2012",0.8
"1100","111-4-A-BENA",2012,0.2275,2.30280312304459,14,1998,6,"111-4","BENA",112,61,10,0,19,0,0,0,0,0,0,NA,NA,NA,0,0,0,0,707.594422,"West","24A","Tall Shrub (Open-Closed)","Low Shrub","Gravely Sand Loam","Mesic",0,515.006653,353,8.170983,-150.73833,66.498407,0.846977696464357,2.33258640375636,"111-4-A-BENA_2012",12.4375470479329,-7.3785924911499,227.189628601074,100.126420021057,12.5333334604899,-6.58333351214727,7.56666692097982,17.5333337783813,66.600001335144,1.03333335866531,101.979997158051,251.66999784112,152.600002288818,1,"24A_2012",0.8
"1101","111-4-C-BENA",2012,0.0383333333333333,0.135079746916312,20,1992,6,"111-4","BENA",51,30,7,0,13,0,0,0,0,0,0,NA,NA,NA,0,0,0,0,707.594422,"West","24A","Tall Shrub (Open-Closed)","Low Shrub","Gravely Sand Loam","Mesic",0,515.006653,353,8.170983,-150.73833,66.498407,-1.56340539544526,0.20942169184349,"111-4-C-BENA_2012",12.4375470479329,-7.3785924911499,227.189628601074,100.126420021057,12.5333334604899,-6.58333351214727,7.56666692097982,17.5333337783813,66.600001335144,1.03333335866531,101.979997158051,251.66999784112,152.600002288818,1,"24A_2012",0.8
"1102","121-1-C-BENA",2012,0.19575,1.77863761722155,40,1972,7,"121-1","BENA",60,36,11,0,11,0,0,0,0,0,0,NA,NA,NA,0,0,0,0,1394.51987,"East","24A","Tall Shrub (Open-Closed)","Low Shrub","Clay Loam","Mesic",2005,466.470276,61,7.209129,-150.675843,66.599029,1.84149156815369,6.30593698465124,"121-1-C-BENA_2012",13.0333331425985,-7.10000002384186,216,87,13.0666669209798,-6.48333346843719,8.06666692097982,18.0666675567627,66.2000012397766,1.10000003998478,99.029996573925,249.039998307824,147.900001525879,1,"24A_2012",0.8
"1103","121-1-D-BENA",2012,0.1545,1.14888514580677,28,1984,7,"121-1","BENA",73,42,19,0,25,0,0,0,0,0,0,NA,NA,NA,0,0,0,0,1394.51987,"East","24A","Tall Shrub (Open-Closed)","Low Shrub","Clay Loam","Mesic",2005,466.470276,61,7.209129,-150.675843,66.599029,0.978801919071894,2.66126591923619,"121-1-D-BENA_2012",13.0333331425985,-7.10000002384186,216,87,13.0666669209798,-6.48333346843719,8.06666692097982,18.0666675567627,66.2000012397766,1.10000003998478,99.029996573925,249.039998307824,147.900001525879,1,"24A_2012",0.8
"1104","121-2-A-BENA",2012,0.305333333333333,3.47562070601257,6,2006,7,"121-2","BENA",78,45,15,0,25,0,0,0,0,0,0,NA,NA,NA,0,0,0,0,1360.369622,"East","24A","Low Shrub","Low Shrub","Clay Loam","Mesic",2005,467.582397,57,7.419251,-150.676297,66.599294,0.247510367311382,1.28083264110571,"121-2-A-BENA_2012",13.0333331425985,-7.10000002384186,216,87,13.0666669209798,-6.48333346843719,8.06666692097982,18.0666675567627,66.2000012397766,1.10000003998478,99.029996573925,249.039998307824,147.900001525879,1,"24A_2012",0.8
"1105","121-3-D-BENA",2012,0.422,3.71674601183106,8,2004,7,"121-3","BENA",88,37,15,0,15,0,0,0,0,0,0,NA,NA,NA,0,0,0,0,1376.839212,"East","24A","Low Shrub","Low Shrub","Clay Loam","Mesic",2005,462.586914,66,7.264894,-150.675497,66.599464,0.657887976509624,1.93071031971559,"121-3-D-BENA_2012",13.0333331425985,-7.10000002384186,216,87,13.0666669209798,-6.48333346843719,8.06666692097982,18.0666675567627,66.2000012397766,1.10000003998478,99.029996573925,249.039998307824,147.900001525879,1,"24A_2012",0.8
"1106","121-4-A-BENA",2012,0.449,8.98818454651469,7,2005,7,"121-4","BENA",61,33,21,0,34,0,0,0,0,0,0,NA,NA,NA,0,0,0,0,1343.63337,"East","24A","Tall Shrub (Open-Closed)","Low Shrub","Clay Loam","Mesic",2005,462.975769,50,6.55981,-150.675949,66.599719,1.38160213422495,3.98127505761494,"121-4-A-BENA_2012",13.0333331425985,-7.10000002384186,216,87,13.0666669209798,-6.48333346843719,8.06666692097982,18.0666675567627,66.2000012397766,1.10000003998478,99.029996573925,249.039998307824,147.900001525879,1,"24A_2012",0.8
"1107","129-1-A-BENA",2012,0.37175,5.25403195153781,7,2005,8,"129-1","BENA",104,71,16,0,11,0,0,0,0,0,0,NA,NA,NA,0,0,0,0,982.902287,"East","24A","Tussock Tundra (Low shrub or Herbaceous)","Low Shrub","Sandy Loam","Mesic - Hydric",2005,301.875214,348,5.919549,-150.647865,66.709988,0.844687020186262,2.32724931851567,"129-1-A-BENA_2012",13.3666667938232,-6.96666651964188,204,79,13.0666669209798,-6.48333346843719,8.06666692097982,18.0666675567627,66.2000012397766,1.10000003998478,99.029996573925,249.039998307824,147.900001525879,1,"24A_2012",0.8
"1108","129-1-B-BENA",2012,0.57225,11.8442003410574,9,2003,8,"129-1","BENA",131,89,21,0,13,0,0,0,0,0,0,NA,NA,NA,0,0,0,0,982.902287,"East","24A","Tussock Tundra (Low shrub or Herbaceous)","Low Shrub","Sandy Loam","Mesic - Hydric",2005,301.875214,348,5.919549,-150.647865,66.709988,1.95743279255827,7.08112499412661,"129-1-B-BENA_2012",13.3666667938232,-6.96666651964188,204,79,13.0666669209798,-6.48333346843719,8.06666692097982,18.0666675567627,66.2000012397766,1.10000003998478,99.029996573925,249.039998307824,147.900001525879,1,"24A_2012",0.8
"1109","129-2-B-BENA",2012,0.31125,2.83592452412485,7,2005,8,"129-2","BENA",85,42,10,0,15,0,0,0,0,0,0,NA,NA,NA,0,0,0,0,1017.146639,"East","24A","Tussock Tundra (Low shrub or Herbaceous)","Low Shrub","Sandy Loam","Mesic - Hydric",2005,305.151764,352,5.708165,-150.647276,66.70977,0.228059242387192,1.2561597411298,"129-2-B-BENA_2012",13.3666667938232,-6.96666651964188,204,79,13.0666669209798,-6.48333346843719,8.06666692097982,18.0666675567627,66.2000012397766,1.10000003998478,99.029996573925,249.039998307824,147.900001525879,1,"24A_2012",0.8
"1110","129-2-C-BENA",2012,0.41675,4.86487815714866,7,2005,8,"129-2","BENA",109,67,13,0,10,0,0,0,0,0,0,NA,NA,NA,0,0,0,0,1017.146639,"East","24A","Tussock Tundra (Low shrub or Herbaceous)","Low Shrub","Sandy Loam","Mesic - Hydric",2005,305.151764,352,5.708165,-150.647276,66.70977,0.767732918112665,2.1548754328706,"129-2-C-BENA_2012",13.3666667938232,-6.96666651964188,204,79,13.0666669209798,-6.48333346843719,8.06666692097982,18.0666675567627,66.2000012397766,1.10000003998478,99.029996573925,249.039998307824,147.900001525879,1,"24A_2012",0.8
"1111","129-3-A-BENA",2012,0.1095,1.07587374713918,60,1952,8,"129-3","BENA",51,35,12,0,6,0,0,0,0,0,0,NA,NA,NA,0,0,0,0,1022.673056,"East","24A","Tussock Tundra (Low shrub or Herbaceous)","Low Shrub-Tussock Tundra","Sandy Loam","Mesic - Hydric",2005,301.546051,352,6.265718,-150.646771,66.710061,1.82263418364041,6.18813769028415,"129-3-A-BENA_2012",13.3666667938232,-6.96666651964188,204,79,13.0666669209798,-6.48333346843719,8.06666692097982,18.0666675567627,66.2000012397766,1.10000003998478,99.029996573925,249.039998307824,147.900001525879,1,"24A_2012",0.8
"1112","129-3-B-BENA",2012,0.31725,2.98527662427467,8,2004,8,"129-3","BENA",105,47,16,0,13,0,0,0,0,0,0,NA,NA,NA,0,0,0,0,1022.673056,"East","24A","Tussock Tundra (Low shrub or Herbaceous)","Low Shrub-Tussock Tundra","Sandy Loam","Mesic - Hydric",2005,301.546051,352,6.265718,-150.646771,66.710061,0.43873183302439,1.55073937453513,"129-3-B-BENA_2012",13.3666667938232,-6.96666651964188,204,79,13.0666669209798,-6.48333346843719,8.06666692097982,18.0666675567627,66.2000012397766,1.10000003998478,99.029996573925,249.039998307824,147.900001525879,1,"24A_2012",0.8
"1113","129-4-C-BENA",2012,0.49875,8.20922016852227,6,2006,8,"129-4","BENA",93,53,15,0,11,0,0,0,0,0,0,NA,NA,NA,0,0,0,0,1057.255538,"East","24A","Tussock Tundra (Low shrub or Herbaceous)","Tall Shrub","Sandy Loam","Mesic - Hydric",2005,303.823029,358,6.979915,-150.646167,66.709845,1.10699521719934,3.02525449099698,"129-4-C-BENA_2012",13.3666667938232,-6.96666651964188,204,79,13.0666669209798,-6.48333346843719,8.06666692097982,18.0666675567627,66.2000012397766,1.10000003998478,99.029996573925,249.039998307824,147.900001525879,1,"24A_2012",0.8
"1114","129-4-D-BENA",2012,0.362,5.2956350813016,51,1961,8,"129-4","BENA",87,41,18,0,9,0,0,0,0,0,0,NA,NA,NA,0,0,0,0,1057.255538,"East","24A","Tussock Tundra (Low shrub or Herbaceous)","Tall Shrub","Sandy Loam","Mesic - Hydric",2005,303.823029,358,6.979915,-150.646167,66.709845,3.22244385632998,25.0893601115868,"129-4-D-BENA_2012",13.3666667938232,-6.96666651964188,204,79,13.0666669209798,-6.48333346843719,8.06666692097982,18.0666675567627,66.2000012397766,1.10000003998478,99.029996573925,249.039998307824,147.900001525879,1,"24A_2012",0.8
"1115","147-1-A-BENA",2012,0.15375,0.582401208842632,13,1999,9,"147-1","BENA",104,58,9,25,11,1,1,0,0.090909091,0.090909091,0,"Moose","Hare",NA,1,1,0,0,984.758365,"West","24A","Low Shrub","Tall Shrub","Clay Loam","Mesic - Hydric",0,426.634277,145,7.907337,-150.485282,66.911769,-0.616181047277749,0.540002749765878,"147-1-A-BENA_2012",13.0030091603597,-7.22387154897054,212.270812988281,79.1354064941406,11.2000001271566,-7.93333331743876,6.30000003178914,16.1333335240682,44.8000001907349,0.991666676476598,93.9799982309341,263.459995865822,147.900001525879,1,"24A_2012",0.8
"1116","147-2-A-BENA",2012,0.05275,0.139493978752398,17,1995,9,"147-2","BENA",89,56,6,61,9,0,0,0,0,0,0,NA,NA,NA,0,2,1,0,986.173835,"West","24A","Low Shrub","Tall Shrub","Clay Loam","Mesic - Hydric",0,428.943481,147,8.698308,-150.484958,66.912025,-1.72518939961282,0.178139309061407,"147-2-A-BENA_2012",13.0030091603597,-7.22387154897054,212.270812988281,79.1354064941406,11.2000001271566,-7.93333331743876,6.30000003178914,16.1333335240682,44.8000001907349,0.991666676476598,93.9799982309341,263.459995865822,147.900001525879,1,"24A_2012",0.8
"1117","147-2-D-BENA",2012,0.192,1.07095636923815,6,2006,9,"147-2","BENA",91,53,5,37,5,0,0,0,0,0,0,NA,NA,NA,0,2,1,0,986.173835,"West","24A","Low Shrub","Tall Shrub","Clay Loam","Mesic - Hydric",0,428.943481,147,8.698308,-150.484958,66.912025,-0.929710663893866,0.394667885522521,"147-2-D-BENA_2012",13.0030091603597,-7.22387154897054,212.270812988281,79.1354064941406,11.2000001271566,-7.93333331743876,6.30000003178914,16.1333335240682,44.8000001907349,0.991666676476598,93.9799982309341,263.459995865822,147.900001525879,1,"24A_2012",0.8
"1118","147-3-A-BENA",2012,0.161,0.774121416567388,22,1990,9,"147-3","BENA",107,63,8,18,8,1,0,0,0.125,0,0,"Moose",NA,NA,1,2,1,0,952.272152,"West","24A","White Spruce or Black Spruce (Woodland)","Black Spruce Woodland","Clay Loam","Mesic - Hydric",0,425.583191,170,6.572863,-150.484233,66.911912,0.296195333909139,1.34473280309453,"147-3-A-BENA_2012",13.0030091603597,-7.22387154897054,212.270812988281,79.1354064941406,11.2000001271566,-7.93333331743876,6.30000003178914,16.1333335240682,44.8000001907349,0.991666676476598,93.9799982309341,263.459995865822,147.900001525879,1,"24A_2012",0.8
"1119","147-3-C-BENA",2012,0.06325,0.259161955316614,18,1994,9,"147-3","BENA",136,53,12,30,29,2,1,0,0.068965517,0.034482759,0,"Moose","Hare",NA,1,2,1,0,952.272152,"West","24A","White Spruce or Black Spruce (Woodland)","Black Spruce Woodland","Clay Loam","Mesic - Hydric",0,425.583191,170,6.572863,-150.484233,66.911912,-1.03754831624198,0.354322304194818,"147-3-C-BENA_2012",13.0030091603597,-7.22387154897054,212.270812988281,79.1354064941406,11.2000001271566,-7.93333331743876,6.30000003178914,16.1333335240682,44.8000001907349,0.991666676476598,93.9799982309341,263.459995865822,147.900001525879,1,"24A_2012",0.8
"1120","147-4-A-BENA",2012,0.0735,0.235294294179588,12,2000,9,"147-4","BENA",65,33,9,8,10,0,0,0,0,0,0,NA,NA,NA,0,0,1,0,956.341518,"West","24A","Tall Shrub (Open-Closed)","Tall Shrub","Clay Loam","Mesic - Hydric",0,428.39856,129,7.52786,-150.483929,66.912191,-1.6180216299796,0.198290603475083,"147-4-A-BENA_2012",13.0030091603597,-7.22387154897054,212.270812988281,79.1354064941406,11.2000001271566,-7.93333331743876,6.30000003178914,16.1333335240682,44.8000001907349,0.991666676476598,93.9799982309341,263.459995865822,147.900001525879,1,"24A_2012",0.8
"1121","147-4-D-BENA",2012,0.0665,0.20546879892457,26,1986,9,"147-4","BENA",94,47,7,14,7,0,0,0,0,0,0,NA,NA,NA,0,0,1,0,956.341518,"West","24A","Tall Shrub (Open-Closed)","Tall Shrub","Clay Loam","Mesic - Hydric",0,428.39856,129,7.52786,-150.483929,66.912191,-0.830887108538862,0.435662634802564,"147-4-D-BENA_2012",13.0030091603597,-7.22387154897054,212.270812988281,79.1354064941406,11.2000001271566,-7.93333331743876,6.30000003178914,16.1333335240682,44.8000001907349,0.991666676476598,93.9799982309341,263.459995865822,147.900001525879,1,"24A_2012",0.8
"1122","151-1-C-BENA",2012,0.27025,2.51117534262969,14,1998,10,"151-1","BENA",118,82,11,0,4,0,0,0,0,0,0,NA,NA,NA,0,0,0,0,725.03173,"East","24A","White Spruce or Black Spruce (Open-Closed)","Low Shrub","Clay Loam","Mesic",0,471.29071,296,22.022722,-150.362735,66.958242,0.933601473989522,2.54365360331884,"151-1-C-BENA_2012",12.1940581003825,-8.02155540386836,230.241470336914,86.93678855896,11.2000001271566,-7.93333331743876,6.30000003178914,16.1333335240682,44.8000001907349,0.991666676476598,93.9799982309341,263.459995865822,147.900001525879,1,"24A_2012",0.8
"1123","151-1-D-BENA",2012,0.0345,0.106542402457516,28,1984,10,"151-1","BENA",90,67,12,0,8,0,0,0,0,0,0,NA,NA,NA,0,0,0,0,725.03173,"East","24A","White Spruce or Black Spruce (Open-Closed)","Low Shrub","Clay Loam","Mesic",0,471.29071,296,22.022722,-150.362735,66.958242,-1.39920234259543,0.246793742306266,"151-1-D-BENA_2012",12.1940581003825,-8.02155540386836,230.241470336914,86.93678855896,11.2000001271566,-7.93333331743876,6.30000003178914,16.1333335240682,44.8000001907349,0.991666676476598,93.9799982309341,263.459995865822,147.900001525879,1,"24A_2012",0.8
"1124","151-2-A-BENA",2012,0.18625,1.1774110034509,17,1995,10,"151-2","BENA",119,71,11,0,4,0,0,0,0,0,0,NA,NA,NA,0,1,0,0,737.726474,"East","24A","Low Shrub","Low Shrub","Clay Loam","Mesic",0,482.941345,297,25.566626,-150.361917,66.958285,0.40786240522333,1.50360025939424,"151-2-A-BENA_2012",12.1940581003825,-8.02155540386836,230.241470336914,86.93678855896,11.2000001271566,-7.93333331743876,6.30000003178914,16.1333335240682,44.8000001907349,0.991666676476598,93.9799982309341,263.459995865822,147.900001525879,1,"24A_2012",0.8
"1125","151-2-B-BENA",2012,0.086,0.225057414517866,17,1995,10,"151-2","BENA",142,91,14,0,17,0,0,0,0,0,0,NA,NA,NA,0,1,0,0,737.726474,"East","24A","Low Shrub","Low Shrub","Clay Loam","Mesic",0,482.941345,297,25.566626,-150.361917,66.958285,-1.24685529158983,0.287407189040911,"151-2-B-BENA_2012",12.1940581003825,-8.02155540386836,230.241470336914,86.93678855896,11.2000001271566,-7.93333331743876,6.30000003178914,16.1333335240682,44.8000001907349,0.991666676476598,93.9799982309341,263.459995865822,147.900001525879,1,"24A_2012",0.8
"1126","151-3-A-BENA",2012,0.31625,1.96544810467737,10,2002,10,"151-3","BENA",91,52,9,0,6,0,0,0,0,0,0,NA,NA,NA,0,0,0,0,698.113665,"East","24A","White Spruce or Black Spruce (Open-Closed)","Low Shrub","Clay Loam","Mesic",0,469.98999,301,21.5443,-150.36215,66.958641,0.287045505137466,1.33248484700223,"151-3-A-BENA_2012",12.1940581003825,-8.02155540386836,230.241470336914,86.93678855896,11.2000001271566,-7.93333331743876,6.30000003178914,16.1333335240682,44.8000001907349,0.991666676476598,93.9799982309341,263.459995865822,147.900001525879,1,"24A_2012",0.8
"1127","151-3-C-BENA",2012,0.099,0.501360488401089,26,1986,10,"151-3","BENA",86,51,13,0,9,0,0,0,0,0,0,NA,NA,NA,0,0,0,0,698.113665,"East","24A","White Spruce or Black Spruce (Open-Closed)","Low Shrub","Clay Loam","Mesic",0,469.98999,301,21.5443,-150.36215,66.958641,0.0611440791713816,1.0630520668148,"151-3-C-BENA_2012",12.1940581003825,-8.02155540386836,230.241470336914,86.93678855896,11.2000001271566,-7.93333331743876,6.30000003178914,16.1333335240682,44.8000001907349,0.991666676476598,93.9799982309341,263.459995865822,147.900001525879,1,"24A_2012",0.8
"1128","151-4-A-BENA",2012,0.122,0.51742031004624,26,1986,10,"151-4","BENA",65,36,9,0,8,0,0,0,0,0,0,NA,NA,NA,0,0,0,0,714.907956,"East","24A","Low Shrub","Low Shrub","Clay Loam","Mesic",0,485.466003,301,24.973797,-150.361301,66.958638,0.0926742221359508,1.09710426475924,"151-4-A-BENA_2012",12.1940581003825,-8.02155540386836,230.241470336914,86.93678855896,11.2000001271566,-7.93333331743876,6.30000003178914,16.1333335240682,44.8000001907349,0.991666676476598,93.9799982309341,263.459995865822,147.900001525879,1,"24A_2012",0.8
"1129","151-4-D-BENA",2012,0.0505,0.215447282590534,19,1993,10,"151-4","BENA",83,56,8,0,9,0,0,0,0,0,0,NA,NA,NA,0,0,0,0,714.907956,"East","24A","Low Shrub","Low Shrub","Clay Loam","Mesic",0,485.466003,301,24.973797,-150.361301,66.958638,-1.15776473665397,0.314187688787589,"151-4-D-BENA_2012",12.1940581003825,-8.02155540386836,230.241470336914,86.93678855896,11.2000001271566,-7.93333331743876,6.30000003178914,16.1333335240682,44.8000001907349,0.991666676476598,93.9799982309341,263.459995865822,147.900001525879,1,"24A_2012",0.8
"1130","158-1-B-BENA",2012,0.46325,5.26579407443285,6,2006,11,"158-1","BENA",75,35,10,0,16,0,0,0,0,0,0,NA,NA,NA,0,0,0,0,1304.611642,"East","24A","Low Shrub","Low Shrub","Sandy Loam","Mesic - Xeric",2005,586.787537,51,13.434302,-150.285356,67.046606,0.662969239378393,1.94054573337273,"158-1-B-BENA_2012",13.0666669209798,-7.59999990463257,218,88,11.6333335240682,-7.91666694482168,6.6333335240682,16.6666669845581,40.4000005722046,0.991666675855716,92.9899978637695,262.109997153282,142.700000762939,1,"24A_2012",0.8
"1131","158-2-C-BENA",2012,0.09675,0.224846338761453,24,1988,11,"158-2","BENA",54,29,8,0,53,0,0,0,0,0,0,NA,NA,NA,0,0,0,1,1283.38641,"East","24A","Tussock Tundra (Low shrub or Herbaceous)","Low Shrub","Sandy Loam","Mesic - Xeric",2005,590.000549,54,15.617359,-150.286104,67.046812,-0.836282127347228,0.433318555555122,"158-2-C-BENA_2012",13.0666669209798,-7.59999990463257,218,88,11.6333335240682,-7.91666694482168,6.6333335240682,16.6666669845581,40.4000005722046,0.991666675855716,92.9899978637695,262.109997153282,142.700000762939,1,"24A_2012",0.8
"1132","158-3-A-BENA",2012,0.448,5.21313371662567,6,2006,11,"158-3","BENA",100,56,15,0,32,0,0,1,0,0,0.03125,NA,NA,"Ptarmagin",1,0,0,0,1313.543229,"East","24A","Tussock Tundra (Low shrub or Herbaceous)","Low Shrub","Sandy Loam","Mesic - Xeric",2005,580.218689,48,13.61797,-150.285679,67.047111,0.652918439876266,1.92113938530516,"158-3-A-BENA_2012",13.0666669209798,-7.59999990463257,218,88,11.6333335240682,-7.91666694482168,6.6333335240682,16.6666669845581,40.4000005722046,0.991666675855716,92.9899978637695,262.109997153282,142.700000762939,1,"24A_2012",0.8
"1133","158-3-D-BENA",2012,0.19525,1.63117322155745,7,2005,11,"158-3","BENA",119,49,12,0,19,0,0,0,0,0,0,NA,NA,NA,0,0,0,0,1313.543229,"East","24A","Tussock Tundra (Low shrub or Herbaceous)","Low Shrub","Sandy Loam","Mesic - Xeric",2005,580.218689,48,13.61797,-150.285679,67.047111,-0.325009228695674,0.722520685687778,"158-3-D-BENA_2012",13.0666669209798,-7.59999990463257,218,88,11.6333335240682,-7.91666694482168,6.6333335240682,16.6666669845581,40.4000005722046,0.991666675855716,92.9899978637695,262.109997153282,142.700000762939,1,"24A_2012",0.8
"1134","158-4-A-BENA",2012,0.60825,17.8136426439046,6,2006,11,"158-4","BENA",119,54,13,0,42,0,0,0,0,0,0,NA,NA,NA,0,0,0,0,1283.367604,"East","24A","Tussock Tundra (Low shrub or Herbaceous)","Low Shrub","Sandy Loam","Mesic - Xeric",2005,587.563538,57,15.053073,-150.286524,67.047197,1.88170188821126,6.56466769110769,"158-4-A-BENA_2012",13.0666669209798,-7.59999990463257,218,88,11.6333335240682,-7.91666694482168,6.6333335240682,16.6666669845581,40.4000005722046,0.991666675855716,92.9899978637695,262.109997153282,142.700000762939,1,"24A_2012",0.8
"1135","158-4-C-BENA",2012,0.39625,8.75496913582378,7,2005,11,"158-4","BENA",107,46,13,4,33,0,0,0,0,0,0,NA,NA,NA,0,0,0,0,1283.367604,"East","24A","Tussock Tundra (Low shrub or Herbaceous)","Low Shrub","Sandy Loam","Mesic - Xeric",2005,587.563538,57,15.053073,-150.286524,67.047197,1.35531268797928,3.87797336272537,"158-4-C-BENA_2012",13.0666669209798,-7.59999990463257,218,88,11.6333335240682,-7.91666694482168,6.6333335240682,16.6666669845581,40.4000005722046,0.991666675855716,92.9899978637695,262.109997153282,142.700000762939,1,"24A_2012",0.8
"1136","173-1-A-BENA",2012,0.03475,0.126173625901177,44,1968,12,"173-1","BENA",69,40,12,0,9,0,0,0,0,0,0,NA,NA,NA,0,0,0,0,1301.486525,"East","24A","Low Shrub","Low Shrub","Clay Loam","Mesic",0,349.871613,358,2.901099,-150.191497,67.228159,-0.690715135697987,0.501217502341025,"173-1-A-BENA_2012",13.6638762156169,-7.35040593147278,204.686904907227,101.734893798828,11.6333335240682,-7.91666694482168,6.6333335240682,16.6666669845581,40.4000005722046,0.991666675855716,92.9899978637695,262.109997153282,142.700000762939,1,"24A_2012",0.8
"1137","173-1-B-BENA",2012,0.09275,0.267270798654611,22,1990,12,"173-1","BENA",101,53,11,0,7,0,0,0,0,0,0,NA,NA,NA,0,0,0,0,1301.486525,"East","24A","Low Shrub","Low Shrub","Clay Loam","Mesic",0,349.871613,358,2.901099,-150.191497,67.228159,-0.767271024737855,0.464278345190109,"173-1-B-BENA_2012",13.6638762156169,-7.35040593147278,204.686904907227,101.734893798828,11.6333335240682,-7.91666694482168,6.6333335240682,16.6666669845581,40.4000005722046,0.991666675855716,92.9899978637695,262.109997153282,142.700000762939,1,"24A_2012",0.8
"1138","173-2-A-BENA",2012,0.06375,0.194118028317608,53,1959,12,"173-2","BENA",94,43,12,0,6,0,0,0,0,0,0,NA,NA,NA,0,2,0,0,1323.706943,"East","24A","Tussock Tundra (Low shrub or Herbaceous)","Low Shrub","Clay Loam","Mesic",0,348.371155,13,2.823825,-150.190835,67.228457,-0.0378246673352078,0.962881750715062,"173-2-A-BENA_2012",13.6638762156169,-7.35040593147278,204.686904907227,101.734893798828,11.6333335240682,-7.91666694482168,6.6333335240682,16.6666669845581,40.4000005722046,0.991666675855716,92.9899978637695,262.109997153282,142.700000762939,1,"24A_2012",0.8
"1139","173-2-C-BENA",2012,0.0675,0.646669358805739,15,1997,12,"173-2","BENA",107,64,12,0,13,0,0,0,0,0,0,NA,NA,NA,0,2,0,0,1323.706943,"East","24A","Tussock Tundra (Low shrub or Herbaceous)","Low Shrub","Clay Loam","Mesic",0,348.371155,13,2.823825,-150.190835,67.228457,-0.340737726109571,0.711245424850743,"173-2-C-BENA_2012",13.6638762156169,-7.35040593147278,204.686904907227,101.734893798828,11.6333335240682,-7.91666694482168,6.6333335240682,16.6666669845581,40.4000005722046,0.991666675855716,92.9899978637695,262.109997153282,142.700000762939,1,"24A_2012",0.8
"1140","173-3-B-BENA",2012,0.04125,0.0985213273642796,47,1965,12,"173-3","BENA",70,51,14,0,9,0,0,0,0,0,0,NA,NA,NA,0,0,0,0,1278.311889,"East","24A","Low Shrub","Low Shrub","Clay Loam","Mesic",0,347.24527,24,1.739254,-150.191816,67.228627,-0.859390839170456,0.42341993461163,"173-3-B-BENA_2012",13.6638762156169,-7.35040593147278,204.686904907227,101.734893798828,11.6333335240682,-7.91666694482168,6.6333335240682,16.6666669845581,40.4000005722046,0.991666675855716,92.9899978637695,262.109997153282,142.700000762939,1,"24A_2012",0.8
"1141","173-3-C-BENA",2012,0.00925,0.0345738162013774,11,2001,12,"173-3","BENA",32,27,6,0,6,0,0,0,0,0,0,NA,NA,NA,0,0,0,0,1278.311889,"East","24A","Low Shrub","Low Shrub","Clay Loam","Mesic",0,347.24527,24,1.739254,-150.191816,67.228627,-3.63959607681894,0.026262950037848,"173-3-C-BENA_2012",13.6638762156169,-7.35040593147278,204.686904907227,101.734893798828,11.6333335240682,-7.91666694482168,6.6333335240682,16.6666669845581,40.4000005722046,0.991666675855716,92.9899978637695,262.109997153282,142.700000762939,1,"24A_2012",0.8
"1142","173-4-B-BENA",2012,0.10025,0.325416573584495,22,1990,12,"173-4","BENA",124,71,14,0,12,0,0,0,0,0,0,NA,NA,NA,0,1,0,0,1308.377258,"East","24A","Low Shrub","Low Shrub","Clay Loam","Mesic",0,346.165253,355,1.872125,-150.190975,67.22891,-0.570427269882272,0.565283858325606,"173-4-B-BENA_2012",13.6638762156169,-7.35040593147278,204.686904907227,101.734893798828,11.6333335240682,-7.91666694482168,6.6333335240682,16.6666669845581,40.4000005722046,0.991666675855716,92.9899978637695,262.109997153282,142.700000762939,1,"24A_2012",0.8
"1143","173-4-C-BENA",2012,0.105,0.533725175918367,43,1969,12,"173-4","BENA",119,74,14,0,14,0,0,0,0,0,0,NA,NA,NA,0,1,0,0,1308.377258,"East","24A","Low Shrub","Low Shrub","Clay Loam","Mesic",0,346.165253,355,1.872125,-150.190975,67.22891,0.724072696616692,2.06281735527996,"173-4-C-BENA_2012",13.6638762156169,-7.35040593147278,204.686904907227,101.734893798828,11.6333335240682,-7.91666694482168,6.6333335240682,16.6666669845581,40.4000005722046,0.991666675855716,92.9899978637695,262.109997153282,142.700000762939,1,"24A_2012",0.8
"1144","184-1-B-BENA",2012,0.1055,0.82644071522211,60,1952,13,"184-1","BENA",128,51,19,0,13,0,1,0,0,0.076923077,0,NA,"Hare",NA,1,2,0,0,692.283244,"East","24A","White Spruce or Black Spruce (Open-Closed)","Tall Shrub","Clay Loam","Mesic",0,423.977753,249,10.469168,-150.109686,67.368938,1.55887396994508,4.75346568521645,"184-1-B-BENA_2012",13.266666730245,-7.22500010331472,164,70,11.6333335240682,-7.91666694482168,6.6333335240682,16.6666669845581,40.4000005722046,0.991666675855716,92.9899978637695,262.109997153282,142.700000762939,1,"24A_2012",0.8
"1145","184-1-C-BENA",2012,0.25375,1.95846984199558,21,1991,13,"184-1","BENA",166,49,15,8,26,1,2,0,0.038461538,0.076923077,0,"Moose","Hare",NA,1,2,0,0,692.283244,"East","24A","White Spruce or Black Spruce (Open-Closed)","Tall Shrub","Clay Loam","Mesic",0,423.977753,249,10.469168,-150.109686,67.368938,1.16887122560397,3.21835778758321,"184-1-C-BENA_2012",13.266666730245,-7.22500010331472,164,70,11.6333335240682,-7.91666694482168,6.6333335240682,16.6666669845581,40.4000005722046,0.991666675855716,92.9899978637695,262.109997153282,142.700000762939,1,"24A_2012",0.8
"1146","184-2-A-BENA",2012,0.0565,0.152117487083144,27,1985,13,"184-2","BENA",89,39,11,0,12,0,1,0,0,0.083333333,0,NA,"Hare",NA,1,1,0,0,706.210196,"East","24A","White Spruce or Black Spruce (Open-Closed)","Tall Shrub","Clay Loam","Mesic",0,429.192566,258,16.706417,-150.109279,67.369156,-1.08649114533294,0.337398300701775,"184-2-A-BENA_2012",13.2651621500651,-7.22612845897675,163.458374023438,69.5937774181366,11.6333335240682,-7.91666694482168,6.6333335240682,16.6666669845581,40.4000005722046,0.991666675855716,92.9899978637695,262.109997153282,142.700000762939,1,"24A_2012",0.8
"1147","184-2-D-BENA",2012,0.03425,0.074754786240792,41,1971,13,"184-2","BENA",84,38,12,10,7,0,0,0,0,0,0,NA,NA,NA,0,1,0,0,706.210196,"East","24A","White Spruce or Black Spruce (Open-Closed)","Tall Shrub","Clay Loam","Mesic",0,429.192566,258,16.706417,-150.109279,67.369156,-1.29843150938653,0.272959592004889,"184-2-D-BENA_2012",13.2651621500651,-7.22612845897675,163.458374023438,69.5937774181366,11.6333335240682,-7.91666694482168,6.6333335240682,16.6666669845581,40.4000005722046,0.991666675855716,92.9899978637695,262.109997153282,142.700000762939,1,"24A_2012",0.8
"1148","184-3-B-BENA",2012,0.100666666666667,0.438960077334445,35,1977,13,"184-3","BENA",71,35,17,0,17,0,2,0,0,0.117647059,0,NA,"Hare",NA,1,1,3,0,683.765397,"East","24A","White Spruce or Black Spruce (Open-Closed)","Tall Shrub","Clay Loam","Mesic",0,425.482941,261,10.788996,-150.109693,67.36937,0.282948898976617,1.32703734711797,"184-3-B-BENA_2012",13.2651621500651,-7.22612845897675,163.458374023438,69.5937774181366,11.6333335240682,-7.91666694482168,6.6333335240682,16.6666669845581,40.4000005722046,0.991666675855716,92.9899978637695,262.109997153282,142.700000762939,1,"24A_2012",0.8
"1149","184-3-D-BENA",2012,0.05375,0.116556032691295,24,1988,13,"184-3","BENA",103,48,17,7,31,3,1,0,0.096774194,0.032258065,0,"Moose","Hare",NA,1,1,3,0,683.765397,"East","24A","White Spruce or Black Spruce (Open-Closed)","Tall Shrub","Clay Loam","Mesic",0,425.482941,261,10.788996,-150.109693,67.36937,-1.4933272327194,0.22462403437492,"184-3-D-BENA_2012",13.2651621500651,-7.22612845897675,163.458374023438,69.5937774181366,11.6333335240682,-7.91666694482168,6.6333335240682,16.6666669845581,40.4000005722046,0.991666675855716,92.9899978637695,262.109997153282,142.700000762939,1,"24A_2012",0.8
"1150","191-1-C-BENA",2012,0.166,0.644579414292939,10,2002,14,"191-1","BENA",105,51,8,16,13,0,0,0,0,0,0,NA,NA,NA,0,1,0,0,1595.806211,"East","24A","Low Shrub","Low Shrub","Clay Loam","Mesic",0,492.755432,293,2.980974,-149.860617,67.475764,-0.827832003019389,0.436995665360446,"191-1-C-BENA_2012",12.5120360056559,-7.46629053354263,169.368103027344,69.8194577693939,9.79999987284342,-9.37500042716662,5,14.6333335240682,20.5999999046326,0.941666688149174,77.5599984526634,276.249998569489,141.400005340576,1,"24A_2012",0.8
"1151","191-1-D-BENA",2012,0.15125,0.537056245878878,14,1998,14,"191-1","BENA",135,61,10,9,18,0,0,0,0,0,0,NA,NA,NA,0,1,0,0,1595.806211,"East","24A","Low Shrub","Low Shrub","Clay Loam","Mesic",0,492.755432,293,2.980974,-149.860617,67.475764,-0.608801882577904,0.544002257358954,"191-1-D-BENA_2012",12.5120360056559,-7.46629053354263,169.368103027344,69.8194577693939,9.79999987284342,-9.37500042716662,5,14.6333335240682,20.5999999046326,0.941666688149174,77.5599984526634,276.249998569489,141.400005340576,1,"24A_2012",0.8
"1152","191-2-A-BENA",2012,0.08,0.171153967767572,19,1993,14,"191-2","BENA",82,51,10,0,13,1,0,0,0.076923077,0,0,"Moose",NA,NA,1,0,0,0,1628.072852,"East","24A","Low Shrub","Low Shrub","Clay Loam","Mesic",0,494.812988,260,1.497492,-149.859771,67.475671,-1.38791744023053,0.249594559342479,"191-2-A-BENA_2012",12.5120360056559,-7.46629053354263,169.368103027344,69.8194577693939,9.79999987284342,-9.37500042716662,5,14.6333335240682,20.5999999046326,0.941666688149174,77.5599984526634,276.249998569489,141.400005340576,1,"24A_2012",0.8
"1153","191-2-B-BENA",2012,0.21675,1.07401294254055,17,1995,14,"191-2","BENA",92,71,8,0,13,0,0,0,0,0,0,NA,NA,NA,0,0,0,0,1628.072852,"East","24A","Low Shrub","Low Shrub","Clay Loam","Mesic",0,494.812988,260,1.497492,-149.859771,67.475671,0.315946488901388,1.37155686014793,"191-2-B-BENA_2012",12.5120360056559,-7.46629053354263,169.368103027344,69.8194577693939,9.79999987284342,-9.37500042716662,5,14.6333335240682,20.5999999046326,0.941666688149174,77.5599984526634,276.249998569489,141.400005340576,1,"24A_2012",0.8
"1154","191-3-A-BENA",2012,0.0163333333333333,0.0356280970526619,31,1981,14,"191-3","BENA",102,51,9,0,9,0,1,0,0,0.111111111,0,NA,"Hare",NA,1,2,0,0,1608.343863,"East","24A","Low Shrub","Low Shrub","Clay Loam","Mesic",0,494.475037,298,4.15829,-149.859591,67.475979,-2.37314960127102,0.0931867624412045,"191-3-A-BENA_2012",12.5120360056559,-7.46629053354263,169.368103027344,69.8194577693939,9.79999987284342,-9.37500042716662,5,14.6333335240682,20.5999999046326,0.941666688149174,77.5599984526634,276.249998569489,141.400005340576,1,"24A_2012",0.8
"1155","191-3-D-BENA",2012,0.19025,1.08575006359405,26,1986,14,"191-3","BENA",110,71,10,0,16,0,0,0,0,0,0,NA,NA,NA,0,2,0,0,1608.343863,"East","24A","Low Shrub","Low Shrub","Clay Loam","Mesic",0,494.475037,298,4.15829,-149.859591,67.475979,0.833845029089425,2.30215359177764,"191-3-D-BENA_2012",12.5120360056559,-7.46629053354263,169.368103027344,69.8194577693939,9.79999987284342,-9.37500042716662,5,14.6333335240682,20.5999999046326,0.941666688149174,77.5599984526634,276.249998569489,141.400005340576,1,"24A_2012",0.8
"1156","191-4-A-BENA",2012,0.388,3.92985594948732,13,1999,14,"191-4","BENA",105,69,11,0,12,0,0,0,0,0,0,NA,NA,NA,0,1,0,0,1634.196324,"East","24A","Low Shrub","Low Shrub","Clay Loam","Mesic",0,497.007599,303,3.553675,-149.85875,67.475963,1.29301743033633,3.64376479081169,"191-4-A-BENA_2012",12.5120360056559,-7.46629053354263,169.368103027344,69.8194577693939,9.79999987284342,-9.37500042716662,5,14.6333335240682,20.5999999046326,0.941666688149174,77.5599984526634,276.249998569489,141.400005340576,1,"24A_2012",0.8
"1157","191-4-B-BENA",2012,0.05475,0.156651001631816,29,1983,14,"191-4","BENA",77,59,11,0,12,0,1,0,0,0.083333333,0,NA,"Hare",NA,1,1,0,0,1634.196324,"East","24A","Low Shrub","Low Shrub","Clay Loam","Mesic",0,497.007599,303,3.553675,-149.85875,67.475963,-0.971849154076294,0.378382702871669,"191-4-B-BENA_2012",12.5120360056559,-7.46629053354263,169.368103027344,69.8194577693939,9.79999987284342,-9.37500042716662,5,14.6333335240682,20.5999999046326,0.941666688149174,77.5599984526634,276.249998569489,141.400005340576,1,"24A_2012",0.8
"1158","203-1-A-BENA",2012,0.14675,0.967123001395726,22,1990,15,"203-1","BENA",97,41,11,0,17,1,0,0,0.058823529,0,0,"Moose",NA,NA,1,1,0,0,905.036767,"East","24A","Low Shrub","Low Shrub","Loam","Mesic",0,550.644958,299,23.927214,-149.794431,67.571449,0.518792289997592,1.67999747426037,"203-1-A-BENA_2012",12.8666664759318,-7.54999987284342,140,63,8.96666653951009,-10.2750003437201,4.23333342870076,13.7666670481364,12.8000006079674,0.8833333371828,71.2399979829788,282.969997882843,136.100002288818,1,"24A_2012",0.8
"1159","203-1-D-BENA",2012,0.2815,2.18790251333219,20,1992,15,"203-1","BENA",143,46,14,0,26,2,0,0,0.076923077,0,0,"Moose",NA,NA,1,1,0,0,905.036767,"East","24A","Low Shrub","Low Shrub","Loam","Mesic",0,550.644958,299,23.927214,-149.794431,67.571449,1.22142789002228,3.39202771985145,"203-1-D-BENA_2012",12.8666664759318,-7.54999987284342,140,63,8.96666653951009,-10.2750003437201,4.23333342870076,13.7666670481364,12.8000006079674,0.8833333371828,71.2399979829788,282.969997882843,136.100002288818,1,"24A_2012",0.8
"1160","203-2-B-BENA",2012,0.292,3.00751576231989,14,1998,15,"203-2","BENA",146,44,15,0,20,0,0,0,0,0,0,NA,NA,NA,0,0,1,0,933.944119,"East","24A","Low Shrub","Low Shrub","Loam","Mesic",0,566.911377,300,26.508135,-149.793674,67.571447,1.11396497630839,3.04641343676624,"203-2-B-BENA_2012",12.8666664759318,-7.54999987284342,140,63,8.96666653951009,-10.2750003437201,4.23333342870076,13.7666670481364,12.8000006079674,0.8833333371828,71.2399979829788,282.969997882843,136.100002288818,1,"24A_2012",0.8
"1161","203-2-C-BENA",2012,0.05075,0.165374811731752,36,1976,15,"203-2","BENA",118,35,14,0,38,0,0,0,0,0,0,NA,NA,NA,0,0,1,0,933.944119,"East","24A","Low Shrub","Low Shrub","Loam","Mesic",0,566.911377,300,26.508135,-149.793674,67.571447,-0.659627689733565,0.517043799375854,"203-2-C-BENA_2012",12.8666664759318,-7.54999987284342,140,63,8.96666653951009,-10.2750003437201,4.23333342870076,13.7666670481364,12.8000006079674,0.8833333371828,71.2399979829788,282.969997882843,136.100002288818,1,"24A_2012",0.8
"1162","203-3-B-BENA",2012,0.04625,0.267894404796346,16,1996,15,"203-3","BENA",108,53,11,7,21,0,0,0,0,0,0,NA,NA,NA,0,0,1,0,922.335664,"East","24A","Low Shrub","Low Shrub","Loam","Mesic",0,556.241272,305,23.609533,-149.79364,67.571701,-1.14496365015989,0.31823548538919,"203-3-B-BENA_2012",12.8666664759318,-7.54999987284342,140,63,8.96666653951009,-10.2750003437201,4.23333342870076,13.7666670481364,12.8000006079674,0.8833333371828,71.2399979829788,282.969997882843,136.100002288818,1,"24A_2012",0.8
"1163","203-3-D-BENA",2012,0.1115,0.627189913557158,20,1992,15,"203-3","BENA",108,52,11,0,7,1,0,0,0.14,0,0,"Moose",NA,NA,1,0,1,0,922.335664,"East","24A","Low Shrub","Low Shrub","Loam","Mesic",0,556.241272,305,23.609533,-149.79364,67.571701,-0.0280213301712291,0.972367625812087,"203-3-D-BENA_2012",12.8666664759318,-7.54999987284342,140,63,8.96666653951009,-10.2750003437201,4.23333342870076,13.7666670481364,12.8000006079674,0.8833333371828,71.2399979829788,282.969997882843,136.100002288818,1,"24A_2012",0.8
"1164","203-4-A-BENA",2012,0.08175,0.568803610439731,16,1996,15,"203-4","BENA",85,42,10,0,10,0,0,0,0,0,0,NA,NA,NA,0,1,1,0,951.384807,"East","24A","Low Shrub","Low Shrub","Loam","Mesic",0,569.135193,316,29.227108,-149.792864,67.571712,-0.392021315136938,0.675689711388405,"203-4-A-BENA_2012",12.8666664759318,-7.54999987284342,140,63,8.96666653951009,-10.2750003437201,4.23333342870076,13.7666670481364,12.8000006079674,0.8833333371828,71.2399979829788,282.969997882843,136.100002288818,1,"24A_2012",0.8
"1165","203-4-B-BENA",2012,0.2,1.44450430212059,33,1979,15,"203-4","BENA",99,36,12,0,12,0,0,0,0,0,0,NA,NA,NA,0,1,1,0,951.384807,"East","24A","Low Shrub","Low Shrub","Loam","Mesic",0,569.135193,316,29.227108,-149.792864,67.571712,1.40384528551943,4.07082338756136,"203-4-B-BENA_2012",12.8666664759318,-7.54999987284342,140,63,8.96666653951009,-10.2750003437201,4.23333342870076,13.7666670481364,12.8000006079674,0.8833333371828,71.2399979829788,282.969997882843,136.100002288818,1,"24A_2012",0.8
"1166","209-1-C-BENA",2012,0.113,0.60148823019209,23,1989,16,"209-1","BENA",58,59,14,0,9,0,0,0,0,0,0,NA,NA,NA,0,0,1,0,698.873831,"East","24A","Low Shrub","Black Spruce Woodland","Sandy Loam","Mesic - Xeric",0,553.345276,287,19.679848,-149.692986,67.655886,0.0969195776871596,1.10177176302452,"209-1-C-BENA_2012",12.1894683837891,-7.98214608430862,132,62,8.96666653951009,-10.2750003437201,4.23333342870076,13.7666670481364,12.8000006079674,0.8833333371828,71.2399979829788,282.969997882843,136.100002288818,1,"24A_2012",0.8
"1167","209-1-D-BENA",2012,0.02825,0.108341553300321,28,1984,16,"209-1","BENA",76,39,10,0,6,0,0,0,0,0,0,NA,NA,NA,0,0,1,0,698.873831,"East","24A","Low Shrub","Black Spruce Woodland","Sandy Loam","Mesic - Xeric",0,553.345276,287,19.679848,-149.692986,67.655886,-1.38245662624566,0.250961277102062,"209-1-D-BENA_2012",12.1894683837891,-7.98214608430862,132,62,8.96666653951009,-10.2750003437201,4.23333342870076,13.7666670481364,12.8000006079674,0.8833333371828,71.2399979829788,282.969997882843,136.100002288818,1,"24A_2012",0.8
"1168","209-2-B-BENA",2012,0.19275,1.14008417033727,44,1968,16,"209-2","BENA",104,57,18,0,18,0,0,0,0,0,0,NA,NA,NA,0,0,0,0,728.528855,"East","24A","Low Shrub","Black Spruce Woodland","Sandy Loam","Mesic - Xeric",0,561.911133,287,21.070175,-149.692261,67.656,1.51048329484778,4.5289190687327,"209-2-B-BENA_2012",12.1894683837891,-7.98214608430862,132,62,8.96666653951009,-10.2750003437201,4.23333342870076,13.7666670481364,12.8000006079674,0.8833333371828,71.2399979829788,282.969997882843,136.100002288818,1,"24A_2012",0.8
"1169","209-2-D-BENA",2012,0.06875,0.168953871162355,51,1961,16,"209-2","BENA",86,47,10,0,6,0,0,0,0,0,0,NA,NA,NA,0,0,0,0,728.528855,"East","24A","Low Shrub","Black Spruce Woodland","Sandy Loam","Mesic - Xeric",0,561.911133,287,21.070175,-149.692261,67.656,-0.222568608361831,0.800460086611007,"209-2-D-BENA_2012",12.1894683837891,-7.98214608430862,132,62,8.96666653951009,-10.2750003437201,4.23333342870076,13.7666670481364,12.8000006079674,0.8833333371828,71.2399979829788,282.969997882843,136.100002288818,1,"24A_2012",0.8
"1170","209-3-A-BENA",2012,0.09925,0.506134334787759,52,1960,16,"209-3","BENA",67,52,13,0,10,0,0,0,0,0,0,NA,NA,NA,0,0,1,0,711.058695,"East","24A","Low Shrub","Black Spruce Woodland","Sandy Loam","Mesic - Xeric",0,553.430786,276,18.070417,-149.69261,67.656251,0.897780135809788,2.45414918201901,"209-3-A-BENA_2012",12.1894683837891,-7.98214608430862,132,62,8.96666653951009,-10.2750003437201,4.23333342870076,13.7666670481364,12.8000006079674,0.8833333371828,71.2399979829788,282.969997882843,136.100002288818,1,"24A_2012",0.8
"1171","209-3-D-BENA",2012,0.12525,0.449457647122508,30,1982,16,"209-3","BENA",84,39,10,0,8,0,0,0,0,0,0,NA,NA,NA,0,0,1,0,711.058695,"East","24A","Low Shrub","Black Spruce Woodland","Sandy Loam","Mesic - Xeric",0,553.430786,276,18.070417,-149.69261,67.656251,0.122628093567463,1.13046391595599,"209-3-D-BENA_2012",12.1894683837891,-7.98214608430862,132,62,8.96666653951009,-10.2750003437201,4.23333342870076,13.7666670481364,12.8000006079674,0.8833333371828,71.2399979829788,282.969997882843,136.100002288818,1,"24A_2012",0.8
"1172","209-4-C-BENA",2012,0.11,0.323458379613605,21,1991,16,"209-4","BENA",57,38,10,0,7,0,0,0,0,0,0,NA,NA,NA,0,0,0,0,738.024448,"East","24A","Low Shrub","Black Spruce Woodland","Sandy Loam","Mesic - Xeric",0,561.090881,296,18.584587,-149.691928,67.656444,-0.631977079724558,0.531539864779209,"209-4-C-BENA_2012",12.1894683837891,-7.98214608430862,132,62,8.96666653951009,-10.2750003437201,4.23333342870076,13.7666670481364,12.8000006079674,0.8833333371828,71.2399979829788,282.969997882843,136.100002288818,1,"24A_2012",0.8
"1173","209-4-D-BENA",2012,0.038,0.0850784923815716,40,1972,16,"209-4","BENA",71,50,9,0,8,0,0,0,0,0,0,NA,NA,NA,0,0,0,0,738.024448,"East","24A","Low Shrub","Black Spruce Woodland","Sandy Loam","Mesic - Xeric",0,561.090881,296,18.584587,-149.691928,67.656444,-1.19853712832818,0.301635142826563,"209-4-D-BENA_2012",12.1894683837891,-7.98214608430862,132,62,8.96666653951009,-10.2750003437201,4.23333342870076,13.7666670481364,12.8000006079674,0.8833333371828,71.2399979829788,282.969997882843,136.100002288818,1,"24A_2012",0.8
"1174","222-1-B-BENA",2012,0.0855,0.428158237979791,32,1980,17,"222-1","BENA",63,58,19,0,9,0,2,0,0,0.222222222,0,NA,"Hare",NA,1,2,18,0,769.468544,"East","24A","Low Shrub","Tall Shrub","Clay Loam","Mesic",0,669.484009,287,15.029548,-149.809491,67.826198,0.151095619970104,1.16310786910441,"222-1-B-BENA_2012",11.6333335240682,-8.50000011920929,133,64,8.96666653951009,-10.2750003437201,4.23333342870076,13.7666670481364,12.8000006079674,0.8833333371828,71.2399979829788,282.969997882843,136.100002288818,1,"24A_2012",0.8
"1175","222-1-D-BENA",2012,0.01325,0.0232793979126416,31,1981,17,"222-1","BENA",78,38,9,0,9,0,2,0,0,0.222222222,0,NA,"Hare",NA,1,2,18,0,769.468544,"East","24A","Low Shrub","Tall Shrub","Clay Loam","Mesic",0,669.484009,287,15.029548,-149.809491,67.826198,-2.79871541122303,0.0608882287441036,"222-1-D-BENA_2012",11.6333335240682,-8.50000011920929,133,64,8.96666653951009,-10.2750003437201,4.23333342870076,13.7666670481364,12.8000006079674,0.8833333371828,71.2399979829788,282.969997882843,136.100002288818,1,"24A_2012",0.8
"1176","222-2-A-BENA",2012,0.0975,0.620421352185001,26,1986,17,"222-2","BENA",81,59,12,0,9,0,0,0,0,0,0,NA,NA,NA,0,3,13,0,794.735172,"East","24A","Low Shrub","Tall Shrub","Clay Loam","Mesic",0,676.198608,282,15.59229,-149.808768,67.826375,0.274217546616769,1.31550095389381,"222-2-A-BENA_2012",11.6333335240682,-8.50000011920929,133,64,8.96666653951009,-10.2750003437201,4.23333342870076,13.7666670481364,12.8000006079674,0.8833333371828,71.2399979829788,282.969997882843,136.100002288818,1,"24A_2012",0.8
"1177","222-2-D-BENA",2012,0.136,0.789997455042304,12,2000,17,"222-2","BENA",62,59,8,0,6,0,1,0,0,0.166666667,0,NA,"Hare",NA,1,3,13,0,794.735172,"East","24A","Low Shrub","Tall Shrub","Clay Loam","Mesic",0,676.198608,282,15.59229,-149.808768,67.826375,-0.406828952297937,0.6657580569487,"222-2-D-BENA_2012",11.6333335240682,-8.50000011920929,133,64,8.96666653951009,-10.2750003437201,4.23333342870076,13.7666670481364,12.8000006079674,0.8833333371828,71.2399979829788,282.969997882843,136.100002288818,1,"24A_2012",0.8
"1178","222-3-A-BENA",2012,0.07525,0.280435249970396,50,1962,17,"222-3","BENA",126,65,16,0,21,0,3,0,0,0.142857143,0,NA,"Hare",NA,1,2,11,1,778.440723,"East","24A","Low Shrub","Low Shrub","Clay Loam","Mesic",0,672.469177,278,13.422374,-149.809021,67.826615,0.260517285623449,1.29760114350329,"222-3-A-BENA_2012",11.6333335240682,-8.50000011920929,133,64,8.96666653951009,-10.2750003437201,4.23333342870076,13.7666670481364,12.8000006079674,0.8833333371828,71.2399979829788,282.969997882843,136.100002288818,1,"24A_2012",0.8
"1179","222-3-B-BENA",2012,0.1405,1.26613802301854,9,2003,17,"222-3","BENA",70,62,8,0,8,0,0,0,0,0,0,NA,NA,NA,0,2,11,1,778.440723,"East","24A","Low Shrub","Low Shrub","Clay Loam","Mesic",0,672.469177,278,13.422374,-149.809021,67.826615,-0.27843419182006,0.756968080802505,"222-3-B-BENA_2012",11.6333335240682,-8.50000011920929,133,64,8.96666653951009,-10.2750003437201,4.23333342870076,13.7666670481364,12.8000006079674,0.8833333371828,71.2399979829788,282.969997882843,136.100002288818,1,"24A_2012",0.8
"1180","222-4-C-BENA",2012,0.1505,1.28935203653408,10,2002,17,"222-4","BENA",92,74,9,12,11,0,1,0,0,0.090909091,0,NA,"Hare",NA,1,0,15,0,805.061274,"East","24A","Low Shrub","Low Shrub","Clay Loam","Mesic",0,678.755371,278,16.631924,-149.808355,67.826658,-0.134534962359048,0.87412231696402,"222-4-C-BENA_2012",11.6333335240682,-8.50000011920929,133,64,8.96666653951009,-10.2750003437201,4.23333342870076,13.7666670481364,12.8000006079674,0.8833333371828,71.2399979829788,282.969997882843,136.100002288818,1,"24A_2012",0.8
"1181","222-4-D-BENA",2012,0.16725,1.03969732598539,17,1995,17,"222-4","BENA",107,70,8,0,14,0,0,0,0,0,0,NA,NA,NA,0,0,15,0,805.061274,"East","24A","Low Shrub","Low Shrub","Clay Loam","Mesic",0,678.755371,278,16.631924,-149.808355,67.826658,0.283474080193379,1.32773446524727,"222-4-D-BENA_2012",11.6333335240682,-8.50000011920929,133,64,8.96666653951009,-10.2750003437201,4.23333342870076,13.7666670481364,12.8000006079674,0.8833333371828,71.2399979829788,282.969997882843,136.100002288818,1,"24A_2012",0.8
"1182","235-1-A-BENA",2012,0.11625,0.602322833257207,33,1979,18,"235-1","BENA",59,29,10,0,18,0,0,0,0,0,0,NA,NA,NA,0,0,5,0,477.732622,"East","24A","Low Shrub","Low Shrub","Sandy Gravel","Mesic",0,813.776917,295,20.303024,-149.727576,68.004859,0.529117356778656,1.69743341912246,"235-1-A-BENA_2012",9.43333339691162,-9.74999979448815,140,80,7.83333349227905,-11.4166668007771,3.23333350817362,12.5000003178914,7.40000005066395,0.808333337927858,57.9899977445602,291.939997196198,131.200002670288,1,"24A_2012",0.8
"1183","235-1-B-BENA",2012,0.23575,1.7421480185501,20,1992,18,"235-1","BENA",42,18,10,0,10,0,1,0,0,0.1,0,NA,"Hare",NA,1,0,5,0,477.732622,"East","24A","Low Shrub","Low Shrub","Sandy Gravel","Mesic",0,813.776917,295,20.303024,-149.727576,68.004859,0.993603406890549,2.7009495784189,"235-1-B-BENA_2012",9.43333339691162,-9.74999979448815,140,80,7.83333349227905,-11.4166668007771,3.23333350817362,12.5000003178914,7.40000005066395,0.808333337927858,57.9899977445602,291.939997196198,131.200002670288,1,"24A_2012",0.8
"1184","235-2-A-BENA",2012,0.209,1.66413461532938,12,2000,18,"235-2","BENA",71,49,9,0,16,0,0,0,0,0,0,NA,NA,NA,0,0,0,0,510.631222,"East","24A","Dwarf Shrub-Lichen","Low Shrub","Sandy Gravel","Mesic",0,828.022217,289,26.243103,-149.726481,68.004961,0.338201840456101,1.40242354064727,"235-2-A-BENA_2012",9.43333339691162,-9.74999979448815,140,80,7.83333349227905,-11.4166668007771,3.23333350817362,12.5000003178914,7.40000005066395,0.808333337927858,57.9899977445602,291.939997196198,131.200002670288,1,"24A_2012",0.8
"1185","235-2-B-BENA",2012,0.08175,0.351015841322272,29,1983,18,"235-2","BENA",54,38,8,0,9,0,0,0,0,0,0,NA,NA,NA,NA,0,0,0,510.631222,"East","24A","Dwarf Shrub-Lichen","Low Shrub","Sandy Gravel","Mesic",0,828.022217,289,26.243103,-149.726481,68.004961,-0.165038211109111,0.847861305748067,"235-2-B-BENA_2012",9.43333339691162,-9.74999979448815,140,80,7.83333349227905,-11.4166668007771,3.23333350817362,12.5000003178914,7.40000005066395,0.808333337927858,57.9899977445602,291.939997196198,131.200002670288,1,"24A_2012",0.8
"1186","235-2-C-BENA",2012,0.02325,0.035297560608949,24,1988,18,"235-2","BENA",58,33,8,0,9,0,2,0,0,0.222222222,0,NA,"Hare",NA,1,0,0,0,510.631222,"East","24A","Dwarf Shrub-Lichen","Low Shrub","Sandy Gravel","Mesic",0,828.022217,289,26.243103,-149.726481,68.004961,-2.68788550041563,0.0680246254483877,"235-2-C-BENA_2012",9.43333339691162,-9.74999979448815,140,80,7.83333349227905,-11.4166668007771,3.23333350817362,12.5000003178914,7.40000005066395,0.808333337927858,57.9899977445602,291.939997196198,131.200002670288,1,"24A_2012",0.8
"1187","235-3-B-BENA",2012,0.09875,0.322564007455036,27,1985,18,"235-3","BENA",59,31,10,0,15,0,0,0,0,0,0,NA,NA,NA,0,0,1,0,482.982181,"East","24A","Dwarf Shrub-Lichen","Low Shrub","Sandy Gravel","Mesic",0,817.546387,298,18.704132,-149.726784,68.005244,-0.334842719678859,0.715450603804665,"235-3-B-BENA_2012",9.43333339691162,-9.74999979448815,140,80,7.83333349227905,-11.4166668007771,3.23333350817362,12.5000003178914,7.40000005066395,0.808333337927858,57.9899977445602,291.939997196198,131.200002670288,1,"24A_2012",0.8
"1188","235-3-C-BENA",2012,0.3605,3.38970464579603,12,2000,18,"235-3","BENA",57,42,7,0,11,0,0,0,0,0,0,NA,NA,NA,0,0,1,0,482.982181,"East","24A","Dwarf Shrub-Lichen","Low Shrub","Sandy Gravel","Mesic",0,817.546387,298,18.704132,-149.726784,68.005244,1.04963939515659,2.85662082100543,"235-3-C-BENA_2012",9.43333339691162,-9.74999979448815,140,80,7.83333349227905,-11.4166668007771,3.23333350817362,12.5000003178914,7.40000005066395,0.808333337927858,57.9899977445602,291.939997196198,131.200002670288,1,"24A_2012",0.8
"1189","235-4-A-BENA",2012,0.2465,1.78306196142551,22,1990,18,"235-4","BENA",45,36,11,0,13,0,0,0,0,0,0,NA,NA,NA,0,0,0,0,503.848767,"East","24A","Low Shrub","Low Shrub","Sandy Gravel","Mesic",0,825.290771,293,20.728168,-149.726015,68.005351,1.13055397215142,3.09737188270935,"235-4-A-BENA_2012",9.43333339691162,-9.74999979448815,140,80,7.83333349227905,-11.4166668007771,3.23333350817362,12.5000003178914,7.40000005066395,0.808333337927858,57.9899977445602,291.939997196198,131.200002670288,1,"24A_2012",0.8
"1190","235-4-C-BENA",2012,0.2205,3.12174799819523,16,1996,18,"235-4","BENA",61,45,11,0,10,0,0,0,0,0,0,NA,NA,NA,0,0,0,0,503.848767,"East","24A","Low Shrub","Low Shrub","Sandy Gravel","Mesic",0,825.290771,293,20.728168,-149.726015,68.005351,1.31059183867692,3.70836781837088,"235-4-C-BENA_2012",9.43333339691162,-9.74999979448815,140,80,7.83333349227905,-11.4166668007771,3.23333350817362,12.5000003178914,7.40000005066395,0.808333337927858,57.9899977445602,291.939997196198,131.200002670288,1,"24A_2012",0.8
"1191","240-1-C-BENA",2012,0.2105,2.36615019731157,6,2006,19,"240-1","BENA",52,36,9,0,17,0,0,0,0,0,0,NA,NA,NA,0,0,1,0,395.986648,"West","24A","Low Shrub","Low Shrub","Sandy Loam","Mesic",0,1043.032227,75,23.365055,-149.606437,68.069578,-0.136998471113689,0.871971559276471,"240-1-C-BENA_2012",8.38645935058594,-10.2325225820144,176.3089427948,116.812441825867,7.83333349227905,-11.4166668007771,3.23333350817362,12.5000003178914,7.40000005066395,0.808333337927858,57.9899977445602,291.939997196198,131.200002670288,1,"24A_2012",0.8
"1192","240-1-D-BENA",2012,0.17575,1.20958955160346,13,1999,19,"240-1","BENA",70,38,7,0,13,0,0,0,0,0,0,NA,NA,NA,0,0,1,0,395.986648,"West","24A","Low Shrub","Low Shrub","Sandy Loam","Mesic",0,1043.032227,75,23.365055,-149.606437,68.069578,0.114695747713276,1.12153215693348,"240-1-D-BENA_2012",8.38645935058594,-10.2325225820144,176.3089427948,116.812441825867,7.83333349227905,-11.4166668007771,3.23333350817362,12.5000003178914,7.40000005066395,0.808333337927858,57.9899977445602,291.939997196198,131.200002670288,1,"24A_2012",0.8
"1193","240-2-A-BENA",2012,0.0945,0.573870017642268,16,1996,19,"240-2","BENA",90,57,9,0,23,0,0,2,0,0,0.086956522,NA,NA,"Ptarmagin",1,0,0,0,426.292991,"West","24A","Tussock Tundra (Low shrub or Herbaceous)","Low Shrub","Sandy Loam","Mesic",0,1048.270996,87,24.096361,-149.606886,68.069926,-0.383153620498414,0.681708166893304,"240-2-A-BENA_2012",8.38645935058594,-10.2325225820144,176.3089427948,116.812441825867,7.83333349227905,-11.4166668007771,3.23333350817362,12.5000003178914,7.40000005066395,0.808333337927858,57.9899977445602,291.939997196198,131.200002670288,1,"24A_2012",0.8
"1194","240-2-D-BENA",2012,0.1755,0.930402299314702,14,1998,19,"240-2","BENA",84,31,8,0,10,0,0,0,0,0,0,NA,NA,NA,0,0,0,0,426.292991,"West","24A","Tussock Tundra (Low shrub or Herbaceous)","Low Shrub","Sandy Loam","Mesic",0,1048.270996,87,24.096361,-149.606886,68.069926,-0.0592876400109623,0.942435647966206,"240-2-D-BENA_2012",8.38645935058594,-10.2325225820144,176.3089427948,116.812441825867,7.83333349227905,-11.4166668007771,3.23333350817362,12.5000003178914,7.40000005066395,0.808333337927858,57.9899977445602,291.939997196198,131.200002670288,1,"24A_2012",0.8
"1195","240-3-A-BENA",2012,0.256,3.28253706640045,8,2004,19,"240-3","BENA",66,43,8,0,18,0,0,0,0,0,0,NA,NA,NA,0,0,1,3,399.798137,"West","24A","Low Shrub","Low Shrub","Sandy Loam","Mesic",0,1034.808228,93,20.584356,-149.606025,68.07014,0.533656038280856,1.70515503851339,"240-3-A-BENA_2012",8.38645935058594,-10.2325225820144,176.3089427948,116.812441825867,7.83333349227905,-11.4166668007771,3.23333350817362,12.5000003178914,7.40000005066395,0.808333337927858,57.9899977445602,291.939997196198,131.200002670288,1,"24A_2012",0.8
"1196","240-3-D-BENA",2012,0.1755,1.17685553059984,28,1984,19,"240-3","BENA",97,46,12,0,13,0,0,2,0,0,0.153846154,NA,NA,"Ptarmagin",1,0,1,3,399.798137,"West","24A","Low Shrub","Low Shrub","Sandy Loam","Mesic",0,1034.808228,93,20.584356,-149.606025,68.07014,1.00285596232404,2.72605623536953,"240-3-D-BENA_2012",8.38645935058594,-10.2325225820144,176.3089427948,116.812441825867,7.83333349227905,-11.4166668007771,3.23333350817362,12.5000003178914,7.40000005066395,0.808333337927858,57.9899977445602,291.939997196198,131.200002670288,1,"24A_2012",0.8
"1197","240-4-B-BENA",2012,0.13125,0.578813902731312,44,1968,19,"240-4","BENA",102,72,15,0,13,0,0,0,0,0,0,NA,NA,NA,0,0,2,0,431.079046,"West","24A","Low Shrub","Low Shrub","Sandy Loam","Mesic",0,1046.807861,94,24.616484,-149.606605,68.070368,0.832606936947266,2.29930507723122,"240-4-B-BENA_2012",8.38645935058594,-10.2325225820144,176.3089427948,116.812441825867,7.83333349227905,-11.4166668007771,3.23333350817362,12.5000003178914,7.40000005066395,0.808333337927858,57.9899977445602,291.939997196198,131.200002670288,1,"24A_2012",0.8
"1198","240-4-D-BENA",2012,0.1,0.639785343903562,27,1985,19,"240-4","BENA",83,41,16,0,29,0,0,3,0,0,0.103448276,NA,NA,"Ptarmagin",1,0,2,0,431.079046,"West","24A","Low Shrub","Low Shrub","Sandy Loam","Mesic",0,1046.807861,94,24.616484,-149.606605,68.070368,0.34998841099345,1.41905110310543,"240-4-D-BENA_2012",8.38645935058594,-10.2325225820144,176.3089427948,116.812441825867,7.83333349227905,-11.4166668007771,3.23333350817362,12.5000003178914,7.40000005066395,0.808333337927858,57.9899977445602,291.939997196198,131.200002670288,1,"24A_2012",0.8
"1199","255-1-A-BENA",2012,0.10775,0.635123024056089,43,1969,20,"255-1","BENA",71,26,15,0,17,0,0,0,0,0,0,NA,NA,NA,0,0,0,0,585.543915,"East","26B","Low Shrub","Low Shrub","Sandy Gravel","Mesic - Xeric",0,991.483582,331,1.701594,-149.392735,68.222633,0.898010360772259,2.45471425346662,"255-1-A-BENA_2012",8.77118047078451,-10.6204277575016,180.819458007812,127,6.00000015894572,-12.9666668673356,1.53333334128062,10.5000003178914,4.5,0.708333345130086,47.9299988746643,307.709997177124,133.500003814697,1,"26B_2012",0.27
"1200","255-1-B-BENA",2012,0.11325,0.389496031638849,13,1999,20,"255-1","BENA",41,27,7,0,12,0,0,0,0,0,0,NA,NA,NA,0,0,0,0,585.543915,"East","26B","Low Shrub","Low Shrub","Sandy Gravel","Mesic - Xeric",0,991.483582,331,1.701594,-149.392735,68.222633,-1.0184869428688,0.361140953889586,"255-1-B-BENA_2012",8.77118047078451,-10.6204277575016,180.819458007812,127,6.00000015894572,-12.9666668673356,1.53333334128062,10.5000003178914,4.5,0.708333345130086,47.9299988746643,307.709997177124,133.500003814697,1,"26B_2012",0.27
"1201","255-2-C-BENA",2012,0.04275,0.141991937611085,31,1981,20,"255-2","BENA",65,27,8,0,20,0,0,0,0,0,0,NA,NA,NA,0,0,1,1,631.079496,"East","26B","Low Shrub","Low Shrub","Sandy Gravel","Mesic - Xeric",0,993.382141,286,2.676414,-149.39171,68.222788,-0.990513892290146,0.371385789680896,"255-2-C-BENA_2012",8.77118047078451,-10.6204277575016,180.819458007812,127,6.00000015894572,-12.9666668673356,1.53333334128062,10.5000003178914,4.5,0.708333345130086,47.9299988746643,307.709997177124,133.500003814697,1,"26B_2012",0.27
"1202","255-2-D-BENA",2012,0.32625,2.40221391382891,23,1989,20,"255-2","BENA",60,32,10,0,11,0,0,0,0,0,0,NA,NA,NA,0,0,1,1,631.079496,"East","26B","Low Shrub","Low Shrub","Sandy Gravel","Mesic - Xeric",0,993.382141,286,2.676414,-149.39171,68.222788,1.4816586651147,4.40023815288301,"255-2-D-BENA_2012",8.77118047078451,-10.6204277575016,180.819458007812,127,6.00000015894572,-12.9666668673356,1.53333334128062,10.5000003178914,4.5,0.708333345130086,47.9299988746643,307.709997177124,133.500003814697,1,"26B_2012",0.27
"1203","255-3-A-BENA",2012,0.26225,1.87783458335589,12,2000,20,"255-3","BENA",61,31,7,0,17,0,0,0,0,0,0,NA,NA,NA,0,0,1,0,600.399561,"East","26B","Tussock Tundra (Low shrub or Herbaceous)","Low Shrub","Sandy Gravel","Mesic - Xeric",0,990.277893,304,2.837043,-149.392647,68.223106,0.459015898320303,1.5825158619266,"255-3-A-BENA_2012",8.77118047078451,-10.6204277575016,180.819458007812,127,6.00000015894572,-12.9666668673356,1.53333334128062,10.5000003178914,4.5,0.708333345130086,47.9299988746643,307.709997177124,133.500003814697,1,"26B_2012",0.27
"1204","255-3-D-BENA",2012,0.323,3.2730258946417,7,2005,20,"255-3","BENA",53,42,6,0,12,0,0,1,0,0,0.083333333,NA,NA,"Ptarmagin",1,0,1,0,600.399561,"East","26B","Tussock Tundra (Low shrub or Herbaceous)","Low Shrub","Sandy Gravel","Mesic - Xeric",0,990.277893,304,2.837043,-149.392647,68.223106,0.371406154647711,1.44977178537325,"255-3-D-BENA_2012",8.77118047078451,-10.6204277575016,180.819458007812,127,6.00000015894572,-12.9666668673356,1.53333334128062,10.5000003178914,4.5,0.708333345130086,47.9299988746643,307.709997177124,133.500003814697,1,"26B_2012",0.27
"1205","255-4-B-BENA",2012,0.17425,1.81155797393943,16,1996,20,"255-4","BENA",49,32,10,0,25,0,0,0,0,0,0,NA,NA,NA,0,0,0,2,644.564014,"East","26B","Low Shrub","Low Shrub","Sandy Gravel","Mesic - Xeric",0,993.003235,239,7.430982,-149.391619,68.223199,0.76638597202807,2.15197488572235,"255-4-B-BENA_2012",8.77118047078451,-10.6204277575016,180.819458007812,127,6.00000015894572,-12.9666668673356,1.53333334128062,10.5000003178914,4.5,0.708333345130086,47.9299988746643,307.709997177124,133.500003814697,1,"26B_2012",0.27
"1206","255-4-D-BENA",2012,0.03625,0.0848711072844322,35,1977,20,"255-4","BENA",56,29,5,0,12,0,0,0,0,0,0,NA,NA,NA,0,0,0,2,644.564014,"East","26B","Low Shrub","Low Shrub","Sandy Gravel","Mesic - Xeric",0,993.003235,239,7.430982,-149.391619,68.223199,-1.36032584922448,0.256577157862778,"255-4-D-BENA_2012",8.77118047078451,-10.6204277575016,180.819458007812,127,6.00000015894572,-12.9666668673356,1.53333334128062,10.5000003178914,4.5,0.708333345130086,47.9299988746643,307.709997177124,133.500003814697,1,"26B_2012",0.27
"1207","261-1-C-BENA",2012,0.058,0.120381641695356,36,1976,21,"261-1","BENA",52,23,10,0,13,0,0,0,0,0,0,NA,NA,NA,0,0,0,0,356.206777,"East","26B","Dwarf Shrub","Low Shrub","Sandy Loam","Mesic",0,883.832947,287,13.943512,-149.352299,68.301689,-0.977175130100198,0.376372802759289,"261-1-C-BENA_2012",8.99827226003011,-10.7331438809633,196.798999786377,130.051840305328,6.00000015894572,-12.9666668673356,1.53333334128062,10.5000003178914,4.5,0.708333345130086,47.9299988746643,307.709997177124,133.500003814697,1,"26B_2012",0.27
"1208","261-1-D-BENA",2012,0.04225,0.188247569745293,23,1989,21,"261-1","BENA",59,19,9,0,15,0,0,0,0,0,0,NA,NA,NA,0,0,0,0,356.206777,"East","26B","Dwarf Shrub","Low Shrub","Sandy Loam","Mesic",0,883.832947,287,13.943512,-149.352299,68.301689,-1.06472943323107,0.344821139288322,"261-1-D-BENA_2012",8.99827226003011,-10.7331438809633,196.798999786377,130.051840305328,6.00000015894572,-12.9666668673356,1.53333334128062,10.5000003178914,4.5,0.708333345130086,47.9299988746643,307.709997177124,133.500003814697,1,"26B_2012",0.27
"1209","261-2-B-BENA",2012,0.1435,0.907046914129753,26,1986,21,"261-2","BENA",66,25,12,0,19,0,0,0,0,0,0,NA,NA,NA,0,0,0,1,388.99561,"East","26B","Dwarf Shrub-Lichen","Low Shrub","Sandy Loam","Mesic",0,888.892761,295,13.025289,-149.351465,68.301786,0.654012872389522,1.92324309368438,"261-2-B-BENA_2012",8.99827226003011,-10.7331438809633,196.798999786377,130.051840305328,6.00000015894572,-12.9666668673356,1.53333334128062,10.5000003178914,4.5,0.708333345130086,47.9299988746643,307.709997177124,133.500003814697,1,"26B_2012",0.27
"1210","261-2-C-BENA",2012,0.12675,0.326421883233644,21,1991,21,"261-2","BENA",37,18,8,0,13,0,0,0,0,0,0,NA,NA,NA,0,0,0,1,388.99561,"East","26B","Dwarf Shrub-Lichen","Low Shrub","Sandy Loam","Mesic",0,888.892761,295,13.025289,-149.351465,68.301786,-0.622856863798516,0.536409796778962,"261-2-C-BENA_2012",8.99827226003011,-10.7331438809633,196.798999786377,130.051840305328,6.00000015894572,-12.9666668673356,1.53333334128062,10.5000003178914,4.5,0.708333345130086,47.9299988746643,307.709997177124,133.500003814697,1,"26B_2012",0.27
"1211","261-3-A-BENA",2012,0.367,3.84398365589409,7,2005,21,"261-3","BENA",70,41,11,0,15,0,0,0,0,0,0,NA,NA,NA,0,0,0,1,380.53651,"East","26B","Tussock Tundra (Low shrub or Herbaceous)","Low Shrub","Sandy Loam","Mesic",0,884.224731,295,11.657486,-149.351558,68.302088,0.532200486818068,1.7026749030231,"261-3-A-BENA_2012",8.99827226003011,-10.7331438809633,196.798999786377,130.051840305328,6.00000015894572,-12.9666668673356,1.53333334128062,10.5000003178914,4.5,0.708333345130086,47.9299988746643,307.709997177124,133.500003814697,1,"26B_2012",0.27
"1212","261-3-D-BENA",2012,0.251333333333333,1.69497987913448,32,1980,21,"261-3","BENA",74,41,14,0,26,0,0,0,0,0,0,NA,NA,NA,0,0,0,1,380.53651,"East","26B","Tussock Tundra (Low shrub or Herbaceous)","Low Shrub","Sandy Loam","Mesic",0,884.224731,295,11.657486,-149.351558,68.302088,1.52702892683694,4.60447624386947,"261-3-D-BENA_2012",8.99827226003011,-10.7331438809633,196.798999786377,130.051840305328,6.00000015894572,-12.9666668673356,1.53333334128062,10.5000003178914,4.5,0.708333345130086,47.9299988746643,307.709997177124,133.500003814697,1,"26B_2012",0.27
"1213","261-4-A-BENA",2012,0.07875,0.25179177895129,47,1965,21,"261-4","BENA",45,23,13,0,13,0,0,0,0,0,0,NA,NA,NA,0,0,0,0,405.679111,"East","26B","Low Shrub","Low Shrub","Sandy Loam","Mesic",0,886.626587,308,9.946874,-149.350886,68.302265,0.0789385865802092,1.08213786224277,"261-4-A-BENA_2012",8.99827226003011,-10.7331438809633,196.798999786377,130.051840305328,6.00000015894572,-12.9666668673356,1.53333334128062,10.5000003178914,4.5,0.708333345130086,47.9299988746643,307.709997177124,133.500003814697,1,"26B_2012",0.27
"1214","261-4-B-BENA",2012,0.1515,0.549247785219757,26,1986,21,"261-4","BENA",71,30,12,0,13,0,0,0,0,0,0,NA,NA,NA,0,0,0,0,405.679111,"East","26B","Low Shrub","Low Shrub","Sandy Loam","Mesic",0,886.626587,308,9.946874,-149.350886,68.302265,0.152368377987684,1.16458916643669,"261-4-B-BENA_2012",8.99827226003011,-10.7331438809633,196.798999786377,130.051840305328,6.00000015894572,-12.9666668673356,1.53333334128062,10.5000003178914,4.5,0.708333345130086,47.9299988746643,307.709997177124,133.500003814697,1,"26B_2012",0.27
"1215","268-1-B-BENA",2012,0.07975,0.324138730772648,27,1985,22,"268-1","BENA",63,26,6,0,12,0,0,0,0,0,0,NA,NA,NA,0,0,1,2,212.091228,"West","26B","Low Shrub","Low Shrub","Sandy Gravel","Mesic",0,818.738892,195,1.432166,-149.327109,68.400098,-0.329972703404476,0.718943357870129,"268-1-B-BENA_2012",10.0939814249674,-10.0950521212071,206,110.954864501953,6.00000015894572,-12.9666668673356,1.53333334128062,10.5000003178914,4.5,0.708333345130086,47.9299988746643,307.709997177124,133.500003814697,1,"26B_2012",0.27
"1216","268-1-C-BENA",2012,0.05025,0.227365110671468,24,1988,22,"268-1","BENA",47,18,6,0,11,0,0,0,0,0,0,NA,NA,NA,0,0,1,2,212.091228,"West","26B","Low Shrub","Low Shrub","Sandy Gravel","Mesic",0,818.738892,195,1.432166,-149.327109,68.400098,-0.825142214985764,0.438172673313198,"268-1-C-BENA_2012",10.0939814249674,-10.0950521212071,206,110.954864501953,6.00000015894572,-12.9666668673356,1.53333334128062,10.5000003178914,4.5,0.708333345130086,47.9299988746643,307.709997177124,133.500003814697,1,"26B_2012",0.27
"1217","268-2-A-BENA",2012,0.1435,1.0328252884052,22,1990,22,"268-2","BENA",60,23,9,0,24,0,0,0,0,0,0,NA,NA,NA,0,0,0,4,184.615387,"West","26B","Low Shrub","Low Shrub","Sandy Gravel","Mesic",0,819.441162,203,1.359031,-149.326454,68.400307,0.58451992819238,1.7941294678845,"268-2-A-BENA_2012",10.0939814249674,-10.0950521212071,206,110.954864501953,6.00000015894572,-12.9666668673356,1.53333334128062,10.5000003178914,4.5,0.708333345130086,47.9299988746643,307.709997177124,133.500003814697,1,"26B_2012",0.27
"1218","268-3-C-BENA",2012,0.2425,1.69241915938781,9,2003,22,"268-3","BENA",50,27,5,0,11,0,0,0,0,0,0,NA,NA,NA,0,0,0,0,206.549982,"West","26B","Low Shrub","Low Shrub","Sandy Gravel","Mesic",0,819.661011,150,1.610195,-149.326989,68.400547,0.0117534281177152,1.01182277106011,"268-3-C-BENA_2012",10.0939814249674,-10.0950521212071,206,110.954864501953,6.00000015894572,-12.9666668673356,1.53333334128062,10.5000003178914,4.5,0.708333345130086,47.9299988746643,307.709997177124,133.500003814697,1,"26B_2012",0.27
"1219","268-4-C-BENA",2012,0.0545,0.299458182536506,33,1979,22,"268-4","BENA",58,32,8,0,18,0,0,0,0,0,0,NA,NA,NA,0,0,0,5,171.881056,"West","26B","Dwarf Shrub-Lichen","Low Shrub","Sandy Gravel","Mesic",0,820.486511,188,1.085947,-149.326166,68.400831,-0.169701429103988,0.843916747964424,"268-4-C-BENA_2012",10.0939814249674,-10.0950521212071,206,110.954864501953,6.00000015894572,-12.9666668673356,1.53333334128062,10.5000003178914,4.5,0.708333345130086,47.9299988746643,307.709997177124,133.500003814697,1,"26B_2012",0.27
"1220","268-4-D-BENA",2012,0.069,0.21070033609096,24,1988,22,"268-4","BENA",57,23,7,0,15,0,0,0,0,0,0,NA,NA,NA,0,0,0,5,171.881056,"West","26B","Dwarf Shrub-Lichen","Low Shrub","Sandy Gravel","Mesic",0,820.486511,188,1.085947,-149.326166,68.400831,-0.901262441479741,0.406056713188367,"268-4-D-BENA_2012",10.0939814249674,-10.0950521212071,206,110.954864501953,6.00000015894572,-12.9666668673356,1.53333334128062,10.5000003178914,4.5,0.708333345130086,47.9299988746643,307.709997177124,133.500003814697,1,"26B_2012",0.27
"1221","282-1-B-BENA",2012,0.0836666666666667,0.339860649274417,23,1989,23,"282-1","BENA",41,18,8,0,9,0,0,0,0,0,0,NA,NA,NA,0,0,0,0,577.316923,"West","26B","Tussock Tundra (Low shrub or Herbaceous)","Tussock Tundra","Clay Loam","Mesic",0,826.622314,26,2.82316,-149.530032,68.582817,-0.473951711586768,0.622537313180922,"282-1-B-BENA_2012",10.6000000635783,-9.75000000186265,193,89,10.4333333969116,-9.41666685044765,5.76666673024495,15.1333338419596,16.5000002384186,0.958333358789484,78.4499981403351,269.179996609688,114.600004196167,1,"26B_2012",0.27
"1222","282-1-D-BENA",2012,0.3535,3.61485002490819,22,1990,23,"282-1","BENA",74,20,11,0,15,0,0,0,0,0,0,NA,NA,NA,0,0,0,0,577.316923,"West","26B","Tussock Tundra (Low shrub or Herbaceous)","Tussock Tundra","Clay Loam","Mesic",0,826.622314,26,2.82316,-149.530032,68.582817,1.83727225051851,6.27938628583076,"282-1-D-BENA_2012",10.6000000635783,-9.75000000186265,193,89,10.4333333969116,-9.41666685044765,5.76666673024495,15.1333338419596,16.5000002384186,0.958333358789484,78.4499981403351,269.179996609688,114.600004196167,1,"26B_2012",0.27
"1223","282-2-A-BENA",2012,0.04725,0.0701751295500212,25,1987,23,"282-2","BENA",44,16,6,0,7,0,0,0,0,0,0,NA,NA,NA,0,0,0,0,604.079816,"West","26B","Low Shrub","Low Shrub-Tussock Tundra","Clay Loam","Mesic",0,826.41803,354,3.355184,-149.530916,68.583004,-1.95199092533502,0.141991096317662,"282-2-A-BENA_2012",10.6000000635783,-9.75000000186265,193,89,10.4333333969116,-9.41666685044765,5.76666673024495,15.1333338419596,16.5000002384186,0.958333358789484,78.4499981403351,269.179996609688,114.600004196167,1,"26B_2012",0.27
"1224","282-2-B-BENA",2012,0.0555,0.214722360085719,21,1991,23,"282-2","BENA",27,18,6,0,5,0,0,0,0,0,0,NA,NA,NA,0,0,0,0,604.079816,"West","26B","Low Shrub","Low Shrub-Tussock Tundra","Clay Loam","Mesic",0,826.41803,354,3.355184,-149.530916,68.583004,-1.04170168368158,0.35285372535835,"282-2-B-BENA_2012",10.6000000635783,-9.75000000186265,193,89,10.4333333969116,-9.41666685044765,5.76666673024495,15.1333338419596,16.5000002384186,0.958333358789484,78.4499981403351,269.179996609688,114.600004196167,1,"26B_2012",0.27
"1225","282-3-B-BENA",2012,0.06675,0.264590627422017,18,1994,23,"282-3","BENA",31,18,7,0,8,0,0,0,0,0,0,NA,NA,NA,0,0,0,0,571.732475,"West","26B","Low Shrub","Low Shrub-Tussock Tundra","Clay Loam","Mesic",0,823.876221,27,3.830761,-149.53038,68.583298,-1.01681766325138,0.361744302561649,"282-3-B-BENA_2012",10.6000000635783,-9.75000000186265,193,89,10.4333333969116,-9.41666685044765,5.76666673024495,15.1333338419596,16.5000002384186,0.958333358789484,78.4499981403351,269.179996609688,114.600004196167,1,"26B_2012",0.27
"1226","282-3-D-BENA",2012,0.368,3.41513740912316,15,1997,23,"282-3","BENA",82,20,10,0,18,0,0,0,0,0,0,NA,NA,NA,0,0,0,0,571.732475,"West","26B","Low Shrub","Low Shrub-Tussock Tundra","Clay Loam","Mesic",0,823.876221,27,3.830761,-149.53038,68.583298,1.32340015553569,3.75617125568052,"282-3-D-BENA_2012",10.6000000635783,-9.75000000186265,193,89,10.4333333969116,-9.41666685044765,5.76666673024495,15.1333338419596,16.5000002384186,0.958333358789484,78.4499981403351,269.179996609688,114.600004196167,1,"26B_2012",0.27
"1227","282-4-A-BENA",2012,0.10575,0.795425930798167,24,1988,23,"282-4","BENA",52,15,7,0,6,0,0,0,0,0,0,NA,NA,NA,0,0,0,0,597.547448,"West","26B","Tussock Tundra (Low shrub or Herbaceous)","Low Shrub-Tussock Tundra","Clay Loam","Mesic",0,823.620117,358,4.137664,-149.531178,68.583423,0.427178375790677,1.53292607423875,"282-4-A-BENA_2012",10.6000000635783,-9.75000000186265,193,89,10.4333333969116,-9.41666685044765,5.76666673024495,15.1333338419596,16.5000002384186,0.958333358789484,78.4499981403351,269.179996609688,114.600004196167,1,"26B_2012",0.27
"1228","282-4-C-BENA",2012,0.2045,1.70282882664548,12,2000,23,"282-4","BENA",38,12,6,0,9,0,0,0,0,0,0,NA,NA,NA,0,0,0,0,597.547448,"West","26B","Tussock Tundra (Low shrub or Herbaceous)","Low Shrub-Tussock Tundra","Clay Loam","Mesic",0,823.620117,358,4.137664,-149.531178,68.583423,0.361187486489602,1.43503248486164,"282-4-C-BENA_2012",10.6000000635783,-9.75000000186265,193,89,10.4333333969116,-9.41666685044765,5.76666673024495,15.1333338419596,16.5000002384186,0.958333358789484,78.4499981403351,269.179996609688,114.600004196167,1,"26B_2012",0.27
"1229","60-1-A-BENA",2012,0.35925,5.9813887979611,8,2004,1,"60-1","BENA",121,NA,11,3,23,0,2,0,0,0.086956522,0,NA,"Hare",NA,1,0,1,0,1438.56091,"West","20F","Low Shrub","Low Shrub-Tussock Tundra","Silt Loam","Mesic",0,110.943649,215,1.507567,-149.840126,65.909691,1.13369220048538,3.10710741107797,"60-1-A-BENA_2012",14.1924772262573,-7.10263300935427,104.315948486328,69.2256784439087,13.4666668574015,-5.15833348035812,8.46666685740153,18.5333340962728,75.600001335144,0.983333346744378,100.869997024536,239.949997004122,149.300003051758,1,"20F_2012",0.375
"1230","60-1-B-BENA",2012,0.6125,7.92973328683417,8,2004,1,"60-1","BENA",129,NA,14,0,32,0,4,0,0,0.125,0,NA,"Hare",NA,1,0,1,0,1438.56091,"West","20F","Low Shrub","Low Shrub-Tussock Tundra","Silt Loam","Mesic",0,110.943649,215,1.507567,-149.840126,65.909691,1.41565882066758,4.1191993859006,"60-1-B-BENA_2012",14.1924772262573,-7.10263300935427,104.315948486328,69.2256784439087,13.4666668574015,-5.15833348035812,8.46666685740153,18.5333340962728,75.600001335144,0.983333346744378,100.869997024536,239.949997004122,149.300003051758,1,"20F_2012",0.375
"1231","60-2-A-BENA",2012,0.1,0.598630480141533,11,2001,1,"60-2","BENA",89,NA,9,0,10,0,0,0,0,0,0,NA,NA,NA,0,0,2,0,1432.670461,"West","20F","Low Shrub","Low Shrub","Silt Loam","Mesic",0,110.927505,264,1.953402,-149.84073,65.909949,-0.788048202042463,0.45473147365386,"60-2-A-BENA_2012",14.1924772262573,-7.10263300935427,104.315948486328,69.2256784439087,13.4666668574015,-5.15833348035812,8.46666685740153,18.5333340962728,75.600001335144,0.983333346744378,100.869997024536,239.949997004122,149.300003051758,1,"20F_2012",0.375
"1232","60-2-D-BENA",2012,0.24125,1.33979403722873,11,2001,1,"60-2","BENA",102,NA,7,0,18,0,0,0,0,0,0,NA,NA,NA,0,0,2,0,1432.670461,"West","20F","Low Shrub","Low Shrub","Silt Loam","Mesic",0,110.927505,264,1.953402,-149.84073,65.909949,0.0175784623589793,1.01773387281856,"60-2-D-BENA_2012",14.1924772262573,-7.10263300935427,104.315948486328,69.2256784439087,13.4666668574015,-5.15833348035812,8.46666685740153,18.5333340962728,75.600001335144,0.983333346744378,100.869997024536,239.949997004122,149.300003051758,1,"20F_2012",0.375
"1233","60-3-D-BENA",2012,0.12625,0.738418590506127,8,2004,1,"60-3","BENA",101,NA,8,0,12,0,0,0,0,0,0,NA,NA,NA,0,0,3,0,1403.187226,"West","20F","Low Shrub","Black Spruce Woodland","Silt Loam","Mesic",0,111.24585,78,1.323723,-149.840194,65.910114,-0.958205000343891,0.383580795787997,"60-3-D-BENA_2012",14.1924772262573,-7.10263300935427,104.315948486328,69.2256784439087,13.4666668574015,-5.15833348035812,8.46666685740153,18.5333340962728,75.600001335144,0.983333346744378,100.869997024536,239.949997004122,149.300003051758,1,"20F_2012",0.375
"1234","60-4-A-BENA",2012,0.18925,1.05130668893765,13,1999,1,"60-4","BENA",92,NA,7,13,13,0,0,0,0,0,0,NA,NA,NA,0,0,1,0,1406.241796,"West","20F","Tall Shrub (Open-Closed)","Black Spruce Woodland","Silt Loam","Mesic",0,110.670654,252,1.181915,-149.840942,65.910317,-0.0255514846798015,0.974772191839642,"60-4-A-BENA_2012",14.1924772262573,-7.10263300935427,104.315948486328,69.2256784439087,13.4666668574015,-5.15833348035812,8.46666685740153,18.5333340962728,75.600001335144,0.983333346744378,100.869997024536,239.949997004122,149.300003051758,1,"20F_2012",0.375
"1235","60-4-B-BENA",2012,0.0795,0.408227188787254,22,1990,1,"60-4","BENA",95,NA,9,0,9,0,2,0,0,0.222222222,0,NA,"Hare",NA,1,0,1,0,1406.241796,"West","20F","Tall Shrub (Open-Closed)","Black Spruce Woodland","Silt Loam","Mesic",0,110.670654,252,1.181915,-149.840942,65.910317,-0.343709541636242,0.709134872293639,"60-4-B-BENA_2012",14.1924772262573,-7.10263300935427,104.315948486328,69.2256784439087,13.4666668574015,-5.15833348035812,8.46666685740153,18.5333340962728,75.600001335144,0.983333346744378,100.869997024536,239.949997004122,149.300003051758,1,"20F_2012",0.375
"1236","72-1-C-BENA",2012,0.04925,0.184469019181191,44,1968,2,"72-1","BENA",118,71,9,0,11,0,2,0,0,0.181818182,0,NA,"Hare",NA,1,0,0,0,895.937772,"West","20F","Tussock Tundra (Low shrub or Herbaceous)","Black Spruce Woodland","Clay Loam","Mesic",0,130.808105,148,1.606934,-150.14017,66.022623,-0.310892545780681,0.732792613297107,"72-1-C-BENA_2012",14.5000950495402,-6.84757234652837,100.310775756836,63.0997867584229,12.3333336512248,-6.72499988476435,7.43333355585734,17.2999998728434,59.5000014305115,1.04166669150194,99.8099982738495,252.929999649525,150.600002288818,1,"20F_2012",0.375
"1237","72-1-D-BENA",2012,0.03775,0.17673638156346,56,1956,2,"72-1","BENA",65,41,8,7,4,0,0,0,0,0,0,NA,NA,NA,0,0,0,0,895.937772,"West","20F","Tussock Tundra (Low shrub or Herbaceous)","Black Spruce Woodland","Clay Loam","Mesic",0,130.808105,148,1.606934,-150.14017,66.022623,-0.0659268221011489,0.936199370887871,"72-1-D-BENA_2012",14.5000950495402,-6.84757234652837,100.310775756836,63.0997867584229,12.3333336512248,-6.72499988476435,7.43333355585734,17.2999998728434,59.5000014305115,1.04166669150194,99.8099982738495,252.929999649525,150.600002288818,1,"20F_2012",0.375
"1238","72-2-A-BENA",2012,0.1185,0.449526565811346,43,1969,2,"72-2","BENA",121,72,12,21,14,0,0,0,0,0,0,NA,NA,NA,0,0,0,0,855.94066,"West","20F","Tussock Tundra (Low shrub or Herbaceous)","Black Spruce Woodland","Clay Loam","Mesic",0,131.055786,179,2.125059,-150.13956,66.022889,0.552386594942649,1.73739453084535,"72-2-A-BENA_2012",14.5000950495402,-6.84757234652837,100.310775756836,63.0997867584229,12.3333336512248,-6.72499988476435,7.43333355585734,17.2999998728434,59.5000014305115,1.04166669150194,99.8099982738495,252.929999649525,150.600002288818,1,"20F_2012",0.375
"1239","72-2-B-BENA",2012,0.0645,0.435052463058096,13,1999,2,"72-2","BENA",104,67,9,0,5,0,1,0,0,0.2,0,NA,"Hare",NA,1,0,0,0,855.94066,"West","20F","Tussock Tundra (Low shrub or Herbaceous)","Black Spruce Woodland","Clay Loam","Mesic",0,131.055786,179,2.125059,-150.13956,66.022889,-0.907873991232948,0.403380904395185,"72-2-B-BENA_2012",14.5000950495402,-6.84757234652837,100.310775756836,63.0997867584229,12.3333336512248,-6.72499988476435,7.43333355585734,17.2999998728434,59.5000014305115,1.04166669150194,99.8099982738495,252.929999649525,150.600002288818,1,"20F_2012",0.375
"1240","72-3-C-BENA",2012,0.31625,2.49946976840242,10,2002,2,"72-3","BENA",65,39,9,0,4,0,0,0,0,0,0,NA,NA,NA,0,0,1,0,885.368743,"West","20F","Tussock Tundra (Low shrub or Herbaceous)","Black Spruce Woodland","Clay Loam","Mesic",0,132.401993,119,2.284806,-150.140609,66.023021,0.527403859461604,1.69452736198451,"72-3-C-BENA_2012",14.5000950495402,-6.84757234652837,100.310775756836,63.0997867584229,12.3333336512248,-6.72499988476435,7.43333355585734,17.2999998728434,59.5000014305115,1.04166669150194,99.8099982738495,252.929999649525,150.600002288818,1,"20F_2012",0.375
"1241","72-3-D-BENA",2012,0.04975,0.134530262359726,56,1956,2,"72-3","BENA",104,47,11,0,9,0,0,0,0,0,0,NA,NA,NA,0,0,1,0,885.368743,"West","20F","Tussock Tundra (Low shrub or Herbaceous)","Black Spruce Woodland","Clay Loam","Mesic",0,132.401993,119,2.284806,-150.140609,66.023021,-0.338796902072983,0.712627167493144,"72-3-D-BENA_2012",14.5000950495402,-6.84757234652837,100.310775756836,63.0997867584229,12.3333336512248,-6.72499988476435,7.43333355585734,17.2999998728434,59.5000014305115,1.04166669150194,99.8099982738495,252.929999649525,150.600002288818,1,"20F_2012",0.375
"1242","72-4-A-BENA",2012,0.134,0.451283501502866,14,1998,2,"72-4","BENA",97,39,7,0,8,0,0,0,0,0,0,NA,NA,NA,0,0,0,0,844.255779,"West","20F","Tussock Tundra (Low shrub or Herbaceous)","Low Shrub-Tussock Tundra","Clay Loam","Mesic",0,132.260803,156,1.029158,-150.139994,66.023305,-0.782808964081909,0.457120172068121,"72-4-A-BENA_2012",14.5000950495402,-6.84757234652837,100.310775756836,63.0997867584229,12.3333336512248,-6.72499988476435,7.43333355585734,17.2999998728434,59.5000014305115,1.04166669150194,99.8099982738495,252.929999649525,150.600002288818,1,"20F_2012",0.375
"1243","72-4-D-BENA",2012,0.02925,0.0732605662349274,15,1997,2,"72-4","BENA",85,37,8,0,12,0,0,0,0,0,0,NA,NA,NA,0,0,0,0,844.255779,"West","20F","Tussock Tundra (Low shrub or Herbaceous)","Low Shrub-Tussock Tundra","Clay Loam","Mesic",0,132.260803,156,1.029158,-150.139994,66.023305,-2.51855036615654,0.0805763282998225,"72-4-D-BENA_2012",14.5000950495402,-6.84757234652837,100.310775756836,63.0997867584229,12.3333336512248,-6.72499988476435,7.43333355585734,17.2999998728434,59.5000014305115,1.04166669150194,99.8099982738495,252.929999649525,150.600002288818,1,"20F_2012",0.375
"1244","86-1-A-BENA",2012,0.64775,12.1350148241067,8,2004,3,"86-1","BENA",142,NA,20,0,87,1,0,0,0.011494253,0,0,"Moose",NA,NA,1,1,0,0,1072.088921,"West","20F","Tall Shrub (Open-Closed)","Tall Shrub","Gravely Sand Loam","Mesic - Xeric",0,572.239319,57,8.372539,-150.2773,66.212913,1.84113447980181,6.30368561000003,"86-1-A-BENA_2012",12.4666665395101,-7.54166664679845,211,130,12.3333336512248,-6.72499988476435,7.43333355585734,17.2999998728434,59.5000014305115,1.04166669150194,99.8099982738495,252.929999649525,150.600002288818,1,"20F_2012",0.375
"1245","86-1-B-BENA",2012,0.39025,5.26723056767371,7,2005,3,"86-1","BENA",95,NA,11,0,56,0,0,0,0,0,0,NA,NA,NA,0,1,0,0,1072.088921,"West","20F","Tall Shrub (Open-Closed)","Tall Shrub","Gravely Sand Loam","Mesic - Xeric",0,572.239319,57,8.372539,-150.2773,66.212913,0.847195963012343,2.33309558490517,"86-1-B-BENA_2012",12.4666665395101,-7.54166664679845,211,130,12.3333336512248,-6.72499988476435,7.43333355585734,17.2999998728434,59.5000014305115,1.04166669150194,99.8099982738495,252.929999649525,150.600002288818,1,"20F_2012",0.375
"1246","86-2-A-BENA",2012,0.741,18.9221110038734,8,2004,3,"86-2","BENA",118,NA,20,0,82,0,0,0,0,0,0,NA,NA,NA,0,0,0,0,1091.215231,"West","20F","Low Shrub","Tall Shrub","Gravely Sand Loam","Mesic - Xeric",0,576.231995,67,9.004415,-150.278061,66.212989,2.28537055168201,9.82932782323329,"86-2-A-BENA_2012",12.4666665395101,-7.54166664679845,211,130,12.3333336512248,-6.72499988476435,7.43333355585734,17.2999998728434,59.5000014305115,1.04166669150194,99.8099982738495,252.929999649525,150.600002288818,1,"20F_2012",0.375
"1247","86-2-B-BENA",2012,0.58575,11.2844922303984,8,2004,3,"86-2","BENA",94,NA,18,3,35,0,0,0,0,0,0,NA,NA,NA,0,0,0,0,1091.215231,"West","20F","Low Shrub","Tall Shrub","Gravely Sand Loam","Mesic - Xeric",0,576.231995,67,9.004415,-150.278061,66.212989,1.76846883319098,5.86187098408893,"86-2-B-BENA_2012",12.4666665395101,-7.54166664679845,211,130,12.3333336512248,-6.72499988476435,7.43333355585734,17.2999998728434,59.5000014305115,1.04166669150194,99.8099982738495,252.929999649525,150.600002288818,1,"20F_2012",0.375
"1248","86-3-A-BENA",2012,0.98525,17.998129138195,8,2004,3,"86-3","BENA",105,NA,18,0,64,0,0,0,0,0,0,NA,NA,NA,0,0,0,1,1057.338847,"West","20F","Tall Shrub (Open-Closed)","Tall Shrub","Gravely Sand Loam","Mesic - Xeric",0,571.701965,63,9.459789,-150.277761,66.213303,2.23530723475217,9.3493538573995,"86-3-A-BENA_2012",12.4666665395101,-7.54166664679845,211,130,12.3333336512248,-6.72499988476435,7.43333355585734,17.2999998728434,59.5000014305115,1.04166669150194,99.8099982738495,252.929999649525,150.600002288818,1,"20F_2012",0.375
"1249","86-3-D-BENA",2012,0.6605,13.7459828925125,8,2004,3,"86-3","BENA",167,NA,18,0,12,0,0,0,0,0,0,NA,NA,NA,0,0,0,1,1057.338847,"West","20F","Tall Shrub (Open-Closed)","Tall Shrub","Gravely Sand Loam","Mesic - Xeric",0,571.701965,63,9.459789,-150.277761,66.213303,1.96578604718044,7.14052317288511,"86-3-D-BENA_2012",12.4666665395101,-7.54166664679845,211,130,12.3333336512248,-6.72499988476435,7.43333355585734,17.2999998728434,59.5000014305115,1.04166669150194,99.8099982738495,252.929999649525,150.600002288818,1,"20F_2012",0.375
"1250","86-4-C-BENA",2012,0.718333333333333,23.9858259322575,8,2004,3,"86-4","BENA",133,NA,26,0,52,0,0,0,0,0,0,NA,NA,NA,0,2,0,0,1074.730943,"West","20F","Low Shrub","Tall Shrub","Gravely Sand Loam","Mesic - Xeric",0,575.689697,64,9.57597,-150.278532,66.213405,2.52250248875207,12.4597380361476,"86-4-C-BENA_2012",12.4666665395101,-7.54166664679845,211,130,12.3333336512248,-6.72499988476435,7.43333355585734,17.2999998728434,59.5000014305115,1.04166669150194,99.8099982738495,252.929999649525,150.600002288818,1,"20F_2012",0.375
"1251","86-4-D-BENA",2012,0.573666666666667,9.54159041753457,7,2005,3,"86-4","BENA",104,NA,11,0,31,0,0,0,0,0,0,NA,NA,NA,0,2,0,0,1074.730943,"West","20F","Low Shrub","Tall Shrub","Gravely Sand Loam","Mesic - Xeric",0,575.689697,64,9.57597,-150.278532,66.213405,1.44135142956658,4.22640364611098,"86-4-D-BENA_2012",12.4666665395101,-7.54166664679845,211,130,12.3333336512248,-6.72499988476435,7.43333355585734,17.2999998728434,59.5000014305115,1.04166669150194,99.8099982738495,252.929999649525,150.600002288818,1,"20F_2012",0.375
"1252","97-1-C-BENA",2012,0.0675,0.297516678276587,6,2006,4,"97-1","BENA",63,29,7,0,3,0,0,0,0,0,0,NA,NA,NA,0,0,0,0,926.812684,"East","24A","Tussock Tundra (Low shrub or Herbaceous)","Low Shrub","Gravely Sand Loam","Mesic",2004,556.594971,67,6.396444,-150.432109,66.348765,-2.21054771032385,0.109640580789145,"97-1-C-BENA_2012",12.1711804072062,-7.53865778446198,216.729187011719,127.774322509766,12.3333336512248,-6.72499988476435,7.43333355585734,17.2999998728434,59.5000014305115,1.04166669150194,99.8099982738495,252.929999649525,150.600002288818,1,"24A_2012",0.8
"1253","97-1-D-BENA",2012,0.3365,3.93205427894667,8,2004,4,"97-1","BENA",121,53,14,0,19,0,0,0,0,0,0,NA,NA,NA,0,0,0,0,926.812684,"East","24A","Tussock Tundra (Low shrub or Herbaceous)","Low Shrub","Gravely Sand Loam","Mesic",2004,556.594971,67,6.396444,-150.432109,66.348765,0.714201425626061,2.04255489879551,"97-1-D-BENA_2012",12.1711804072062,-7.53865778446198,216.729187011719,127.774322509766,12.3333336512248,-6.72499988476435,7.43333355585734,17.2999998728434,59.5000014305115,1.04166669150194,99.8099982738495,252.929999649525,150.600002288818,1,"24A_2012",0.8
"1254","97-2-A-BENA",2012,0.44125,5.8127995478961,7,2005,4,"97-2","BENA",102,64,9,0,13,0,0,0,0,0,0,NA,NA,NA,0,0,0,0,888.474156,"East","24A","Tussock Tundra (Low shrub or Herbaceous)","Low Shrub","Gravely Sand Loam","Mesic",2004,560.389526,70,6.330689,-150.43305,66.348843,0.945753552275128,2.57475285862126,"97-2-A-BENA_2012",12.1711804072062,-7.53865778446198,216.729187011719,127.774322509766,12.3333336512248,-6.72499988476435,7.43333355585734,17.2999998728434,59.5000014305115,1.04166669150194,99.8099982738495,252.929999649525,150.600002288818,1,"24A_2012",0.8
"1255","97-2-B-BENA",2012,0.304,4.10334726218916,7,2005,4,"97-2","BENA",91,53,13,0,26,0,0,0,0,0,0,NA,NA,NA,0,0,0,0,888.474156,"East","24A","Tussock Tundra (Low shrub or Herbaceous)","Low Shrub","Gravely Sand Loam","Mesic",2004,560.389526,70,6.330689,-150.43305,66.348843,0.597494293612258,1.81755882104368,"97-2-B-BENA_2012",12.1711804072062,-7.53865778446198,216.729187011719,127.774322509766,12.3333336512248,-6.72499988476435,7.43333355585734,17.2999998728434,59.5000014305115,1.04166669150194,99.8099982738495,252.929999649525,150.600002288818,1,"24A_2012",0.8
"1256","97-3-A-BENA",2012,0.36275,3.20715513972618,7,2005,4,"97-3","BENA",91,57,10,0,11,0,0,0,0,0,0,NA,NA,NA,0,0,0,0,924.995234,"East","24A","Tussock Tundra (Low shrub or Herbaceous)","Tall Shrub","Gravely Sand Loam","Mesic",2004,557.015015,71,7.919354,-150.432427,66.349149,0.351075542451969,1.42059463706101,"97-3-A-BENA_2012",12.1711804072062,-7.53865778446198,216.729187011719,127.774322509766,12.3333336512248,-6.72499988476435,7.43333355585734,17.2999998728434,59.5000014305115,1.04166669150194,99.8099982738495,252.929999649525,150.600002288818,1,"24A_2012",0.8
"1257","97-3-D-BENA",2012,0.10775,0.738029033017081,17,1995,4,"97-3","BENA",75,49,7,21,13,0,0,0,0,0,0,NA,NA,NA,0,0,0,0,924.995234,"East","24A","Tussock Tundra (Low shrub or Herbaceous)","Tall Shrub","Gravely Sand Loam","Mesic",2004,557.015015,71,7.919354,-150.432427,66.349149,-0.0592276729192286,0.942492164785718,"97-3-D-BENA_2012",12.1711804072062,-7.53865778446198,216.729187011719,127.774322509766,12.3333336512248,-6.72499988476435,7.43333355585734,17.2999998728434,59.5000014305115,1.04166669150194,99.8099982738495,252.929999649525,150.600002288818,1,"24A_2012",0.8
"1258","97-4-B-BENA",2012,0.39575,3.18933759699135,7,2005,4,"97-4","BENA",115,59,12,0,13,0,0,0,0,0,0,NA,NA,NA,0,0,0,0,898.750829,"East","24A","Tussock Tundra (Low shrub or Herbaceous)","Low Shrub","Gravely Sand Loam","Mesic",2004,558.840271,63,3.962788,-150.433152,66.349294,0.345504492956198,1.41270243835157,"97-4-B-BENA_2012",12.1711804072062,-7.53865778446198,216.729187011719,127.774322509766,12.3333336512248,-6.72499988476435,7.43333355585734,17.2999998728434,59.5000014305115,1.04166669150194,99.8099982738495,252.929999649525,150.600002288818,1,"24A_2012",0.8
"1259","97-4-D-BENA",2012,0.43175,4.14544440739772,8,2004,4,"97-4","BENA",98,54,13,0,12,0,0,0,0,0,0,NA,NA,NA,0,0,0,0,898.750829,"East","24A","Tussock Tundra (Low shrub or Herbaceous)","Low Shrub","Gravely Sand Loam","Mesic",2004,558.840271,63,3.962788,-150.433152,66.349294,0.767049417159853,2.15340307669479,"97-4-D-BENA_2012",12.1711804072062,-7.53865778446198,216.729187011719,127.774322509766,12.3333336512248,-6.72499988476435,7.43333355585734,17.2999998728434,59.5000014305115,1.04166669150194,99.8099982738495,252.929999649525,150.600002288818,1,"24A_2012",0.8
"1260","102-1-B-BENA",2011,0.257,2.37816521841523,8,2003,5,"102-1","BENA",81,NA,11,0,18,0,0,2,0,0,0.111111111,NA,NA,"Ptarmagin",1,0,0,0,978.645101,"West","24A","Low Shrub","Low Shrub","Sandy Loam","Mesic",2004,428.203827,339,4.033863,-150.565499,66.400721,0.211368692766845,1.23536774225822,"102-1-B-BENA_2011",12.1333332061768,-6.00833360354106,315,181,12.3000001907349,-5.23333350817362,7.40000025431315,17.266666730245,79.4000020027161,1.12500004159908,112.619997501373,245.099997937679,199.5,1,"24A_2011",0.81
"1261","102-1-C-BENA",2011,0.43775,5.49577161574532,6,2005,5,"102-1","BENA",109,NA,11,0,37,0,0,3,0,0,0.081081081,NA,NA,"Ptarmagin",1,0,0,0,978.645101,"West","24A","Low Shrub","Low Shrub","Sandy Loam","Mesic",2004,428.203827,339,4.033863,-150.565499,66.400721,0.705716283235222,2.02529685167648,"102-1-C-BENA_2011",12.1333332061768,-6.00833360354106,315,181,12.3000001907349,-5.23333350817362,7.40000025431315,17.266666730245,79.4000020027161,1.12500004159908,112.619997501373,245.099997937679,199.5,1,"24A_2011",0.81
"1262","102-2-B-BENA",2011,0.1955,2.65357058219768,8,2003,5,"102-2","BENA",63,NA,11,0,9,0,0,0,0,0,0,NA,NA,NA,0,0,0,1,973.266715,"West","24A","Tall Shrub (Open-Closed)","Low Shrub","Sandy Loam","Mesic",2004,426.001434,321,4.435797,-150.566012,66.400957,0.320945541616757,1.37843051175262,"102-2-B-BENA_2011",12.1333332061768,-6.00833360354106,315,181,12.3000001907349,-5.23333350817362,7.40000025431315,17.266666730245,79.4000020027161,1.12500004159908,112.619997501373,245.099997937679,199.5,1,"24A_2011",0.81
"1263","102-2-C-BENA",2011,0.45375,6.16135728931649,7,2004,5,"102-2","BENA",167,NA,16,0,31,0,0,0,0,0,0,NA,NA,NA,0,0,0,1,973.266715,"West","24A","Tall Shrub (Open-Closed)","Low Shrub","Sandy Loam","Mesic",2004,426.001434,321,4.435797,-150.566012,66.400957,1.00398834001671,2.72914490908196,"102-2-C-BENA_2011",12.1333332061768,-6.00833360354106,315,181,12.3000001907349,-5.23333350817362,7.40000025431315,17.266666730245,79.4000020027161,1.12500004159908,112.619997501373,245.099997937679,199.5,1,"24A_2011",0.81
"1264","102-3-A-BENA",2011,0.05775,0.244427493072196,7,2004,5,"102-3","BENA",118,NA,7,10,21,0,0,0,0,0,0,NA,NA,NA,0,0,0,0,939.238254,"West","24A","Tussock Tundra (Low shrub or Herbaceous)","Low Shrub","Sandy Loam","Mesic",2004,424.339783,330,3.896938,-150.565669,66.401242,-2.22314531833173,0.108268035277606,"102-3-A-BENA_2011",12.1333332061768,-6.00833360354106,315,181,12.3000001907349,-5.23333350817362,7.40000025431315,17.266666730245,79.4000020027161,1.12500004159908,112.619997501373,245.099997937679,199.5,1,"24A_2011",0.81
"1265","102-3-B-BENA",2011,0.26875,2.16120466991336,31,1980,5,"102-3","BENA",72,NA,16,0,12,0,0,0,0,0,0,NA,NA,NA,0,0,0,0,939.238254,"West","24A","Tussock Tundra (Low shrub or Herbaceous)","Low Shrub","Sandy Loam","Mesic",2004,424.339783,330,3.896938,-150.565669,66.401242,1.73213689187128,5.65272026357049,"102-3-B-BENA_2011",12.1333332061768,-6.00833360354106,315,181,12.3000001907349,-5.23333350817362,7.40000025431315,17.266666730245,79.4000020027161,1.12500004159908,112.619997501373,245.099997937679,199.5,1,"24A_2011",0.81
"1266","102-4-A-BENA",2011,0.24225,2.86935185535721,7,2004,5,"102-4","BENA",88,NA,11,0,17,0,0,0,0,0,0,NA,NA,NA,0,0,0,0,934.189604,"West","24A","Low Shrub","Low Shrub","Sandy Loam","Mesic",2004,423.102509,349,3.666453,-150.566049,66.401434,0.23977741746443,1.27096622395059,"102-4-A-BENA_2011",12.1333332061768,-6.00833360354106,315,181,12.3000001907349,-5.23333350817362,7.40000025431315,17.266666730245,79.4000020027161,1.12500004159908,112.619997501373,245.099997937679,199.5,1,"24A_2011",0.81
"1267","102-4-C-BENA",2011,0.322,3.06175431903052,7,2004,5,"102-4","BENA",97,NA,15,5,9,0,0,0,0,0,0,NA,NA,NA,0,0,0,0,934.189604,"West","24A","Low Shrub","Low Shrub","Sandy Loam","Mesic",2004,423.102509,349,3.666453,-150.566049,66.401434,0.304679306127039,1.35619001143315,"102-4-C-BENA_2011",12.1333332061768,-6.00833360354106,315,181,12.3000001907349,-5.23333350817362,7.40000025431315,17.266666730245,79.4000020027161,1.12500004159908,112.619997501373,245.099997937679,199.5,1,"24A_2011",0.81
"1268","111-1-A-BENA",2011,0.04625,0.282206322828857,23,1988,6,"111-1","BENA",45,37,7,0,7,0,0,0,0,0,0,NA,NA,NA,0,0,0,0,640.914524,"West","24A","Tall Shrub (Open-Closed)","Low Shrub","Gravely Sand Loam","Mesic",0,512.854736,12,8.158982,-150.736683,66.498494,-0.659848945451961,0.516929413133353,"111-1-A-BENA_2011",12.1437555948893,-6.00215137004852,350.375289916992,179.678874969482,12.3000001907349,-5.23333350817362,7.40000025431315,17.266666730245,79.4000020027161,1.12500004159908,112.619997501373,245.099997937679,199.5,1,"24A_2011",0.81
"1269","111-1-B-BENA",2011,0.1205,0.695986080281794,15,1996,6,"111-1","BENA",89,51,9,0,12,0,0,0,0,0,0,NA,NA,NA,0,0,0,0,640.914524,"West","24A","Tall Shrub (Open-Closed)","Low Shrub","Gravely Sand Loam","Mesic",0,512.854736,12,8.158982,-150.736683,66.498494,-0.267243192052526,0.765486888499587,"111-1-B-BENA_2011",12.1437555948893,-6.00215137004852,350.375289916992,179.678874969482,12.3000001907349,-5.23333350817362,7.40000025431315,17.266666730245,79.4000020027161,1.12500004159908,112.619997501373,245.099997937679,199.5,1,"24A_2011",0.81
"1270","111-2-A-BENA",2011,0.1215,0.852534783802823,11,2000,6,"111-2","BENA",70,39,11,0,13,0,0,0,0,0,0,NA,NA,NA,0,0,0,0,685.564701,"West","24A","Tall Shrub (Open-Closed)","Low Shrub","Gravely Sand Loam","Mesic",0,516.430603,8,6.353059,-150.737535,66.498284,-0.434478704771692,0.647602171022389,"111-2-A-BENA_2011",12.1375471750895,-6.00464618206024,351.252838134766,180.189632415771,12.3000001907349,-5.23333350817362,7.40000025431315,17.266666730245,79.4000020027161,1.12500004159908,112.619997501373,245.099997937679,199.5,1,"24A_2011",0.81
"1271","111-2-D-BENA",2011,0.1655,0.968636267307055,15,1996,6,"111-2","BENA",75,31,6,0,7,0,0,0,0,0,0,NA,NA,NA,0,0,0,0,685.564701,"West","24A","Tall Shrub (Open-Closed)","Low Shrub","Gravely Sand Loam","Mesic",0,516.430603,8,6.353059,-150.737535,66.498284,0.0633163196941425,1.06536378148327,"111-2-D-BENA_2011",12.1375471750895,-6.00464618206024,351.252838134766,180.189632415771,12.3000001907349,-5.23333350817362,7.40000025431315,17.266666730245,79.4000020027161,1.12500004159908,112.619997501373,245.099997937679,199.5,1,"24A_2011",0.81
"1272","111-3-A-BENA",2011,0.13575,0.83812253115494,24,1987,6,"111-3","BENA",108,46,7,0,11,0,0,0,0,0,0,NA,NA,NA,0,0,0,0,664.632709,"West","24A","Tall Shrub (Open-Closed)","Low Shrub","Gravely Sand Loam","Mesic",0,511.257965,359,9.703425,-150.737553,66.498636,0.479464950950469,1.61520995440164,"111-3-A-BENA_2011",12.1437555948893,-6.00215137004852,350.375289916992,179.678874969482,12.3000001907349,-5.23333350817362,7.40000025431315,17.266666730245,79.4000020027161,1.12500004159908,112.619997501373,245.099997937679,199.5,1,"24A_2011",0.81
"1273","111-3-D-BENA",2011,0.36825,4.43118364751509,14,1997,6,"111-3","BENA",95,38,7,3,16,0,0,0,0,0,0,NA,NA,NA,0,0,0,0,664.632709,"West","24A","Tall Shrub (Open-Closed)","Low Shrub","Gravely Sand Loam","Mesic",0,511.257965,359,9.703425,-150.737553,66.498636,1.50151730387504,4.48849431603844,"111-3-D-BENA_2011",12.1437555948893,-6.00215137004852,350.375289916992,179.678874969482,12.3000001907349,-5.23333350817362,7.40000025431315,17.266666730245,79.4000020027161,1.12500004159908,112.619997501373,245.099997937679,199.5,1,"24A_2011",0.81
"1274","111-4-A-BENA",2011,0.30025,3.5370011626027,13,1998,6,"111-4","BENA",112,61,10,0,19,0,0,0,0,0,0,NA,NA,NA,0,0,0,0,707.594422,"West","24A","Tall Shrub (Open-Closed)","Low Shrub","Gravely Sand Loam","Mesic",0,515.006653,353,8.170983,-150.73833,66.498407,1.1876938981221,3.27950959704594,"111-4-A-BENA_2011",12.1375471750895,-6.00464618206024,351.252838134766,180.189632415771,12.3000001907349,-5.23333350817362,7.40000025431315,17.266666730245,79.4000020027161,1.12500004159908,112.619997501373,245.099997937679,199.5,1,"24A_2011",0.81
"1275","111-4-C-BENA",2011,0.068,0.262335554369551,19,1992,6,"111-4","BENA",51,30,7,0,13,0,0,0,0,0,0,NA,NA,NA,0,0,0,0,707.594422,"West","24A","Tall Shrub (Open-Closed)","Low Shrub","Gravely Sand Loam","Mesic",0,515.006653,353,8.170983,-150.73833,66.498407,-0.960856561741847,0.382565055001539,"111-4-C-BENA_2011",12.1375471750895,-6.00464618206024,351.252838134766,180.189632415771,12.3000001907349,-5.23333350817362,7.40000025431315,17.266666730245,79.4000020027161,1.12500004159908,112.619997501373,245.099997937679,199.5,1,"24A_2011",0.81
"1276","121-1-C-BENA",2011,0.0505,0.497924371436224,39,1972,7,"121-1","BENA",60,36,11,0,11,0,0,0,0,0,0,NA,NA,NA,0,0,0,0,1394.51987,"East","24A","Tall Shrub (Open-Closed)","Low Shrub","Clay Loam","Mesic",2005,466.470276,61,7.209129,-150.675843,66.599029,0.538124083678119,1.7127907943838,"121-1-C-BENA_2011",12.6999998092651,-5.73333330949148,335,160,12.5666669209798,-5.31666668256124,7.66666698455811,17.5666672388713,84.0000028610229,1.13333336636424,110.60999751091,242.959998577833,195.000007629395,1,"24A_2011",0.81
"1277","121-1-D-BENA",2011,0.057,0.461734009465029,27,1984,7,"121-1","BENA",73,42,19,0,25,0,0,0,0,0,0,NA,NA,NA,0,0,0,0,1394.51987,"East","24A","Tall Shrub (Open-Closed)","Low Shrub","Clay Loam","Mesic",2005,466.470276,61,7.209129,-150.675843,66.599029,0.0238446792424454,1.02413123669712,"121-1-D-BENA_2011",12.6999998092651,-5.73333330949148,335,160,12.5666669209798,-5.31666668256124,7.66666698455811,17.5666672388713,84.0000028610229,1.13333336636424,110.60999751091,242.959998577833,195.000007629395,1,"24A_2011",0.81
"1278","121-3-D-BENA",2011,0.46625,5.40755569403252,7,2004,7,"121-3","BENA",88,37,15,0,15,0,0,0,0,0,0,NA,NA,NA,0,0,0,0,1376.839212,"East","24A","Low Shrub","Low Shrub","Clay Loam","Mesic",2005,462.586914,66,7.264894,-150.675497,66.599464,0.873488425764666,2.39525195504174,"121-3-D-BENA_2011",12.6999998092651,-5.73333330949148,335,160,12.5666669209798,-5.31666668256124,7.66666698455811,17.5666672388713,84.0000028610229,1.13333336636424,110.60999751091,242.959998577833,195.000007629395,1,"24A_2011",0.81
"1279","121-4-A-BENA",2011,0.538,12.4380114217188,6,2005,7,"121-4","BENA",61,33,21,0,34,0,0,0,0,0,0,NA,NA,NA,0,0,0,0,1343.63337,"East","24A","Tall Shrub (Open-Closed)","Low Shrub","Clay Loam","Mesic",2005,462.975769,50,6.55981,-150.675949,66.599719,1.52249450478359,4.58364487005834,"121-4-A-BENA_2011",12.6999998092651,-5.73333330949148,335,160,12.5666669209798,-5.31666668256124,7.66666698455811,17.5666672388713,84.0000028610229,1.13333336636424,110.60999751091,242.959998577833,195.000007629395,1,"24A_2011",0.81
"1280","129-1-A-BENA",2011,0.7065,12.3783478648382,6,2005,8,"129-1","BENA",104,71,16,0,11,0,0,0,0,0,0,NA,NA,NA,0,0,0,0,982.902287,"East","24A","Tussock Tundra (Low shrub or Herbaceous)","Low Shrub","Sandy Loam","Mesic - Hydric",2005,301.875214,348,5.919549,-150.647865,66.709988,1.51768609020935,4.56165770931752,"129-1-A-BENA_2011",13,-5.60000010331472,318,145,12.5666669209798,-5.31666668256124,7.66666698455811,17.5666672388713,84.0000028610229,1.13333336636424,110.60999751091,242.959998577833,195.000007629395,1,"24A_2011",0.81
"1281","129-1-B-BENA",2011,0.85575,21.551030097567,8,2003,8,"129-1","BENA",131,89,21,0,13,0,0,0,0,0,0,NA,NA,NA,0,0,0,0,982.902287,"East","24A","Tussock Tundra (Low shrub or Herbaceous)","Low Shrub","Sandy Loam","Mesic - Hydric",2005,301.875214,348,5.919549,-150.647865,66.709988,2.41546303478325,11.1949528101801,"129-1-B-BENA_2011",13,-5.60000010331472,318,145,12.5666669209798,-5.31666668256124,7.66666698455811,17.5666672388713,84.0000028610229,1.13333336636424,110.60999751091,242.959998577833,195.000007629395,1,"24A_2011",0.81
"1282","129-2-B-BENA",2011,0.38675,4.37191318241521,6,2005,8,"129-2","BENA",85,42,10,0,15,0,0,0,0,0,0,NA,NA,NA,0,0,0,0,1017.146639,"East","24A","Tussock Tundra (Low shrub or Herbaceous)","Low Shrub","Sandy Loam","Mesic - Hydric",2005,305.151764,352,5.708165,-150.647276,66.70977,0.476937996291166,1.61113354470201,"129-2-B-BENA_2011",13,-5.60000010331472,318,145,12.5666669209798,-5.31666668256124,7.66666698455811,17.5666672388713,84.0000028610229,1.13333336636424,110.60999751091,242.959998577833,195.000007629395,1,"24A_2011",0.81
"1283","129-2-C-BENA",2011,0.4165,5.95224522466145,6,2005,8,"129-2","BENA",109,67,13,0,10,0,0,0,0,0,0,NA,NA,NA,0,0,0,0,1017.146639,"East","24A","Tussock Tundra (Low shrub or Herbaceous)","Low Shrub","Sandy Loam","Mesic - Hydric",2005,305.151764,352,5.708165,-150.647276,66.70977,0.785505780872111,2.19351609869952,"129-2-C-BENA_2011",13,-5.60000010331472,318,145,12.5666669209798,-5.31666668256124,7.66666698455811,17.5666672388713,84.0000028610229,1.13333336636424,110.60999751091,242.959998577833,195.000007629395,1,"24A_2011",0.81
"1284","129-3-A-BENA",2011,0.1115,1.17293796456081,59,1952,8,"129-3","BENA",51,35,12,0,6,0,0,0,0,0,0,NA,NA,NA,0,0,0,0,1022.673056,"East","24A","Tussock Tundra (Low shrub or Herbaceous)","Low Shrub-Tussock Tundra","Sandy Loam","Mesic - Hydric",2005,301.546051,352,6.265718,-150.646771,66.710061,1.88895616245506,6.6124627404571,"129-3-A-BENA_2011",13,-5.60000010331472,318,145,12.5666669209798,-5.31666668256124,7.66666698455811,17.5666672388713,84.0000028610229,1.13333336636424,110.60999751091,242.959998577833,195.000007629395,1,"24A_2011",0.81
"1285","129-3-B-BENA",2011,0.44375,5.23651953598945,7,2004,8,"129-3","BENA",105,47,16,0,13,0,0,0,0,0,0,NA,NA,NA,0,0,0,0,1022.673056,"East","24A","Tussock Tundra (Low shrub or Herbaceous)","Low Shrub-Tussock Tundra","Sandy Loam","Mesic - Hydric",2005,301.546051,352,6.265718,-150.646771,66.710061,0.8413483145259,2.31949227449188,"129-3-B-BENA_2011",13,-5.60000010331472,318,145,12.5666669209798,-5.31666668256124,7.66666698455811,17.5666672388713,84.0000028610229,1.13333336636424,110.60999751091,242.959998577833,195.000007629395,1,"24A_2011",0.81
"1286","129-4-D-BENA",2011,0.3345,5.62526826127584,50,1961,8,"129-4","BENA",87,41,18,0,9,0,0,0,0,0,0,NA,NA,NA,0,0,0,0,1057.255538,"East","24A","Tussock Tundra (Low shrub or Herbaceous)","Tall Shrub","Sandy Loam","Mesic - Hydric",2005,303.823029,358,6.979915,-150.646167,66.709845,3.259198342032,26.0286626917081,"129-4-D-BENA_2011",13,-5.60000010331472,318,145,12.5666669209798,-5.31666668256124,7.66666698455811,17.5666672388713,84.0000028610229,1.13333336636424,110.60999751091,242.959998577833,195.000007629395,1,"24A_2011",0.81
"1287","147-1-A-BENA",2011,0.06725,0.301432477169744,12,1999,9,"147-1","BENA",104,58,9,25,11,1,1,0,0.090909091,0.090909091,0,"Moose","Hare",NA,1,1,0,0,984.758365,"West","24A","Low Shrub","Tall Shrub","Clay Loam","Mesic - Hydric",0,426.634277,145,7.907337,-150.485282,66.911769,-1.37031264152235,0.254027527583638,"147-1-A-BENA_2011",12.5363423029582,-5.89053841431936,331.451354980469,152.135406494141,10.9000002543132,-6.73333350817362,6.10000006357829,15.766666730245,55.9000015258789,1.05000001502534,104.889997005463,258.009998440742,197.999996185303,1,"24A_2011",0.81
"1288","147-2-A-BENA",2011,0.048,0.142125651648402,16,1995,9,"147-2","BENA",89,56,6,61,9,0,0,0,0,0,0,NA,NA,NA,0,2,1,0,986.173835,"West","24A","Low Shrub","Tall Shrub","Clay Loam","Mesic - Hydric",0,428.943481,147,8.698308,-150.484958,66.912025,-1.77884500397639,0.168833036184416,"147-2-A-BENA_2011",12.5363423029582,-5.89053841431936,331.451354980469,152.135406494141,10.9000002543132,-6.73333350817362,6.10000006357829,15.766666730245,55.9000015258789,1.05000001502534,104.889997005463,258.009998440742,197.999996185303,1,"24A_2011",0.81
"1289","147-3-A-BENA",2011,0.20075,1.19339424877512,21,1990,9,"147-3","BENA",107,63,8,18,8,1,0,0,0.125,0,0,"Moose",NA,NA,1,2,1,0,952.272152,"West","24A","White Spruce or Black Spruce (Woodland)","Black Spruce Woodland","Clay Loam","Mesic - Hydric",0,425.583191,170,6.572863,-150.484233,66.911912,0.673509307021582,1.96110738692248,"147-3-A-BENA_2011",12.5363423029582,-5.89053841431936,331.451354980469,152.135406494141,10.9000002543132,-6.73333350817362,6.10000006357829,15.766666730245,55.9000015258789,1.05000001502534,104.889997005463,258.009998440742,197.999996185303,1,"24A_2011",0.81
"1290","147-3-C-BENA",2011,0.06175,0.277264990283843,17,1994,9,"147-3","BENA",136,53,12,30,29,2,1,0,0.068965517,0.034482759,0,"Moose","Hare",NA,1,2,1,0,952.272152,"West","24A","White Spruce or Black Spruce (Woodland)","Black Spruce Woodland","Clay Loam","Mesic - Hydric",0,425.583191,170,6.572863,-150.484233,66.911912,-1.03823714435801,0.354078321070416,"147-3-C-BENA_2011",12.5363423029582,-5.89053841431936,331.451354980469,152.135406494141,10.9000002543132,-6.73333350817362,6.10000006357829,15.766666730245,55.9000015258789,1.05000001502534,104.889997005463,258.009998440742,197.999996185303,1,"24A_2011",0.81
"1291","147-4-A-BENA",2011,0.09175,0.341349553426257,11,2000,9,"147-4","BENA",65,33,9,8,10,0,0,0,0,0,0,NA,NA,NA,0,0,1,0,956.341518,"West","24A","Tall Shrub (Open-Closed)","Tall Shrub","Clay Loam","Mesic - Hydric",0,428.39856,129,7.52786,-150.483929,66.912191,-1.34978567960593,0.259295827075009,"147-4-A-BENA_2011",12.5363423029582,-5.89053841431936,331.451354980469,152.135406494141,10.9000002543132,-6.73333350817362,6.10000006357829,15.766666730245,55.9000015258789,1.05000001502534,104.889997005463,258.009998440742,197.999996185303,1,"24A_2011",0.81
"1292","147-4-D-BENA",2011,0.049,0.169177905988465,25,1986,9,"147-4","BENA",94,47,7,14,7,0,0,0,0,0,0,NA,NA,NA,0,0,1,0,956.341518,"West","24A","Tall Shrub (Open-Closed)","Tall Shrub","Clay Loam","Mesic - Hydric",0,428.39856,129,7.52786,-150.483929,66.912191,-1.07203403429909,0.342311535412352,"147-4-D-BENA_2011",12.5363423029582,-5.89053841431936,331.451354980469,152.135406494141,10.9000002543132,-6.73333350817362,6.10000006357829,15.766666730245,55.9000015258789,1.05000001502534,104.889997005463,258.009998440742,197.999996185303,1,"24A_2011",0.81
"1293","151-1-C-BENA",2011,0.27025,2.97006817423864,13,1998,10,"151-1","BENA",118,82,11,0,4,0,0,0,0,0,0,NA,NA,NA,0,0,0,0,725.03173,"East","24A","White Spruce or Black Spruce (Open-Closed)","Low Shrub","Clay Loam","Mesic",0,471.29071,296,22.022722,-150.362735,66.958242,1.01299956604168,2.75384899057508,"151-1-C-BENA_2011",11.6670459111532,-6.70330834388733,358.735778808594,162.936790466309,10.9000002543132,-6.73333350817362,6.10000006357829,15.766666730245,55.9000015258789,1.05000001502534,104.889997005463,258.009998440742,197.999996185303,1,"24A_2011",0.81
"1294","151-1-D-BENA",2011,0.02925,0.0961875167217454,27,1984,10,"151-1","BENA",90,67,12,0,8,0,0,0,0,0,0,NA,NA,NA,0,0,0,0,725.03173,"East","24A","White Spruce or Black Spruce (Open-Closed)","Low Shrub","Clay Loam","Mesic",0,471.29071,296,22.022722,-150.362735,66.958242,-1.54484472350598,0.213344996114103,"151-1-D-BENA_2011",11.6670459111532,-6.70330834388733,358.735778808594,162.936790466309,10.9000002543132,-6.73333350817362,6.10000006357829,15.766666730245,55.9000015258789,1.05000001502534,104.889997005463,258.009998440742,197.999996185303,1,"24A_2011",0.81
"1295","151-2-A-BENA",2011,0.18625,1.39536881127074,16,1995,10,"151-2","BENA",119,71,11,0,4,0,0,0,0,0,0,NA,NA,NA,0,1,0,0,737.726474,"East","24A","Low Shrub","Low Shrub","Clay Loam","Mesic",0,482.941345,297,25.566626,-150.361917,66.958285,0.505357499078542,1.6575779971562,"151-2-A-BENA_2011",11.6670459111532,-6.70330834388733,358.735778808594,162.936790466309,10.9000002543132,-6.73333350817362,6.10000006357829,15.766666730245,55.9000015258789,1.05000001502534,104.889997005463,258.009998440742,197.999996185303,1,"24A_2011",0.81
"1296","151-2-B-BENA",2011,0.1555,0.524912223126887,16,1995,10,"151-2","BENA",142,91,14,0,17,0,0,0,0,0,0,NA,NA,NA,0,1,0,0,737.726474,"East","24A","Low Shrub","Low Shrub","Clay Loam","Mesic",0,482.941345,297,25.566626,-150.361917,66.958285,-0.472325486504589,0.623550522604203,"151-2-B-BENA_2011",11.6670459111532,-6.70330834388733,358.735778808594,162.936790466309,10.9000002543132,-6.73333350817362,6.10000006357829,15.766666730245,55.9000015258789,1.05000001502534,104.889997005463,258.009998440742,197.999996185303,1,"24A_2011",0.81
"1297","151-3-A-BENA",2011,0.36425,3.04247442362133,9,2002,10,"151-3","BENA",91,52,9,0,6,0,0,0,0,0,0,NA,NA,NA,0,0,0,0,698.113665,"East","24A","White Spruce or Black Spruce (Open-Closed)","Low Shrub","Clay Loam","Mesic",0,469.98999,301,21.5443,-150.36215,66.958641,0.598265606953974,1.81896126920566,"151-3-A-BENA_2011",11.6670459111532,-6.70330834388733,358.735778808594,162.936790466309,10.9000002543132,-6.73333350817362,6.10000006357829,15.766666730245,55.9000015258789,1.05000001502534,104.889997005463,258.009998440742,197.999996185303,1,"24A_2011",0.81
"1298","151-3-C-BENA",2011,0.113,0.647519945016697,25,1986,10,"151-3","BENA",86,51,13,0,9,0,0,0,0,0,0,NA,NA,NA,0,0,0,0,698.113665,"East","24A","White Spruce or Black Spruce (Open-Closed)","Low Shrub","Clay Loam","Mesic",0,469.98999,301,21.5443,-150.36215,66.958641,0.27016470253327,1.31018022296541,"151-3-C-BENA_2011",11.6670459111532,-6.70330834388733,358.735778808594,162.936790466309,10.9000002543132,-6.73333350817362,6.10000006357829,15.766666730245,55.9000015258789,1.05000001502534,104.889997005463,258.009998440742,197.999996185303,1,"24A_2011",0.81
"1299","151-4-A-BENA",2011,0.12925,0.650188924325464,25,1986,10,"151-4","BENA",65,36,9,0,8,0,0,0,0,0,0,NA,NA,NA,0,0,0,0,714.907956,"East","24A","Low Shrub","Low Shrub","Clay Loam","Mesic",0,485.466003,301,24.973797,-150.361301,66.958638,0.274278079786138,1.31558058774608,"151-4-A-BENA_2011",11.6670459111532,-6.70330834388733,358.735778808594,162.936790466309,10.9000002543132,-6.73333350817362,6.10000006357829,15.766666730245,55.9000015258789,1.05000001502534,104.889997005463,258.009998440742,197.999996185303,1,"24A_2011",0.81
"1300","151-4-D-BENA",2011,0.046,0.210194539673731,18,1993,10,"151-4","BENA",83,56,8,0,9,0,0,0,0,0,0,NA,NA,NA,0,0,0,0,714.907956,"East","24A","Low Shrub","Low Shrub","Clay Loam","Mesic",0,485.466003,301,24.973797,-150.361301,66.958638,-1.24696801132777,0.287374794403672,"151-4-D-BENA_2011",11.6670459111532,-6.70330834388733,358.735778808594,162.936790466309,10.9000002543132,-6.73333350817362,6.10000006357829,15.766666730245,55.9000015258789,1.05000001502534,104.889997005463,258.009998440742,197.999996185303,1,"24A_2011",0.81
"1301","158-2-C-BENA",2011,0.1075,0.318808822486292,23,1988,11,"158-2","BENA",54,29,8,0,53,0,0,0,0,0,0,NA,NA,NA,0,0,0,1,1283.38641,"East","24A","Tussock Tundra (Low shrub or Herbaceous)","Low Shrub","Sandy Loam","Mesic - Xeric",2005,590.000549,54,15.617359,-150.286104,67.046812,-0.537895769527702,0.58397578005195,"158-2-C-BENA_2011",12.5333334604899,-6.29999999205271,326,168,11,-6.80000030994415,6.16666666666667,15.8666671117147,56.4000005722046,1.02500000409782,105.069996833801,256.779998421669,194.400005340576,1,"24A_2011",0.81
"1302","158-3-D-BENA",2011,0.75525,8.56480997239862,6,2005,11,"158-3","BENA",119,49,12,0,19,0,0,0,0,0,0,NA,NA,NA,0,0,0,0,1313.543229,"East","24A","Tussock Tundra (Low shrub or Herbaceous)","Low Shrub","Sandy Loam","Mesic - Xeric",2005,580.218689,48,13.61797,-150.285679,67.047111,1.14939922881332,3.15629612821053,"158-3-D-BENA_2011",12.5333334604899,-6.29999999205271,326,168,11,-6.80000030994415,6.16666666666667,15.8666671117147,56.4000005722046,1.02500000409782,105.069996833801,256.779998421669,194.400005340576,1,"24A_2011",0.81
"1303","158-4-C-BENA",2011,0.4805,11.9399208076713,6,2005,11,"158-4","BENA",107,46,13,4,33,0,0,0,0,0,0,NA,NA,NA,0,0,0,0,1283.367604,"East","24A","Tussock Tundra (Low shrub or Herbaceous)","Low Shrub","Sandy Loam","Mesic - Xeric",2005,587.563538,57,15.053073,-150.286524,67.047197,1.48162475922921,4.40008896144128,"158-4-C-BENA_2011",12.5333334604899,-6.29999999205271,326,168,11,-6.80000030994415,6.16666666666667,15.8666671117147,56.4000005722046,1.02500000409782,105.069996833801,256.779998421669,194.400005340576,1,"24A_2011",0.81
"1304","173-1-A-BENA",2011,0.04025,0.155627235125828,43,1968,12,"173-1","BENA",69,40,12,0,9,0,0,0,0,0,0,NA,NA,NA,0,0,0,0,1301.486525,"East","24A","Low Shrub","Low Shrub","Clay Loam","Mesic",0,349.871613,358,2.901099,-150.191497,67.228159,-0.508344728656372,0.601490385045834,"173-1-A-BENA_2011",13.0658880869548,-6.05961855252584,286.56957244873,184.698318481445,11,-6.80000030994415,6.16666666666667,15.8666671117147,56.4000005722046,1.02500000409782,105.069996833801,256.779998421669,194.400005340576,1,"24A_2011",0.81
"1305","173-1-B-BENA",2011,0.13025,0.466581683279064,21,1990,12,"173-1","BENA",101,53,11,0,7,0,0,0,0,0,0,NA,NA,NA,0,0,0,0,1301.486525,"East","24A","Low Shrub","Low Shrub","Clay Loam","Mesic",0,349.871613,358,2.901099,-150.191497,67.228159,-0.265614425769277,0.766734703657614,"173-1-B-BENA_2011",13.0658880869548,-6.05961855252584,286.56957244873,184.698318481445,11,-6.80000030994415,6.16666666666667,15.8666671117147,56.4000005722046,1.02500000409782,105.069996833801,256.779998421669,194.400005340576,1,"24A_2011",0.81
"1306","173-2-A-BENA",2011,0.0305,0.101903055506329,52,1959,12,"173-2","BENA",94,43,12,0,6,0,0,0,0,0,0,NA,NA,NA,0,2,0,0,1323.706943,"East","24A","Tussock Tundra (Low shrub or Herbaceous)","Low Shrub","Clay Loam","Mesic",0,348.371155,13,2.823825,-150.190835,67.228457,-0.705000056892453,0.494108546145094,"173-2-A-BENA_2011",13.0658880869548,-6.05961855252584,286.56957244873,184.698318481445,11,-6.80000030994415,6.16666666666667,15.8666671117147,56.4000005722046,1.02500000409782,105.069996833801,256.779998421669,194.400005340576,1,"24A_2011",0.81
"1307","173-2-C-BENA",2011,0.2335,2.45779909439658,14,1997,12,"173-2","BENA",107,64,12,0,13,0,0,0,0,0,0,NA,NA,NA,0,2,0,0,1323.706943,"East","24A","Tussock Tundra (Low shrub or Herbaceous)","Low Shrub","Clay Loam","Mesic",0,348.371155,13,2.823825,-150.190835,67.228457,0.91211683885861,2.48958701392344,"173-2-C-BENA_2011",13.0658880869548,-6.05961855252584,286.56957244873,184.698318481445,11,-6.80000030994415,6.16666666666667,15.8666671117147,56.4000005722046,1.02500000409782,105.069996833801,256.779998421669,194.400005340576,1,"24A_2011",0.81
"1308","173-3-B-BENA",2011,0.05025,0.134461540020429,46,1965,12,"173-3","BENA",70,51,14,0,9,0,0,0,0,0,0,NA,NA,NA,0,0,0,0,1278.311889,"East","24A","Low Shrub","Low Shrub","Clay Loam","Mesic",0,347.24527,24,1.739254,-150.191816,67.228627,-0.574049860876982,0.563239770792933,"173-3-B-BENA_2011",13.0658880869548,-6.05961855252584,286.56957244873,184.698318481445,11,-6.80000030994415,6.16666666666667,15.8666671117147,56.4000005722046,1.02500000409782,105.069996833801,256.779998421669,194.400005340576,1,"24A_2011",0.81
"1309","173-3-C-BENA",2011,0.199,0.873997359413989,10,2001,12,"173-3","BENA",32,27,6,0,6,0,0,0,0,0,0,NA,NA,NA,0,0,0,0,1278.311889,"East","24A","Low Shrub","Low Shrub","Clay Loam","Mesic",0,347.24527,24,1.739254,-150.191816,67.228627,-0.523352681875318,0.592530647320384,"173-3-C-BENA_2011",13.0658880869548,-6.05961855252584,286.56957244873,184.698318481445,11,-6.80000030994415,6.16666666666667,15.8666671117147,56.4000005722046,1.02500000409782,105.069996833801,256.779998421669,194.400005340576,1,"24A_2011",0.81
"1310","173-4-B-BENA",2011,0.1385,0.553460660968223,21,1990,12,"173-4","BENA",124,71,14,0,12,0,0,0,0,0,0,NA,NA,NA,0,1,0,0,1308.377258,"East","24A","Low Shrub","Low Shrub","Clay Loam","Mesic",0,346.165253,355,1.872125,-150.190975,67.22891,-0.0948568524671,0.90950311827781,"173-4-B-BENA_2011",13.0658880869548,-6.05961855252584,286.56957244873,184.698318481445,11,-6.80000030994415,6.16666666666667,15.8666671117147,56.4000005722046,1.02500000409782,105.069996833801,256.779998421669,194.400005340576,1,"24A_2011",0.81
"1311","173-4-C-BENA",2011,0.09775,0.559135359048311,42,1969,12,"173-4","BENA",119,74,14,0,14,0,0,0,0,0,0,NA,NA,NA,0,1,0,0,1308.377258,"East","24A","Low Shrub","Low Shrub","Clay Loam","Mesic",0,346.165253,355,1.872125,-150.190975,67.22891,0.742503378852614,2.10118900813664,"173-4-C-BENA_2011",13.0658880869548,-6.05961855252584,286.56957244873,184.698318481445,11,-6.80000030994415,6.16666666666667,15.8666671117147,56.4000005722046,1.02500000409782,105.069996833801,256.779998421669,194.400005340576,1,"24A_2011",0.81
"1312","184-1-B-BENA",2011,0.162,1.40517784528295,59,1952,13,"184-1","BENA",128,51,19,0,13,0,1,0,0,0.076923077,0,NA,"Hare",NA,1,2,0,0,692.283244,"East","24A","White Spruce or Black Spruce (Open-Closed)","Tall Shrub","Clay Loam","Mesic",0,423.977753,249,10.469168,-150.109686,67.368938,2.06960835536732,7.92172001110766,"184-1-B-BENA_2011",12.6333332061768,-5.95833333333333,231,129,11,-6.80000030994415,6.16666666666667,15.8666671117147,56.4000005722046,1.02500000409782,105.069996833801,256.779998421669,194.400005340576,1,"24A_2011",0.81
"1313","184-1-C-BENA",2011,0.198,1.80918980212725,20,1991,13,"184-1","BENA",166,49,15,8,26,1,2,0,0.038461538,0.076923077,0,"Moose","Hare",NA,1,2,0,0,692.283244,"East","24A","White Spruce or Black Spruce (Open-Closed)","Tall Shrub","Clay Loam","Mesic",0,423.977753,249,10.469168,-150.109686,67.368938,1.03136368353546,2.80488820772081,"184-1-C-BENA_2011",12.6333332061768,-5.95833333333333,231,129,11,-6.80000030994415,6.16666666666667,15.8666671117147,56.4000005722046,1.02500000409782,105.069996833801,256.779998421669,194.400005340576,1,"24A_2011",0.81
"1314","184-2-A-BENA",2011,0.04475,0.134716794423532,26,1985,13,"184-2","BENA",89,39,11,0,12,0,1,0,0,0.083333333,0,NA,"Hare",NA,1,1,0,0,706.210196,"East","24A","White Spruce or Black Spruce (Open-Closed)","Tall Shrub","Clay Loam","Mesic",0,429.192566,258,16.706417,-150.109279,67.369156,-1.25300654504826,0.285644700888419,"184-2-A-BENA_2011",12.6318286259969,-5.95983783404032,230.232696533203,128.27782869339,11,-6.80000030994415,6.16666666666667,15.8666671117147,56.4000005722046,1.02500000409782,105.069996833801,256.779998421669,194.400005340576,1,"24A_2011",0.81
"1315","184-2-D-BENA",2011,0.0445,0.108135975331052,40,1971,13,"184-2","BENA",84,38,12,10,7,0,0,0,0,0,0,NA,NA,NA,0,1,0,0,706.210196,"East","24A","White Spruce or Black Spruce (Open-Closed)","Tall Shrub","Clay Loam","Mesic",0,429.192566,258,16.706417,-150.109279,67.369156,-0.958721932440897,0.383382561804028,"184-2-D-BENA_2011",12.6318286259969,-5.95983783404032,230.232696533203,128.27782869339,11,-6.80000030994415,6.16666666666667,15.8666671117147,56.4000005722046,1.02500000409782,105.069996833801,256.779998421669,194.400005340576,1,"24A_2011",0.81
"1316","184-3-B-BENA",2011,0.110333333333333,0.554249164337646,34,1977,13,"184-3","BENA",71,35,17,0,17,0,2,0,0,0.117647059,0,NA,"Hare",NA,1,1,3,0,683.765397,"East","24A","White Spruce or Black Spruce (Open-Closed)","Tall Shrub","Clay Loam","Mesic",0,425.482941,261,10.788996,-150.109693,67.36937,0.481562822766099,1.61860201465104,"184-3-B-BENA_2011",12.6318286259969,-5.95983783404032,230.232696533203,128.27782869339,11,-6.80000030994415,6.16666666666667,15.8666671117147,56.4000005722046,1.02500000409782,105.069996833801,256.779998421669,194.400005340576,1,"24A_2011",0.81
"1317","184-3-D-BENA",2011,0.06625,0.168637748401586,23,1988,13,"184-3","BENA",103,48,17,7,31,3,1,0,0.096774194,0.032258065,0,"Moose","Hare",NA,1,1,3,0,683.765397,"East","24A","White Spruce or Black Spruce (Open-Closed)","Tall Shrub","Clay Loam","Mesic",0,425.482941,261,10.788996,-150.109693,67.36937,-1.17473447635294,0.308900989317055,"184-3-D-BENA_2011",12.6318286259969,-5.95983783404032,230.232696533203,128.27782869339,11,-6.80000030994415,6.16666666666667,15.8666671117147,56.4000005722046,1.02500000409782,105.069996833801,256.779998421669,194.400005340576,1,"24A_2011",0.81
"1318","191-1-C-BENA",2011,0.232,1.19094007586405,9,2002,14,"191-1","BENA",105,51,8,16,13,0,0,0,0,0,0,NA,NA,NA,0,1,0,0,1595.806211,"East","24A","Low Shrub","Low Shrub","Clay Loam","Mesic",0,492.755432,293,2.980974,-149.860617,67.475764,-0.339662557549527,0.712010544812776,"191-1-C-BENA_2011",11.8135404586792,-6.23220479488373,238.097290039062,122.684051036835,9.16666666666667,-8.2583335240682,4.5666667620341,13.8333336512248,26.6000007390976,0.98333336537083,84.2899981737137,273.569997310638,196.900001525879,1,"24A_2011",0.81
"1319","191-1-D-BENA",2011,0.1405,0.62766193785336,13,1998,14,"191-1","BENA",135,61,10,9,18,0,0,0,0,0,0,NA,NA,NA,0,1,0,0,1595.806211,"East","24A","Low Shrub","Low Shrub","Clay Loam","Mesic",0,492.755432,293,2.980974,-149.860617,67.475764,-0.541338913776469,0.581968524821138,"191-1-D-BENA_2011",11.8135404586792,-6.23220479488373,238.097290039062,122.684051036835,9.16666666666667,-8.2583335240682,4.5666667620341,13.8333336512248,26.6000007390976,0.98333336537083,84.2899981737137,273.569997310638,196.900001525879,1,"24A_2011",0.81
"1320","191-2-A-BENA",2011,0.10175,0.275784122046757,18,1993,14,"191-2","BENA",82,51,10,0,13,1,0,0,0.076923077,0,0,"Moose",NA,NA,1,0,0,0,1628.072852,"East","24A","Low Shrub","Low Shrub","Clay Loam","Mesic",0,494.812988,260,1.497492,-149.859771,67.475671,-0.975383099451295,0.377047879055294,"191-2-A-BENA_2011",11.8135404586792,-6.23220479488373,238.097290039062,122.684051036835,9.16666666666667,-8.2583335240682,4.5666667620341,13.8333336512248,26.6000007390976,0.98333336537083,84.2899981737137,273.569997310638,196.900001525879,1,"24A_2011",0.81
"1321","191-2-B-BENA",2011,0.22775,1.44655752926925,16,1995,14,"191-2","BENA",92,71,8,0,13,0,0,0,0,0,0,NA,NA,NA,0,0,0,0,1628.072852,"East","24A","Low Shrub","Low Shrub","Clay Loam","Mesic",0,494.812988,260,1.497492,-149.859771,67.475671,0.541385353909558,1.71838578644576,"191-2-B-BENA_2011",11.8135404586792,-6.23220479488373,238.097290039062,122.684051036835,9.16666666666667,-8.2583335240682,4.5666667620341,13.8333336512248,26.6000007390976,0.98333336537083,84.2899981737137,273.569997310638,196.900001525879,1,"24A_2011",0.81
"1322","191-3-A-BENA",2011,0.0196666666666667,0.0451234012691923,30,1981,14,"191-3","BENA",102,51,9,0,9,0,1,0,0,0.111111111,0,NA,"Hare",NA,1,2,0,0,1608.343863,"East","24A","Low Shrub","Low Shrub","Clay Loam","Mesic",0,494.475037,298,4.15829,-149.859591,67.475979,-2.17601254662029,0.113493178337492,"191-3-A-BENA_2011",11.8135404586792,-6.23220479488373,238.097290039062,122.684051036835,9.16666666666667,-8.2583335240682,4.5666667620341,13.8333336512248,26.6000007390976,0.98333336537083,84.2899981737137,273.569997310638,196.900001525879,1,"24A_2011",0.81
"1323","191-3-D-BENA",2011,0.14325,0.967608770159789,25,1986,14,"191-3","BENA",110,71,10,0,16,0,0,0,0,0,0,NA,NA,NA,0,2,0,0,1608.343863,"East","24A","Low Shrub","Low Shrub","Clay Loam","Mesic",0,494.475037,298,4.15829,-149.859591,67.475979,0.671842948842,1.95784220082757,"191-3-D-BENA_2011",11.8135404586792,-6.23220479488373,238.097290039062,122.684051036835,9.16666666666667,-8.2583335240682,4.5666667620341,13.8333336512248,26.6000007390976,0.98333336537083,84.2899981737137,273.569997310638,196.900001525879,1,"24A_2011",0.81
"1324","191-4-A-BENA",2011,0.30425,3.7432675333622,12,1999,14,"191-4","BENA",105,69,11,0,12,0,0,0,0,0,0,NA,NA,NA,0,1,0,0,1634.196324,"East","24A","Low Shrub","Low Shrub","Clay Loam","Mesic",0,497.007599,303,3.553675,-149.85875,67.475963,1.14885550471292,3.1545804404103,"191-4-A-BENA_2011",11.8135404586792,-6.23220479488373,238.097290039062,122.684051036835,9.16666666666667,-8.2583335240682,4.5666667620341,13.8333336512248,26.6000007390976,0.98333336537083,84.2899981737137,273.569997310638,196.900001525879,1,"24A_2011",0.81
"1325","191-4-B-BENA",2011,0.0855,0.282305086647905,28,1983,14,"191-4","BENA",77,59,11,0,12,0,1,0,0,0.083333333,0,NA,"Hare",NA,1,1,0,0,1634.196324,"East","24A","Low Shrub","Low Shrub","Clay Loam","Mesic",0,497.007599,303,3.553675,-149.85875,67.475963,-0.424757039960231,0.653928644360284,"191-4-B-BENA_2011",11.8135404586792,-6.23220479488373,238.097290039062,122.684051036835,9.16666666666667,-8.2583335240682,4.5666667620341,13.8333336512248,26.6000007390976,0.98333336537083,84.2899981737137,273.569997310638,196.900001525879,1,"24A_2011",0.81
"1326","203-1-A-BENA",2011,0.1675,1.26923484797681,21,1990,15,"203-1","BENA",97,41,11,0,17,1,0,0,0.058823529,0,0,"Moose",NA,NA,1,1,0,0,905.036767,"East","24A","Low Shrub","Low Shrub","Loam","Mesic",0,550.644958,299,23.927214,-149.794431,67.571449,0.735121987117632,2.08573640995968,"203-1-A-BENA_2011",12.1666666666667,-6.30833331743876,193,107,8.30000003178914,-9.16666676600774,3.76666665077209,12.8666667938232,21.8000012934208,0.916666679084301,78.6799992322922,281.489999294281,195.400009155273,1,"24A_2011",0.81
"1327","203-1-D-BENA",2011,0.32875,3.18540903537804,19,1992,15,"203-1","BENA",143,46,14,0,26,2,0,0,0.076923077,0,0,"Moose",NA,NA,1,1,0,0,905.036767,"East","24A","Low Shrub","Low Shrub","Loam","Mesic",0,550.644958,299,23.927214,-149.794431,67.571449,1.53585499738963,4.6452955481022,"203-1-D-BENA_2011",12.1666666666667,-6.30833331743876,193,107,8.30000003178914,-9.16666676600774,3.76666665077209,12.8666667938232,21.8000012934208,0.916666679084301,78.6799992322922,281.489999294281,195.400009155273,1,"24A_2011",0.81
"1328","203-2-B-BENA",2011,0.2915,3.53672018640974,13,1998,15,"203-2","BENA",146,44,15,0,20,0,0,0,0,0,0,NA,NA,NA,0,0,1,0,933.944119,"East","24A","Low Shrub","Low Shrub","Loam","Mesic",0,566.911377,300,26.508135,-149.793674,67.571447,1.18761445586555,3.27924907575149,"203-2-B-BENA_2011",12.1666666666667,-6.30833331743876,193,107,8.30000003178914,-9.16666676600774,3.76666665077209,12.8666667938232,21.8000012934208,0.916666679084301,78.6799992322922,281.489999294281,195.400009155273,1,"24A_2011",0.81
"1329","203-2-C-BENA",2011,0.1075,0.403745706866909,35,1976,15,"203-2","BENA",118,35,14,0,38,0,0,0,0,0,0,NA,NA,NA,0,0,1,0,933.944119,"East","24A","Low Shrub","Low Shrub","Loam","Mesic",0,566.911377,300,26.508135,-149.793674,67.571447,0.199325671382754,1.22057940896232,"203-2-C-BENA_2011",12.1666666666667,-6.30833331743876,193,107,8.30000003178914,-9.16666676600774,3.76666665077209,12.8666667938232,21.8000012934208,0.916666679084301,78.6799992322922,281.489999294281,195.400009155273,1,"24A_2011",0.81
"1330","203-3-B-BENA",2011,0.0425,0.258022931630147,15,1996,15,"203-3","BENA",108,53,11,7,21,0,0,0,0,0,0,NA,NA,NA,0,0,1,0,922.335664,"East","24A","Low Shrub","Low Shrub","Loam","Mesic",0,556.241272,305,23.609533,-149.79364,67.571701,-1.25952438933262,0.283788967467758,"203-3-B-BENA_2011",12.1666666666667,-6.30833331743876,193,107,8.30000003178914,-9.16666676600774,3.76666665077209,12.8666667938232,21.8000012934208,0.916666679084301,78.6799992322922,281.489999294281,195.400009155273,1,"24A_2011",0.81
"1331","203-3-D-BENA",2011,0.1245,0.792621470306214,19,1992,15,"203-3","BENA",108,52,11,0,7,1,0,0,0.14,0,0,"Moose",NA,NA,1,0,1,0,922.335664,"East","24A","Low Shrub","Low Shrub","Loam","Mesic",0,556.241272,305,23.609533,-149.79364,67.571701,0.144864780919201,1.15588326222812,"203-3-D-BENA_2011",12.1666666666667,-6.30833331743876,193,107,8.30000003178914,-9.16666676600774,3.76666665077209,12.8666667938232,21.8000012934208,0.916666679084301,78.6799992322922,281.489999294281,195.400009155273,1,"24A_2011",0.81
"1332","203-4-A-BENA",2011,0.14875,1.14269444113333,15,1996,15,"203-4","BENA",85,42,10,0,10,0,0,0,0,0,0,NA,NA,NA,0,1,1,0,951.384807,"East","24A","Low Shrub","Low Shrub","Loam","Mesic",0,569.135193,316,29.227108,-149.792864,67.571712,0.228571444871778,1.256803314076,"203-4-A-BENA_2011",12.1666666666667,-6.30833331743876,193,107,8.30000003178914,-9.16666676600774,3.76666665077209,12.8666667938232,21.8000012934208,0.916666679084301,78.6799992322922,281.489999294281,195.400009155273,1,"24A_2011",0.81
"1333","203-4-B-BENA",2011,0.22375,1.91390635020441,32,1979,15,"203-4","BENA",99,36,12,0,12,0,0,0,0,0,0,NA,NA,NA,0,1,1,0,951.384807,"East","24A","Low Shrub","Low Shrub","Loam","Mesic",0,569.135193,316,29.227108,-149.792864,67.571712,1.64850441978799,5.19919819166651,"203-4-B-BENA_2011",12.1666666666667,-6.30833331743876,193,107,8.30000003178914,-9.16666676600774,3.76666665077209,12.8666667938232,21.8000012934208,0.916666679084301,78.6799992322922,281.489999294281,195.400009155273,1,"24A_2011",0.81
"1334","209-1-C-BENA",2011,0.148666666666667,0.913549964462016,22,1989,16,"209-1","BENA",58,59,14,0,9,0,0,0,0,0,0,NA,NA,NA,0,0,1,0,698.873831,"East","24A","Low Shrub","Black Spruce Woodland","Sandy Loam","Mesic - Xeric",0,553.345276,287,19.679848,-149.692986,67.655886,0.461804673628646,1.5869353026367,"209-1-C-BENA_2011",11.4258104960124,-6.75639414787292,180,103,8.30000003178914,-9.16666676600774,3.76666665077209,12.8666667938232,21.8000012934208,0.916666679084301,78.6799992322922,281.489999294281,195.400009155273,1,"24A_2011",0.81
"1335","209-1-D-BENA",2011,0.03875,0.156766455161834,27,1984,16,"209-1","BENA",76,39,10,0,6,0,0,0,0,0,0,NA,NA,NA,0,0,1,0,698.873831,"East","24A","Low Shrub","Black Spruce Woodland","Sandy Loam","Mesic - Xeric",0,553.345276,287,19.679848,-149.692986,67.655886,-1.05638715783806,0.347709764293791,"209-1-D-BENA_2011",11.4258104960124,-6.75639414787292,180,103,8.30000003178914,-9.16666676600774,3.76666665077209,12.8666667938232,21.8000012934208,0.916666679084301,78.6799992322922,281.489999294281,195.400009155273,1,"24A_2011",0.81
"1336","209-2-B-BENA",2011,0.181,1.28310969193139,43,1968,16,"209-2","BENA",104,57,18,0,18,0,0,0,0,0,0,NA,NA,NA,0,0,0,0,728.528855,"East","24A","Low Shrub","Black Spruce Woodland","Sandy Loam","Mesic - Xeric",0,561.911133,287,21.070175,-149.692261,67.656,1.60123349937362,4.95914575640859,"209-2-B-BENA_2011",11.4258104960124,-6.75639414787292,180,103,8.30000003178914,-9.16666676600774,3.76666665077209,12.8666667938232,21.8000012934208,0.916666679084301,78.6799992322922,281.489999294281,195.400009155273,1,"24A_2011",0.81
"1337","209-2-D-BENA",2011,0.0285,0.0787463760567189,50,1961,16,"209-2","BENA",86,47,10,0,6,0,0,0,0,0,0,NA,NA,NA,0,0,0,0,728.528855,"East","24A","Low Shrub","Black Spruce Woodland","Sandy Loam","Mesic - Xeric",0,561.911133,287,21.070175,-149.692261,67.656,-1.00959331647744,0.36436713155256,"209-2-D-BENA_2011",11.4258104960124,-6.75639414787292,180,103,8.30000003178914,-9.16666676600774,3.76666665077209,12.8666667938232,21.8000012934208,0.916666679084301,78.6799992322922,281.489999294281,195.400009155273,1,"24A_2011",0.81
"1338","209-3-A-BENA",2011,0.0975,0.557475616379507,51,1960,16,"209-3","BENA",67,52,13,0,10,0,0,0,0,0,0,NA,NA,NA,0,0,1,0,711.058695,"East","24A","Low Shrub","Black Spruce Woodland","Sandy Loam","Mesic - Xeric",0,553.430786,276,18.070417,-149.69261,67.656251,0.971224430617136,2.641176417567,"209-3-A-BENA_2011",11.4258104960124,-6.75639414787292,180,103,8.30000003178914,-9.16666676600774,3.76666665077209,12.8666667938232,21.8000012934208,0.916666679084301,78.6799992322922,281.489999294281,195.400009155273,1,"24A_2011",0.81
"1339","209-3-D-BENA",2011,0.1185,0.515978319018241,29,1982,16,"209-3","BENA",84,39,10,0,8,0,0,0,0,0,0,NA,NA,NA,0,0,1,0,711.058695,"East","24A","Low Shrub","Black Spruce Woodland","Sandy Loam","Mesic - Xeric",0,553.430786,276,18.070417,-149.69261,67.656251,0.220195181663452,1.24631996565319,"209-3-D-BENA_2011",11.4258104960124,-6.75639414787292,180,103,8.30000003178914,-9.16666676600774,3.76666665077209,12.8666667938232,21.8000012934208,0.916666679084301,78.6799992322922,281.489999294281,195.400009155273,1,"24A_2011",0.81
"1340","209-4-C-BENA",2011,0.10925,0.396503746751763,20,1991,16,"209-4","BENA",57,38,10,0,7,0,0,0,0,0,0,NA,NA,NA,0,0,0,0,738.024448,"East","24A","Low Shrub","Black Spruce Woodland","Sandy Loam","Mesic - Xeric",0,561.090881,296,18.584587,-149.691928,67.656444,-0.486585226783815,0.614721950274911,"209-4-C-BENA_2011",11.4258104960124,-6.75639414787292,180,103,8.30000003178914,-9.16666676600774,3.76666665077209,12.8666667938232,21.8000012934208,0.916666679084301,78.6799992322922,281.489999294281,195.400009155273,1,"24A_2011",0.81
"1341","209-4-D-BENA",2011,0.0326666666666667,0.0803898519985779,39,1972,16,"209-4","BENA",71,50,9,0,8,0,0,0,0,0,0,NA,NA,NA,0,0,0,0,738.024448,"East","24A","Low Shrub","Black Spruce Woodland","Sandy Loam","Mesic - Xeric",0,561.090881,296,18.584587,-149.691928,67.656444,-1.28543616793256,0.276529943830387,"209-4-D-BENA_2011",11.4258104960124,-6.75639414787292,180,103,8.30000003178914,-9.16666676600774,3.76666665077209,12.8666667938232,21.8000012934208,0.916666679084301,78.6799992322922,281.489999294281,195.400009155273,1,"24A_2011",0.81
"1342","222-1-B-BENA",2011,0.1055,0.591616874542397,31,1980,17,"222-1","BENA",63,58,19,0,9,0,2,0,0,0.222222222,0,NA,"Hare",NA,1,2,18,0,769.468544,"East","24A","Low Shrub","Tall Shrub","Clay Loam","Mesic",0,669.484009,287,15.029548,-149.809491,67.826198,0.436575083104343,1.54739842160813,"222-1-B-BENA_2011",10.8666664759318,-7.29999987284342,186,106,8.30000003178914,-9.16666676600774,3.76666665077209,12.8666667938232,21.8000012934208,0.916666679084301,78.6799992322922,281.489999294281,195.400009155273,1,"24A_2011",0.81
"1343","222-1-D-BENA",2011,0.01425,0.026267445225287,30,1981,17,"222-1","BENA",78,38,9,0,9,0,2,0,0,0.222222222,0,NA,"Hare",NA,1,2,18,0,769.468544,"East","24A","Low Shrub","Tall Shrub","Clay Loam","Mesic",0,669.484009,287,15.029548,-149.809491,67.826198,-2.71708318539509,0.0660671793697252,"222-1-D-BENA_2011",10.8666664759318,-7.29999987284342,186,106,8.30000003178914,-9.16666676600774,3.76666665077209,12.8666667938232,21.8000012934208,0.916666679084301,78.6799992322922,281.489999294281,195.400009155273,1,"24A_2011",0.81
"1344","222-2-A-BENA",2011,0.237,1.75715560300584,25,1986,17,"222-2","BENA",81,59,12,0,9,0,0,0,0,0,0,NA,NA,NA,0,3,13,0,794.735172,"East","24A","Low Shrub","Tall Shrub","Clay Loam","Mesic",0,676.198608,282,15.59229,-149.808768,67.826375,1.26846675234144,3.55539707687574,"222-2-A-BENA_2011",10.8666664759318,-7.29999987284342,186,106,8.30000003178914,-9.16666676600774,3.76666665077209,12.8666667938232,21.8000012934208,0.916666679084301,78.6799992322922,281.489999294281,195.400009155273,1,"24A_2011",0.81
"1345","222-2-D-BENA",2011,0.123,0.814564709593374,11,2000,17,"222-2","BENA",62,59,8,0,6,0,1,0,0,0.166666667,0,NA,"Hare",NA,1,3,13,0,794.735172,"East","24A","Low Shrub","Tall Shrub","Clay Loam","Mesic",0,676.198608,282,15.59229,-149.808768,67.826375,-0.480038843310797,0.618759356677342,"222-2-D-BENA_2011",10.8666664759318,-7.29999987284342,186,106,8.30000003178914,-9.16666676600774,3.76666665077209,12.8666667938232,21.8000012934208,0.916666679084301,78.6799992322922,281.489999294281,195.400009155273,1,"24A_2011",0.81
"1346","222-3-A-BENA",2011,0.065,0.270875972574148,49,1962,17,"222-3","BENA",126,65,16,0,21,0,3,0,0,0.142857143,0,NA,"Hare",NA,1,2,11,1,778.440723,"East","24A","Low Shrub","Low Shrub","Clay Loam","Mesic",0,672.469177,278,13.422374,-149.809021,67.826615,0.201726804120095,1.22351370354531,"222-3-A-BENA_2011",10.8666664759318,-7.29999987284342,186,106,8.30000003178914,-9.16666676600774,3.76666665077209,12.8666667938232,21.8000012934208,0.916666679084301,78.6799992322922,281.489999294281,195.400009155273,1,"24A_2011",0.81
"1347","222-3-B-BENA",2011,0.17125,1.71096731876414,8,2003,17,"222-3","BENA",70,62,8,0,8,0,0,0,0,0,0,NA,NA,NA,0,2,11,1,778.440723,"East","24A","Low Shrub","Low Shrub","Clay Loam","Mesic",0,672.469177,278,13.422374,-149.809021,67.826615,-0.117901686911463,0.888783427363291,"222-3-B-BENA_2011",10.8666664759318,-7.29999987284342,186,106,8.30000003178914,-9.16666676600774,3.76666665077209,12.8666667938232,21.8000012934208,0.916666679084301,78.6799992322922,281.489999294281,195.400009155273,1,"24A_2011",0.81
"1348","222-4-C-BENA",2011,0.24175,2.36900806487863,9,2002,17,"222-4","BENA",92,74,9,12,11,0,1,0,0,0.090909091,0,NA,"Hare",NA,1,0,15,0,805.061274,"East","24A","Low Shrub","Low Shrub","Clay Loam","Mesic",0,678.755371,278,16.631924,-149.808355,67.826658,0.348065796988746,1.4163254366231,"222-4-C-BENA_2011",10.8666664759318,-7.29999987284342,186,106,8.30000003178914,-9.16666676600774,3.76666665077209,12.8666667938232,21.8000012934208,0.916666679084301,78.6799992322922,281.489999294281,195.400009155273,1,"24A_2011",0.81
"1349","222-4-D-BENA",2011,0.189,1.38643196191898,16,1995,17,"222-4","BENA",107,70,8,0,14,0,0,0,0,0,0,NA,NA,NA,0,0,15,0,805.061274,"East","24A","Low Shrub","Low Shrub","Clay Loam","Mesic",0,678.755371,278,16.631924,-149.808355,67.826658,0.498932250956198,1.64696178964911,"222-4-D-BENA_2011",10.8666664759318,-7.29999987284342,186,106,8.30000003178914,-9.16666676600774,3.76666665077209,12.8666667938232,21.8000012934208,0.916666679084301,78.6799992322922,281.489999294281,195.400009155273,1,"24A_2011",0.81
"1350","235-1-A-BENA",2011,0.088,0.512418894541724,32,1979,18,"235-1","BENA",59,29,10,0,18,0,0,0,0,0,0,NA,NA,NA,0,0,5,0,477.732622,"East","24A","Low Shrub","Low Shrub","Sandy Gravel","Mesic",0,813.776917,295,20.303024,-149.727576,68.004859,0.330745221746226,1.39200509449825,"235-1-A-BENA_2011",8.6333335240682,-8.56666675209999,196,118,7.13333336512248,-10.3000001211961,2.76666676998138,11.5666669209798,15.7000002861023,0.850000016391277,62.0899983644485,291.769996643066,191.100002288818,1,"24A_2011",0.81
"1351","235-1-B-BENA",2011,0.1795,1.56063720155135,19,1992,18,"235-1","BENA",42,18,10,0,10,0,1,0,0,0.1,0,NA,"Hare",NA,1,0,5,0,477.732622,"East","24A","Low Shrub","Low Shrub","Sandy Gravel","Mesic",0,813.776917,295,20.303024,-149.727576,68.004859,0.822368491457202,2.2758838705023,"235-1-B-BENA_2011",8.6333335240682,-8.56666675209999,196,118,7.13333336512248,-10.3000001211961,2.76666676998138,11.5666669209798,15.7000002861023,0.850000016391277,62.0899983644485,291.769996643066,191.100002288818,1,"24A_2011",0.81
"1352","235-2-A-BENA",2011,0.1525,1.3874529795314,11,2000,18,"235-2","BENA",71,49,9,0,16,0,0,0,0,0,0,NA,NA,NA,0,0,0,0,510.631222,"East","24A","Dwarf Shrub-Lichen","Low Shrub","Sandy Gravel","Mesic",0,828.022217,289,26.243103,-149.726481,68.004961,0.0525322412086089,1.05393654171866,"235-2-A-BENA_2011",8.6333335240682,-8.56666675209999,196,118,7.13333336512248,-10.3000001211961,2.76666676998138,11.5666669209798,15.7000002861023,0.850000016391277,62.0899983644485,291.769996643066,191.100002288818,1,"24A_2011",0.81
"1353","235-2-B-BENA",2011,0.03675,0.171477355461351,28,1983,18,"235-2","BENA",54,38,8,0,9,0,0,0,0,0,0,NA,NA,NA,NA,0,0,0,510.631222,"East","24A","Dwarf Shrub-Lichen","Low Shrub","Sandy Gravel","Mesic",0,828.022217,289,26.243103,-149.726481,68.004961,-0.923294173885195,0.397208409975209,"235-2-B-BENA_2011",8.6333335240682,-8.56666675209999,196,118,7.13333336512248,-10.3000001211961,2.76666676998138,11.5666669209798,15.7000002861023,0.850000016391277,62.0899983644485,291.769996643066,191.100002288818,1,"24A_2011",0.81
"1354","235-2-C-BENA",2011,0.06425,0.115204362452087,23,1988,18,"235-2","BENA",58,33,8,0,9,0,2,0,0,0.222222222,0,NA,"Hare",NA,1,0,0,0,510.631222,"East","24A","Dwarf Shrub-Lichen","Low Shrub","Sandy Gravel","Mesic",0,828.022217,289,26.243103,-149.726481,68.004961,-1.55577977405569,0.211024766829462,"235-2-C-BENA_2011",8.6333335240682,-8.56666675209999,196,118,7.13333336512248,-10.3000001211961,2.76666676998138,11.5666669209798,15.7000002861023,0.850000016391277,62.0899983644485,291.769996643066,191.100002288818,1,"24A_2011",0.81
"1355","235-3-B-BENA",2011,0.1095,0.429317485668967,26,1985,18,"235-3","BENA",59,31,10,0,15,0,0,0,0,0,0,NA,NA,NA,0,0,1,0,482.982181,"East","24A","Dwarf Shrub-Lichen","Low Shrub","Sandy Gravel","Mesic",0,817.546387,298,18.704132,-149.726784,68.005244,-0.093984595843854,0.910296784486574,"235-3-B-BENA_2011",8.6333335240682,-8.56666675209999,196,118,7.13333336512248,-10.3000001211961,2.76666676998138,11.5666669209798,15.7000002861023,0.850000016391277,62.0899983644485,291.769996643066,191.100002288818,1,"24A_2011",0.81
"1356","235-3-C-BENA",2011,0.31325,3.60846297069391,11,2000,18,"235-3","BENA",57,42,7,0,11,0,0,0,0,0,0,NA,NA,NA,0,0,1,0,482.982181,"East","24A","Dwarf Shrub-Lichen","Low Shrub","Sandy Gravel","Mesic",0,817.546387,298,18.704132,-149.726784,68.005244,1.00834447555858,2.74105936587304,"235-3-C-BENA_2011",8.6333335240682,-8.56666675209999,196,118,7.13333336512248,-10.3000001211961,2.76666676998138,11.5666669209798,15.7000002861023,0.850000016391277,62.0899983644485,291.769996643066,191.100002288818,1,"24A_2011",0.81
"1357","235-4-A-BENA",2011,0.1705,1.45667718825508,21,1990,18,"235-4","BENA",45,36,11,0,13,0,0,0,0,0,0,NA,NA,NA,0,0,0,0,503.848767,"East","24A","Low Shrub","Low Shrub","Sandy Gravel","Mesic",0,825.290771,293,20.728168,-149.726015,68.005351,0.872865693592023,2.39376081892516,"235-4-A-BENA_2011",8.6333335240682,-8.56666675209999,196,118,7.13333336512248,-10.3000001211961,2.76666676998138,11.5666669209798,15.7000002861023,0.850000016391277,62.0899983644485,291.769996643066,191.100002288818,1,"24A_2011",0.81
"1358","235-4-C-BENA",2011,0.1945,3.0072322335829,15,1996,18,"235-4","BENA",61,45,11,0,10,0,0,0,0,0,0,NA,NA,NA,0,0,0,0,503.848767,"East","24A","Low Shrub","Low Shrub","Sandy Gravel","Mesic",0,825.290771,293,20.728168,-149.726015,68.005351,1.1962025584032,3.30753288133147,"235-4-C-BENA_2011",8.6333335240682,-8.56666675209999,196,118,7.13333336512248,-10.3000001211961,2.76666676998138,11.5666669209798,15.7000002861023,0.850000016391277,62.0899983644485,291.769996643066,191.100002288818,1,"24A_2011",0.81
"1359","240-1-D-BENA",2011,0.13875,1.09202840561256,12,1999,19,"240-1","BENA",70,38,7,0,13,0,0,0,0,0,0,NA,NA,NA,0,0,1,0,395.986648,"West","24A","Low Shrub","Low Shrub","Sandy Loam","Mesic",0,1043.032227,75,23.365055,-149.606437,68.069578,-0.0830665078561336,0.92028993867388,"240-1-D-BENA_2011",7.58495489756266,-9.06472734858592,244.850563049316,166.308935165405,7.13333336512248,-10.3000001211961,2.76666676998138,11.5666669209798,15.7000002861023,0.850000016391277,62.0899983644485,291.769996643066,191.100002288818,1,"24A_2011",0.81
"1360","240-2-A-BENA",2011,0.24625,1.75901208791458,15,1996,19,"240-2","BENA",90,57,9,0,23,0,0,2,0,0,0.086956522,NA,NA,"Ptarmagin",1,0,0,0,426.292991,"West","24A","Tussock Tundra (Low shrub or Herbaceous)","Low Shrub","Sandy Loam","Mesic",0,1048.270996,87,24.096361,-149.606886,68.069926,0.659934764159967,1.93466612071568,"240-2-A-BENA_2011",7.58495489756266,-9.06472734858592,244.850563049316,166.308935165405,7.13333336512248,-10.3000001211961,2.76666676998138,11.5666669209798,15.7000002861023,0.850000016391277,62.0899983644485,291.769996643066,191.100002288818,1,"24A_2011",0.81
"1361","240-2-D-BENA",2011,0.1755,1.12392597757216,13,1998,19,"240-2","BENA",84,31,8,0,10,0,0,0,0,0,0,NA,NA,NA,0,0,0,0,426.292991,"West","24A","Tussock Tundra (Low shrub or Herbaceous)","Low Shrub","Sandy Loam","Mesic",0,1048.270996,87,24.096361,-149.606886,68.069926,0.0412425522517703,1.04210483976908,"240-2-D-BENA_2011",7.58495489756266,-9.06472734858592,244.850563049316,166.308935165405,7.13333336512248,-10.3000001211961,2.76666676998138,11.5666669209798,15.7000002861023,0.850000016391277,62.0899983644485,291.769996643066,191.100002288818,1,"24A_2011",0.81
"1362","240-3-A-BENA",2011,0.172,2.43672607627447,7,2004,19,"240-3","BENA",66,43,8,0,18,0,0,0,0,0,0,NA,NA,NA,0,0,1,3,399.798137,"West","24A","Low Shrub","Low Shrub","Sandy Loam","Mesic",0,1034.808228,93,20.584356,-149.606025,68.07014,0.0763466138719752,1.07933662237423,"240-3-A-BENA_2011",7.58495489756266,-9.06472734858592,244.850563049316,166.308935165405,7.13333336512248,-10.3000001211961,2.76666676998138,11.5666669209798,15.7000002861023,0.850000016391277,62.0899983644485,291.769996643066,191.100002288818,1,"24A_2011",0.81
"1363","240-3-D-BENA",2011,0.195,1.53458947146227,27,1984,19,"240-3","BENA",97,46,12,0,13,0,0,2,0,0,0.153846154,NA,NA,"Ptarmagin",1,0,1,3,399.798137,"West","24A","Low Shrub","Low Shrub","Sandy Loam","Mesic",0,1034.808228,93,20.584356,-149.606025,68.07014,1.2248738699996,3.40373674239836,"240-3-D-BENA_2011",7.58495489756266,-9.06472734858592,244.850563049316,166.308935165405,7.13333336512248,-10.3000001211961,2.76666676998138,11.5666669209798,15.7000002861023,0.850000016391277,62.0899983644485,291.769996643066,191.100002288818,1,"24A_2011",0.81
"1364","240-4-B-BENA",2011,0.199,1.08405681060361,43,1968,19,"240-4","BENA",102,72,15,0,13,0,0,0,0,0,0,NA,NA,NA,0,0,2,0,431.079046,"West","24A","Low Shrub","Low Shrub","Sandy Loam","Mesic",0,1046.807861,94,24.616484,-149.606605,68.070368,1.43265723090572,4.18981772627605,"240-4-B-BENA_2011",7.58495489756266,-9.06472734858592,244.850563049316,166.308935165405,7.13333336512248,-10.3000001211961,2.76666676998138,11.5666669209798,15.7000002861023,0.850000016391277,62.0899983644485,291.769996643066,191.100002288818,1,"24A_2011",0.81
"1365","240-4-D-BENA",2011,0.1,0.702617196975355,26,1985,19,"240-4","BENA",83,41,16,0,29,0,0,3,0,0,0.103448276,NA,NA,"Ptarmagin",1,0,2,0,431.079046,"West","24A","Low Shrub","Low Shrub","Sandy Loam","Mesic",0,1046.807861,94,24.616484,-149.606605,68.070368,0.398630914831207,1.48978366006923,"240-4-D-BENA_2011",7.58495489756266,-9.06472734858592,244.850563049316,166.308935165405,7.13333336512248,-10.3000001211961,2.76666676998138,11.5666669209798,15.7000002861023,0.850000016391277,62.0899983644485,291.769996643066,191.100002288818,1,"24A_2011",0.81
"1366","255-1-A-BENA",2011,0.106,0.695988436476287,42,1969,20,"255-1","BENA",71,26,15,0,17,0,0,0,0,0,0,NA,NA,NA,0,0,0,0,585.543915,"East","26B","Low Shrub","Low Shrub","Sandy Gravel","Mesic - Xeric",0,991.483582,331,1.701594,-149.392735,68.222633,0.96144483596004,2.61547267374272,"255-1-A-BENA_2011",7.96967585881551,-9.45376138303739,251.774322509766,174.954864501953,5.23333342870076,-11.8583334349096,1.00000003476938,9.50000031789144,5.40000009536743,0.725000007698933,51.729998588562,308.819996833801,197.700004577637,1,"26B_2011",0.27
"1367","255-1-B-BENA",2011,0.09825,0.403189055918601,12,1999,20,"255-1","BENA",41,27,7,0,12,0,0,0,0,0,0,NA,NA,NA,0,0,0,0,585.543915,"East","26B","Low Shrub","Low Shrub","Sandy Gravel","Mesic - Xeric",0,991.483582,331,1.701594,-149.392735,68.222633,-1.07945310295862,0.339781300228334,"255-1-B-BENA_2011",7.96967585881551,-9.45376138303739,251.774322509766,174.954864501953,5.23333342870076,-11.8583334349096,1.00000003476938,9.50000031789144,5.40000009536743,0.725000007698933,51.729998588562,308.819996833801,197.700004577637,1,"26B_2011",0.27
"1368","255-2-C-BENA",2011,0.0285,0.101040688322917,30,1981,20,"255-2","BENA",65,27,8,0,20,0,0,0,0,0,0,NA,NA,NA,0,0,1,1,631.079496,"East","26B","Low Shrub","Low Shrub","Sandy Gravel","Mesic - Xeric",0,993.382141,286,2.676414,-149.39171,68.222788,-1.3698902433087,0.254134851022526,"255-2-C-BENA_2011",7.96967585881551,-9.45376138303739,251.774322509766,174.954864501953,5.23333342870076,-11.8583334349096,1.00000003476938,9.50000031789144,5.40000009536743,0.725000007698933,51.729998588562,308.819996833801,197.700004577637,1,"26B_2011",0.27
"1369","255-2-D-BENA",2011,0.2865,2.6610460019169,22,1989,20,"255-2","BENA",60,32,10,0,11,0,0,0,0,0,0,NA,NA,NA,0,0,1,1,631.079496,"East","26B","Low Shrub","Low Shrub","Sandy Gravel","Mesic - Xeric",0,993.382141,286,2.676414,-149.39171,68.222788,1.53094116195489,4.62252532062548,"255-2-D-BENA_2011",7.96967585881551,-9.45376138303739,251.774322509766,174.954864501953,5.23333342870076,-11.8583334349096,1.00000003476938,9.50000031789144,5.40000009536743,0.725000007698933,51.729998588562,308.819996833801,197.700004577637,1,"26B_2011",0.27
"1370","255-3-A-BENA",2011,0.14275,1.20378506647687,11,2000,20,"255-3","BENA",61,31,7,0,17,0,0,0,0,0,0,NA,NA,NA,0,0,1,0,600.399561,"East","26B","Tussock Tundra (Low shrub or Herbaceous)","Low Shrub","Sandy Gravel","Mesic - Xeric",0,990.277893,304,2.837043,-149.392647,68.223106,-0.0894666214941004,0.914418786547784,"255-3-A-BENA_2011",7.96967585881551,-9.45376138303739,251.774322509766,174.954864501953,5.23333342870076,-11.8583334349096,1.00000003476938,9.50000031789144,5.40000009536743,0.725000007698933,51.729998588562,308.819996833801,197.700004577637,1,"26B_2011",0.27
"1371","255-3-D-BENA",2011,0.371,4.56829826253146,6,2005,20,"255-3","BENA",53,42,6,0,12,0,0,1,0,0,0.083333333,NA,NA,"Ptarmagin",1,0,1,0,600.399561,"East","26B","Tussock Tundra (Low shrub or Herbaceous)","Low Shrub","Sandy Gravel","Mesic - Xeric",0,990.277893,304,2.837043,-149.392647,68.223106,0.520878047931422,1.683505199182,"255-3-D-BENA_2011",7.96967585881551,-9.45376138303739,251.774322509766,174.954864501953,5.23333342870076,-11.8583334349096,1.00000003476938,9.50000031789144,5.40000009536743,0.725000007698933,51.729998588562,308.819996833801,197.700004577637,1,"26B_2011",0.27
"1372","255-4-B-BENA",2011,0.13275,1.50814413355298,15,1996,20,"255-4","BENA",49,32,10,0,25,0,0,0,0,0,0,NA,NA,NA,0,0,0,2,644.564014,"East","26B","Low Shrub","Low Shrub","Sandy Gravel","Mesic - Xeric",0,993.003235,239,7.430982,-149.391619,68.223199,0.506062270687829,1.6587466228275,"255-4-B-BENA_2011",7.96967585881551,-9.45376138303739,251.774322509766,174.954864501953,5.23333342870076,-11.8583334349096,1.00000003476938,9.50000031789144,5.40000009536743,0.725000007698933,51.729998588562,308.819996833801,197.700004577637,1,"26B_2011",0.27
"1373","255-4-D-BENA",2011,0.03175,0.0811180821606376,34,1977,20,"255-4","BENA",56,29,5,0,12,0,0,0,0,0,0,NA,NA,NA,0,0,0,2,644.564014,"East","26B","Low Shrub","Low Shrub","Sandy Gravel","Mesic - Xeric",0,993.003235,239,7.430982,-149.391619,68.223199,-1.44014562043435,0.236893259670935,"255-4-D-BENA_2011",7.96967585881551,-9.45376138303739,251.774322509766,174.954864501953,5.23333342870076,-11.8583334349096,1.00000003476938,9.50000031789144,5.40000009536743,0.725000007698933,51.729998588562,308.819996833801,197.700004577637,1,"26B_2011",0.27
"1374","261-1-C-BENA",2011,0.0346666666666667,0.0820444457296662,35,1976,21,"261-1","BENA",52,23,10,0,13,0,0,0,0,0,0,NA,NA,NA,0,0,0,0,356.206777,"East","26B","Dwarf Shrub","Low Shrub","Sandy Loam","Mesic",0,883.832947,287,13.943512,-149.352299,68.301689,-1.39419844843324,0.248031766961594,"261-1-C-BENA_2011",8.16283162434896,-9.57533740003904,273.293312072754,190.735785484314,5.23333342870076,-11.8583334349096,1.00000003476938,9.50000031789144,5.40000009536743,0.725000007698933,51.729998588562,308.819996833801,197.700004577637,1,"26B_2011",0.27
"1375","261-1-D-BENA",2011,0.124,0.617253841392016,22,1989,21,"261-1","BENA",59,19,9,0,15,0,0,0,0,0,0,NA,NA,NA,0,0,0,0,356.206777,"East","26B","Dwarf Shrub","Low Shrub","Sandy Loam","Mesic",0,883.832947,287,13.943512,-149.352299,68.301689,0.0697469552752217,1.072236823051,"261-1-D-BENA_2011",8.16283162434896,-9.57533740003904,273.293312072754,190.735785484314,5.23333342870076,-11.8583334349096,1.00000003476938,9.50000031789144,5.40000009536743,0.725000007698933,51.729998588562,308.819996833801,197.700004577637,1,"26B_2011",0.27
"1376","261-2-B-BENA",2011,0.22025,1.6438664339752,25,1986,21,"261-2","BENA",66,25,12,0,19,0,0,0,0,0,0,NA,NA,NA,0,0,0,1,388.99561,"East","26B","Dwarf Shrub-Lichen","Low Shrub","Sandy Loam","Mesic",0,888.892761,295,13.025289,-149.351465,68.301786,1.20182143409437,3.326169807689,"261-2-B-BENA_2011",8.16283162434896,-9.57533740003904,273.293312072754,190.735785484314,5.23333342870076,-11.8583334349096,1.00000003476938,9.50000031789144,5.40000009536743,0.725000007698933,51.729998588562,308.819996833801,197.700004577637,1,"26B_2011",0.27
"1377","261-2-C-BENA",2011,0.118,0.394618594810069,20,1991,21,"261-2","BENA",37,18,8,0,13,0,0,0,0,0,0,NA,NA,NA,0,0,0,1,388.99561,"East","26B","Dwarf Shrub-Lichen","Low Shrub","Sandy Loam","Mesic",0,888.892761,295,13.025289,-149.351465,68.301786,-0.491351001710691,0.611799293710738,"261-2-C-BENA_2011",8.16283162434896,-9.57533740003904,273.293312072754,190.735785484314,5.23333342870076,-11.8583334349096,1.00000003476938,9.50000031789144,5.40000009536743,0.725000007698933,51.729998588562,308.819996833801,197.700004577637,1,"26B_2011",0.27
"1378","261-3-A-BENA",2011,0.307,3.86559153016548,6,2005,21,"261-3","BENA",70,41,11,0,15,0,0,0,0,0,0,NA,NA,NA,0,0,0,1,380.53651,"East","26B","Tussock Tundra (Low shrub or Herbaceous)","Low Shrub","Sandy Loam","Mesic",0,884.224731,295,11.657486,-149.351558,68.302088,0.353852002047108,1.42454434123163,"261-3-A-BENA_2011",8.16283162434896,-9.57533740003904,273.293312072754,190.735785484314,5.23333342870076,-11.8583334349096,1.00000003476938,9.50000031789144,5.40000009536743,0.725000007698933,51.729998588562,308.819996833801,197.700004577637,1,"26B_2011",0.27
"1379","261-3-D-BENA",2011,0.119,0.940979211519231,31,1980,21,"261-3","BENA",74,41,14,0,26,0,0,0,0,0,0,NA,NA,NA,0,0,0,1,380.53651,"East","26B","Tussock Tundra (Low shrub or Herbaceous)","Low Shrub","Sandy Loam","Mesic",0,884.224731,295,11.657486,-149.351558,68.302088,0.900636876545519,2.46117007361758,"261-3-D-BENA_2011",8.16283162434896,-9.57533740003904,273.293312072754,190.735785484314,5.23333342870076,-11.8583334349096,1.00000003476938,9.50000031789144,5.40000009536743,0.725000007698933,51.729998588562,308.819996833801,197.700004577637,1,"26B_2011",0.27
"1380","261-4-A-BENA",2011,0.1065,0.402499279981599,46,1965,21,"261-4","BENA",45,23,13,0,13,0,0,0,0,0,0,NA,NA,NA,0,0,0,0,405.679111,"East","26B","Low Shrub","Low Shrub","Sandy Loam","Mesic",0,886.626587,308,9.946874,-149.350886,68.302265,0.522365236766918,1.68601075197199,"261-4-A-BENA_2011",8.16283162434896,-9.57533740003904,273.293312072754,190.735785484314,5.23333342870076,-11.8583334349096,1.00000003476938,9.50000031789144,5.40000009536743,0.725000007698933,51.729998588562,308.819996833801,197.700004577637,1,"26B_2011",0.27
"1381","261-4-B-BENA",2011,0.26775,1.32335722446515,25,1986,21,"261-4","BENA",71,30,12,0,13,0,0,0,0,0,0,NA,NA,NA,0,0,0,0,405.679111,"East","26B","Low Shrub","Low Shrub","Sandy Loam","Mesic",0,886.626587,308,9.946874,-149.350886,68.302265,0.984942244921557,2.67765723165164,"261-4-B-BENA_2011",8.16283162434896,-9.57533740003904,273.293312072754,190.735785484314,5.23333342870076,-11.8583334349096,1.00000003476938,9.50000031789144,5.40000009536743,0.725000007698933,51.729998588562,308.819996833801,197.700004577637,1,"26B_2011",0.27
"1382","268-1-B-BENA",2011,0.06675,0.302022311190457,26,1985,22,"268-1","BENA",63,26,6,0,12,0,0,0,0,0,0,NA,NA,NA,0,0,1,2,212.091228,"West","26B","Low Shrub","Low Shrub","Sandy Gravel","Mesic",0,818.738892,195,1.432166,-149.327109,68.400098,-0.445680408136934,0.6403884022834,"268-1-B-BENA_2011",9.19548606872559,-8.96134257564942,282,179.135406494141,5.23333342870076,-11.8583334349096,1.00000003476938,9.50000031789144,5.40000009536743,0.725000007698933,51.729998588562,308.819996833801,197.700004577637,1,"26B_2011",0.27
"1383","268-1-C-BENA",2011,0.05175,0.250735025722442,23,1988,22,"268-1","BENA",47,18,6,0,11,0,0,0,0,0,0,NA,NA,NA,0,0,1,2,212.091228,"West","26B","Low Shrub","Low Shrub","Sandy Gravel","Mesic",0,818.738892,195,1.432166,-149.327109,68.400098,-0.778090683005689,0.459282089782521,"268-1-C-BENA_2011",9.19548606872559,-8.96134257564942,282,179.135406494141,5.23333342870076,-11.8583334349096,1.00000003476938,9.50000031789144,5.40000009536743,0.725000007698933,51.729998588562,308.819996833801,197.700004577637,1,"26B_2011",0.27
"1384","268-2-A-BENA",2011,0.276,2.35021918096522,21,1990,22,"268-2","BENA",60,23,9,0,24,0,0,0,0,0,0,NA,NA,NA,0,0,0,4,184.615387,"West","26B","Low Shrub","Low Shrub","Sandy Gravel","Mesic",0,819.441162,203,1.359031,-149.326454,68.400307,1.35121634242298,3.86212033567985,"268-2-A-BENA_2011",9.19548606872559,-8.96134257564942,282,179.135406494141,5.23333342870076,-11.8583334349096,1.00000003476938,9.50000031789144,5.40000009536743,0.725000007698933,51.729998588562,308.819996833801,197.700004577637,1,"26B_2011",0.27
"1385","268-3-C-BENA",2011,0.22175,1.87102282508474,8,2003,22,"268-3","BENA",50,27,5,0,11,0,0,0,0,0,0,NA,NA,NA,0,0,0,0,206.549982,"West","26B","Low Shrub","Low Shrub","Sandy Gravel","Mesic",0,819.661011,150,1.610195,-149.326989,68.400547,-0.0284753343537776,0.971926267039939,"268-3-C-BENA_2011",9.19548606872559,-8.96134257564942,282,179.135406494141,5.23333342870076,-11.8583334349096,1.00000003476938,9.50000031789144,5.40000009536743,0.725000007698933,51.729998588562,308.819996833801,197.700004577637,1,"26B_2011",0.27
"1386","268-4-C-BENA",2011,0.0545,0.318120813695156,32,1979,22,"268-4","BENA",58,32,8,0,18,0,0,0,0,0,0,NA,NA,NA,0,0,0,5,171.881056,"West","26B","Dwarf Shrub-Lichen","Low Shrub","Sandy Gravel","Mesic",0,820.486511,188,1.085947,-149.326166,68.400831,-0.145965994279786,0.864187089989375,"268-4-C-BENA_2011",9.19548606872559,-8.96134257564942,282,179.135406494141,5.23333342870076,-11.8583334349096,1.00000003476938,9.50000031789144,5.40000009536743,0.725000007698933,51.729998588562,308.819996833801,197.700004577637,1,"26B_2011",0.27
"1387","268-4-D-BENA",2011,0.08625,0.305442327492973,23,1988,22,"268-4","BENA",57,23,7,0,15,0,0,0,0,0,0,NA,NA,NA,0,0,0,5,171.881056,"West","26B","Dwarf Shrub-Lichen","Low Shrub","Sandy Gravel","Mesic",0,820.486511,188,1.085947,-149.326166,68.400831,-0.580726410028255,0.559491798462577,"268-4-D-BENA_2011",9.19548606872559,-8.96134257564942,282,179.135406494141,5.23333342870076,-11.8583334349096,1.00000003476938,9.50000031789144,5.40000009536743,0.725000007698933,51.729998588562,308.819996833801,197.700004577637,1,"26B_2011",0.27
"1388","282-1-B-BENA",2011,0.067,0.303872645216819,22,1989,23,"282-1","BENA",41,18,8,0,9,0,0,0,0,0,0,NA,NA,NA,0,0,0,0,577.316923,"West","26B","Tussock Tundra (Low shrub or Herbaceous)","Tussock Tundra","Clay Loam","Mesic",0,826.622314,26,2.82316,-149.530032,68.582817,-0.638924712905441,0.527859719729885,"282-1-B-BENA_2011",9.70000012715658,-8.63333314160506,266,182,9.6333335240682,-8.30833353598913,5.23333326975505,14.0666669209798,28.6000003814697,0.991666679581006,81.5799978971481,266.119998455048,156.299999237061,1,"26B_2011",0.27
"1389","282-1-D-BENA",2011,0.2345,2.83115146313634,21,1990,23,"282-1","BENA",74,20,11,0,15,0,0,0,0,0,0,NA,NA,NA,0,0,0,0,577.316923,"West","26B","Tussock Tundra (Low shrub or Herbaceous)","Tussock Tundra","Clay Loam","Mesic",0,826.622314,26,2.82316,-149.530032,68.582817,1.53739125645661,4.65243740997722,"282-1-D-BENA_2011",9.70000012715658,-8.63333314160506,266,182,9.6333335240682,-8.30833353598913,5.23333326975505,14.0666669209798,28.6000003814697,0.991666679581006,81.5799978971481,266.119998455048,156.299999237061,1,"26B_2011",0.27
"1390","282-2-A-BENA",2011,0.0385,0.0675513106356511,24,1987,23,"282-2","BENA",44,16,6,0,7,0,0,0,0,0,0,NA,NA,NA,0,0,0,0,604.079816,"West","26B","Low Shrub","Low Shrub-Tussock Tundra","Clay Loam","Mesic",0,826.41803,354,3.355184,-149.530916,68.583004,-2.03881189073445,0.130183291005465,"282-2-A-BENA_2011",9.70000012715658,-8.63333314160506,266,182,9.6333335240682,-8.30833353598913,5.23333326975505,14.0666669209798,28.6000003814697,0.991666679581006,81.5799978971481,266.119998455048,156.299999237061,1,"26B_2011",0.27
"1391","282-2-B-BENA",2011,0.027,0.111457424164058,20,1991,23,"282-2","BENA",27,18,6,0,5,0,0,0,0,0,0,NA,NA,NA,0,0,0,0,604.079816,"West","26B","Low Shrub","Low Shrub-Tussock Tundra","Clay Loam","Mesic",0,826.41803,354,3.355184,-149.530916,68.583004,-1.75562804546101,0.172798682776743,"282-2-B-BENA_2011",9.70000012715658,-8.63333314160506,266,182,9.6333335240682,-8.30833353598913,5.23333326975505,14.0666669209798,28.6000003814697,0.991666679581006,81.5799978971481,266.119998455048,156.299999237061,1,"26B_2011",0.27
"1392","282-3-B-BENA",2011,0.02575,0.109553422666442,17,1994,23,"282-3","BENA",31,18,7,0,8,0,0,0,0,0,0,NA,NA,NA,0,0,0,0,571.732475,"West","26B","Low Shrub","Low Shrub-Tussock Tundra","Clay Loam","Mesic",0,823.876221,27,3.830761,-149.53038,68.583298,-1.96679852836243,0.139904038824161,"282-3-B-BENA_2011",9.70000012715658,-8.63333314160506,266,182,9.6333335240682,-8.30833353598913,5.23333326975505,14.0666669209798,28.6000003814697,0.991666679581006,81.5799978971481,266.119998455048,156.299999237061,1,"26B_2011",0.27
"1393","282-3-D-BENA",2011,0.1905,2.10213781928736,14,1997,23,"282-3","BENA",82,20,10,0,18,0,0,0,0,0,0,NA,NA,NA,0,0,0,0,571.732475,"West","26B","Low Shrub","Low Shrub-Tussock Tundra","Clay Loam","Mesic",0,823.876221,27,3.830761,-149.53038,68.583298,0.75580540254519,2.12932579733903,"282-3-D-BENA_2011",9.70000012715658,-8.63333314160506,266,182,9.6333335240682,-8.30833353598913,5.23333326975505,14.0666669209798,28.6000003814697,0.991666679581006,81.5799978971481,266.119998455048,156.299999237061,1,"26B_2011",0.27
"1394","282-4-A-BENA",2011,0.067,0.540319378898254,23,1988,23,"282-4","BENA",52,15,7,0,6,0,0,0,0,0,0,NA,NA,NA,0,0,0,0,597.547448,"West","26B","Tussock Tundra (Low shrub or Herbaceous)","Low Shrub-Tussock Tundra","Clay Loam","Mesic",0,823.620117,358,4.137664,-149.531178,68.583423,-0.0103269829788146,0.989726157226595,"282-4-A-BENA_2011",9.70000012715658,-8.63333314160506,266,182,9.6333335240682,-8.30833353598913,5.23333326975505,14.0666669209798,28.6000003814697,0.991666679581006,81.5799978971481,266.119998455048,156.299999237061,1,"26B_2011",0.27
"1395","282-4-C-BENA",2011,0.164,1.55545278827476,11,2000,23,"282-4","BENA",38,12,6,0,9,0,0,0,0,0,0,NA,NA,NA,0,0,0,0,597.547448,"West","26B","Tussock Tundra (Low shrub or Herbaceous)","Low Shrub-Tussock Tundra","Clay Loam","Mesic",0,823.620117,358,4.137664,-149.531178,68.583423,0.16682924918657,1.18155249703282,"282-4-C-BENA_2011",9.70000012715658,-8.63333314160506,266,182,9.6333335240682,-8.30833353598913,5.23333326975505,14.0666669209798,28.6000003814697,0.991666679581006,81.5799978971481,266.119998455048,156.299999237061,1,"26B_2011",0.27
"1396","60-1-A-BENA",2011,0.27225,5.07298982089306,7,2004,1,"60-1","BENA",121,NA,11,3,23,0,2,0,0,0.086956522,0,NA,"Hare",NA,1,0,1,0,1438.56091,"West","20F","Low Shrub","Low Shrub-Tussock Tundra","Silt Loam","Mesic",0,110.943649,215,1.507567,-149.840126,65.909691,0.809621599624066,2.24705753836438,"60-1-A-BENA_2011",14.092477162679,-5.80188091595968,146.451354980469,99.3159487247467,13.3333336512248,-4.05833321809769,8.43333339691162,18.2333335876465,88.5000011920929,1.00833334152897,109.829995393753,234.079999286681,192.899997711182,1,"20F_2011",0.375
"1397","60-1-B-BENA",2011,0.6275,10.568404080474,7,2004,1,"60-1","BENA",129,NA,14,0,32,0,4,0,0,0.125,0,NA,"Hare",NA,1,0,1,0,1438.56091,"West","20F","Low Shrub","Low Shrub-Tussock Tundra","Silt Loam","Mesic",0,110.943649,215,1.507567,-149.840126,65.909691,1.54356005028623,4.68122604143711,"60-1-B-BENA_2011",14.092477162679,-5.80188091595968,146.451354980469,99.3159487247467,13.3333336512248,-4.05833321809769,8.43333339691162,18.2333335876465,88.5000011920929,1.00833334152897,109.829995393753,234.079999286681,192.899997711182,1,"20F_2011",0.375
"1398","60-2-A-BENA",2011,0.08675,0.570207509656806,10,2001,1,"60-2","BENA",89,NA,9,0,10,0,0,0,0,0,0,NA,NA,NA,0,0,2,0,1432.670461,"West","20F","Low Shrub","Low Shrub","Silt Loam","Mesic",0,110.927505,264,1.953402,-149.84073,65.909949,-0.950429689653611,0.386574880535599,"60-2-A-BENA_2011",14.092477162679,-5.80188091595968,146.451354980469,99.3159487247467,13.3333336512248,-4.05833321809769,8.43333339691162,18.2333335876465,88.5000011920929,1.00833334152897,109.829995393753,234.079999286681,192.899997711182,1,"20F_2011",0.375
"1399","60-2-D-BENA",2011,0.0915,0.60380075625118,10,2001,1,"60-2","BENA",102,NA,7,0,18,0,0,0,0,0,0,NA,NA,NA,0,0,2,0,1432.670461,"West","20F","Low Shrub","Low Shrub","Silt Loam","Mesic",0,110.927505,264,1.953402,-149.84073,65.909949,-0.893185766502655,0.409349581094767,"60-2-D-BENA_2011",14.092477162679,-5.80188091595968,146.451354980469,99.3159487247467,13.3333336512248,-4.05833321809769,8.43333339691162,18.2333335876465,88.5000011920929,1.00833334152897,109.829995393753,234.079999286681,192.899997711182,1,"20F_2011",0.375
"1400","60-3-D-BENA",2011,0.13225,0.880912201194079,7,2004,1,"60-3","BENA",101,NA,8,0,12,0,0,0,0,0,0,NA,NA,NA,0,0,3,0,1403.187226,"West","20F","Low Shrub","Black Spruce Woodland","Silt Loam","Mesic",0,111.24585,78,1.323723,-149.840194,65.910114,-0.941106068567024,0.390196013044994,"60-3-D-BENA_2011",14.092477162679,-5.80188091595968,146.451354980469,99.3159487247467,13.3333336512248,-4.05833321809769,8.43333339691162,18.2333335876465,88.5000011920929,1.00833334152897,109.829995393753,234.079999286681,192.899997711182,1,"20F_2011",0.375
"1401","60-4-A-BENA",2011,0.16325,1.08765845023142,12,1999,1,"60-4","BENA",92,NA,7,13,13,0,0,0,0,0,0,NA,NA,NA,0,0,1,0,1406.241796,"West","20F","Tall Shrub (Open-Closed)","Black Spruce Woodland","Silt Loam","Mesic",0,110.670654,252,1.181915,-149.840942,65.910317,-0.0870762225767293,0.916607226805719,"60-4-A-BENA_2011",14.092477162679,-5.80188091595968,146.451354980469,99.3159487247467,13.3333336512248,-4.05833321809769,8.43333339691162,18.2333335876465,88.5000011920929,1.00833334152897,109.829995393753,234.079999286681,192.899997711182,1,"20F_2011",0.375
"1402","60-4-B-BENA",2011,0.0715,0.401065928333396,21,1990,1,"60-4","BENA",95,NA,9,0,9,0,2,0,0,0.222222222,0,NA,"Hare",NA,1,0,1,0,1406.241796,"West","20F","Tall Shrub (Open-Closed)","Black Spruce Woodland","Silt Loam","Mesic",0,110.670654,252,1.181915,-149.840942,65.910317,-0.416921705260101,0.659072519835609,"60-4-B-BENA_2011",14.092477162679,-5.80188091595968,146.451354980469,99.3159487247467,13.3333336512248,-4.05833321809769,8.43333339691162,18.2333335876465,88.5000011920929,1.00833334152897,109.829995393753,234.079999286681,192.899997711182,1,"20F_2011",0.375
"1403","72-1-C-BENA",2011,0.05525,0.225080780113227,43,1968,2,"72-1","BENA",118,71,9,0,11,0,2,0,0,0.181818182,0,NA,"Hare",NA,1,0,0,0,895.937772,"West","20F","Tussock Tundra (Low shrub or Herbaceous)","Black Spruce Woodland","Clay Loam","Mesic",0,130.808105,148,1.606934,-150.14017,66.022623,-0.139348997529891,0.869924374016285,"72-1-C-BENA_2011",14.3355356852214,-5.53743342558543,143.41626739502,98.1268482208252,12.1000000635783,-5.38333344459534,7.23333358764648,17.0333334604899,73.0000021457672,1.10833336102466,109.929996490479,246.55999737978,199.300003051758,1,"20F_2011",0.375
"1404","72-1-D-BENA",2011,0.0855,0.433396058331488,55,1956,2,"72-1","BENA",65,41,8,7,4,0,0,0,0,0,0,NA,NA,NA,0,0,0,0,895.937772,"West","20F","Tussock Tundra (Low shrub or Herbaceous)","Black Spruce Woodland","Clay Loam","Mesic",0,130.808105,148,1.606934,-150.14017,66.022623,0.80956374055416,2.24692752946631,"72-1-D-BENA_2011",14.3355356852214,-5.53743342558543,143.41626739502,98.1268482208252,12.1000000635783,-5.38333344459534,7.23333358764648,17.0333334604899,73.0000021457672,1.10833336102466,109.929996490479,246.55999737978,199.300003051758,1,"20F_2011",0.375
"1405","72-2-A-BENA",2011,0.136,0.624649150498566,42,1969,2,"72-2","BENA",121,72,12,21,14,0,0,0,0,0,0,NA,NA,NA,0,0,0,0,855.94066,"West","20F","Tussock Tundra (Low shrub or Herbaceous)","Black Spruce Woodland","Clay Loam","Mesic",0,131.055786,179,2.125059,-150.13956,66.022889,0.853301922934886,2.34738495380342,"72-2-A-BENA_2011",14.3355356852214,-5.53743342558543,143.41626739502,98.1268482208252,12.1000000635783,-5.38333344459534,7.23333358764648,17.0333334604899,73.0000021457672,1.10833336102466,109.929996490479,246.55999737978,199.300003051758,1,"20F_2011",0.375
"1406","72-2-B-BENA",2011,0.036,0.25418626160195,12,1999,2,"72-2","BENA",104,67,9,0,5,0,1,0,0,0.2,0,NA,"Hare",NA,1,0,0,0,855.94066,"West","20F","Tussock Tundra (Low shrub or Herbaceous)","Black Spruce Woodland","Clay Loam","Mesic",0,131.055786,179,2.125059,-150.13956,66.022889,-1.54079136461923,0.214211514919509,"72-2-B-BENA_2011",14.3355356852214,-5.53743342558543,143.41626739502,98.1268482208252,12.1000000635783,-5.38333344459534,7.23333358764648,17.0333334604899,73.0000021457672,1.10833336102466,109.929996490479,246.55999737978,199.300003051758,1,"20F_2011",0.375
"1407","72-3-C-BENA",2011,0.34525,3.44615612053792,9,2002,2,"72-3","BENA",65,39,9,0,4,0,0,0,0,0,0,NA,NA,NA,0,0,1,0,885.368743,"West","20F","Tussock Tundra (Low shrub or Herbaceous)","Black Spruce Woodland","Clay Loam","Mesic",0,132.401993,119,2.284806,-150.140609,66.023021,0.722853909415795,2.06030475136533,"72-3-C-BENA_2011",14.3355356852214,-5.53743342558543,143.41626739502,98.1268482208252,12.1000000635783,-5.38333344459534,7.23333358764648,17.0333334604899,73.0000021457672,1.10833336102466,109.929996490479,246.55999737978,199.300003051758,1,"20F_2011",0.375
"1408","72-3-D-BENA",2011,0.0365,0.108590720867659,55,1956,2,"72-3","BENA",104,47,11,0,9,0,0,0,0,0,0,NA,NA,NA,0,0,1,0,885.368743,"West","20F","Tussock Tundra (Low shrub or Herbaceous)","Black Spruce Woodland","Clay Loam","Mesic",0,132.401993,119,2.284806,-150.140609,66.023021,-0.574502293106038,0.562985000605408,"72-3-D-BENA_2011",14.3355356852214,-5.53743342558543,143.41626739502,98.1268482208252,12.1000000635783,-5.38333344459534,7.23333358764648,17.0333334604899,73.0000021457672,1.10833336102466,109.929996490479,246.55999737978,199.300003051758,1,"20F_2011",0.375
"1409","72-4-A-BENA",2011,0.138,0.582677472646606,13,1998,2,"72-4","BENA",97,39,7,0,8,0,0,0,0,0,0,NA,NA,NA,0,0,0,0,844.255779,"West","20F","Tussock Tundra (Low shrub or Herbaceous)","Low Shrub-Tussock Tundra","Clay Loam","Mesic",0,132.260803,156,1.029158,-150.139994,66.023305,-0.615706806673159,0.540258901730437,"72-4-A-BENA_2011",14.3355356852214,-5.53743342558543,143.41626739502,98.1268482208252,12.1000000635783,-5.38333344459534,7.23333358764648,17.0333334604899,73.0000021457672,1.10833336102466,109.929996490479,246.55999737978,199.300003051758,1,"20F_2011",0.375
"1410","72-4-D-BENA",2011,0.021,0.0559124952522653,14,1997,2,"72-4","BENA",85,37,8,0,12,0,0,0,0,0,0,NA,NA,NA,0,0,0,0,844.255779,"West","20F","Tussock Tundra (Low shrub or Herbaceous)","Low Shrub-Tussock Tundra","Clay Loam","Mesic",0,132.260803,156,1.029158,-150.139994,66.023305,-2.87111682868552,0.0566356389395086,"72-4-D-BENA_2011",14.3355356852214,-5.53743342558543,143.41626739502,98.1268482208252,12.1000000635783,-5.38333344459534,7.23333358764648,17.0333334604899,73.0000021457672,1.10833336102466,109.929996490479,246.55999737978,199.300003051758,1,"20F_2011",0.375
"1411","86-1-A-BENA",2011,0.5725,12.9199686484931,7,2004,3,"86-1","BENA",142,NA,20,0,87,1,0,0,0.011494253,0,0,"Moose",NA,NA,1,1,0,0,1072.088921,"West","20F","Tall Shrub (Open-Closed)","Tall Shrub","Gravely Sand Loam","Mesic - Xeric",0,572.239319,57,8.372539,-150.2773,66.212913,1.74446531933193,5.72284076491939,"86-1-A-BENA_2011",12.233333269755,-6.18333327770233,318,222,12.1000000635783,-5.38333344459534,7.23333358764648,17.0333334604899,73.0000021457672,1.10833336102466,109.929996490479,246.55999737978,199.300003051758,1,"20F_2011",0.375
"1412","86-1-B-BENA",2011,0.4135,6.62514766752284,6,2005,3,"86-1","BENA",95,NA,11,0,56,0,0,0,0,0,0,NA,NA,NA,0,1,0,0,1072.088921,"West","20F","Tall Shrub (Open-Closed)","Tall Shrub","Gravely Sand Loam","Mesic - Xeric",0,572.239319,57,8.372539,-150.2773,66.212913,0.892609944871374,2.44149350647755,"86-1-B-BENA_2011",12.233333269755,-6.18333327770233,318,222,12.1000000635783,-5.38333344459534,7.23333358764648,17.0333334604899,73.0000021457672,1.10833336102466,109.929996490479,246.55999737978,199.300003051758,1,"20F_2011",0.375
"1413","86-2-A-BENA",2011,0.865333333333333,26.4639330597429,7,2004,3,"86-2","BENA",118,NA,20,0,82,0,0,0,0,0,0,NA,NA,NA,0,0,0,0,1091.215231,"West","20F","Low Shrub","Tall Shrub","Gravely Sand Loam","Mesic - Xeric",0,576.231995,67,9.004415,-150.278061,66.212989,2.461474036922,11.7220775866246,"86-2-A-BENA_2011",12.233333269755,-6.18333327770233,318,222,12.1000000635783,-5.38333344459534,7.23333358764648,17.0333334604899,73.0000021457672,1.10833336102466,109.929996490479,246.55999737978,199.300003051758,1,"20F_2011",0.375
"1414","86-2-B-BENA",2011,0.6035,13.881206465101,7,2004,3,"86-2","BENA",94,NA,18,3,35,0,0,0,0,0,0,NA,NA,NA,0,0,0,0,1091.215231,"West","20F","Low Shrub","Tall Shrub","Gravely Sand Loam","Mesic - Xeric",0,576.231995,67,9.004415,-150.278061,66.212989,1.81622711998566,6.14861664033586,"86-2-B-BENA_2011",12.233333269755,-6.18333327770233,318,222,12.1000000635783,-5.38333344459534,7.23333358764648,17.0333334604899,73.0000021457672,1.10833336102466,109.929996490479,246.55999737978,199.300003051758,1,"20F_2011",0.375
"1415","86-3-A-BENA",2011,0.93725,22.7820054521111,7,2004,3,"86-3","BENA",105,NA,18,0,64,0,0,0,0,0,0,NA,NA,NA,0,0,0,1,1057.338847,"West","20F","Tall Shrub (Open-Closed)","Tall Shrub","Gravely Sand Loam","Mesic - Xeric",0,571.701965,63,9.459789,-150.277761,66.213303,2.31166223736194,10.0911846657742,"86-3-A-BENA_2011",12.233333269755,-6.18333327770233,318,222,12.1000000635783,-5.38333344459534,7.23333358764648,17.0333334604899,73.0000021457672,1.10833336102466,109.929996490479,246.55999737978,199.300003051758,1,"20F_2011",0.375
"1416","86-3-D-BENA",2011,0.709,17.8057491960129,7,2004,3,"86-3","BENA",167,NA,18,0,12,0,0,0,0,0,0,NA,NA,NA,0,0,0,1,1057.338847,"West","20F","Tall Shrub (Open-Closed)","Tall Shrub","Gravely Sand Loam","Mesic - Xeric",0,571.701965,63,9.459789,-150.277761,66.213303,2.06521264125615,7.88697481558966,"86-3-D-BENA_2011",12.233333269755,-6.18333327770233,318,222,12.1000000635783,-5.38333344459534,7.23333358764648,17.0333334604899,73.0000021457672,1.10833336102466,109.929996490479,246.55999737978,199.300003051758,1,"20F_2011",0.375
"1417","86-4-C-BENA",2011,1.0985,42.9499124702216,7,2004,3,"86-4","BENA",133,NA,26,0,52,0,0,0,0,0,0,NA,NA,NA,0,2,0,0,1074.730943,"West","20F","Low Shrub","Tall Shrub","Gravely Sand Loam","Mesic - Xeric",0,575.689697,64,9.57597,-150.278532,66.213405,2.94572585804987,19.02446643808,"86-4-C-BENA_2011",12.233333269755,-6.18333327770233,318,222,12.1000000635783,-5.38333344459534,7.23333358764648,17.0333334604899,73.0000021457672,1.10833336102466,109.929996490479,246.55999737978,199.300003051758,1,"20F_2011",0.375
"1418","86-4-D-BENA",2011,0.794,16.6178564151344,6,2005,3,"86-4","BENA",104,NA,11,0,31,0,0,0,0,0,0,NA,NA,NA,0,2,0,0,1074.730943,"West","20F","Low Shrub","Tall Shrub","Gravely Sand Loam","Mesic - Xeric",0,575.689697,64,9.57597,-150.278532,66.213405,1.81221508869387,6.12399761714246,"86-4-D-BENA_2011",12.233333269755,-6.18333327770233,318,222,12.1000000635783,-5.38333344459534,7.23333358764648,17.0333334604899,73.0000021457672,1.10833336102466,109.929996490479,246.55999737978,199.300003051758,1,"20F_2011",0.375
"1419","97-1-D-BENA",2011,0.542,7.82921331749358,7,2004,4,"97-1","BENA",121,53,14,0,19,0,0,0,0,0,0,NA,NA,NA,0,0,0,0,926.812684,"East","24A","Tussock Tundra (Low shrub or Herbaceous)","Low Shrub","Gravely Sand Loam","Mesic",2004,556.594971,67,6.396444,-150.432109,66.348765,1.24355328221553,3.46791407545928,"97-1-D-BENA_2011",11.9045136769613,-6.18790547053019,332.593780517578,230.503509521484,12.1000000635783,-5.38333344459534,7.23333358764648,17.0333334604899,73.0000021457672,1.10833336102466,109.929996490479,246.55999737978,199.300003051758,1,"24A_2011",0.81
"1420","97-2-A-BENA",2011,0.501,8.08295818532771,6,2005,4,"97-2","BENA",102,64,9,0,13,0,0,0,0,0,0,NA,NA,NA,0,0,0,0,888.474156,"East","24A","Tussock Tundra (Low shrub or Herbaceous)","Low Shrub","Gravely Sand Loam","Mesic",2004,560.389526,70,6.330689,-150.43305,66.348843,1.09149520138594,2.97872453762014,"97-2-A-BENA_2011",11.9045136769613,-6.18790547053019,332.593780517578,230.503509521484,12.1000000635783,-5.38333344459534,7.23333358764648,17.0333334604899,73.0000021457672,1.10833336102466,109.929996490479,246.55999737978,199.300003051758,1,"24A_2011",0.81
"1421","97-2-B-BENA",2011,0.45025,7.14429644257717,6,2005,4,"97-2","BENA",91,53,13,0,26,0,0,0,0,0,0,NA,NA,NA,0,0,0,0,888.474156,"East","24A","Tussock Tundra (Low shrub or Herbaceous)","Low Shrub","Gravely Sand Loam","Mesic",2004,560.389526,70,6.330689,-150.43305,66.348843,0.968051621844928,2.63280974979758,"97-2-B-BENA_2011",11.9045136769613,-6.18790547053019,332.593780517578,230.503509521484,12.1000000635783,-5.38333344459534,7.23333358764648,17.0333334604899,73.0000021457672,1.10833336102466,109.929996490479,246.55999737978,199.300003051758,1,"24A_2011",0.81
"1422","97-3-A-BENA",2011,0.17625,1.85671365594581,6,2005,4,"97-3","BENA",91,57,10,0,11,0,0,0,0,0,0,NA,NA,NA,0,0,0,0,924.995234,"East","24A","Tussock Tundra (Low shrub or Herbaceous)","Tall Shrub","Gravely Sand Loam","Mesic",2004,557.015015,71,7.919354,-150.432427,66.349149,-0.379454642830211,0.684234459648631,"97-3-A-BENA_2011",11.9045136769613,-6.18790547053019,332.593780517578,230.503509521484,12.1000000635783,-5.38333344459534,7.23333358764648,17.0333334604899,73.0000021457672,1.10833336102466,109.929996490479,246.55999737978,199.300003051758,1,"24A_2011",0.81
"1423","97-3-D-BENA",2011,0.103,0.773689447577519,16,1995,4,"97-3","BENA",75,49,7,21,13,0,0,0,0,0,0,NA,NA,NA,0,0,0,0,924.995234,"East","24A","Tussock Tundra (Low shrub or Herbaceous)","Tall Shrub","Gravely Sand Loam","Mesic",2004,557.015015,71,7.919354,-150.432427,66.349149,-0.0843859785184825,0.919076443860406,"97-3-D-BENA_2011",11.9045136769613,-6.18790547053019,332.593780517578,230.503509521484,12.1000000635783,-5.38333344459534,7.23333358764648,17.0333334604899,73.0000021457672,1.10833336102466,109.929996490479,246.55999737978,199.300003051758,1,"24A_2011",0.81
"1424","97-4-B-BENA",2011,0.10175,0.979029637552832,6,2005,4,"97-4","BENA",115,59,12,0,13,0,0,0,0,0,0,NA,NA,NA,0,0,0,0,898.750829,"East","24A","Tussock Tundra (Low shrub or Herbaceous)","Low Shrub","Gravely Sand Loam","Mesic",2004,558.840271,63,3.962788,-150.433152,66.349294,-1.01945607980781,0.360791128392772,"97-4-B-BENA_2011",11.9045136769613,-6.18790547053019,332.593780517578,230.503509521484,12.1000000635783,-5.38333344459534,7.23333358764648,17.0333334604899,73.0000021457672,1.10833336102466,109.929996490479,246.55999737978,199.300003051758,1,"24A_2011",0.81
"1425","97-4-D-BENA",2011,0.38925,4.741353090204,7,2004,4,"97-4","BENA",98,54,13,0,12,0,0,0,0,0,0,NA,NA,NA,0,0,0,0,898.750829,"East","24A","Tussock Tundra (Low shrub or Herbaceous)","Low Shrub","Gravely Sand Loam","Mesic",2004,558.840271,63,3.962788,-150.433152,66.349294,0.742013804606428,2.10016057188038,"97-4-D-BENA_2011",11.9045136769613,-6.18790547053019,332.593780517578,230.503509521484,12.1000000635783,-5.38333344459534,7.23333358764648,17.0333334604899,73.0000021457672,1.10833336102466,109.929996490479,246.55999737978,199.300003051758,1,"24A_2011",0.81
"1426","102-1-B-BENA",2010,0.19825,2.11805764370988,7,2003,5,"102-1","BENA",81,NA,11,0,18,0,0,2,0,0,0.111111111,NA,NA,"Ptarmagin",1,0,0,0,978.645101,"West","24A","Low Shrub","Low Shrub","Sandy Loam","Mesic",2004,428.203827,339,4.033863,-150.565499,66.400721,-0.0638092895187443,0.938183903974544,"102-1-B-BENA_2010",12.733333269755,-5.5,172,160,12.5666666030884,-4.86666679382324,7.66666682561239,17.5,63.6000018119812,1.13333334090809,95.029996752739,248.259996652603,148.300001144409,2,"24A_2010",0.83
"1427","102-2-B-BENA",2010,0.3755,5.77034622462044,7,2003,5,"102-2","BENA",63,NA,11,0,9,0,0,0,0,0,0,NA,NA,NA,0,0,0,1,973.266715,"West","24A","Tall Shrub (Open-Closed)","Low Shrub","Sandy Loam","Mesic",2004,426.001434,321,4.435797,-150.566012,66.400957,0.93842333055443,2.55594835408583,"102-2-B-BENA_2010",12.733333269755,-5.5,172,160,12.5666666030884,-4.86666679382324,7.66666682561239,17.5,63.6000018119812,1.13333334090809,95.029996752739,248.259996652603,148.300001144409,2,"24A_2010",0.83
"1428","102-2-C-BENA",2010,0.48375,7.99348111051402,6,2004,5,"102-2","BENA",167,NA,16,0,31,0,0,0,0,0,0,NA,NA,NA,0,0,0,1,973.266715,"West","24A","Tall Shrub (Open-Closed)","Low Shrub","Sandy Loam","Mesic",2004,426.001434,321,4.435797,-150.566012,66.400957,1.08036363212433,2.94575052585477,"102-2-C-BENA_2010",12.733333269755,-5.5,172,160,12.5666666030884,-4.86666679382324,7.66666682561239,17.5,63.6000018119812,1.13333334090809,95.029996752739,248.259996652603,148.300001144409,2,"24A_2010",0.83
"1429","102-3-A-BENA",2010,0.053,0.242763430713497,6,2004,5,"102-3","BENA",118,NA,7,10,21,0,0,0,0,0,0,NA,NA,NA,0,0,0,0,939.238254,"West","24A","Tussock Tundra (Low shrub or Herbaceous)","Low Shrub","Sandy Loam","Mesic",2004,424.339783,330,3.896938,-150.565669,66.401242,-2.41393056218407,0.0894629628563177,"102-3-A-BENA_2010",12.733333269755,-5.5,172,160,12.5666666030884,-4.86666679382324,7.66666682561239,17.5,63.6000018119812,1.13333334090809,95.029996752739,248.259996652603,148.300001144409,2,"24A_2010",0.83
"1430","102-3-B-BENA",2010,0.238,2.29281914159148,30,1980,5,"102-3","BENA",72,NA,16,0,12,0,0,0,0,0,0,NA,NA,NA,0,0,0,0,939.238254,"West","24A","Tussock Tundra (Low shrub or Herbaceous)","Low Shrub","Sandy Loam","Mesic",2004,424.339783,330,3.896938,-150.565669,66.401242,1.75212387189662,5.76683770312148,"102-3-B-BENA_2010",12.733333269755,-5.5,172,160,12.5666666030884,-4.86666679382324,7.66666682561239,17.5,63.6000018119812,1.13333334090809,95.029996752739,248.259996652603,148.300001144409,2,"24A_2010",0.83
"1431","102-4-A-BENA",2010,0.2,2.6467918106494,6,2004,5,"102-4","BENA",88,NA,11,0,17,0,0,0,0,0,0,NA,NA,NA,0,0,0,0,934.189604,"West","24A","Low Shrub","Low Shrub","Sandy Loam","Mesic",2004,423.102509,349,3.666453,-150.566049,66.401434,-0.0249144470961362,0.975393356192868,"102-4-A-BENA_2010",12.733333269755,-5.5,172,160,12.5666666030884,-4.86666679382324,7.66666682561239,17.5,63.6000018119812,1.13333334090809,95.029996752739,248.259996652603,148.300001144409,2,"24A_2010",0.83
"1432","102-4-C-BENA",2010,0.201333333333333,2.24540095420859,6,2004,5,"102-4","BENA",97,NA,15,5,9,0,0,0,0,0,0,NA,NA,NA,0,0,0,0,934.189604,"West","24A","Low Shrub","Low Shrub","Sandy Loam","Mesic",2004,423.102509,349,3.666453,-150.566049,66.401434,-0.189378612185946,0.827473155958884,"102-4-C-BENA_2010",12.733333269755,-5.5,172,160,12.5666666030884,-4.86666679382324,7.66666682561239,17.5,63.6000018119812,1.13333334090809,95.029996752739,248.259996652603,148.300001144409,2,"24A_2010",0.83
"1433","111-1-A-BENA",2010,0.03425,0.217646986496671,22,1988,6,"111-1","BENA",45,37,7,0,7,0,0,0,0,0,0,NA,NA,NA,0,0,0,0,640.914524,"West","24A","Tall Shrub (Open-Closed)","Low Shrub","Gravely Sand Loam","Mesic",0,512.854736,12,8.158982,-150.736683,66.498494,-0.972658974064604,0.378076405035447,"111-1-A-BENA_2010",12.7104225158691,-5.51675496498744,181.663650512695,158.440825462341,12.5666666030884,-4.86666679382324,7.66666682561239,17.5,63.6000018119812,1.13333334090809,95.029996752739,248.259996652603,148.300001144409,2,"24A_2010",0.83
"1434","111-1-B-BENA",2010,0.07675,0.490854413518859,14,1996,6,"111-1","BENA",89,51,9,0,12,0,0,0,0,0,0,NA,NA,NA,0,0,0,0,640.914524,"West","24A","Tall Shrub (Open-Closed)","Low Shrub","Gravely Sand Loam","Mesic",0,512.854736,12,8.158982,-150.736683,66.498494,-0.698757138849025,0.497202874071195,"111-1-B-BENA_2010",12.7104225158691,-5.51675496498744,181.663650512695,158.440825462341,12.5666666030884,-4.86666679382324,7.66666682561239,17.5,63.6000018119812,1.13333334090809,95.029996752739,248.259996652603,148.300001144409,2,"24A_2010",0.83
"1435","111-2-A-BENA",2010,0.099,0.763237368819027,10,2000,6,"111-2","BENA",70,39,11,0,13,0,0,0,0,0,0,NA,NA,NA,0,0,0,0,685.564701,"West","24A","Tall Shrub (Open-Closed)","Low Shrub","Gravely Sand Loam","Mesic",0,516.430603,8,6.353059,-150.737535,66.498284,-0.658860953988119,0.517440387358459,"111-2-A-BENA_2010",12.7042140960693,-5.52025922139486,182.126419067383,159.126418590546,12.5666666030884,-4.86666679382324,7.66666682561239,17.5,63.6000018119812,1.13333334090809,95.029996752739,248.259996652603,148.300001144409,2,"24A_2010",0.83
"1436","111-2-D-BENA",2010,0.149,1.01928188247557,14,1996,6,"111-2","BENA",75,31,6,0,7,0,0,0,0,0,0,NA,NA,NA,0,0,0,0,685.564701,"West","24A","Tall Shrub (Open-Closed)","Low Shrub","Gravely Sand Loam","Mesic",0,516.430603,8,6.353059,-150.737535,66.498284,0.0319489090085497,1.03246475430964,"111-2-D-BENA_2010",12.7042140960693,-5.52025922139486,182.126419067383,159.126418590546,12.5666666030884,-4.86666679382324,7.66666682561239,17.5,63.6000018119812,1.13333334090809,95.029996752739,248.259996652603,148.300001144409,2,"24A_2010",0.83
"1437","111-3-A-BENA",2010,0.11575,0.806097528343331,23,1987,6,"111-3","BENA",108,46,7,0,11,0,0,0,0,0,0,NA,NA,NA,0,0,0,0,664.632709,"West","24A","Tall Shrub (Open-Closed)","Low Shrub","Gravely Sand Loam","Mesic",0,511.257965,359,9.703425,-150.737553,66.498636,0.389717347985543,1.47656338127997,"111-3-A-BENA_2010",12.7104225158691,-5.51675496498744,181.663650512695,158.440825462341,12.5666666030884,-4.86666679382324,7.66666682561239,17.5,63.6000018119812,1.13333334090809,95.029996752739,248.259996652603,148.300001144409,2,"24A_2010",0.83
"1438","111-3-D-BENA",2010,0.13025,1.77129178819929,13,1997,6,"111-3","BENA",95,38,7,3,16,0,0,0,0,0,0,NA,NA,NA,0,0,0,0,664.632709,"West","24A","Tall Shrub (Open-Closed)","Low Shrub","Gravely Sand Loam","Mesic",0,511.257965,359,9.703425,-150.737553,66.498636,0.496123763436648,1.642342807231,"111-3-D-BENA_2010",12.7104225158691,-5.51675496498744,181.663650512695,158.440825462341,12.5666666030884,-4.86666679382324,7.66666682561239,17.5,63.6000018119812,1.13333334090809,95.029996752739,248.259996652603,148.300001144409,2,"24A_2010",0.83
"1439","111-4-A-BENA",2010,0.08025,1.04128893536351,12,1998,6,"111-4","BENA",112,61,10,0,19,0,0,0,0,0,0,NA,NA,NA,0,0,0,0,707.594422,"West","24A","Tall Shrub (Open-Closed)","Low Shrub","Gravely Sand Loam","Mesic",0,515.006653,353,8.170983,-150.73833,66.498407,-0.130644090600292,0.877530040008378,"111-4-A-BENA_2010",12.7042140960693,-5.52025922139486,182.126419067383,159.126418590546,12.5666666030884,-4.86666679382324,7.66666682561239,17.5,63.6000018119812,1.13333334090809,95.029996752739,248.259996652603,148.300001144409,2,"24A_2010",0.83
"1440","111-4-C-BENA",2010,0.07,0.300399091002332,18,1992,6,"111-4","BENA",51,30,7,0,13,0,0,0,0,0,0,NA,NA,NA,0,0,0,0,707.594422,"West","24A","Tall Shrub (Open-Closed)","Low Shrub","Gravely Sand Loam","Mesic",0,515.006653,353,8.170983,-150.73833,66.498407,-0.889889598691591,0.410701092187476,"111-4-C-BENA_2010",12.7042140960693,-5.52025922139486,182.126419067383,159.126418590546,12.5666666030884,-4.86666679382324,7.66666682561239,17.5,63.6000018119812,1.13333334090809,95.029996752739,248.259996652603,148.300001144409,2,"24A_2010",0.83
"1441","121-1-C-BENA",2010,0.0715,0.73238614356261,38,1972,7,"121-1","BENA",60,36,11,0,11,0,0,0,0,0,0,NA,NA,NA,0,0,0,0,1394.51987,"East","24A","Tall Shrub (Open-Closed)","Low Shrub","Clay Loam","Mesic",2005,466.470276,61,7.209129,-150.675843,66.599029,0.892986224362969,2.44241236327554,"121-1-C-BENA_2010",13.266666730245,-5.24166671435038,170,141,12.8666667938232,-5.03333350022634,7.9333332379659,17.9000002543132,68.8999996185303,1.16666668901841,95.4099984169006,246.599996566772,139.100008010864,2,"24A_2010",0.83
"1442","121-1-D-BENA",2010,0.138,1.20242259701292,26,1984,7,"121-1","BENA",73,42,19,0,25,0,0,0,0,0,0,NA,NA,NA,0,0,0,0,1394.51987,"East","24A","Tall Shrub (Open-Closed)","Low Shrub","Clay Loam","Mesic",2005,466.470276,61,7.209129,-150.675843,66.599029,0.935912330622716,2.5495384189845,"121-1-D-BENA_2010",13.266666730245,-5.24166671435038,170,141,12.8666667938232,-5.03333350022634,7.9333332379659,17.9000002543132,68.8999996185303,1.16666668901841,95.4099984169006,246.599996566772,139.100008010864,2,"24A_2010",0.83
"1443","121-3-D-BENA",2010,0.36925,5.2517597946511,6,2004,7,"121-3","BENA",88,37,15,0,15,0,0,0,0,0,0,NA,NA,NA,0,0,0,0,1376.839212,"East","24A","Low Shrub","Low Shrub","Clay Loam","Mesic",2005,462.586914,66,7.264894,-150.675497,66.599464,0.660300503228152,1.93537383311107,"121-3-D-BENA_2010",13.266666730245,-5.24166671435038,170,141,12.8666667938232,-5.03333350022634,7.9333332379659,17.9000002543132,68.8999996185303,1.16666668901841,95.4099984169006,246.599996566772,139.100008010864,2,"24A_2010",0.83
"1444","129-1-B-BENA",2010,0.36125,10.4788186207138,7,2003,8,"129-1","BENA",131,89,21,0,13,0,0,0,0,0,0,NA,NA,NA,0,0,0,0,982.902287,"East","24A","Tussock Tundra (Low shrub or Herbaceous)","Low Shrub","Sandy Loam","Mesic - Hydric",2005,301.875214,348,5.919549,-150.647865,66.709988,1.53504719307523,4.64154457354751,"129-1-B-BENA_2010",13.5666666030884,-5.11666669448217,156,125,12.8666667938232,-5.03333350022634,7.9333332379659,17.9000002543132,68.8999996185303,1.16666668901841,95.4099984169006,246.599996566772,139.100008010864,2,"24A_2010",0.83
"1445","129-3-A-BENA",2010,0.225,2.60477300890764,58,1952,8,"129-3","BENA",51,35,12,0,6,0,0,0,0,0,0,NA,NA,NA,0,0,0,0,1022.673056,"East","24A","Tussock Tundra (Low shrub or Herbaceous)","Low Shrub-Tussock Tundra","Sandy Loam","Mesic - Hydric",2005,301.546051,352,6.265718,-150.646771,66.710061,2.66639056704995,14.3879430411368,"129-3-A-BENA_2010",13.5666666030884,-5.11666669448217,156,125,12.8666667938232,-5.03333350022634,7.9333332379659,17.9000002543132,68.8999996185303,1.16666668901841,95.4099984169006,246.599996566772,139.100008010864,2,"24A_2010",0.83
"1446","129-3-B-BENA",2010,0.4605,6.74236127482644,6,2004,8,"129-3","BENA",105,47,16,0,13,0,0,0,0,0,0,NA,NA,NA,0,0,0,0,1022.673056,"East","24A","Tussock Tundra (Low shrub or Herbaceous)","Low Shrub-Tussock Tundra","Sandy Loam","Mesic - Hydric",2005,301.546051,352,6.265718,-150.646771,66.710061,0.910147484891785,2.48468896044537,"129-3-B-BENA_2010",13.5666666030884,-5.11666669448217,156,125,12.8666667938232,-5.03333350022634,7.9333332379659,17.9000002543132,68.8999996185303,1.16666668901841,95.4099984169006,246.599996566772,139.100008010864,2,"24A_2010",0.83
"1447","129-4-D-BENA",2010,0.31175,5.87561451490738,49,1961,8,"129-4","BENA",87,41,18,0,9,0,0,0,0,0,0,NA,NA,NA,0,0,0,0,1057.255538,"East","24A","Tussock Tundra (Low shrub or Herbaceous)","Tall Shrub","Sandy Loam","Mesic - Hydric",2005,303.823029,358,6.979915,-150.646167,66.709845,3.27863168560384,26.5394335548571,"129-4-D-BENA_2010",13.5666666030884,-5.11666669448217,156,125,12.8666667938232,-5.03333350022634,7.9333332379659,17.9000002543132,68.8999996185303,1.16666668901841,95.4099984169006,246.599996566772,139.100008010864,2,"24A_2010",0.83
"1448","147-1-A-BENA",2010,0.08575,0.425571332779102,11,1999,9,"147-1","BENA",104,58,9,25,11,1,1,0,0.090909091,0.090909091,0,"Moose","Hare",NA,1,1,0,0,984.758365,"West","24A","Low Shrub","Tall Shrub","Clay Loam","Mesic - Hydric",0,426.634277,145,7.907337,-150.485282,66.911769,-1.12926013664485,0.323272345326827,"147-1-A-BENA_2010",13.1000000635783,-5.41741891702016,158.225677490234,125.225677490234,11.3333336512248,-6.24166677395503,6.53333346048991,16.1666673024495,46.1000003814697,1.12500001241763,90.1899995803833,259.819996833801,143.60000038147,2,"24A_2010",0.83
"1449","147-2-A-BENA",2010,0.02875,0.0920594639749279,15,1995,9,"147-2","BENA",89,56,6,61,9,0,0,0,0,0,0,NA,NA,NA,0,2,1,0,986.173835,"West","24A","Low Shrub","Tall Shrub","Clay Loam","Mesic - Hydric",0,428.943481,147,8.698308,-150.484958,66.912025,-2.29013813678184,0.101252474196862,"147-2-A-BENA_2010",13.1000000635783,-5.41741891702016,158.225677490234,125.225677490234,11.3333336512248,-6.24166677395503,6.53333346048991,16.1666673024495,46.1000003814697,1.12500001241763,90.1899995803833,259.819996833801,143.60000038147,2,"24A_2010",0.83
"1450","147-3-A-BENA",2010,0.1885,1.35108197598262,20,1990,9,"147-3","BENA",107,63,8,18,8,1,0,0,0.125,0,0,"Moose",NA,NA,1,2,1,0,952.272152,"West","24A","White Spruce or Black Spruce (Woodland)","Black Spruce Woodland","Clay Loam","Mesic - Hydric",0,425.583191,170,6.572863,-150.484233,66.911912,0.739390296745631,2.09465800528057,"147-3-A-BENA_2010",13.1000000635783,-5.41741891702016,158.225677490234,125.225677490234,11.3333336512248,-6.24166677395503,6.53333346048991,16.1666673024495,46.1000003814697,1.12500001241763,90.1899995803833,259.819996833801,143.60000038147,2,"24A_2010",0.83
"1451","147-3-C-BENA",2010,0.03575,0.171472250373289,16,1994,9,"147-3","BENA",136,53,12,30,29,2,1,0,0.068965517,0.034482759,0,"Moose","Hare",NA,1,2,1,0,952.272152,"West","24A","White Spruce or Black Spruce (Woodland)","Black Spruce Woodland","Clay Loam","Mesic - Hydric",0,425.583191,170,6.572863,-150.484233,66.911912,-1.59113509296318,0.203694268530183,"147-3-C-BENA_2010",13.1000000635783,-5.41741891702016,158.225677490234,125.225677490234,11.3333336512248,-6.24166677395503,6.53333346048991,16.1666673024495,46.1000003814697,1.12500001241763,90.1899995803833,259.819996833801,143.60000038147,2,"24A_2010",0.83
"1452","147-4-A-BENA",2010,0.2335,1.10731166482365,10,2000,9,"147-4","BENA",65,33,9,8,10,0,0,0,0,0,0,NA,NA,NA,0,0,1,0,956.341518,"West","24A","Tall Shrub (Open-Closed)","Tall Shrub","Clay Loam","Mesic - Hydric",0,428.39856,129,7.52786,-150.483929,66.912191,-0.286739603137721,0.750707185183366,"147-4-A-BENA_2010",13.1000000635783,-5.41741891702016,158.225677490234,125.225677490234,11.3333336512248,-6.24166677395503,6.53333346048991,16.1666673024495,46.1000003814697,1.12500001241763,90.1899995803833,259.819996833801,143.60000038147,2,"24A_2010",0.83
"1453","147-4-D-BENA",2010,0.09625,0.376234190950801,24,1986,9,"147-4","BENA",94,47,7,14,7,0,0,0,0,0,0,NA,NA,NA,0,0,1,0,956.341518,"West","24A","Tall Shrub (Open-Closed)","Tall Shrub","Clay Loam","Mesic - Hydric",0,428.39856,129,7.52786,-150.483929,66.912191,-0.321487559630883,0.725069650105417,"147-4-D-BENA_2010",13.1000000635783,-5.41741891702016,158.225677490234,125.225677490234,11.3333336512248,-6.24166677395503,6.53333346048991,16.1666673024495,46.1000003814697,1.12500001241763,90.1899995803833,259.819996833801,143.60000038147,2,"24A_2010",0.83
"1454","151-1-C-BENA",2010,0.18175,2.25553138203647,12,1998,10,"151-1","BENA",118,82,11,0,4,0,0,0,0,0,0,NA,NA,NA,0,0,0,0,725.03173,"East","24A","White Spruce or Black Spruce (Open-Closed)","Low Shrub","Clay Loam","Mesic",0,471.29071,296,22.022722,-150.362735,66.958242,0.64228219402412,1.9008139592184,"151-1-C-BENA_2010",12.2316058476766,-6.23927515745163,173.431098937988,133.810369491577,11.3333336512248,-6.24166677395503,6.53333346048991,16.1666673024495,46.1000003814697,1.12500001241763,90.1899995803833,259.819996833801,143.60000038147,2,"24A_2010",0.83
"1455","151-1-D-BENA",2010,0.0485,0.171336965539643,26,1984,10,"151-1","BENA",90,67,12,0,8,0,0,0,0,0,0,NA,NA,NA,0,0,0,0,725.03173,"East","24A","White Spruce or Black Spruce (Open-Closed)","Low Shrub","Clay Loam","Mesic",0,471.29071,296,22.022722,-150.362735,66.958242,-1.01254912468698,0.363291722328508,"151-1-D-BENA_2010",12.2316058476766,-6.23927515745163,173.431098937988,133.810369491577,11.3333336512248,-6.24166677395503,6.53333346048991,16.1666673024495,46.1000003814697,1.12500001241763,90.1899995803833,259.819996833801,143.60000038147,2,"24A_2010",0.83
"1456","151-2-A-BENA",2010,0.31175,2.82334087475089,15,1995,10,"151-2","BENA",119,71,11,0,4,0,0,0,0,0,0,NA,NA,NA,0,1,0,0,737.726474,"East","24A","Low Shrub","Low Shrub","Clay Loam","Mesic",0,482.941345,297,25.566626,-150.361917,66.958285,1.13310331748681,3.10527822698942,"151-2-A-BENA_2010",12.2316058476766,-6.23927515745163,173.431098937988,133.810369491577,11.3333336512248,-6.24166677395503,6.53333346048991,16.1666673024495,46.1000003814697,1.12500001241763,90.1899995803833,259.819996833801,143.60000038147,2,"24A_2010",0.83
"1457","151-2-B-BENA",2010,0.29,1.38481404170238,15,1995,10,"151-2","BENA",142,91,14,0,17,0,0,0,0,0,0,NA,NA,NA,0,1,0,0,737.726474,"East","24A","Low Shrub","Low Shrub","Clay Loam","Mesic",0,482.941345,297,25.566626,-150.361917,66.958285,0.420748291096277,1.52310085210913,"151-2-B-BENA_2010",12.2316058476766,-6.23927515745163,173.431098937988,133.810369491577,11.3333336512248,-6.24166677395503,6.53333346048991,16.1666673024495,46.1000003814697,1.12500001241763,90.1899995803833,259.819996833801,143.60000038147,2,"24A_2010",0.83
"1458","151-3-A-BENA",2010,0.30725,3.2145382751612,8,2002,10,"151-3","BENA",91,52,9,0,6,0,0,0,0,0,0,NA,NA,NA,0,0,0,0,698.113665,"East","24A","White Spruce or Black Spruce (Open-Closed)","Low Shrub","Clay Loam","Mesic",0,469.98999,301,21.5443,-150.36215,66.958641,0.5127231505876,1.66983221377479,"151-3-A-BENA_2010",12.2316058476766,-6.23927515745163,173.431098937988,133.810369491577,11.3333336512248,-6.24166677395503,6.53333346048991,16.1666673024495,46.1000003814697,1.12500001241763,90.1899995803833,259.819996833801,143.60000038147,2,"24A_2010",0.83
"1459","151-3-C-BENA",2010,0.1315,0.854537549119489,24,1986,10,"151-3","BENA",86,51,13,0,9,0,0,0,0,0,0,NA,NA,NA,0,0,0,0,698.113665,"East","24A","White Spruce or Black Spruce (Open-Closed)","Low Shrub","Clay Loam","Mesic",0,469.98999,301,21.5443,-150.36215,66.958641,0.498861086981845,1.64684458947282,"151-3-C-BENA_2010",12.2316058476766,-6.23927515745163,173.431098937988,133.810369491577,11.3333336512248,-6.24166677395503,6.53333346048991,16.1666673024495,46.1000003814697,1.12500001241763,90.1899995803833,259.819996833801,143.60000038147,2,"24A_2010",0.83
"1460","151-4-A-BENA",2010,0.244,1.51355022546118,24,1986,10,"151-4","BENA",65,36,9,0,8,0,0,0,0,0,0,NA,NA,NA,0,0,0,0,714.907956,"East","24A","Low Shrub","Low Shrub","Clay Loam","Mesic",0,485.466003,301,24.973797,-150.361301,66.958638,1.07051395548247,2.91687826036955,"151-4-A-BENA_2010",12.2316058476766,-6.23927515745163,173.431098937988,133.810369491577,11.3333336512248,-6.24166677395503,6.53333346048991,16.1666673024495,46.1000003814697,1.12500001241763,90.1899995803833,259.819996833801,143.60000038147,2,"24A_2010",0.83
"1461","151-4-D-BENA",2010,0.07475,0.369922338610659,17,1993,10,"151-4","BENA",83,56,8,0,9,0,0,0,0,0,0,NA,NA,NA,0,0,0,0,714.907956,"East","24A","Low Shrub","Low Shrub","Clay Loam","Mesic",0,485.466003,301,24.973797,-150.361301,66.958638,-0.749917748917216,0.472405406999329,"151-4-D-BENA_2010",12.2316058476766,-6.23927515745163,173.431098937988,133.810369491577,11.3333336512248,-6.24166677395503,6.53333346048991,16.1666673024495,46.1000003814697,1.12500001241763,90.1899995803833,259.819996833801,143.60000038147,2,"24A_2010",0.83
"1462","158-2-C-BENA",2010,0.18225,0.706390053402779,22,1988,11,"158-2","BENA",54,29,8,0,53,0,0,0,0,0,0,NA,NA,NA,0,0,0,1,1283.38641,"East","24A","Tussock Tundra (Low shrub or Herbaceous)","Low Shrub","Sandy Loam","Mesic - Xeric",2005,590.000549,54,15.617359,-150.286104,67.046812,0.204634172175669,1.22707608426917,"158-2-C-BENA_2010",13.1333335240682,-5.84166653951009,166,133,11.266666730245,-6.57500026623408,6.43333339691162,16.1333338419596,49.7000017166138,1.08333334016303,92.7799987792969,260.319996833801,130.299999237061,2,"24A_2010",0.83
"1463","173-1-A-BENA",2010,0.043,0.177506268113129,42,1968,12,"173-1","BENA",69,40,12,0,9,0,0,0,0,0,0,NA,NA,NA,0,0,0,0,1301.486525,"East","24A","Low Shrub","Low Shrub","Clay Loam","Mesic",0,349.871613,358,2.901099,-150.191497,67.228159,-0.404882288372779,0.667055326405205,"173-1-A-BENA_2010",13.5658880869548,-5.68451515833537,156.732040405273,133.689757585526,11.266666730245,-6.57500026623408,6.43333339691162,16.1333338419596,49.7000017166138,1.08333334016303,92.7799987792969,260.319996833801,130.299999237061,2,"24A_2010",0.83
"1464","173-1-B-BENA",2010,0.11075,0.480580227444377,20,1990,12,"173-1","BENA",101,53,11,0,7,0,0,0,0,0,0,NA,NA,NA,0,0,0,0,1301.486525,"East","24A","Low Shrub","Low Shrub","Clay Loam","Mesic",0,349.871613,358,2.901099,-150.191497,67.228159,-0.294276536318585,0.745070423919907,"173-1-B-BENA_2010",13.5658880869548,-5.68451515833537,156.732040405273,133.689757585526,11.266666730245,-6.57500026623408,6.43333339691162,16.1333338419596,49.7000017166138,1.08333334016303,92.7799987792969,260.319996833801,130.299999237061,2,"24A_2010",0.83
"1465","173-2-A-BENA",2010,0.0335,0.118661881516904,51,1959,12,"173-2","BENA",94,43,12,0,6,0,0,0,0,0,0,NA,NA,NA,0,2,0,0,1323.706943,"East","24A","Tussock Tundra (Low shrub or Herbaceous)","Low Shrub","Clay Loam","Mesic",0,348.371155,13,2.823825,-150.190835,67.228457,-0.575916217249647,0.562189545010019,"173-2-A-BENA_2010",13.5658880869548,-5.68451515833537,156.732040405273,133.689757585526,11.266666730245,-6.57500026623408,6.43333339691162,16.1333338419596,49.7000017166138,1.08333334016303,92.7799987792969,260.319996833801,130.299999237061,2,"24A_2010",0.83
"1466","173-2-C-BENA",2010,0.31425,3.84852973681338,13,1997,12,"173-2","BENA",107,64,12,0,13,0,0,0,0,0,0,NA,NA,NA,0,2,0,0,1323.706943,"East","24A","Tussock Tundra (Low shrub or Herbaceous)","Low Shrub","Clay Loam","Mesic",0,348.371155,13,2.823825,-150.190835,67.228457,1.27210584802189,3.56835907769642,"173-2-C-BENA_2010",13.5658880869548,-5.68451515833537,156.732040405273,133.689757585526,11.266666730245,-6.57500026623408,6.43333339691162,16.1333338419596,49.7000017166138,1.08333334016303,92.7799987792969,260.319996833801,130.299999237061,2,"24A_2010",0.83
"1467","173-3-B-BENA",2010,0.0375,0.110682236176787,45,1965,12,"173-3","BENA",70,51,14,0,9,0,0,0,0,0,0,NA,NA,NA,0,0,0,0,1278.311889,"East","24A","Low Shrub","Low Shrub","Clay Loam","Mesic",0,347.24527,24,1.739254,-150.191816,67.228627,-0.794892991341988,0.451629560610112,"173-3-B-BENA_2010",13.5658880869548,-5.68451515833537,156.732040405273,133.689757585526,11.266666730245,-6.57500026623408,6.43333339691162,16.1333338419596,49.7000017166138,1.08333334016303,92.7799987792969,260.319996833801,130.299999237061,2,"24A_2010",0.83
"1468","173-3-C-BENA",2010,0.31,1.85721532902268,9,2001,12,"173-3","BENA",32,27,6,0,6,0,0,0,0,0,0,NA,NA,NA,0,0,0,0,1278.311889,"East","24A","Low Shrub","Low Shrub","Clay Loam","Mesic",0,347.24527,24,1.739254,-150.191816,67.228627,0.104672698443824,1.11034713253115,"173-3-C-BENA_2010",13.5658880869548,-5.68451515833537,156.732040405273,133.689757585526,11.266666730245,-6.57500026623408,6.43333339691162,16.1333338419596,49.7000017166138,1.08333334016303,92.7799987792969,260.319996833801,130.299999237061,2,"24A_2010",0.83
"1469","173-4-B-BENA",2010,0.0935,0.44178332531841,20,1990,12,"173-4","BENA",124,71,14,0,12,0,0,0,0,0,0,NA,NA,NA,0,1,0,0,1308.377258,"East","24A","Low Shrub","Low Shrub","Clay Loam","Mesic",0,346.165253,355,1.872125,-150.190975,67.22891,-0.37845116970547,0.684921415152959,"173-4-B-BENA_2010",13.5658880869548,-5.68451515833537,156.732040405273,133.689757585526,11.266666730245,-6.57500026623408,6.43333339691162,16.1333338419596,49.7000017166138,1.08333334016303,92.7799987792969,260.319996833801,130.299999237061,2,"24A_2010",0.83
"1470","173-4-C-BENA",2010,0.10275,0.652456761522277,41,1969,12,"173-4","BENA",119,74,14,0,14,0,0,0,0,0,0,NA,NA,NA,0,1,0,0,1308.377258,"East","24A","Low Shrub","Low Shrub","Clay Loam","Mesic",0,346.165253,355,1.872125,-150.190975,67.22891,0.868100121550283,2.38238031812831,"173-4-C-BENA_2010",13.5658880869548,-5.68451515833537,156.732040405273,133.689757585526,11.266666730245,-6.57500026623408,6.43333339691162,16.1333338419596,49.7000017166138,1.08333334016303,92.7799987792969,260.319996833801,130.299999237061,2,"24A_2010",0.83
"1471","184-1-B-BENA",2010,0.0505,0.471747050650192,58,1952,13,"184-1","BENA",128,51,19,0,13,0,1,0,0,0.076923077,0,NA,"Hare",NA,1,2,0,0,692.283244,"East","24A","White Spruce or Black Spruce (Open-Closed)","Tall Shrub","Clay Loam","Mesic",0,423.977753,249,10.469168,-150.109686,67.368938,0.957732685650064,2.60578164445342,"184-1-B-BENA_2010",13.1000000635783,-5.61666661500931,125,93,11.266666730245,-6.57500026623408,6.43333339691162,16.1333338419596,49.7000017166138,1.08333334016303,92.7799987792969,260.319996833801,130.299999237061,2,"24A_2010",0.83
"1472","184-1-C-BENA",2010,0.449,5.0152997732475,19,1991,13,"184-1","BENA",166,49,15,8,26,1,2,0,0.038461538,0.076923077,0,"Moose","Hare",NA,1,2,0,0,692.283244,"East","24A","White Spruce or Black Spruce (Open-Closed)","Tall Shrub","Clay Loam","Mesic",0,423.977753,249,10.469168,-150.109686,67.368938,1.9897674860119,7.31383299611307,"184-1-C-BENA_2010",13.1000000635783,-5.61666661500931,125,93,11.266666730245,-6.57500026623408,6.43333339691162,16.1333338419596,49.7000017166138,1.08333334016303,92.7799987792969,260.319996833801,130.299999237061,2,"24A_2010",0.83
"1473","184-2-A-BENA",2010,0.061,0.203901929588593,25,1985,13,"184-2","BENA",89,39,11,0,12,0,1,0,0,0.083333333,0,NA,"Hare",NA,1,1,0,0,706.210196,"East","24A","White Spruce or Black Spruce (Open-Closed)","Tall Shrub","Clay Loam","Mesic",0,429.192566,258,16.706417,-150.109279,67.369156,-0.885345752738435,0.412571500889553,"184-2-A-BENA_2010",13.1000000635783,-5.61779497067134,124.548645019531,92.4132332801819,11.266666730245,-6.57500026623408,6.43333339691162,16.1333338419596,49.7000017166138,1.08333334016303,92.7799987792969,260.319996833801,130.299999237061,2,"24A_2010",0.83
"1474","184-2-D-BENA",2010,0.07225,0.202069006624762,39,1971,13,"184-2","BENA",84,38,12,10,7,0,0,0,0,0,0,NA,NA,NA,0,1,0,0,706.210196,"East","24A","White Spruce or Black Spruce (Open-Closed)","Tall Shrub","Clay Loam","Mesic",0,429.192566,258,16.706417,-150.109279,67.369156,-0.363714861210359,0.695089363428559,"184-2-D-BENA_2010",13.1000000635783,-5.61779497067134,124.548645019531,92.4132332801819,11.266666730245,-6.57500026623408,6.43333339691162,16.1333338419596,49.7000017166138,1.08333334016303,92.7799987792969,260.319996833801,130.299999237061,2,"24A_2010",0.83
"1475","184-3-B-BENA",2010,0.196333333333333,1.17541391688411,33,1977,13,"184-3","BENA",71,35,17,0,17,0,2,0,0,0.117647059,0,NA,"Hare",NA,1,1,3,0,683.765397,"East","24A","White Spruce or Black Spruce (Open-Closed)","Tall Shrub","Clay Loam","Mesic",0,425.482941,261,10.788996,-150.109693,67.36937,1.19769942157541,3.31248751276995,"184-3-B-BENA_2010",13.1000000635783,-5.61779497067134,124.548645019531,92.4132332801819,11.266666730245,-6.57500026623408,6.43333339691162,16.1333338419596,49.7000017166138,1.08333334016303,92.7799987792969,260.319996833801,130.299999237061,2,"24A_2010",0.83
"1476","184-3-D-BENA",2010,0.06225,0.18358583894645,22,1988,13,"184-3","BENA",103,48,17,7,31,3,1,0,0.096774194,0.032258065,0,"Moose","Hare",NA,1,1,3,0,683.765397,"East","24A","White Spruce or Black Spruce (Open-Closed)","Tall Shrub","Clay Loam","Mesic",0,425.482941,261,10.788996,-150.109693,67.36937,-1.14285105103763,0.318908500051077,"184-3-D-BENA_2010",13.1000000635783,-5.61779497067134,124.548645019531,92.4132332801819,11.266666730245,-6.57500026623408,6.43333339691162,16.1333338419596,49.7000017166138,1.08333334016303,92.7799987792969,260.319996833801,130.299999237061,2,"24A_2010",0.83
"1477","191-1-C-BENA",2010,0.271,1.8193811286955,8,2002,14,"191-1","BENA",105,51,8,16,13,0,0,0,0,0,0,NA,NA,NA,0,1,0,0,1595.806211,"East","24A","Low Shrub","Low Shrub","Clay Loam","Mesic",0,492.755432,293,2.980974,-149.860617,67.475764,-0.056464176891269,0.945100340320986,"191-1-C-BENA_2010",12.3120365142822,-5.89053817590078,130.503509521484,89.774322271347,9.43333339691162,-8.01666676998138,4.83333349227905,14.1333335240682,25.2000005245209,1.01666668305794,73.2099988460541,275.609997749329,135.400003433228,2,"24A_2010",0.83
"1478","191-1-D-BENA",2010,0.324,1.92022311128307,12,1998,14,"191-1","BENA",135,61,10,9,18,0,0,0,0,0,0,NA,NA,NA,0,1,0,0,1595.806211,"East","24A","Low Shrub","Low Shrub","Clay Loam","Mesic",0,492.755432,293,2.980974,-149.860617,67.475764,0.48133798577558,1.61823813395367,"191-1-D-BENA_2010",12.3120365142822,-5.89053817590078,130.503509521484,89.774322271347,9.43333339691162,-8.01666676998138,4.83333349227905,14.1333335240682,25.2000005245209,1.01666668305794,73.2099988460541,275.609997749329,135.400003433228,2,"24A_2010",0.83
"1479","191-2-A-BENA",2010,0.2115,0.781389491171466,17,1993,14,"191-2","BENA",82,51,10,0,13,1,0,0,0.076923077,0,0,"Moose",NA,NA,1,0,0,0,1628.072852,"East","24A","Low Shrub","Low Shrub","Clay Loam","Mesic",0,494.812988,260,1.497492,-149.859771,67.475671,-0.00213710306527801,0.99786517891358,"191-2-A-BENA_2010",12.3120365142822,-5.89053817590078,130.503509521484,89.774322271347,9.43333339691162,-8.01666676998138,4.83333349227905,14.1333335240682,25.2000005245209,1.01666668305794,73.2099988460541,275.609997749329,135.400003433228,2,"24A_2010",0.83
"1480","191-2-B-BENA",2010,0.30925,2.48592165008381,15,1995,14,"191-2","BENA",92,71,8,0,13,0,0,0,0,0,0,NA,NA,NA,0,0,0,0,1628.072852,"East","24A","Low Shrub","Low Shrub","Clay Loam","Mesic",0,494.812988,260,1.497492,-149.859771,67.475671,1.00582590252353,2.7341644939306,"191-2-B-BENA_2010",12.3120365142822,-5.89053817590078,130.503509521484,89.774322271347,9.43333339691162,-8.01666676998138,4.83333349227905,14.1333335240682,25.2000005245209,1.01666668305794,73.2099988460541,275.609997749329,135.400003433228,2,"24A_2010",0.83
"1481","191-3-A-BENA",2010,0.0326666666666667,0.0803214576625011,29,1981,14,"191-3","BENA",102,51,9,0,9,0,1,0,0,0.111111111,0,NA,"Hare",NA,1,2,0,0,1608.343863,"East","24A","Low Shrub","Low Shrub","Clay Loam","Mesic",0,494.475037,298,4.15829,-149.859591,67.475979,-1.63983276156159,0.194012485923082,"191-3-A-BENA_2010",12.3120365142822,-5.89053817590078,130.503509521484,89.774322271347,9.43333339691162,-8.01666676998138,4.83333349227905,14.1333335240682,25.2000005245209,1.01666668305794,73.2099988460541,275.609997749329,135.400003433228,2,"24A_2010",0.83
"1482","191-3-D-BENA",2010,0.09925,0.746014830642812,24,1986,14,"191-3","BENA",110,71,10,0,16,0,0,0,0,0,0,NA,NA,NA,0,2,0,0,1608.343863,"East","24A","Low Shrub","Low Shrub","Clay Loam","Mesic",0,494.475037,298,4.15829,-149.859591,67.475979,0.363046122819696,1.43770216858991,"191-3-D-BENA_2010",12.3120365142822,-5.89053817590078,130.503509521484,89.774322271347,9.43333339691162,-8.01666676998138,4.83333349227905,14.1333335240682,25.2000005245209,1.01666668305794,73.2099988460541,275.609997749329,135.400003433228,2,"24A_2010",0.83
"1483","191-4-A-BENA",2010,0.35725,5.13776435632202,11,1999,14,"191-4","BENA",105,69,11,0,12,0,0,0,0,0,0,NA,NA,NA,0,1,0,0,1634.196324,"East","24A","Low Shrub","Low Shrub","Clay Loam","Mesic",0,497.007599,303,3.553675,-149.85875,67.475963,1.36168059848733,3.90274674367436,"191-4-A-BENA_2010",12.3120365142822,-5.89053817590078,130.503509521484,89.774322271347,9.43333339691162,-8.01666676998138,4.83333349227905,14.1333335240682,25.2000005245209,1.01666668305794,73.2099988460541,275.609997749329,135.400003433228,2,"24A_2010",0.83
"1484","191-4-B-BENA",2010,0.063,0.237405444442803,27,1983,14,"191-4","BENA",77,59,11,0,12,0,1,0,0,0.083333333,0,NA,"Hare",NA,1,1,0,0,1634.196324,"East","24A","Low Shrub","Low Shrub","Clay Loam","Mesic",0,497.007599,303,3.553675,-149.85875,67.475963,-0.641374893411818,0.526567951313646,"191-4-B-BENA_2010",12.3120365142822,-5.89053817590078,130.503509521484,89.774322271347,9.43333339691162,-8.01666676998138,4.83333349227905,14.1333335240682,25.2000005245209,1.01666668305794,73.2099988460541,275.609997749329,135.400003433228,2,"24A_2010",0.83
"1485","203-1-A-BENA",2010,0.15575,1.33836618336768,20,1990,15,"203-1","BENA",97,41,11,0,17,1,0,0,0.058823529,0,0,"Moose",NA,NA,1,1,0,0,905.036767,"East","24A","Low Shrub","Low Shrub","Loam","Mesic",0,550.644958,299,23.927214,-149.794431,67.571449,0.729934165514568,2.07494400030687,"203-1-A-BENA_2010",12.6333335240682,-5.99166671435038,108,79,8.66666698455811,-8.88333335518837,4.09999998410543,13.3000005086263,22.6000002026558,0.941666672006249,68.0499989390373,281.889996051788,122.200006484985,2,"24A_2010",0.83
"1486","203-1-D-BENA",2010,0.167,1.87823258387519,18,1992,15,"203-1","BENA",143,46,14,0,26,2,0,0,0.076923077,0,0,"Moose",NA,NA,1,1,0,0,905.036767,"East","24A","Low Shrub","Low Shrub","Loam","Mesic",0,550.644958,299,23.927214,-149.794431,67.571449,0.943085006059388,2.56789117106103,"203-1-D-BENA_2010",12.6333335240682,-5.99166671435038,108,79,8.66666698455811,-8.88333335518837,4.09999998410543,13.3000005086263,22.6000002026558,0.941666672006249,68.0499989390373,281.889996051788,122.200006484985,2,"24A_2010",0.83
"1487","203-2-B-BENA",2010,0.2155,2.95787074441153,12,1998,15,"203-2","BENA",146,44,15,0,20,0,0,0,0,0,0,NA,NA,NA,0,0,1,0,933.944119,"East","24A","Low Shrub","Low Shrub","Loam","Mesic",0,566.911377,300,26.508135,-149.793674,67.571447,0.913366269074123,2.49269952318945,"203-2-B-BENA_2010",12.6333335240682,-5.99166671435038,108,79,8.66666698455811,-8.88333335518837,4.09999998410543,13.3000005086263,22.6000002026558,0.941666672006249,68.0499989390373,281.889996051788,122.200006484985,2,"24A_2010",0.83
"1488","203-2-C-BENA",2010,0.04575,0.193852956437462,34,1976,15,"203-2","BENA",118,35,14,0,38,0,0,0,0,0,0,NA,NA,NA,0,0,1,0,933.944119,"East","24A","Low Shrub","Low Shrub","Loam","Mesic",0,566.911377,300,26.508135,-149.793674,67.571447,-0.568951602832632,0.566118644871045,"203-2-C-BENA_2010",12.6333335240682,-5.99166671435038,108,79,8.66666698455811,-8.88333335518837,4.09999998410543,13.3000005086263,22.6000002026558,0.941666672006249,68.0499989390373,281.889996051788,122.200006484985,2,"24A_2010",0.83
"1489","203-3-B-BENA",2010,0.0645,0.413269444996268,14,1996,15,"203-3","BENA",108,53,11,7,21,0,0,0,0,0,0,NA,NA,NA,0,0,1,0,922.335664,"East","24A","Low Shrub","Low Shrub","Loam","Mesic",0,556.241272,305,23.609533,-149.79364,67.571701,-0.870804923104224,0.418614461149299,"203-3-B-BENA_2010",12.6333335240682,-5.99166671435038,108,79,8.66666698455811,-8.88333335518837,4.09999998410543,13.3000005086263,22.6000002026558,0.941666672006249,68.0499989390373,281.889996051788,122.200006484985,2,"24A_2010",0.83
"1490","203-3-D-BENA",2010,0.05225,0.361659557232633,18,1992,15,"203-3","BENA",108,52,11,0,7,1,0,0,0.14,0,0,"Moose",NA,NA,1,0,1,0,922.335664,"East","24A","Low Shrub","Low Shrub","Loam","Mesic",0,556.241272,305,23.609533,-149.79364,67.571701,-0.704298172927424,0.494455474748186,"203-3-D-BENA_2010",12.6333335240682,-5.99166671435038,108,79,8.66666698455811,-8.88333335518837,4.09999998410543,13.3000005086263,22.6000002026558,0.941666672006249,68.0499989390373,281.889996051788,122.200006484985,2,"24A_2010",0.83
"1491","203-4-A-BENA",2010,0.1475,1.27036974832292,14,1996,15,"203-4","BENA",85,42,10,0,10,0,0,0,0,0,0,NA,NA,NA,0,1,1,0,951.384807,"East","24A","Low Shrub","Low Shrub","Loam","Mesic",0,569.135193,316,29.227108,-149.792864,67.571712,0.252158564960411,1.28680006250976,"203-4-A-BENA_2010",12.6333335240682,-5.99166671435038,108,79,8.66666698455811,-8.88333335518837,4.09999998410543,13.3000005086263,22.6000002026558,0.941666672006249,68.0499989390373,281.889996051788,122.200006484985,2,"24A_2010",0.83
"1492","203-4-B-BENA",2010,0.119,1.14603572126996,31,1979,15,"203-4","BENA",99,36,12,0,12,0,0,0,0,0,0,NA,NA,NA,0,1,1,0,951.384807,"East","24A","Low Shrub","Low Shrub","Loam","Mesic",0,569.135193,316,29.227108,-149.792864,67.571712,1.09777989628875,2.99750386188922,"203-4-B-BENA_2010",12.6333335240682,-5.99166671435038,108,79,8.66666698455811,-8.88333335518837,4.09999998410543,13.3000005086263,22.6000002026558,0.941666672006249,68.0499989390373,281.889996051788,122.200006484985,2,"24A_2010",0.83
"1493","209-1-C-BENA",2010,0.101333333333333,0.702275741842603,21,1989,16,"209-1","BENA",58,59,14,0,9,0,0,0,0,0,0,NA,NA,NA,0,0,1,0,698.873831,"East","24A","Low Shrub","Black Spruce Woodland","Sandy Loam","Mesic - Xeric",0,553.345276,287,19.679848,-149.692986,67.655886,0.143278592687944,1.1540512671295,"209-1-C-BENA_2010",11.924306233724,-6.42343709866206,102,77,8.66666698455811,-8.88333335518837,4.09999998410543,13.3000005086263,22.6000002026558,0.941666672006249,68.0499989390373,281.889996051788,122.200006484985,2,"24A_2010",0.83
"1494","209-1-D-BENA",2010,0.05675,0.246613256160932,26,1984,16,"209-1","BENA",76,39,10,0,6,0,0,0,0,0,0,NA,NA,NA,0,0,1,0,698.873831,"East","24A","Low Shrub","Black Spruce Woodland","Sandy Loam","Mesic - Xeric",0,553.345276,287,19.679848,-149.692986,67.655886,-0.648359955890051,0.522902657331217,"209-1-D-BENA_2010",11.924306233724,-6.42343709866206,102,77,8.66666698455811,-8.88333335518837,4.09999998410543,13.3000005086263,22.6000002026558,0.941666672006249,68.0499989390373,281.889996051788,122.200006484985,2,"24A_2010",0.83
"1495","209-2-B-BENA",2010,0.21525,1.79386334601717,42,1968,16,"209-2","BENA",104,57,18,0,18,0,0,0,0,0,0,NA,NA,NA,0,0,0,0,728.528855,"East","24A","Low Shrub","Black Spruce Woodland","Sandy Loam","Mesic - Xeric",0,561.911133,287,21.070175,-149.692261,67.656,1.90823865695065,6.74120476151969,"209-2-B-BENA_2010",11.924306233724,-6.42343709866206,102,77,8.66666698455811,-8.88333335518837,4.09999998410543,13.3000005086263,22.6000002026558,0.941666672006249,68.0499989390373,281.889996051788,122.200006484985,2,"24A_2010",0.83
"1496","209-2-D-BENA",2010,0.05775,0.175213101825551,49,1961,16,"209-2","BENA",86,47,10,0,6,0,0,0,0,0,0,NA,NA,NA,0,0,0,0,728.528855,"East","24A","Low Shrub","Black Spruce Woodland","Sandy Loam","Mesic - Xeric",0,561.911133,287,21.070175,-149.692261,67.656,-0.23393128840505,0.791416193496301,"209-2-D-BENA_2010",11.924306233724,-6.42343709866206,102,77,8.66666698455811,-8.88333335518837,4.09999998410543,13.3000005086263,22.6000002026558,0.941666672006249,68.0499989390373,281.889996051788,122.200006484985,2,"24A_2010",0.83
"1497","209-3-A-BENA",2010,0.08125,0.510189738204463,50,1960,16,"209-3","BENA",67,52,13,0,10,0,0,0,0,0,0,NA,NA,NA,0,0,1,0,711.058695,"East","24A","Low Shrub","Black Spruce Woodland","Sandy Loam","Mesic - Xeric",0,553.430786,276,18.070417,-149.69261,67.656251,0.858957117428346,2.36069747924927,"209-3-A-BENA_2010",11.924306233724,-6.42343709866206,102,77,8.66666698455811,-8.88333335518837,4.09999998410543,13.3000005086263,22.6000002026558,0.941666672006249,68.0499989390373,281.889996051788,122.200006484985,2,"24A_2010",0.83
"1498","209-3-D-BENA",2010,0.14975,0.778247702168337,28,1982,16,"209-3","BENA",84,39,10,0,8,0,0,0,0,0,0,NA,NA,NA,0,0,1,0,711.058695,"East","24A","Low Shrub","Black Spruce Woodland","Sandy Loam","Mesic - Xeric",0,553.430786,276,18.070417,-149.69261,67.656251,0.589299463107835,1.80272509751189,"209-3-D-BENA_2010",11.924306233724,-6.42343709866206,102,77,8.66666698455811,-8.88333335518837,4.09999998410543,13.3000005086263,22.6000002026558,0.941666672006249,68.0499989390373,281.889996051788,122.200006484985,2,"24A_2010",0.83
"1499","209-4-C-BENA",2010,0.1015,0.43557867982757,19,1991,16,"209-4","BENA",57,38,10,0,7,0,0,0,0,0,0,NA,NA,NA,0,0,0,0,738.024448,"East","24A","Low Shrub","Black Spruce Woodland","Sandy Loam","Mesic - Xeric",0,561.090881,296,18.584587,-149.691928,67.656444,-0.45380554244135,0.635206241891982,"209-4-C-BENA_2010",11.924306233724,-6.42343709866206,102,77,8.66666698455811,-8.88333335518837,4.09999998410543,13.3000005086263,22.6000002026558,0.941666672006249,68.0499989390373,281.889996051788,122.200006484985,2,"24A_2010",0.83
"1500","209-4-D-BENA",2010,0.016,0.0418208710163877,38,1972,16,"209-4","BENA",71,50,9,0,8,0,0,0,0,0,0,NA,NA,NA,0,0,0,0,738.024448,"East","24A","Low Shrub","Black Spruce Woodland","Sandy Loam","Mesic - Xeric",0,561.090881,296,18.584587,-149.691928,67.656444,-1.96992614750672,0.139467155831908,"209-4-D-BENA_2010",11.924306233724,-6.42343709866206,102,77,8.66666698455811,-8.88333335518837,4.09999998410543,13.3000005086263,22.6000002026558,0.941666672006249,68.0499989390373,281.889996051788,122.200006484985,2,"24A_2010",0.83
"1501","222-1-B-BENA",2010,0.11925,0.752922538389587,30,1980,17,"222-1","BENA",63,58,19,0,9,0,2,0,0,0.222222222,0,NA,"Hare",NA,1,2,18,0,769.468544,"East","24A","Low Shrub","Tall Shrub","Clay Loam","Mesic",0,669.484009,287,15.029548,-149.809491,67.826198,0.638548818135631,1.89373073660802,"222-1-B-BENA_2010",11.3333333333333,-6.974999944369,104,84,8.66666698455811,-8.88333335518837,4.09999998410543,13.3000005086263,22.6000002026558,0.941666672006249,68.0499989390373,281.889996051788,122.200006484985,2,"24A_2010",0.83
"1502","222-1-D-BENA",2010,0.0185,0.0360050080046292,29,1981,17,"222-1","BENA",78,38,9,0,9,0,2,0,0,0.222222222,0,NA,"Hare",NA,1,2,18,0,769.468544,"East","24A","Low Shrub","Tall Shrub","Clay Loam","Mesic",0,669.484009,287,15.029548,-149.809491,67.826198,-2.44221152550811,0.0869683060037369,"222-1-D-BENA_2010",11.3333333333333,-6.974999944369,104,84,8.66666698455811,-8.88333335518837,4.09999998410543,13.3000005086263,22.6000002026558,0.941666672006249,68.0499989390373,281.889996051788,122.200006484985,2,"24A_2010",0.83
"1503","222-2-A-BENA",2010,0.15125,1.30587465404701,24,1986,17,"222-2","BENA",81,59,12,0,9,0,0,0,0,0,0,NA,NA,NA,0,3,13,0,794.735172,"East","24A","Low Shrub","Tall Shrub","Clay Loam","Mesic",0,676.198608,282,15.59229,-149.808768,67.826375,0.922928970832485,2.51665080225315,"222-2-A-BENA_2010",11.3333333333333,-6.974999944369,104,84,8.66666698455811,-8.88333335518837,4.09999998410543,13.3000005086263,22.6000002026558,0.941666672006249,68.0499989390373,281.889996051788,122.200006484985,2,"24A_2010",0.83
"1504","222-2-D-BENA",2010,0.15125,1.13196393872591,10,2000,17,"222-2","BENA",62,59,8,0,6,0,1,0,0,0.166666667,0,NA,"Hare",NA,1,3,13,0,794.735172,"East","24A","Low Shrub","Tall Shrub","Clay Loam","Mesic",0,676.198608,282,15.59229,-149.808768,67.826375,-0.264720634254318,0.767420310979329,"222-2-D-BENA_2010",11.3333333333333,-6.974999944369,104,84,8.66666698455811,-8.88333335518837,4.09999998410543,13.3000005086263,22.6000002026558,0.941666672006249,68.0499989390373,281.889996051788,122.200006484985,2,"24A_2010",0.83
"1505","222-3-A-BENA",2010,0.09175,0.427533650090352,48,1962,17,"222-3","BENA",126,65,16,0,21,0,3,0,0,0.142857143,0,NA,"Hare",NA,1,2,11,1,778.440723,"East","24A","Low Shrub","Low Shrub","Clay Loam","Mesic",0,672.469177,278,13.422374,-149.809021,67.826615,0.633492960419671,1.88418046619897,"222-3-A-BENA_2010",11.3333333333333,-6.974999944369,104,84,8.66666698455811,-8.88333335518837,4.09999998410543,13.3000005086263,22.6000002026558,0.941666672006249,68.0499989390373,281.889996051788,122.200006484985,2,"24A_2010",0.83
"1506","222-3-B-BENA",2010,0.22475,2.52509338348326,7,2003,17,"222-3","BENA",70,62,8,0,8,0,0,0,0,0,0,NA,NA,NA,0,2,11,1,778.440723,"East","24A","Low Shrub","Low Shrub","Clay Loam","Mesic",0,672.469177,278,13.422374,-149.809021,67.826615,0.111969293168807,1.11847851518677,"222-3-B-BENA_2010",11.3333333333333,-6.974999944369,104,84,8.66666698455811,-8.88333335518837,4.09999998410543,13.3000005086263,22.6000002026558,0.941666672006249,68.0499989390373,281.889996051788,122.200006484985,2,"24A_2010",0.83
"1507","222-4-C-BENA",2010,0.16,1.76984763732635,8,2002,17,"222-4","BENA",92,74,9,12,11,0,1,0,0,0.090909091,0,NA,"Hare",NA,1,0,15,0,805.061274,"East","24A","Low Shrub","Low Shrub","Clay Loam","Mesic",0,678.755371,278,16.631924,-149.808355,67.826658,-0.0840671187012375,0.919369547134274,"222-4-C-BENA_2010",11.3333333333333,-6.974999944369,104,84,8.66666698455811,-8.88333335518837,4.09999998410543,13.3000005086263,22.6000002026558,0.941666672006249,68.0499989390373,281.889996051788,122.200006484985,2,"24A_2010",0.83
"1508","222-4-D-BENA",2010,0.254,2.2167454754848,15,1995,17,"222-4","BENA",107,70,8,0,14,0,0,0,0,0,0,NA,NA,NA,0,0,15,0,805.061274,"East","24A","Low Shrub","Low Shrub","Clay Loam","Mesic",0,678.755371,278,16.631924,-149.808355,67.826658,0.891222544608261,2.43810852644833,"222-4-D-BENA_2010",11.3333333333333,-6.974999944369,104,84,8.66666698455811,-8.88333335518837,4.09999998410543,13.3000005086263,22.6000002026558,0.941666672006249,68.0499989390373,281.889996051788,122.200006484985,2,"24A_2010",0.83
"1509","235-1-A-BENA",2010,0.095,0.607796076708384,31,1979,18,"235-1","BENA",59,29,10,0,18,0,0,0,0,0,0,NA,NA,NA,0,0,5,0,477.732622,"East","24A","Low Shrub","Low Shrub","Sandy Gravel","Mesic",0,813.776917,295,20.303024,-149.727576,68.004859,0.463555254663491,1.58971579450911,"235-1-A-BENA_2010",9.13333320617676,-8.23333351997038,112,107,7.50000031789144,-10.0583334453404,3.10000006357829,11.9666668574015,11.7999999523163,0.858333358541131,57.3299991488457,291.339997291565,112.200004577637,2,"24A_2010",0.83
"1510","235-1-B-BENA",2010,0.1525,1.48494838054474,18,1992,18,"235-1","BENA",42,18,10,0,10,0,1,0,0,0.1,0,NA,"Hare",NA,1,0,5,0,477.732622,"East","24A","Low Shrub","Low Shrub","Sandy Gravel","Mesic",0,813.776917,295,20.303024,-149.727576,68.004859,0.708133797437328,2.03019895864802,"235-1-B-BENA_2010",9.13333320617676,-8.23333351997038,112,107,7.50000031789144,-10.0583334453404,3.10000006357829,11.9666668574015,11.7999999523163,0.858333358541131,57.3299991488457,291.339997291565,112.200004577637,2,"24A_2010",0.83
"1511","235-2-A-BENA",2010,0.09825,0.971280506573669,10,2000,18,"235-2","BENA",71,49,9,0,16,0,0,0,0,0,0,NA,NA,NA,0,0,0,0,510.631222,"East","24A","Dwarf Shrub-Lichen","Low Shrub","Sandy Gravel","Mesic",0,828.022217,289,26.243103,-149.726481,68.004961,-0.417814725472585,0.658484217475949,"235-2-A-BENA_2010",9.13333320617676,-8.23333351997038,112,107,7.50000031789144,-10.0583334453404,3.10000006357829,11.9666668574015,11.7999999523163,0.858333358541131,57.3299991488457,291.339997291565,112.200004577637,2,"24A_2010",0.83
"1512","235-2-B-BENA",2010,0.031,0.151245695121774,27,1983,18,"235-2","BENA",54,38,8,0,9,0,0,0,0,0,0,NA,NA,NA,NA,0,0,0,510.631222,"East","24A","Dwarf Shrub-Lichen","Low Shrub","Sandy Gravel","Mesic",0,828.022217,289,26.243103,-149.726481,68.004961,-1.09223867444927,0.335464656306433,"235-2-B-BENA_2010",9.13333320617676,-8.23333351997038,112,107,7.50000031789144,-10.0583334453404,3.10000006357829,11.9666668574015,11.7999999523163,0.858333358541131,57.3299991488457,291.339997291565,112.200004577637,2,"24A_2010",0.83
"1513","235-2-C-BENA",2010,0.0545,0.118053983338434,22,1988,18,"235-2","BENA",58,33,8,0,9,0,2,0,0,0.222222222,0,NA,"Hare",NA,1,0,0,0,510.631222,"East","24A","Dwarf Shrub-Lichen","Low Shrub","Sandy Gravel","Mesic",0,828.022217,289,26.243103,-149.726481,68.004961,-1.58439139055824,0.205072564243348,"235-2-C-BENA_2010",9.13333320617676,-8.23333351997038,112,107,7.50000031789144,-10.0583334453404,3.10000006357829,11.9666668574015,11.7999999523163,0.858333358541131,57.3299991488457,291.339997291565,112.200004577637,2,"24A_2010",0.83
"1514","235-3-B-BENA",2010,0.171,0.821129067443051,25,1985,18,"235-3","BENA",59,31,10,0,15,0,0,0,0,0,0,NA,NA,NA,0,0,1,0,482.982181,"East","24A","Dwarf Shrub-Lichen","Low Shrub","Sandy Gravel","Mesic",0,817.546387,298,18.704132,-149.726784,68.005244,0.507695411020204,1.66145780210395,"235-3-B-BENA_2010",9.13333320617676,-8.23333351997038,112,107,7.50000031789144,-10.0583334453404,3.10000006357829,11.9666668574015,11.7999999523163,0.858333358541131,57.3299991488457,291.339997291565,112.200004577637,2,"24A_2010",0.83
"1515","235-3-C-BENA",2010,0.2005,2.63325233171059,10,2000,18,"235-3","BENA",57,42,7,0,11,0,0,0,0,0,0,NA,NA,NA,0,0,1,0,482.982181,"East","24A","Dwarf Shrub-Lichen","Low Shrub","Sandy Gravel","Mesic",0,817.546387,298,18.704132,-149.726784,68.005244,0.579544952943168,1.78522588410627,"235-3-C-BENA_2010",9.13333320617676,-8.23333351997038,112,107,7.50000031789144,-10.0583334453404,3.10000006357829,11.9666668574015,11.7999999523163,0.858333358541131,57.3299991488457,291.339997291565,112.200004577637,2,"24A_2010",0.83
"1516","235-4-A-BENA",2010,0.1005,0.944190749471306,20,1990,18,"235-4","BENA",45,36,11,0,13,0,0,0,0,0,0,NA,NA,NA,0,0,0,0,503.848767,"East","24A","Low Shrub","Low Shrub","Sandy Gravel","Mesic",0,825.290771,293,20.728168,-149.726015,68.005351,0.381057493473847,1.46383176376365,"235-4-A-BENA_2010",9.13333320617676,-8.23333351997038,112,107,7.50000031789144,-10.0583334453404,3.10000006357829,11.9666668574015,11.7999999523163,0.858333358541131,57.3299991488457,291.339997291565,112.200004577637,2,"24A_2010",0.83
"1517","235-4-C-BENA",2010,0.10075,1.65118202516816,14,1996,18,"235-4","BENA",61,45,11,0,10,0,0,0,0,0,0,NA,NA,NA,0,0,0,0,503.848767,"East","24A","Low Shrub","Low Shrub","Sandy Gravel","Mesic",0,825.290771,293,20.728168,-149.726015,68.005351,0.514341976776716,1.67253757105469,"235-4-C-BENA_2010",9.13333320617676,-8.23333351997038,112,107,7.50000031789144,-10.0583334453404,3.10000006357829,11.9666668574015,11.7999999523163,0.858333358541131,57.3299991488457,291.339997291565,112.200004577637,2,"24A_2010",0.83
"1518","240-1-D-BENA",2010,0.1565,1.37689173042819,11,1999,19,"240-1","BENA",70,38,7,0,13,0,0,0,0,0,0,NA,NA,NA,0,0,1,0,395.986648,"West","24A","Low Shrub","Low Shrub","Sandy Loam","Mesic",0,1043.032227,75,23.365055,-149.606437,68.069578,0.0448911532856294,1.04591400940926,"240-1-D-BENA_2010",8.05162159601847,-8.72418940067291,138.08325958252,150.128394365311,7.50000031789144,-10.0583334453404,3.10000006357829,11.9666668574015,11.7999999523163,0.858333358541131,57.3299991488457,291.339997291565,112.200004577637,2,"24A_2010",0.83
"1519","240-2-A-BENA",2010,0.136,1.13479353195909,14,1996,19,"240-2","BENA",90,57,9,0,23,0,0,2,0,0,0.086956522,NA,NA,"Ptarmagin",1,0,0,0,426.292991,"West","24A","Tussock Tundra (Low shrub or Herbaceous)","Low Shrub","Sandy Loam","Mesic",0,1048.270996,87,24.096361,-149.606886,68.069926,0.139301290668807,1.14947037253396,"240-2-A-BENA_2010",8.05162159601847,-8.72418940067291,138.08325958252,150.128394365311,7.50000031789144,-10.0583334453404,3.10000006357829,11.9666668574015,11.7999999523163,0.858333358541131,57.3299991488457,291.339997291565,112.200004577637,2,"24A_2010",0.83
"1520","240-2-D-BENA",2010,0.12725,0.935956046077627,12,1998,19,"240-2","BENA",84,31,8,0,10,0,0,0,0,0,0,NA,NA,NA,0,0,0,0,426.292991,"West","24A","Tussock Tundra (Low shrub or Herbaceous)","Low Shrub","Sandy Loam","Mesic",0,1048.270996,87,24.096361,-149.606886,68.069926,-0.237290160232184,0.788762387332831,"240-2-D-BENA_2010",8.05162159601847,-8.72418940067291,138.08325958252,150.128394365311,7.50000031789144,-10.0583334453404,3.10000006357829,11.9666668574015,11.7999999523163,0.858333358541131,57.3299991488457,291.339997291565,112.200004577637,2,"24A_2010",0.83
"1521","240-3-A-BENA",2010,0.08,1.19669547360542,6,2004,19,"240-3","BENA",66,43,8,0,18,0,0,0,0,0,0,NA,NA,NA,0,0,1,3,399.798137,"West","24A","Low Shrub","Low Shrub","Sandy Loam","Mesic",0,1034.808228,93,20.584356,-149.606025,68.07014,-0.818698729996812,0.441005148060517,"240-3-A-BENA_2010",8.05162159601847,-8.72418940067291,138.08325958252,150.128394365311,7.50000031789144,-10.0583334453404,3.10000006357829,11.9666668574015,11.7999999523163,0.858333358541131,57.3299991488457,291.339997291565,112.200004577637,2,"24A_2010",0.83
"1522","240-3-D-BENA",2010,0.08,0.698690206158371,26,1984,19,"240-3","BENA",97,46,12,0,13,0,0,2,0,0,0.153846154,NA,NA,"Ptarmagin",1,0,1,3,399.798137,"West","24A","Low Shrub","Low Shrub","Sandy Loam","Mesic",0,1034.808228,93,20.584356,-149.606025,68.07014,0.393026147328781,1.48145712496937,"240-3-D-BENA_2010",8.05162159601847,-8.72418940067291,138.08325958252,150.128394365311,7.50000031789144,-10.0583334453404,3.10000006357829,11.9666668574015,11.7999999523163,0.858333358541131,57.3299991488457,291.339997291565,112.200004577637,2,"24A_2010",0.83
"1523","240-4-B-BENA",2010,0.14325,0.934381322760015,42,1968,19,"240-4","BENA",102,72,15,0,13,0,0,0,0,0,0,NA,NA,NA,0,0,2,0,431.079046,"West","24A","Low Shrub","Low Shrub","Sandy Loam","Mesic",0,1046.807861,94,24.616484,-149.606605,68.070368,1.25599641341146,3.51133537348312,"240-4-B-BENA_2010",8.05162159601847,-8.72418940067291,138.08325958252,150.128394365311,7.50000031789144,-10.0583334453404,3.10000006357829,11.9666668574015,11.7999999523163,0.858333358541131,57.3299991488457,291.339997291565,112.200004577637,2,"24A_2010",0.83
"1524","240-4-D-BENA",2010,0.0265,0.196724961171466,25,1985,19,"240-4","BENA",83,41,16,0,29,0,0,3,0,0,0.103448276,NA,NA,"Ptarmagin",1,0,2,0,431.079046,"West","24A","Low Shrub","Low Shrub","Sandy Loam","Mesic",0,1046.807861,94,24.616484,-149.606605,68.070368,-0.921178276634262,0.398049751940607,"240-4-D-BENA_2010",8.05162159601847,-8.72418940067291,138.08325958252,150.128394365311,7.50000031789144,-10.0583334453404,3.10000006357829,11.9666668574015,11.7999999523163,0.858333358541131,57.3299991488457,291.339997291565,112.200004577637,2,"24A_2010",0.83
"1525","255-1-A-BENA",2010,0.07875,0.562774108739325,41,1969,20,"255-1","BENA",71,26,15,0,17,0,0,0,0,0,0,NA,NA,NA,0,0,0,0,585.543915,"East","26B","Low Shrub","Low Shrub","Sandy Gravel","Mesic - Xeric",0,991.483582,331,1.701594,-149.392735,68.222633,0.720233570225155,2.05491312111568,"255-1-A-BENA_2010",8.43784681955973,-9.12913745641708,143.909729003906,143,5.60000006357829,-11.4500001519918,1.33333331843217,9.93333339691162,6.49999994039536,0.741666683927178,47.4299990534782,307.969997406006,118.60000038147,2,"26B_2010",0.27
"1526","255-1-B-BENA",2010,0.06,0.276051746470934,11,1999,20,"255-1","BENA",41,27,7,0,12,0,0,0,0,0,0,NA,NA,NA,0,0,0,0,585.543915,"East","26B","Low Shrub","Low Shrub","Sandy Gravel","Mesic - Xeric",0,991.483582,331,1.701594,-149.392735,68.222633,-1.56210437985458,0.209694330044422,"255-1-B-BENA_2010",8.43784681955973,-9.12913745641708,143.909729003906,143,5.60000006357829,-11.4500001519918,1.33333331843217,9.93333339691162,6.49999994039536,0.741666683927178,47.4299990534782,307.969997406006,118.60000038147,2,"26B_2010",0.27
"1527","255-2-C-BENA",2010,0.038,0.142659722399514,29,1981,20,"255-2","BENA",65,27,8,0,20,0,0,0,0,0,0,NA,NA,NA,0,0,1,1,631.079496,"East","26B","Low Shrub","Low Shrub","Sandy Gravel","Mesic - Xeric",0,993.382141,286,2.676414,-149.39171,68.222788,-1.06540733456958,0.344587463789867,"255-2-C-BENA_2010",8.43784681955973,-9.12913745641708,143.909729003906,143,5.60000006357829,-11.4500001519918,1.33333331843217,9.93333339691162,6.49999994039536,0.741666683927178,47.4299990534782,307.969997406006,118.60000038147,2,"26B_2010",0.27
"1528","255-2-D-BENA",2010,0.1755,1.88478830234507,21,1989,20,"255-2","BENA",60,32,10,0,11,0,0,0,0,0,0,NA,NA,NA,0,0,1,1,631.079496,"East","26B","Low Shrub","Low Shrub","Sandy Gravel","Mesic - Xeric",0,993.382141,286,2.676414,-149.39171,68.222788,1.1305232582652,3.09727675184272,"255-2-D-BENA_2010",8.43784681955973,-9.12913745641708,143.909729003906,143,5.60000006357829,-11.4500001519918,1.33333331843217,9.93333339691162,6.49999994039536,0.741666683927178,47.4299990534782,307.969997406006,118.60000038147,2,"26B_2010",0.27
"1529","255-3-A-BENA",2010,0.1355,1.2610941960132,10,2000,20,"255-3","BENA",61,31,7,0,17,0,0,0,0,0,0,NA,NA,NA,0,0,1,0,600.399561,"East","26B","Tussock Tundra (Low shrub or Herbaceous)","Low Shrub","Sandy Gravel","Mesic - Xeric",0,990.277893,304,2.837043,-149.392647,68.223106,-0.156695003630425,0.854964780210203,"255-3-A-BENA_2010",8.43784681955973,-9.12913745641708,143.909729003906,143,5.60000006357829,-11.4500001519918,1.33333331843217,9.93333339691162,6.49999994039536,0.741666683927178,47.4299990534782,307.969997406006,118.60000038147,2,"26B_2010",0.27
"1530","255-4-B-BENA",2010,0.124,1.5087561550718,14,1996,20,"255-4","BENA",49,32,10,0,25,0,0,0,0,0,0,NA,NA,NA,0,0,0,2,644.564014,"East","26B","Low Shrub","Low Shrub","Sandy Gravel","Mesic - Xeric",0,993.003235,239,7.430982,-149.391619,68.223199,0.424136139456219,1.52826963741966,"255-4-B-BENA_2010",8.43784681955973,-9.12913745641708,143.909729003906,143,5.60000006357829,-11.4500001519918,1.33333331843217,9.93333339691162,6.49999994039536,0.741666683927178,47.4299990534782,307.969997406006,118.60000038147,2,"26B_2010",0.27
"1531","255-4-D-BENA",2010,0.017,0.0460368987457052,33,1977,20,"255-4","BENA",56,29,5,0,12,0,0,0,0,0,0,NA,NA,NA,0,0,0,2,644.564014,"East","26B","Low Shrub","Low Shrub","Sandy Gravel","Mesic - Xeric",0,993.003235,239,7.430982,-149.391619,68.223199,-2.04223299107187,0.12973868186456,"255-4-D-BENA_2010",8.43784681955973,-9.12913745641708,143.909729003906,143,5.60000006357829,-11.4500001519918,1.33333331843217,9.93333339691162,6.49999994039536,0.741666683927178,47.4299990534782,307.969997406006,118.60000038147,2,"26B_2010",0.27
"1532","261-1-C-BENA",2010,0.0326666666666667,0.0842212217410923,34,1976,21,"261-1","BENA",52,23,10,0,13,0,0,0,0,0,0,NA,NA,NA,0,0,0,0,356.206777,"East","26B","Dwarf Shrub","Low Shrub","Sandy Loam","Mesic",0,883.832947,287,13.943512,-149.352299,68.301689,-1.40260458882172,0.245955515962597,"261-1-C-BENA_2010",8.62949864069621,-9.26753066542248,157.988626480103,149.2414727211,5.60000006357829,-11.4500001519918,1.33333331843217,9.93333339691162,6.49999994039536,0.741666683927178,47.4299990534782,307.969997406006,118.60000038147,2,"26B_2010",0.27
"1533","261-1-D-BENA",2010,0.0605,0.336227382954122,21,1989,21,"261-1","BENA",59,19,9,0,15,0,0,0,0,0,0,NA,NA,NA,0,0,0,0,356.206777,"East","26B","Dwarf Shrub","Low Shrub","Sandy Loam","Mesic",0,883.832947,287,13.943512,-149.352299,68.301689,-0.59325986279798,0.55252319597963,"261-1-D-BENA_2010",8.62949864069621,-9.26753066542248,157.988626480103,149.2414727211,5.60000006357829,-11.4500001519918,1.33333331843217,9.93333339691162,6.49999994039536,0.741666683927178,47.4299990534782,307.969997406006,118.60000038147,2,"26B_2010",0.27
"1534","261-2-B-BENA",2010,0.09425,0.796569863223156,24,1986,21,"261-2","BENA",66,25,12,0,19,0,0,0,0,0,0,NA,NA,NA,0,0,0,1,388.99561,"East","26B","Dwarf Shrub-Lichen","Low Shrub","Sandy Loam","Mesic",0,888.892761,295,13.025289,-149.351465,68.301786,0.428615480871184,1.53513063380054,"261-2-B-BENA_2010",8.62949864069621,-9.26753066542248,157.988626480103,149.2414727211,5.60000006357829,-11.4500001519918,1.33333331843217,9.93333339691162,6.49999994039536,0.741666683927178,47.4299990534782,307.969997406006,118.60000038147,2,"26B_2010",0.27
"1535","261-2-C-BENA",2010,0.116,0.473205535039615,19,1991,21,"261-2","BENA",37,18,8,0,13,0,0,0,0,0,0,NA,NA,NA,0,0,0,1,388.99561,"East","26B","Dwarf Shrub-Lichen","Low Shrub","Sandy Loam","Mesic",0,888.892761,295,13.025289,-149.351465,68.301786,-0.370951158844759,0.690077644925111,"261-2-C-BENA_2010",8.62949864069621,-9.26753066542248,157.988626480103,149.2414727211,5.60000006357829,-11.4500001519918,1.33333331843217,9.93333339691162,6.49999994039536,0.741666683927178,47.4299990534782,307.969997406006,118.60000038147,2,"26B_2010",0.27
"1536","261-3-D-BENA",2010,0.0733333333333333,0.624185534263202,30,1980,21,"261-3","BENA",74,41,14,0,26,0,0,0,0,0,0,NA,NA,NA,0,0,0,1,380.53651,"East","26B","Tussock Tundra (Low shrub or Herbaceous)","Low Shrub","Sandy Loam","Mesic",0,884.224731,295,11.657486,-149.351558,68.302088,0.45103412101731,1.56993484895348,"261-3-D-BENA_2010",8.62949864069621,-9.26753066542248,157.988626480103,149.2414727211,5.60000006357829,-11.4500001519918,1.33333331843217,9.93333339691162,6.49999994039536,0.741666683927178,47.4299990534782,307.969997406006,118.60000038147,2,"26B_2010",0.27
"1537","261-4-A-BENA",2010,0.09525,0.420352754682408,45,1965,21,"261-4","BENA",45,23,13,0,13,0,0,0,0,0,0,NA,NA,NA,0,0,0,0,405.679111,"East","26B","Low Shrub","Low Shrub","Sandy Loam","Mesic",0,886.626587,308,9.946874,-149.350886,68.302265,0.539537900827231,1.71521408001948,"261-4-A-BENA_2010",8.62949864069621,-9.26753066542248,157.988626480103,149.2414727211,5.60000006357829,-11.4500001519918,1.33333331843217,9.93333339691162,6.49999994039536,0.741666683927178,47.4299990534782,307.969997406006,118.60000038147,2,"26B_2010",0.27
"1538","261-4-B-BENA",2010,0.23,1.49643482868443,24,1986,21,"261-4","BENA",71,30,12,0,13,0,0,0,0,0,0,NA,NA,NA,0,0,0,0,405.679111,"East","26B","Low Shrub","Low Shrub","Sandy Loam","Mesic",0,886.626587,308,9.946874,-149.350886,68.302265,1.05914141978134,2.88389387178706,"261-4-B-BENA_2010",8.62949864069621,-9.26753066542248,157.988626480103,149.2414727211,5.60000006357829,-11.4500001519918,1.33333331843217,9.93333339691162,6.49999994039536,0.741666683927178,47.4299990534782,307.969997406006,118.60000038147,2,"26B_2010",0.27
"1539","268-1-B-BENA",2010,0.063,0.310734929366567,25,1985,22,"268-1","BENA",63,26,6,0,12,0,0,0,0,0,0,NA,NA,NA,0,0,1,2,212.091228,"West","26B","Low Shrub","Low Shrub","Sandy Gravel","Mesic",0,818.738892,195,1.432166,-149.327109,68.400098,-0.464044662079454,0.628735473206359,"268-1-B-BENA_2010",9.66365750630697,-8.66059028295179,166,139.954864501953,5.60000006357829,-11.4500001519918,1.33333331843217,9.93333339691162,6.49999994039536,0.741666683927178,47.4299990534782,307.969997406006,118.60000038147,2,"26B_2010",0.27
"1540","268-1-C-BENA",2010,0.04,0.205334495838628,22,1988,22,"268-1","BENA",47,18,6,0,11,0,0,0,0,0,0,NA,NA,NA,0,0,1,2,212.091228,"West","26B","Low Shrub","Low Shrub","Sandy Gravel","Mesic",0,818.738892,195,1.432166,-149.327109,68.400098,-1.03089305992691,0.356688274283191,"268-1-C-BENA_2010",9.66365750630697,-8.66059028295179,166,139.954864501953,5.60000006357829,-11.4500001519918,1.33333331843217,9.93333339691162,6.49999994039536,0.741666683927178,47.4299990534782,307.969997406006,118.60000038147,2,"26B_2010",0.27
"1541","268-2-A-BENA",2010,0.3965,4.21400515102288,20,1990,22,"268-2","BENA",60,23,9,0,24,0,0,0,0,0,0,NA,NA,NA,0,0,0,4,184.615387,"West","26B","Low Shrub","Low Shrub","Sandy Gravel","Mesic",0,819.441162,203,1.359031,-149.326454,68.400307,1.87689809934572,6.53320803681355,"268-2-A-BENA_2010",9.66365750630697,-8.66059028295179,166,139.954864501953,5.60000006357829,-11.4500001519918,1.33333331843217,9.93333339691162,6.49999994039536,0.741666683927178,47.4299990534782,307.969997406006,118.60000038147,2,"26B_2010",0.27
"1542","268-3-C-BENA",2010,0.14125,1.35288269762175,7,2003,22,"268-3","BENA",50,27,5,0,11,0,0,0,0,0,0,NA,NA,NA,0,0,0,0,206.549982,"West","26B","Low Shrub","Low Shrub","Sandy Gravel","Mesic",0,819.661011,150,1.610195,-149.326989,68.400547,-0.512071104990563,0.599253176439159,"268-3-C-BENA_2010",9.66365750630697,-8.66059028295179,166,139.954864501953,5.60000006357829,-11.4500001519918,1.33333331843217,9.93333339691162,6.49999994039536,0.741666683927178,47.4299990534782,307.969997406006,118.60000038147,2,"26B_2010",0.27
"1543","268-4-C-BENA",2010,0.0785,0.491010511403837,31,1979,22,"268-4","BENA",58,32,8,0,18,0,0,0,0,0,0,NA,NA,NA,0,0,0,5,171.881056,"West","26B","Dwarf Shrub-Lichen","Low Shrub","Sandy Gravel","Mesic",0,820.486511,188,1.085947,-149.326166,68.400831,0.25018136482704,1.28425831485448,"268-4-C-BENA_2010",9.66365750630697,-8.66059028295179,166,139.954864501953,5.60000006357829,-11.4500001519918,1.33333331843217,9.93333339691162,6.49999994039536,0.741666683927178,47.4299990534782,307.969997406006,118.60000038147,2,"26B_2010",0.27
"1544","268-4-D-BENA",2010,0.05525,0.220220736278123,22,1988,22,"268-4","BENA",57,23,7,0,15,0,0,0,0,0,0,NA,NA,NA,0,0,0,5,171.881056,"West","26B","Dwarf Shrub-Lichen","Low Shrub","Sandy Gravel","Mesic",0,820.486511,188,1.085947,-149.326166,68.400831,-0.960903006272831,0.382547287359597,"268-4-D-BENA_2010",9.66365750630697,-8.66059028295179,166,139.954864501953,5.60000006357829,-11.4500001519918,1.33333331843217,9.93333339691162,6.49999994039536,0.741666683927178,47.4299990534782,307.969997406006,118.60000038147,2,"26B_2010",0.27
"1545","282-1-B-BENA",2010,0.0293333333333333,0.141916196318499,21,1989,23,"282-1","BENA",41,18,8,0,9,0,0,0,0,0,0,NA,NA,NA,0,0,0,0,577.316923,"West","26B","Tussock Tundra (Low shrub or Herbaceous)","Tussock Tundra","Clay Loam","Mesic",0,826.622314,26,2.82316,-149.530032,68.582817,-1.45581081224866,0.233211196727153,"282-1-B-BENA_2010",10.1333332061768,-8.35833347340425,155,143,9.96666717529297,-8.0583334962527,5.53333346048991,14.4666668574015,33.6000006198883,1.0083333576719,77.5299979448318,269.419998884201,97.5000009536743,2,"26B_2010",0.27
"1546","282-1-D-BENA",2010,0.1595,2.12309302768496,20,1990,23,"282-1","BENA",74,20,11,0,15,0,0,0,0,0,0,NA,NA,NA,0,0,0,0,577.316923,"West","26B","Tussock Tundra (Low shrub or Herbaceous)","Tussock Tundra","Clay Loam","Mesic",0,826.622314,26,2.82316,-149.530032,68.582817,1.19135856234157,3.29154994696847,"282-1-D-BENA_2010",10.1333332061768,-8.35833347340425,155,143,9.96666717529297,-8.0583334962527,5.53333346048991,14.4666668574015,33.6000006198883,1.0083333576719,77.5299979448318,269.419998884201,97.5000009536743,2,"26B_2010",0.27
"1547","282-2-A-BENA",2010,0.06325,0.131195461757941,23,1987,23,"282-2","BENA",44,16,6,0,7,0,0,0,0,0,0,NA,NA,NA,0,0,0,0,604.079816,"West","26B","Low Shrub","Low Shrub-Tussock Tundra","Clay Loam","Mesic",0,826.41803,354,3.355184,-149.530916,68.583004,-1.42579910445605,0.240316348593721,"282-2-A-BENA_2010",10.1333332061768,-8.35833347340425,155,143,9.96666717529297,-8.0583334962527,5.53333346048991,14.4666668574015,33.6000006198883,1.0083333576719,77.5299979448318,269.419998884201,97.5000009536743,2,"26B_2010",0.27
"1548","282-2-B-BENA",2010,0.03275,0.141341235232709,19,1991,23,"282-2","BENA",27,18,6,0,5,0,0,0,0,0,0,NA,NA,NA,0,0,0,0,604.079816,"West","26B","Low Shrub","Low Shrub-Tussock Tundra","Clay Loam","Mesic",0,826.41803,354,3.355184,-149.530916,68.583004,-1.57930391325483,0.206118524653413,"282-2-B-BENA_2010",10.1333332061768,-8.35833347340425,155,143,9.96666717529297,-8.0583334962527,5.53333346048991,14.4666668574015,33.6000006198883,1.0083333576719,77.5299979448318,269.419998884201,97.5000009536743,2,"26B_2010",0.27
"1549","282-3-B-BENA",2010,0.0465,0.208388909296082,16,1994,23,"282-3","BENA",31,18,7,0,8,0,0,0,0,0,0,NA,NA,NA,0,0,0,0,571.732475,"West","26B","Low Shrub","Low Shrub-Tussock Tundra","Clay Loam","Mesic",0,823.876221,27,3.830761,-149.53038,68.583298,-1.39615045095958,0.247548080557996,"282-3-B-BENA_2010",10.1333332061768,-8.35833347340425,155,143,9.96666717529297,-8.0583334962527,5.53333346048991,14.4666668574015,33.6000006198883,1.0083333576719,77.5299979448318,269.419998884201,97.5000009536743,2,"26B_2010",0.27
"1550","282-3-D-BENA",2010,0.17925,2.18621331823227,13,1997,23,"282-3","BENA",82,20,10,0,18,0,0,0,0,0,0,NA,NA,NA,0,0,0,0,571.732475,"West","26B","Low Shrub","Low Shrub-Tussock Tundra","Clay Loam","Mesic",0,823.876221,27,3.830761,-149.53038,68.583298,0.706585628015571,2.02705829846449,"282-3-D-BENA_2010",10.1333332061768,-8.35833347340425,155,143,9.96666717529297,-8.0583334962527,5.53333346048991,14.4666668574015,33.6000006198883,1.0083333576719,77.5299979448318,269.419998884201,97.5000009536743,2,"26B_2010",0.27
"1551","282-4-A-BENA",2010,0.03975,0.333893375962044,22,1988,23,"282-4","BENA",52,15,7,0,6,0,0,0,0,0,0,NA,NA,NA,0,0,0,0,597.547448,"West","26B","Tussock Tundra (Low shrub or Herbaceous)","Low Shrub-Tussock Tundra","Clay Loam","Mesic",0,823.620117,358,4.137664,-149.531178,68.583423,-0.544711687963835,0.580008982806706,"282-4-A-BENA_2010",10.1333332061768,-8.35833347340425,155,143,9.96666717529297,-8.0583334962527,5.53333346048991,14.4666668574015,33.6000006198883,1.0083333576719,77.5299979448318,269.419998884201,97.5000009536743,2,"26B_2010",0.27
"1552","282-4-C-BENA",2010,0.15075,1.57884763971743,10,2000,23,"282-4","BENA",38,12,6,0,9,0,0,0,0,0,0,NA,NA,NA,0,0,0,0,597.547448,"West","26B","Tussock Tundra (Low shrub or Herbaceous)","Low Shrub-Tussock Tundra","Clay Loam","Mesic",0,823.620117,358,4.137664,-149.531178,68.583423,0.068020481709953,1.07038723161508,"282-4-C-BENA_2010",10.1333332061768,-8.35833347340425,155,143,9.96666717529297,-8.0583334962527,5.53333346048991,14.4666668574015,33.6000006198883,1.0083333576719,77.5299979448318,269.419998884201,97.5000009536743,2,"26B_2010",0.27
"1553","60-1-A-BENA",2010,0.088,1.7393490558453,6,2004,1,"60-1","BENA",121,NA,11,3,23,0,2,0,0,0.086956522,0,NA,"Hare",NA,1,0,1,0,1438.56091,"West","20F","Low Shrub","Low Shrub-Tussock Tundra","Silt Loam","Mesic",0,110.943649,215,1.507567,-149.840126,65.909691,-0.444751778794558,0.640983361950024,"60-1-A-BENA_2010",14.7243061065674,-5.14317125082016,96.3159484863281,85.1805419921875,13.9333333969116,-3.2083335618178,9.03333346048991,18.8333339691162,69.099999666214,1.08333336065213,91.3599984645844,236.309997022152,151.600002288818,2,"20F_2010",0.375
"1554","60-1-B-BENA",2010,0.701,14.7319945233884,6,2004,1,"60-1","BENA",129,NA,14,0,32,0,4,0,0,0.125,0,NA,"Hare",NA,1,0,1,0,1438.56091,"West","20F","Low Shrub","Low Shrub-Tussock Tundra","Silt Loam","Mesic",0,110.943649,215,1.507567,-149.840126,65.909691,1.69175891064347,5.42902147564722,"60-1-B-BENA_2010",14.7243061065674,-5.14317125082016,96.3159484863281,85.1805419921875,13.9333333969116,-3.2083335618178,9.03333346048991,18.8333339691162,69.099999666214,1.08333336065213,91.3599984645844,236.309997022152,151.600002288818,2,"20F_2010",0.375
"1555","60-2-A-BENA",2010,0.1095,0.787254059257555,9,2001,1,"60-2","BENA",89,NA,9,0,10,0,0,0,0,0,0,NA,NA,NA,0,0,2,0,1432.670461,"West","20F","Low Shrub","Low Shrub","Silt Loam","Mesic",0,110.927505,264,1.953402,-149.84073,65.909949,-0.753609795285536,0.470664480101036,"60-2-A-BENA_2010",14.7243061065674,-5.14317125082016,96.3159484863281,85.1805419921875,13.9333333969116,-3.2083335618178,9.03333346048991,18.8333339691162,69.099999666214,1.08333336065213,91.3599984645844,236.309997022152,151.600002288818,2,"20F_2010",0.375
"1556","60-2-D-BENA",2010,0.1825,1.36139739546068,9,2001,1,"60-2","BENA",102,NA,7,0,18,0,0,0,0,0,0,NA,NA,NA,0,0,2,0,1432.670461,"West","20F","Low Shrub","Low Shrub","Silt Loam","Mesic",0,110.927505,264,1.953402,-149.84073,65.909949,-0.205893863624065,0.813919458160302,"60-2-D-BENA_2010",14.7243061065674,-5.14317125082016,96.3159484863281,85.1805419921875,13.9333333969116,-3.2083335618178,9.03333346048991,18.8333339691162,69.099999666214,1.08333336065213,91.3599984645844,236.309997022152,151.600002288818,2,"20F_2010",0.375
"1557","60-3-D-BENA",2010,0.286,2.28083082402538,6,2004,1,"60-3","BENA",101,NA,8,0,12,0,0,0,0,0,0,NA,NA,NA,0,0,3,0,1403.187226,"West","20F","Low Shrub","Black Spruce Woodland","Silt Loam","Mesic",0,111.24585,78,1.323723,-149.840194,65.910114,-0.173722943097487,0.840529739967883,"60-3-D-BENA_2010",14.7243061065674,-5.14317125082016,96.3159484863281,85.1805419921875,13.9333333969116,-3.2083335618178,9.03333346048991,18.8333339691162,69.099999666214,1.08333336065213,91.3599984645844,236.309997022152,151.600002288818,2,"20F_2010",0.375
"1558","60-4-A-BENA",2010,0.14525,1.10850645177972,11,1999,1,"60-4","BENA",92,NA,7,13,13,0,0,0,0,0,0,NA,NA,NA,0,0,1,0,1406.241796,"West","20F","Tall Shrub (Open-Closed)","Black Spruce Woodland","Silt Loam","Mesic",0,110.670654,252,1.181915,-149.840942,65.910317,-0.171923865892898,0.842043278941334,"60-4-A-BENA_2010",14.7243061065674,-5.14317125082016,96.3159484863281,85.1805419921875,13.9333333969116,-3.2083335618178,9.03333346048991,18.8333339691162,69.099999666214,1.08333336065213,91.3599984645844,236.309997022152,151.600002288818,2,"20F_2010",0.375
"1559","60-4-B-BENA",2010,0.06375,0.384681148198142,20,1990,1,"60-4","BENA",95,NA,9,0,9,0,2,0,0,0.222222222,0,NA,"Hare",NA,1,0,1,0,1406.241796,"West","20F","Tall Shrub (Open-Closed)","Black Spruce Woodland","Silt Loam","Mesic",0,110.670654,252,1.181915,-149.840942,65.910317,-0.51685591272361,0.596392714045147,"60-4-B-BENA_2010",14.7243061065674,-5.14317125082016,96.3159484863281,85.1805419921875,13.9333333969116,-3.2083335618178,9.03333346048991,18.8333339691162,69.099999666214,1.08333336065213,91.3599984645844,236.309997022152,151.600002288818,2,"20F_2010",0.375
"1560","72-1-C-BENA",2010,0.04625,0.20316385166454,42,1968,2,"72-1","BENA",118,71,9,0,11,0,2,0,0,0.181818182,0,NA,"Hare",NA,1,0,0,0,895.937772,"West","20F","Tussock Tundra (Low shrub or Herbaceous)","Black Spruce Woodland","Clay Loam","Mesic",0,130.808105,148,1.606934,-150.14017,66.022623,-0.269875405450756,0.763474613186375,"72-1-C-BENA_2010",14.9355351130168,-4.93803129593531,90.2656402587891,82.2024269104004,12.4000002543132,-4.99166669448217,7.53333330154419,17.3000005086263,55.3000011444092,1.14166668305794,92.6899985074997,249.579996943474,149.100002288818,2,"20F_2010",0.375
"1561","72-1-D-BENA",2010,0.08375,0.46905647289193,54,1956,2,"72-1","BENA",65,41,8,7,4,0,0,0,0,0,0,NA,NA,NA,0,0,0,0,895.937772,"West","20F","Tussock Tundra (Low shrub or Herbaceous)","Black Spruce Woodland","Clay Loam","Mesic",0,130.808105,148,1.606934,-150.14017,66.022623,0.866738182414157,2.37913786964586,"72-1-D-BENA_2010",14.9355351130168,-4.93803129593531,90.2656402587891,82.2024269104004,12.4000002543132,-4.99166669448217,7.53333330154419,17.3000005086263,55.3000011444092,1.14166668305794,92.6899985074997,249.579996943474,149.100002288818,2,"20F_2010",0.375
"1562","72-2-A-BENA",2010,0.09975,0.5320304830313,41,1969,2,"72-2","BENA",121,72,12,21,14,0,0,0,0,0,0,NA,NA,NA,0,0,0,0,855.94066,"West","20F","Tussock Tundra (Low shrub or Herbaceous)","Black Spruce Woodland","Clay Loam","Mesic",0,131.055786,179,2.125059,-150.13956,66.022889,0.664056037046494,1.94265586038347,"72-2-A-BENA_2010",14.9355351130168,-4.93803129593531,90.2656402587891,82.2024269104004,12.4000002543132,-4.99166669448217,7.53333330154419,17.3000005086263,55.3000011444092,1.14166668305794,92.6899985074997,249.579996943474,149.100002288818,2,"20F_2010",0.375
"1563","72-2-B-BENA",2010,0.1605,1.23232741748244,11,1999,2,"72-2","BENA",104,67,9,0,5,0,1,0,0,0.2,0,NA,"Hare",NA,1,0,0,0,855.94066,"West","20F","Tussock Tundra (Low shrub or Herbaceous)","Black Spruce Woodland","Clay Loam","Mesic",0,131.055786,179,2.125059,-150.13956,66.022889,-0.0660328454829103,0.936100117126269,"72-2-B-BENA_2010",14.9355351130168,-4.93803129593531,90.2656402587891,82.2024269104004,12.4000002543132,-4.99166669448217,7.53333330154419,17.3000005086263,55.3000011444092,1.14166668305794,92.6899985074997,249.579996943474,149.100002288818,2,"20F_2010",0.375
"1564","72-3-C-BENA",2010,0.25775,3.06104045080588,8,2002,2,"72-3","BENA",65,39,9,0,4,0,0,0,0,0,0,NA,NA,NA,0,0,1,0,885.368743,"West","20F","Tussock Tundra (Low shrub or Herbaceous)","Black Spruce Woodland","Clay Loam","Mesic",0,132.401993,119,2.284806,-150.140609,66.023021,0.46379429379973,1.59009584422107,"72-3-C-BENA_2010",14.9355351130168,-4.93803129593531,90.2656402587891,82.2024269104004,12.4000002543132,-4.99166669448217,7.53333330154419,17.3000005086263,55.3000011444092,1.14166668305794,92.6899985074997,249.579996943474,149.100002288818,2,"20F_2010",0.375
"1565","72-3-D-BENA",2010,0.04625,0.149621295370326,54,1956,2,"72-3","BENA",104,47,11,0,9,0,0,0,0,0,0,NA,NA,NA,0,0,1,0,885.368743,"West","20F","Tussock Tundra (Low shrub or Herbaceous)","Black Spruce Woodland","Clay Loam","Mesic",0,132.401993,119,2.284806,-150.140609,66.023021,-0.275877585924817,0.758905825830114,"72-3-D-BENA_2010",14.9355351130168,-4.93803129593531,90.2656402587891,82.2024269104004,12.4000002543132,-4.99166669448217,7.53333330154419,17.3000005086263,55.3000011444092,1.14166668305794,92.6899985074997,249.579996943474,149.100002288818,2,"20F_2010",0.375
"1566","72-4-A-BENA",2010,0.08575,0.422338633938558,12,1998,2,"72-4","BENA",97,39,7,0,8,0,0,0,0,0,0,NA,NA,NA,0,0,0,0,844.255779,"West","20F","Tussock Tundra (Low shrub or Herbaceous)","Low Shrub-Tussock Tundra","Clay Loam","Mesic",0,132.260803,156,1.029158,-150.139994,66.023305,-1.03305123395194,0.355919308993528,"72-4-A-BENA_2010",14.9355351130168,-4.93803129593531,90.2656402587891,82.2024269104004,12.4000002543132,-4.99166669448217,7.53333330154419,17.3000005086263,55.3000011444092,1.14166668305794,92.6899985074997,249.579996943474,149.100002288818,2,"20F_2010",0.375
"1567","72-4-D-BENA",2010,0.0325,0.0919936868787424,13,1997,2,"72-4","BENA",85,37,8,0,12,0,0,0,0,0,0,NA,NA,NA,0,0,0,0,844.255779,"West","20F","Tussock Tundra (Low shrub or Herbaceous)","Low Shrub-Tussock Tundra","Clay Loam","Mesic",0,132.260803,156,1.029158,-150.139994,66.023305,-2.46162066596944,0.0852966015890346,"72-4-D-BENA_2010",14.9355351130168,-4.93803129593531,90.2656402587891,82.2024269104004,12.4000002543132,-4.99166669448217,7.53333330154419,17.3000005086263,55.3000011444092,1.14166668305794,92.6899985074997,249.579996943474,149.100002288818,2,"20F_2010",0.375
"1568","86-1-A-BENA",2010,0.55675,14.5396789838558,6,2004,3,"86-1","BENA",142,NA,20,0,87,1,0,0,0.011494253,0,0,"Moose",NA,NA,1,1,0,0,1072.088921,"West","20F","Tall Shrub (Open-Closed)","Tall Shrub","Gravely Sand Loam","Mesic - Xeric",0,572.239319,57,8.372539,-150.2773,66.212913,1.67861867753252,5.35814952463166,"86-1-A-BENA_2010",12.8333330154419,-5.64166667064031,187,189,12.4000002543132,-4.99166669448217,7.53333330154419,17.3000005086263,55.3000011444092,1.14166668305794,92.6899985074997,249.579996943474,149.100002288818,2,"20F_2010",0.375
"1569","86-2-A-BENA",2010,0.256666666666667,8.75418766657105,6,2004,3,"86-2","BENA",118,NA,20,0,82,0,0,0,0,0,0,NA,NA,NA,0,0,0,0,1091.215231,"West","20F","Low Shrub","Tall Shrub","Gravely Sand Loam","Mesic - Xeric",0,576.231995,67,9.004415,-150.278061,66.212989,1.17126946015698,3.22608542707555,"86-2-A-BENA_2010",12.8333330154419,-5.64166667064031,187,189,12.4000002543132,-4.99166669448217,7.53333330154419,17.3000005086263,55.3000011444092,1.14166668305794,92.6899985074997,249.579996943474,149.100002288818,2,"20F_2010",0.375
"1570","86-2-B-BENA",2010,0.4255,11.1625114525926,6,2004,3,"86-2","BENA",94,NA,18,3,35,0,0,0,0,0,0,NA,NA,NA,0,0,0,0,1091.215231,"West","20F","Low Shrub","Tall Shrub","Gravely Sand Loam","Mesic - Xeric",0,576.231995,67,9.004415,-150.278061,66.212989,1.41429825600031,4.11359875962977,"86-2-B-BENA_2010",12.8333330154419,-5.64166667064031,187,189,12.4000002543132,-4.99166669448217,7.53333330154419,17.3000005086263,55.3000011444092,1.14166668305794,92.6899985074997,249.579996943474,149.100002288818,2,"20F_2010",0.375
"1571","86-3-A-BENA",2010,0.20275,5.65443461112222,6,2004,3,"86-3","BENA",105,NA,18,0,64,0,0,0,0,0,0,NA,NA,NA,0,0,0,1,1057.338847,"West","20F","Tall Shrub (Open-Closed)","Tall Shrub","Gravely Sand Loam","Mesic - Xeric",0,571.701965,63,9.459789,-150.277761,66.213303,0.73417740803006,2.08376719714968,"86-3-A-BENA_2010",12.8333330154419,-5.64166667064031,187,189,12.4000002543132,-4.99166669448217,7.53333330154419,17.3000005086263,55.3000011444092,1.14166668305794,92.6899985074997,249.579996943474,149.100002288818,2,"20F_2010",0.375
"1572","86-3-D-BENA",2010,0.47775,13.7793499444359,6,2004,3,"86-3","BENA",167,NA,18,0,12,0,0,0,0,0,0,NA,NA,NA,0,0,0,1,1057.338847,"West","20F","Tall Shrub (Open-Closed)","Tall Shrub","Gravely Sand Loam","Mesic - Xeric",0,571.701965,63,9.459789,-150.277761,66.213303,1.62490837443933,5.07795374550509,"86-3-D-BENA_2010",12.8333330154419,-5.64166667064031,187,189,12.4000002543132,-4.99166669448217,7.53333330154419,17.3000005086263,55.3000011444092,1.14166668305794,92.6899985074997,249.579996943474,149.100002288818,2,"20F_2010",0.375
"1573","86-4-C-BENA",2010,0.5775,25.6202103798034,6,2004,3,"86-4","BENA",133,NA,26,0,52,0,0,0,0,0,0,NA,NA,NA,0,2,0,0,1074.730943,"West","20F","Low Shrub","Tall Shrub","Gravely Sand Loam","Mesic - Xeric",0,575.689697,64,9.57597,-150.278532,66.213405,2.24511879179076,9.44153706694161,"86-4-C-BENA_2010",12.8333330154419,-5.64166667064031,187,189,12.4000002543132,-4.99166669448217,7.53333330154419,17.3000005086263,55.3000011444092,1.14166668305794,92.6899985074997,249.579996943474,149.100002288818,2,"20F_2010",0.375
"1574","97-1-D-BENA",2010,0.479,8.45559976872958,6,2004,4,"97-1","BENA",121,53,14,0,19,0,0,0,0,0,0,NA,NA,NA,0,0,0,0,926.812684,"East","24A","Tussock Tundra (Low shrub or Herbaceous)","Low Shrub","Gravely Sand Loam","Mesic",2004,556.594971,67,6.396444,-150.432109,66.348765,1.13656620021832,3.11605008140827,"97-1-D-BENA_2010",12.5045137405396,-5.66328146060308,187.684051513672,199.548645019531,12.4000002543132,-4.99166669448217,7.53333330154419,17.3000005086263,55.3000011444092,1.14166668305794,92.6899985074997,249.579996943474,149.100002288818,2,"24A_2010",0.83
"1575","97-3-D-BENA",2010,0.1105,0.904141726323345,15,1995,4,"97-3","BENA",75,49,7,21,13,0,0,0,0,0,0,NA,NA,NA,0,0,0,0,924.995234,"East","24A","Tussock Tundra (Low shrub or Herbaceous)","Tall Shrub","Gravely Sand Loam","Mesic",2004,557.015015,71,7.919354,-150.432427,66.349149,-0.00558672758151069,0.994428849159854,"97-3-D-BENA_2010",12.5045137405396,-5.66328146060308,187.684051513672,199.548645019531,12.4000002543132,-4.99166669448217,7.53333330154419,17.3000005086263,55.3000011444092,1.14166668305794,92.6899985074997,249.579996943474,149.100002288818,2,"24A_2010",0.83
"1576","97-4-D-BENA",2010,0.1815,2.53624544835489,6,2004,4,"97-4","BENA",98,54,13,0,12,0,0,0,0,0,0,NA,NA,NA,0,0,0,0,898.750829,"East","24A","Tussock Tundra (Low shrub or Herbaceous)","Low Shrub","Gravely Sand Loam","Mesic",2004,558.840271,63,3.962788,-150.433152,66.349294,-0.0675778986694638,0.934654909406266,"97-4-D-BENA_2010",12.5045137405396,-5.66328146060308,187.684051513672,199.548645019531,12.4000002543132,-4.99166669448217,7.53333330154419,17.3000005086263,55.3000011444092,1.14166668305794,92.6899985074997,249.579996943474,149.100002288818,2,"24A_2010",0.83
"1577","102-1-B-BENA",2009,0.3305,4.0799855938189,6,2003,5,"102-1","BENA",81,NA,11,0,18,0,0,2,0,0,0.111111111,NA,NA,"Ptarmagin",1,0,0,0,978.645101,"West","24A","Low Shrub","Low Shrub","Sandy Loam","Mesic",2004,428.203827,339,4.033863,-150.565499,66.400721,0.407830741293181,1.50355265025441,"102-1-B-BENA_2009",13.233333269755,-5.87499996026357,172,137,13.2333335876465,-5.18333347638448,8.03333346048991,18.5000003178914,75.800000667572,1.08333335258067,82.6099972724915,244.729996919632,137.200002670288,2,"24A_2009",0.85
"1578","102-2-B-BENA",2009,0.6885,12.8816663508606,6,2003,5,"102-2","BENA",63,NA,11,0,9,0,0,0,0,0,0,NA,NA,NA,0,0,0,1,973.266715,"West","24A","Tall Shrub (Open-Closed)","Low Shrub","Sandy Loam","Mesic",2004,426.001434,321,4.435797,-150.566012,66.400957,1.55754237118488,4.74714018864969,"102-2-B-BENA_2009",13.233333269755,-5.87499996026357,172,137,13.2333335876465,-5.18333347638448,8.03333346048991,18.5000003178914,75.800000667572,1.08333335258067,82.6099972724915,244.729996919632,137.200002670288,2,"24A_2009",0.85
"1579","102-3-B-BENA",2009,0.294,3.3236762221992,29,1980,5,"102-3","BENA",72,NA,16,0,12,0,0,0,0,0,0,NA,NA,NA,0,0,0,0,939.238254,"West","24A","Tussock Tundra (Low shrub or Herbaceous)","Low Shrub","Sandy Loam","Mesic",2004,424.339783,330,3.896938,-150.565669,66.401242,2.08295717962496,8.02817460038892,"102-3-B-BENA_2009",13.233333269755,-5.87499996026357,172,137,13.2333335876465,-5.18333347638448,8.03333346048991,18.5000003178914,75.800000667572,1.08333335258067,82.6099972724915,244.729996919632,137.200002670288,2,"24A_2009",0.85
"1580","111-1-A-BENA",2009,0.11,0.748861440836195,21,1988,6,"111-1","BENA",45,37,7,0,7,0,0,0,0,0,0,NA,NA,NA,0,0,0,0,640.914524,"West","24A","Tall Shrub (Open-Closed)","Low Shrub","Gravely Sand Loam","Mesic",0,512.854736,12,8.158982,-150.736683,66.498494,0.207506445334205,1.23060564847921,"111-1-A-BENA_2009",13.1771841049194,-5.91713130474091,195.603293895721,134.654137611389,13.2333335876465,-5.18333347638448,8.03333346048991,18.5000003178914,75.800000667572,1.08333335258067,82.6099972724915,244.729996919632,137.200002670288,2,"24A_2009",0.85
"1581","111-1-B-BENA",2009,0.10075,0.70052784151118,13,1996,6,"111-1","BENA",89,51,9,0,12,0,0,0,0,0,0,NA,NA,NA,0,0,0,0,640.914524,"West","24A","Tall Shrub (Open-Closed)","Low Shrub","Gravely Sand Loam","Mesic",0,512.854736,12,8.158982,-150.736683,66.498494,-0.431506509595507,0.649529834347936,"111-1-B-BENA_2009",13.1771841049194,-5.91713130474091,195.603293895721,134.654137611389,13.2333335876465,-5.18333347638448,8.03333346048991,18.5000003178914,75.800000667572,1.08333335258067,82.6099972724915,244.729996919632,137.200002670288,2,"24A_2009",0.85
"1582","111-2-A-BENA",2009,0.16025,1.36595918434324,9,2000,6,"111-2","BENA",70,39,11,0,13,0,0,0,0,0,0,NA,NA,NA,0,0,0,0,685.564701,"West","24A","Tall Shrub (Open-Closed)","Low Shrub","Gravely Sand Loam","Mesic",0,516.430603,8,6.353059,-150.737535,66.498284,-0.202548651508884,0.816646750534968,"111-2-A-BENA_2009",13.1708806355794,-5.92025927702586,196.063209533691,135.06321144104,13.2333335876465,-5.18333347638448,8.03333346048991,18.5000003178914,75.800000667572,1.08333335258067,82.6099972724915,244.729996919632,137.200002670288,2,"24A_2009",0.85
"1583","111-2-D-BENA",2009,0.186,1.46814478683885,13,1996,6,"111-2","BENA",75,31,6,0,7,0,0,0,0,0,0,NA,NA,NA,0,0,0,0,685.564701,"West","24A","Tall Shrub (Open-Closed)","Low Shrub","Gravely Sand Loam","Mesic",0,516.430603,8,6.353059,-150.737535,66.498284,0.308414213167074,1.36126472594881,"111-2-D-BENA_2009",13.1708806355794,-5.92025927702586,196.063209533691,135.06321144104,13.2333335876465,-5.18333347638448,8.03333346048991,18.5000003178914,75.800000667572,1.08333335258067,82.6099972724915,244.729996919632,137.200002670288,2,"24A_2009",0.85
"1584","111-3-A-BENA",2009,0.0625,0.470257150334222,22,1987,6,"111-3","BENA",108,46,7,0,11,0,0,0,0,0,0,NA,NA,NA,0,0,0,0,664.632709,"West","24A","Tall Shrub (Open-Closed)","Low Shrub","Gravely Sand Loam","Mesic",0,511.257965,359,9.703425,-150.737553,66.498636,-0.20225372287342,0.816887638567402,"111-3-A-BENA_2009",13.1771841049194,-5.91713130474091,195.603293895721,134.654137611389,13.2333335876465,-5.18333347638448,8.03333346048991,18.5000003178914,75.800000667572,1.08333335258067,82.6099972724915,244.729996919632,137.200002670288,2,"24A_2009",0.85
"1585","111-3-D-BENA",2009,0.35475,5.36482807044829,12,1997,6,"111-3","BENA",95,38,7,3,16,0,0,0,0,0,0,NA,NA,NA,0,0,0,0,664.632709,"West","24A","Tall Shrub (Open-Closed)","Low Shrub","Gravely Sand Loam","Mesic",0,511.257965,359,9.703425,-150.737553,66.498636,1.50876093174816,4.52112533939016,"111-3-D-BENA_2009",13.1771841049194,-5.91713130474091,195.603293895721,134.654137611389,13.2333335876465,-5.18333347638448,8.03333346048991,18.5000003178914,75.800000667572,1.08333335258067,82.6099972724915,244.729996919632,137.200002670288,2,"24A_2009",0.85
"1586","111-4-A-BENA",2009,0.24425,3.4182811616217,11,1998,6,"111-4","BENA",112,61,10,0,19,0,0,0,0,0,0,NA,NA,NA,0,0,0,0,707.594422,"West","24A","Tall Shrub (Open-Closed)","Low Shrub","Gravely Sand Loam","Mesic",0,515.006653,353,8.170983,-150.73833,66.498407,0.954200404185951,2.59659352731247,"111-4-A-BENA_2009",13.1708806355794,-5.92025927702586,196.063209533691,135.06321144104,13.2333335876465,-5.18333347638448,8.03333346048991,18.5000003178914,75.800000667572,1.08333335258067,82.6099972724915,244.729996919632,137.200002670288,2,"24A_2009",0.85
"1587","111-4-C-BENA",2009,0.0506666666666667,0.236638738462477,17,1992,6,"111-4","BENA",51,30,7,0,13,0,0,0,0,0,0,NA,NA,NA,0,0,0,0,707.594422,"West","24A","Tall Shrub (Open-Closed)","Low Shrub","Gravely Sand Loam","Mesic",0,515.006653,353,8.170983,-150.73833,66.498407,-1.19667616897008,0.302196996199334,"111-4-C-BENA_2009",13.1708806355794,-5.92025927702586,196.063209533691,135.06321144104,13.2333335876465,-5.18333347638448,8.03333346048991,18.5000003178914,75.800000667572,1.08333335258067,82.6099972724915,244.729996919632,137.200002670288,2,"24A_2009",0.85
"1588","121-1-C-BENA",2009,0.031,0.327520458914698,37,1972,7,"121-1","BENA",60,36,11,0,11,0,0,0,0,0,0,NA,NA,NA,0,0,0,0,1394.51987,"East","24A","Tall Shrub (Open-Closed)","Low Shrub","Clay Loam","Mesic",2005,466.470276,61,7.209129,-150.675843,66.599029,0.056404604154187,1.05802567873135,"121-1-C-BENA_2009",13.733333269755,-5.64166673024495,188,118,13.3666671117147,-5.45833333333333,8.20000028610229,18.6000000635783,78.2000026702881,1.15833333941797,85.8499984741211,244.189997196198,134.000005722046,2,"24A_2009",0.85
"1589","121-1-D-BENA",2009,0.59125,6.50624133082757,25,1984,7,"121-1","BENA",73,42,19,0,25,0,0,0,0,0,0,NA,NA,NA,0,0,0,0,1394.51987,"East","24A","Tall Shrub (Open-Closed)","Low Shrub","Clay Loam","Mesic",2005,466.470276,61,7.209129,-150.675843,66.599029,2.57753230624414,13.1646118132633,"121-1-D-BENA_2009",13.733333269755,-5.64166673024495,188,118,13.3666671117147,-5.45833333333333,8.20000028610229,18.6000000635783,78.2000026702881,1.15833333941797,85.8499984741211,244.189997196198,134.000005722046,2,"24A_2009",0.85
"1590","129-1-B-BENA",2009,0.75475,24.5392831845314,6,2003,8,"129-1","BENA",131,89,21,0,13,0,0,0,0,0,0,NA,NA,NA,0,0,0,0,982.902287,"East","24A","Tussock Tundra (Low shrub or Herbaceous)","Low Shrub","Sandy Loam","Mesic - Hydric",2005,301.875214,348,5.919549,-150.647865,66.709988,2.20201251258193,9.04319474150657,"129-1-B-BENA_2009",13.9999996821086,-5.55000007152557,183,106,13.3666671117147,-5.45833333333333,8.20000028610229,18.6000000635783,78.2000026702881,1.15833333941797,85.8499984741211,244.189997196198,134.000005722046,2,"24A_2009",0.85
"1591","129-3-A-BENA",2009,0.26525,3.47926693631043,57,1952,8,"129-3","BENA",51,35,12,0,6,0,0,0,0,0,0,NA,NA,NA,0,0,0,0,1022.673056,"East","24A","Tussock Tundra (Low shrub or Herbaceous)","Low Shrub-Tussock Tundra","Sandy Loam","Mesic - Hydric",2005,301.546051,352,6.265718,-150.646771,66.710061,2.93511241472457,18.8236190682044,"129-3-A-BENA_2009",13.9999996821086,-5.55000007152557,183,106,13.3666671117147,-5.45833333333333,8.20000028610229,18.6000000635783,78.2000026702881,1.15833333941797,85.8499984741211,244.189997196198,134.000005722046,2,"24A_2009",0.85
"1592","129-4-D-BENA",2009,0.596,12.9325923531734,48,1961,8,"129-4","BENA",87,41,18,0,9,0,0,0,0,0,0,NA,NA,NA,0,0,0,0,1057.255538,"East","24A","Tussock Tundra (Low shrub or Herbaceous)","Tall Shrub","Sandy Loam","Mesic - Hydric",2005,303.823029,358,6.979915,-150.646167,66.709845,4.04296590450056,56.9951344976331,"129-4-D-BENA_2009",13.9999996821086,-5.55000007152557,183,106,13.3666671117147,-5.45833333333333,8.20000028610229,18.6000000635783,78.2000026702881,1.15833333941797,85.8499984741211,244.189997196198,134.000005722046,2,"24A_2009",0.85
"1593","147-1-A-BENA",2009,0.14925,0.850904886264237,10,1999,9,"147-1","BENA",104,58,9,25,11,1,1,0,0.090909091,0.090909091,0,"Moose","Hare",NA,1,1,0,0,984.758365,"West","24A","Low Shrub","Tall Shrub","Clay Loam","Mesic - Hydric",0,426.634277,145,7.907337,-150.485282,66.911769,-0.550129680955904,0.576874995828684,"147-1-A-BENA_2009",13.5666666030884,-5.84166646003723,185.225677490234,110.090270996094,11.8333336512248,-6.66666680574417,6.80000003178914,16.9666668574015,56.2000012397766,1.1250000136594,80.5199995040894,256.759996384382,132.200004577637,2,"24A_2009",0.85
"1594","147-2-A-BENA",2009,0.03275,0.111195297527025,14,1995,9,"147-2","BENA",89,56,6,61,9,0,0,0,0,0,0,NA,NA,NA,0,2,1,0,986.173835,"West","24A","Low Shrub","Tall Shrub","Clay Loam","Mesic - Hydric",0,428.943481,147,8.698308,-150.484958,66.912025,-2.18361662003456,0.112633440773808,"147-2-A-BENA_2009",13.5666666030884,-5.84166646003723,185.225677490234,110.090270996094,11.8333336512248,-6.66666680574417,6.80000003178914,16.9666668574015,56.2000012397766,1.1250000136594,80.5199995040894,256.759996384382,132.200004577637,2,"24A_2009",0.85
"1595","147-3-A-BENA",2009,0.176,1.46302713240615,19,1990,9,"147-3","BENA",107,63,8,18,8,1,0,0,0.125,0,0,"Moose",NA,NA,1,2,1,0,952.272152,"West","24A","White Spruce or Black Spruce (Woodland)","Black Spruce Woodland","Clay Loam","Mesic - Hydric",0,425.583191,170,6.572863,-150.484233,66.911912,0.757781958659129,2.13353869140152,"147-3-A-BENA_2009",13.5666666030884,-5.84166646003723,185.225677490234,110.090270996094,11.8333336512248,-6.66666680574417,6.80000003178914,16.9666668574015,56.2000012397766,1.1250000136594,80.5199995040894,256.759996384382,132.200004577637,2,"24A_2009",0.85
"1596","147-3-C-BENA",2009,0.0675,0.345653731711216,15,1994,9,"147-3","BENA",136,53,12,30,29,2,1,0,0.068965517,0.034482759,0,"Moose","Hare",NA,1,2,1,0,952.272152,"West","24A","White Spruce or Black Spruce (Woodland)","Black Spruce Woodland","Clay Loam","Mesic - Hydric",0,425.583191,170,6.572863,-150.484233,66.911912,-0.967135354045274,0.380170533696249,"147-3-C-BENA_2009",13.5666666030884,-5.84166646003723,185.225677490234,110.090270996094,11.8333336512248,-6.66666680574417,6.80000003178914,16.9666668574015,56.2000012397766,1.1250000136594,80.5199995040894,256.759996384382,132.200004577637,2,"24A_2009",0.85
"1597","147-4-A-BENA",2009,0.257,1.61477862394515,9,2000,9,"147-4","BENA",65,33,9,8,10,0,0,0,0,0,0,NA,NA,NA,0,0,1,0,956.341518,"West","24A","Tall Shrub (Open-Closed)","Tall Shrub","Clay Loam","Mesic - Hydric",0,428.39856,129,7.52786,-150.483929,66.912191,-0.0352076601984859,0.965404919263511,"147-4-A-BENA_2009",13.5666666030884,-5.84166646003723,185.225677490234,110.090270996094,11.8333336512248,-6.66666680574417,6.80000003178914,16.9666668574015,56.2000012397766,1.1250000136594,80.5199995040894,256.759996384382,132.200004577637,2,"24A_2009",0.85
"1598","147-4-D-BENA",2009,0.05225,0.228617428043006,23,1986,9,"147-4","BENA",94,47,7,14,7,0,0,0,0,0,0,NA,NA,NA,0,0,1,0,956.341518,"West","24A","Tall Shrub (Open-Closed)","Tall Shrub","Clay Loam","Mesic - Hydric",0,428.39856,129,7.52786,-150.483929,66.912191,-0.870437403495071,0.418768338447176,"147-4-D-BENA_2009",13.5666666030884,-5.84166646003723,185.225677490234,110.090270996094,11.8333336512248,-6.66666680574417,6.80000003178914,16.9666668574015,56.2000012397766,1.1250000136594,80.5199995040894,256.759996384382,132.200004577637,2,"24A_2009",0.85
"1599","151-1-C-BENA",2009,0.194,2.63656278496931,11,1998,10,"151-1","BENA",118,82,11,0,4,0,0,0,0,0,0,NA,NA,NA,0,0,0,0,725.03173,"East","24A","White Spruce or Black Spruce (Open-Closed)","Low Shrub","Clay Loam","Mesic",0,471.29071,296,22.022722,-150.362735,66.958242,0.694538657231866,2.00278489044954,"151-1-C-BENA_2009",12.6649389266968,-6.67883523305257,192.431106567383,116,11.8333336512248,-6.66666680574417,6.80000003178914,16.9666668574015,56.2000012397766,1.1250000136594,80.5199995040894,256.759996384382,132.200004577637,2,"24A_2009",0.85
"1600","151-1-D-BENA",2009,0.08175,0.322251418986006,25,1984,10,"151-1","BENA",90,67,12,0,8,0,0,0,0,0,0,NA,NA,NA,0,0,0,0,725.03173,"East","24A","White Spruce or Black Spruce (Open-Closed)","Low Shrub","Clay Loam","Mesic",0,471.29071,296,22.022722,-150.362735,66.958242,-0.427652848500932,0.652037731389288,"151-1-D-BENA_2009",12.6649389266968,-6.67883523305257,192.431106567383,116,11.8333336512248,-6.66666680574417,6.80000003178914,16.9666668574015,56.2000012397766,1.1250000136594,80.5199995040894,256.759996384382,132.200004577637,2,"24A_2009",0.85
"1601","151-2-A-BENA",2009,0.39425,4.44492850807362,14,1995,10,"151-2","BENA",119,71,11,0,4,0,0,0,0,0,0,NA,NA,NA,0,1,0,0,737.726474,"East","24A","Low Shrub","Low Shrub","Clay Loam","Mesic",0,482.941345,297,25.566626,-150.361917,66.958285,1.50461435161485,4.50241694561086,"151-2-A-BENA_2009",12.6649389266968,-6.67883523305257,192.431106567383,116,11.8333336512248,-6.66666680574417,6.80000003178914,16.9666668574015,56.2000012397766,1.1250000136594,80.5199995040894,256.759996384382,132.200004577637,2,"24A_2009",0.85
"1602","151-2-B-BENA",2009,0.3935,2.72400351869484,14,1995,10,"151-2","BENA",142,91,14,0,17,0,0,0,0,0,0,NA,NA,NA,0,1,0,0,737.726474,"East","24A","Low Shrub","Low Shrub","Clay Loam","Mesic",0,482.941345,297,25.566626,-150.361917,66.958285,1.01495324647593,2.75923439042906,"151-2-B-BENA_2009",12.6649389266968,-6.67883523305257,192.431106567383,116,11.8333336512248,-6.66666680574417,6.80000003178914,16.9666668574015,56.2000012397766,1.1250000136594,80.5199995040894,256.759996384382,132.200004577637,2,"24A_2009",0.85
"1603","151-3-A-BENA",2009,0.35875,4.50395903403457,7,2002,10,"151-3","BENA",91,52,9,0,6,0,0,0,0,0,0,NA,NA,NA,0,0,0,0,698.113665,"East","24A","White Spruce or Black Spruce (Open-Closed)","Low Shrub","Clay Loam","Mesic",0,469.98999,301,21.5443,-150.36215,66.958641,0.690648042900641,1.99500796517073,"151-3-A-BENA_2009",12.6649389266968,-6.67883523305257,192.431106567383,116,11.8333336512248,-6.66666680574417,6.80000003178914,16.9666668574015,56.2000012397766,1.1250000136594,80.5199995040894,256.759996384382,132.200004577637,2,"24A_2009",0.85
"1604","151-3-C-BENA",2009,0.1075,0.779291692677032,23,1986,10,"151-3","BENA",86,51,13,0,9,0,0,0,0,0,0,NA,NA,NA,0,0,0,0,698.113665,"East","24A","White Spruce or Black Spruce (Open-Closed)","Low Shrub","Clay Loam","Mesic",0,469.98999,301,21.5443,-150.36215,66.958641,0.355898030703804,1.4274619835486,"151-3-C-BENA_2009",12.6649389266968,-6.67883523305257,192.431106567383,116,11.8333336512248,-6.66666680574417,6.80000003178914,16.9666668574015,56.2000012397766,1.1250000136594,80.5199995040894,256.759996384382,132.200004577637,2,"24A_2009",0.85
"1605","151-4-A-BENA",2009,0.098,0.713194939439996,23,1986,10,"151-4","BENA",65,36,9,0,8,0,0,0,0,0,0,NA,NA,NA,0,0,0,0,714.907956,"East","24A","Low Shrub","Low Shrub","Clay Loam","Mesic",0,485.466003,301,24.973797,-150.361301,66.958638,0.267267400286358,1.30638972861701,"151-4-A-BENA_2009",12.6649389266968,-6.67883523305257,192.431106567383,116,11.8333336512248,-6.66666680574417,6.80000003178914,16.9666668574015,56.2000012397766,1.1250000136594,80.5199995040894,256.759996384382,132.200004577637,2,"24A_2009",0.85
"1606","151-4-D-BENA",2009,0.1925,1.11426400936604,16,1993,10,"151-4","BENA",83,56,8,0,9,0,0,0,0,0,0,NA,NA,NA,0,0,0,0,714.907956,"East","24A","Low Shrub","Low Shrub","Clay Loam","Mesic",0,485.466003,301,24.973797,-150.361301,66.958638,0.280392843584887,1.32364969750628,"151-4-D-BENA_2009",12.6649389266968,-6.67883523305257,192.431106567383,116,11.8333336512248,-6.66666680574417,6.80000003178914,16.9666668574015,56.2000012397766,1.1250000136594,80.5199995040894,256.759996384382,132.200004577637,2,"24A_2009",0.85
"1607","158-2-C-BENA",2009,0.2055,1.04683600624205,21,1988,11,"158-2","BENA",54,29,8,0,53,0,0,0,0,0,0,NA,NA,NA,0,0,0,1,1283.38641,"East","24A","Tussock Tundra (Low shrub or Herbaceous)","Low Shrub","Sandy Loam","Mesic - Xeric",2005,590.000549,54,15.617359,-150.286104,67.046812,0.542480037689096,1.7202679054678,"158-2-C-BENA_2009",13.5333337783813,-6.29166646798452,166,119,11.7333335876465,-7.00833358367284,6.6333335240682,16.8333336512248,53.4000010490417,1.15000002955397,85.5099992752075,257.649997293949,127.300003051758,2,"24A_2009",0.85
"1608","173-1-A-BENA",2009,0.03275,0.14298742978319,41,1968,12,"173-1","BENA",69,40,12,0,9,0,0,0,0,0,0,NA,NA,NA,0,0,0,0,1301.486525,"East","24A","Low Shrub","Low Shrub","Clay Loam","Mesic",0,349.871613,358,2.901099,-150.191497,67.228159,-0.649888026802539,0.522104235168687,"173-1-A-BENA_2009",13.932554880778,-6.12731448809306,133.686904907227,130.64176940918,11.7333335876465,-7.00833358367284,6.6333335240682,16.8333336512248,53.4000010490417,1.15000002955397,85.5099992752075,257.649997293949,127.300003051758,2,"24A_2009",0.85
"1609","173-1-B-BENA",2009,0.10975,0.552267052109398,19,1990,12,"173-1","BENA",101,53,11,0,7,0,0,0,0,0,0,NA,NA,NA,0,0,0,0,1301.486525,"East","24A","Low Shrub","Low Shrub","Clay Loam","Mesic",0,349.871613,358,2.901099,-150.191497,67.228159,-0.216449268579512,0.805373391622484,"173-1-B-BENA_2009",13.932554880778,-6.12731448809306,133.686904907227,130.64176940918,11.7333335876465,-7.00833358367284,6.6333335240682,16.8333336512248,53.4000010490417,1.15000002955397,85.5099992752075,257.649997293949,127.300003051758,2,"24A_2009",0.85
"1610","173-2-A-BENA",2009,0.04775,0.181325855731272,50,1959,12,"173-2","BENA",94,43,12,0,6,0,0,0,0,0,0,NA,NA,NA,0,2,0,0,1323.706943,"East","24A","Tussock Tundra (Low shrub or Herbaceous)","Low Shrub","Clay Loam","Mesic",0,348.371155,13,2.823825,-150.190835,67.228457,-0.175529854235432,0.839012348727375,"173-2-A-BENA_2009",13.932554880778,-6.12731448809306,133.686904907227,130.64176940918,11.7333335876465,-7.00833358367284,6.6333335240682,16.8333336512248,53.4000010490417,1.15000002955397,85.5099992752075,257.649997293949,127.300003051758,2,"24A_2009",0.85
"1611","173-2-C-BENA",2009,0.25625,3.59749174374941,12,1997,12,"173-2","BENA",107,64,12,0,13,0,0,0,0,0,0,NA,NA,NA,0,2,0,0,1323.706943,"East","24A","Tussock Tundra (Low shrub or Herbaceous)","Low Shrub","Clay Loam","Mesic",0,348.371155,13,2.823825,-150.190835,67.228457,1.10913346747382,3.03173016307925,"173-2-C-BENA_2009",13.932554880778,-6.12731448809306,133.686904907227,130.64176940918,11.7333335876465,-7.00833358367284,6.6333335240682,16.8333336512248,53.4000010490417,1.15000002955397,85.5099992752075,257.649997293949,127.300003051758,2,"24A_2009",0.85
"1612","173-3-B-BENA",2009,0.05125,0.165555060610251,44,1965,12,"173-3","BENA",70,51,14,0,9,0,0,0,0,0,0,NA,NA,NA,0,0,0,0,1278.311889,"East","24A","Low Shrub","Low Shrub","Clay Loam","Mesic",0,347.24527,24,1.739254,-150.191816,67.228627,-0.419070245448075,0.657657996164577,"173-3-B-BENA_2009",13.932554880778,-6.12731448809306,133.686904907227,130.64176940918,11.7333335876465,-7.00833358367284,6.6333335240682,16.8333336512248,53.4000010490417,1.15000002955397,85.5099992752075,257.649997293949,127.300003051758,2,"24A_2009",0.85
"1613","173-3-C-BENA",2009,0.11075,0.809897284657847,8,2001,12,"173-3","BENA",32,27,6,0,6,0,0,0,0,0,0,NA,NA,NA,0,0,0,0,1278.311889,"East","24A","Low Shrub","Low Shrub","Clay Loam","Mesic",0,347.24527,24,1.739254,-150.191816,67.228627,-0.865808429396232,0.420711299728602,"173-3-C-BENA_2009",13.932554880778,-6.12731448809306,133.686904907227,130.64176940918,11.7333335876465,-7.00833358367284,6.6333335240682,16.8333336512248,53.4000010490417,1.15000002955397,85.5099992752075,257.649997293949,127.300003051758,2,"24A_2009",0.85
"1614","173-4-B-BENA",2009,0.073,0.38310622853099,19,1990,12,"173-4","BENA",124,71,14,0,12,0,0,0,0,0,0,NA,NA,NA,0,1,0,0,1308.377258,"East","24A","Low Shrub","Low Shrub","Clay Loam","Mesic",0,346.165253,355,1.872125,-150.190975,67.22891,-0.582168678108715,0.558685442930575,"173-4-B-BENA_2009",13.932554880778,-6.12731448809306,133.686904907227,130.64176940918,11.7333335876465,-7.00833358367284,6.6333335240682,16.8333336512248,53.4000010490417,1.15000002955397,85.5099992752075,257.649997293949,127.300003051758,2,"24A_2009",0.85
"1615","173-4-C-BENA",2009,0.129,0.913063064061374,40,1969,12,"173-4","BENA",119,74,14,0,14,0,0,0,0,0,0,NA,NA,NA,0,1,0,0,1308.377258,"East","24A","Low Shrub","Low Shrub","Clay Loam","Mesic",0,346.165253,355,1.872125,-150.190975,67.22891,1.17469355316769,3.23715077722119,"173-4-C-BENA_2009",13.932554880778,-6.12731448809306,133.686904907227,130.64176940918,11.7333335876465,-7.00833358367284,6.6333335240682,16.8333336512248,53.4000010490417,1.15000002955397,85.5099992752075,257.649997293949,127.300003051758,2,"24A_2009",0.85
"1616","184-1-B-BENA",2009,0.18725,1.88906027930533,57,1952,13,"184-1","BENA",128,51,19,0,13,0,1,0,0,0.076923077,0,NA,"Hare",NA,1,2,0,0,692.283244,"East","24A","White Spruce or Black Spruce (Open-Closed)","Tall Shrub","Clay Loam","Mesic",0,423.977753,249,10.469168,-150.109686,67.368938,2.32437029232018,10.2202422939781,"184-1-B-BENA_2009",13.5333331425985,-6.03333334128062,107,91,11.7333335876465,-7.00833358367284,6.6333335240682,16.8333336512248,53.4000010490417,1.15000002955397,85.5099992752075,257.649997293949,127.300003051758,2,"24A_2009",0.85
"1617","184-1-C-BENA",2009,0.42325,5.8874865935453,18,1991,13,"184-1","BENA",166,49,15,8,26,1,2,0,0.038461538,0.076923077,0,"Moose","Hare",NA,1,2,0,0,692.283244,"East","24A","White Spruce or Black Spruce (Open-Closed)","Tall Shrub","Clay Loam","Mesic",0,423.977753,249,10.469168,-150.109686,67.368938,2.08558296859787,8.04928259316671,"184-1-C-BENA_2009",13.5333331425985,-6.03333334128062,107,91,11.7333335876465,-7.00833358367284,6.6333335240682,16.8333336512248,53.4000010490417,1.15000002955397,85.5099992752075,257.649997293949,127.300003051758,2,"24A_2009",0.85
"1618","184-2-A-BENA",2009,0.11875,0.463998508719649,24,1985,13,"184-2","BENA",89,39,11,0,12,0,1,0,0,0.083333333,0,NA,"Hare",NA,1,1,0,0,706.210196,"East","24A","White Spruce or Black Spruce (Open-Closed)","Tall Shrub","Clay Loam","Mesic",0,429.192566,258,16.706417,-150.109279,67.369156,-0.111818019149887,0.894206971239319,"184-2-A-BENA_2009",13.5303239822388,-6.03446177641551,106.593780517578,90.5937781333923,11.7333335876465,-7.00833358367284,6.6333335240682,16.8333336512248,53.4000010490417,1.15000002955397,85.5099992752075,257.649997293949,127.300003051758,2,"24A_2009",0.85
"1619","184-2-D-BENA",2009,0.098,0.326502582894935,38,1971,13,"184-2","BENA",84,38,12,10,7,0,0,0,0,0,0,NA,NA,NA,0,1,0,0,706.210196,"East","24A","White Spruce or Black Spruce (Open-Closed)","Tall Shrub","Clay Loam","Mesic",0,429.192566,258,16.706417,-150.109279,67.369156,0.0851161905050644,1.0888435726335,"184-2-D-BENA_2009",13.5303239822388,-6.03446177641551,106.593780517578,90.5937781333923,11.7333335876465,-7.00833358367284,6.6333335240682,16.8333336512248,53.4000010490417,1.15000002955397,85.5099992752075,257.649997293949,127.300003051758,2,"24A_2009",0.85
"1620","184-3-B-BENA",2009,0.129666666666667,0.909091390386038,32,1977,13,"184-3","BENA",71,35,17,0,17,0,2,0,0,0.117647059,0,NA,"Hare",NA,1,1,3,0,683.765397,"East","24A","White Spruce or Black Spruce (Open-Closed)","Tall Shrub","Clay Loam","Mesic",0,425.482941,261,10.788996,-150.109693,67.36937,0.904048406412282,2.46958076733999,"184-3-B-BENA_2009",13.5303239822388,-6.03446177641551,106.593780517578,90.5937781333923,11.7333335876465,-7.00833358367284,6.6333335240682,16.8333336512248,53.4000010490417,1.15000002955397,85.5099992752075,257.649997293949,127.300003051758,2,"24A_2009",0.85
"1621","184-3-D-BENA",2009,0.11,0.383934038195208,21,1988,13,"184-3","BENA",103,48,17,7,31,3,1,0,0.096774194,0.032258065,0,"Moose","Hare",NA,1,1,3,0,683.765397,"East","24A","White Spruce or Black Spruce (Open-Closed)","Tall Shrub","Clay Loam","Mesic",0,425.482941,261,10.788996,-150.109693,67.36937,-0.46057676656252,0.630919647189851,"184-3-D-BENA_2009",13.5303239822388,-6.03446177641551,106.593780517578,90.5937781333923,11.7333335876465,-7.00833358367284,6.6333335240682,16.8333336512248,53.4000010490417,1.15000002955397,85.5099992752075,257.649997293949,127.300003051758,2,"24A_2009",0.85
"1622","191-1-C-BENA",2009,0.3195,2.73769772107184,7,2002,14,"191-1","BENA",105,51,8,16,13,0,0,0,0,0,0,NA,NA,NA,0,1,0,0,1595.806211,"East","24A","Low Shrub","Low Shrub","Clay Loam","Mesic",0,492.755432,293,2.980974,-149.860617,67.475764,0.192808566977573,1.2126506299227,"191-1-C-BENA_2009",12.745369275411,-6.28258115053177,101.548645019531,91.7743225097656,9.90000009536743,-8.45833373069763,5.03333346048991,14.8333339691162,31.3999996185303,1.01666670789321,66.8499989509583,273.849997639656,122.500003814697,2,"24A_2009",0.85
"1623","191-1-D-BENA",2009,0.17525,1.31350833149615,11,1998,14,"191-1","BENA",135,61,10,9,18,0,0,0,0,0,0,NA,NA,NA,0,1,0,0,1595.806211,"East","24A","Low Shrub","Low Shrub","Clay Loam","Mesic",0,492.755432,293,2.980974,-149.860617,67.475764,-0.00223576313240226,0.997766734324403,"191-1-D-BENA_2009",12.745369275411,-6.28258115053177,101.548645019531,91.7743225097656,9.90000009536743,-8.45833373069763,5.03333346048991,14.8333339691162,31.3999996185303,1.01666670789321,66.8499989509583,273.849997639656,122.500003814697,2,"24A_2009",0.85
"1624","191-2-A-BENA",2009,0.07875,0.362750867980677,16,1993,14,"191-2","BENA",82,51,10,0,13,1,0,0,0.076923077,0,0,"Moose",NA,NA,1,0,0,0,1628.072852,"East","24A","Low Shrub","Low Shrub","Clay Loam","Mesic",0,494.812988,260,1.497492,-149.859771,67.475671,-0.841840256533011,0.430916795873129,"191-2-A-BENA_2009",12.745369275411,-6.28258115053177,101.548645019531,91.7743225097656,9.90000009536743,-8.45833373069763,5.03333346048991,14.8333339691162,31.3999996185303,1.01666670789321,66.8499989509583,273.849997639656,122.500003814697,2,"24A_2009",0.85
"1625","191-2-B-BENA",2009,0.1695,1.61746861265479,14,1995,14,"191-2","BENA",92,71,8,0,13,0,0,0,0,0,0,NA,NA,NA,0,0,0,0,1628.072852,"East","24A","Low Shrub","Low Shrub","Clay Loam","Mesic",0,494.812988,260,1.497492,-149.859771,67.475671,0.493712908805742,1.63838812646433,"191-2-B-BENA_2009",12.745369275411,-6.28258115053177,101.548645019531,91.7743225097656,9.90000009536743,-8.45833373069763,5.03333346048991,14.8333339691162,31.3999996185303,1.01666670789321,66.8499989509583,273.849997639656,122.500003814697,2,"24A_2009",0.85
"1626","191-3-A-BENA",2009,0.0786666666666667,0.220941941622586,28,1981,14,"191-3","BENA",102,51,9,0,9,0,1,0,0,0.111111111,0,NA,"Hare",NA,1,2,0,0,1608.343863,"East","24A","Low Shrub","Low Shrub","Clay Loam","Mesic",0,494.475037,298,4.15829,-149.859591,67.475979,-0.669845434233193,0.511787676528071,"191-3-A-BENA_2009",12.745369275411,-6.28258115053177,101.548645019531,91.7743225097656,9.90000009536743,-8.45833373069763,5.03333346048991,14.8333339691162,31.3999996185303,1.01666670789321,66.8499989509583,273.849997639656,122.500003814697,2,"24A_2009",0.85
"1627","191-3-D-BENA",2009,0.18525,1.55800906294708,23,1986,14,"191-3","BENA",110,71,10,0,16,0,0,0,0,0,0,NA,NA,NA,0,2,0,0,1608.343863,"East","24A","Low Shrub","Low Shrub","Clay Loam","Mesic",0,494.475037,298,4.15829,-149.859591,67.475979,1.0486766533448,2.85387195613651,"191-3-D-BENA_2009",12.745369275411,-6.28258115053177,101.548645019531,91.7743225097656,9.90000009536743,-8.45833373069763,5.03333346048991,14.8333339691162,31.3999996185303,1.01666670789321,66.8499989509583,273.849997639656,122.500003814697,2,"24A_2009",0.85
"1628","191-4-A-BENA",2009,0.43775,7.38877871717126,10,1999,14,"191-4","BENA",105,69,11,0,12,0,0,0,0,0,0,NA,NA,NA,0,1,0,0,1634.196324,"East","24A","Low Shrub","Low Shrub","Clay Loam","Mesic",0,497.007599,303,3.553675,-149.85875,67.475963,1.61128770247771,5.00925750980305,"191-4-A-BENA_2009",12.745369275411,-6.28258115053177,101.548645019531,91.7743225097656,9.90000009536743,-8.45833373069763,5.03333346048991,14.8333339691162,31.3999996185303,1.01666670789321,66.8499989509583,273.849997639656,122.500003814697,2,"24A_2009",0.85
"1629","191-4-B-BENA",2009,0.07825,0.329596069911014,26,1983,14,"191-4","BENA",77,59,11,0,12,0,1,0,0,0.083333333,0,NA,"Hare",NA,1,1,0,0,1634.196324,"East","24A","Low Shrub","Low Shrub","Clay Loam","Mesic",0,497.007599,303,3.553675,-149.85875,67.475963,-0.35831342674649,0.698854001140666,"191-4-B-BENA_2009",12.745369275411,-6.28258115053177,101.548645019531,91.7743225097656,9.90000009536743,-8.45833373069763,5.03333346048991,14.8333339691162,31.3999996185303,1.01666670789321,66.8499989509583,273.849997639656,122.500003814697,2,"24A_2009",0.85
"1630","203-1-A-BENA",2009,0.0935,0.876663786178722,19,1990,15,"203-1","BENA",97,41,11,0,17,1,0,0,0.058823529,0,0,"Moose",NA,NA,1,1,0,0,905.036767,"East","24A","Low Shrub","Low Shrub","Loam","Mesic",0,550.644958,299,23.927214,-149.794431,67.571449,0.245642562849423,1.27844252900951,"203-1-A-BENA_2009",13.0666666030884,-6.40000011523565,76,82,9.03333361943563,-9.38333340485891,4.26666665077209,13.8666667938232,21.2999996542931,0.941666678835948,62.5999985933304,280.489998817444,114.799999237061,2,"24A_2009",0.85
"1631","203-1-D-BENA",2009,0.28075,3.55248410929684,17,1992,15,"203-1","BENA",143,46,14,0,26,2,0,0,0.076923077,0,0,"Moose",NA,NA,1,1,0,0,905.036767,"East","24A","Low Shrub","Low Shrub","Loam","Mesic",0,550.644958,299,23.927214,-149.794431,67.571449,1.51219154997947,4.53666222973717,"203-1-D-BENA_2009",13.0666666030884,-6.40000011523565,76,82,9.03333361943563,-9.38333340485891,4.26666665077209,13.8666667938232,21.2999996542931,0.941666678835948,62.5999985933304,280.489998817444,114.799999237061,2,"24A_2009",0.85
"1632","203-2-B-BENA",2009,0.346,5.35940941216947,11,1998,15,"203-2","BENA",146,44,15,0,20,0,0,0,0,0,0,NA,NA,NA,0,0,1,0,933.944119,"East","24A","Low Shrub","Low Shrub","Loam","Mesic",0,566.911377,300,26.508135,-149.793674,67.571447,1.40391634848564,4.07111268262517,"203-2-B-BENA_2009",13.0666666030884,-6.40000011523565,76,82,9.03333361943563,-9.38333340485891,4.26666665077209,13.8666667938232,21.2999996542931,0.941666678835948,62.5999985933304,280.489998817444,114.799999237061,2,"24A_2009",0.85
"1633","203-2-C-BENA",2009,0.05775,0.263477325525399,33,1976,15,"203-2","BENA",118,35,14,0,38,0,0,0,0,0,0,NA,NA,NA,0,0,1,0,933.944119,"East","24A","Low Shrub","Low Shrub","Loam","Mesic",0,566.911377,300,26.508135,-149.793674,67.571447,-0.297708899517252,0.74251745548029,"203-2-C-BENA_2009",13.0666666030884,-6.40000011523565,76,82,9.03333361943563,-9.38333340485891,4.26666665077209,13.8666667938232,21.2999996542931,0.941666678835948,62.5999985933304,280.489998817444,114.799999237061,2,"24A_2009",0.85
"1634","203-3-B-BENA",2009,0.1345,0.945865218355672,13,1996,15,"203-3","BENA",108,53,11,7,21,0,0,0,0,0,0,NA,NA,NA,0,0,1,0,922.335664,"East","24A","Low Shrub","Low Shrub","Loam","Mesic",0,556.241272,305,23.609533,-149.79364,67.571701,-0.131240536190543,0.877006797144163,"203-3-B-BENA_2009",13.0666666030884,-6.40000011523565,76,82,9.03333361943563,-9.38333340485891,4.26666665077209,13.8666667938232,21.2999996542931,0.941666678835948,62.5999985933304,280.489998817444,114.799999237061,2,"24A_2009",0.85
"1635","203-3-D-BENA",2009,0.071,0.518932986908943,17,1992,15,"203-3","BENA",108,52,11,0,7,1,0,0,0.14,0,0,"Moose",NA,NA,1,0,1,0,922.335664,"East","24A","Low Shrub","Low Shrub","Loam","Mesic",0,556.241272,305,23.609533,-149.79364,67.571701,-0.41143608168416,0.662697878173052,"203-3-D-BENA_2009",13.0666666030884,-6.40000011523565,76,82,9.03333361943563,-9.38333340485891,4.26666665077209,13.8666667938232,21.2999996542931,0.941666678835948,62.5999985933304,280.489998817444,114.799999237061,2,"24A_2009",0.85
"1636","203-4-A-BENA",2009,0.137,1.30238493365749,13,1996,15,"203-4","BENA",85,42,10,0,10,0,0,0,0,0,0,NA,NA,NA,0,1,1,0,951.384807,"East","24A","Low Shrub","Low Shrub","Loam","Mesic",0,569.135193,316,29.227108,-149.792864,67.571712,0.188611807262968,1.20757209076935,"203-4-A-BENA_2009",13.0666666030884,-6.40000011523565,76,82,9.03333361943563,-9.38333340485891,4.26666665077209,13.8666667938232,21.2999996542931,0.941666678835948,62.5999985933304,280.489998817444,114.799999237061,2,"24A_2009",0.85
"1637","203-4-B-BENA",2009,0.276,3.00052886025831,30,1979,15,"203-4","BENA",99,36,12,0,12,0,0,0,0,0,0,NA,NA,NA,0,1,1,0,951.384807,"East","24A","Low Shrub","Low Shrub","Loam","Mesic",0,569.135193,316,29.227108,-149.792864,67.571712,2.02113030515818,7.54685035847662,"203-4-B-BENA_2009",13.0666666030884,-6.40000011523565,76,82,9.03333361943563,-9.38333340485891,4.26666665077209,13.8666667938232,21.2999996542931,0.941666678835948,62.5999985933304,280.489998817444,114.799999237061,2,"24A_2009",0.85
"1638","209-1-C-BENA",2009,0.0726666666666667,0.543327969664709,20,1989,16,"209-1","BENA",58,59,14,0,9,0,0,0,0,0,0,NA,NA,NA,0,0,1,0,698.873831,"East","24A","Low Shrub","Black Spruce Woodland","Sandy Loam","Mesic - Xeric",0,553.345276,287,19.679848,-149.692986,67.655886,-0.171557584075929,0.84235176057567,"209-1-C-BENA_2009",12.3243061701457,-6.83972771962484,66,81,9.03333361943563,-9.38333340485891,4.26666665077209,13.8666667938232,21.2999996542931,0.941666678835948,62.5999985933304,280.489998817444,114.799999237061,2,"24A_2009",0.85
"1639","209-1-D-BENA",2009,0.05925,0.279069442564249,25,1984,16,"209-1","BENA",76,39,10,0,6,0,0,0,0,0,0,NA,NA,NA,0,0,1,0,698.873831,"East","24A","Low Shrub","Black Spruce Woodland","Sandy Loam","Mesic - Xeric",0,553.345276,287,19.679848,-149.692986,67.655886,-0.571524244749484,0.564664096134106,"209-1-D-BENA_2009",12.3243061701457,-6.83972771962484,66,81,9.03333361943563,-9.38333340485891,4.26666665077209,13.8666667938232,21.2999996542931,0.941666678835948,62.5999985933304,280.489998817444,114.799999237061,2,"24A_2009",0.85
"1640","209-2-B-BENA",2009,0.16375,1.55964072763154,41,1968,16,"209-2","BENA",104,57,18,0,18,0,0,0,0,0,0,NA,NA,NA,0,0,0,0,728.528855,"East","24A","Low Shrub","Black Spruce Woodland","Sandy Loam","Mesic - Xeric",0,561.911133,287,21.070175,-149.692261,67.656,1.73956602133488,5.69487143361276,"209-2-B-BENA_2009",12.3243061701457,-6.83972771962484,66,81,9.03333361943563,-9.38333340485891,4.26666665077209,13.8666667938232,21.2999996542931,0.941666678835948,62.5999985933304,280.489998817444,114.799999237061,2,"24A_2009",0.85
"1641","209-2-D-BENA",2009,0.0855,0.297884244617056,48,1961,16,"209-2","BENA",86,47,10,0,6,0,0,0,0,0,0,NA,NA,NA,0,0,0,0,728.528855,"East","24A","Low Shrub","Black Spruce Woodland","Sandy Loam","Mesic - Xeric",0,561.911133,287,21.070175,-149.692261,67.656,0.272164931639313,1.31280350629075,"209-2-D-BENA_2009",12.3243061701457,-6.83972771962484,66,81,9.03333361943563,-9.38333340485891,4.26666665077209,13.8666667938232,21.2999996542931,0.941666678835948,62.5999985933304,280.489998817444,114.799999237061,2,"24A_2009",0.85
"1642","209-3-A-BENA",2009,0.0745,0.504257822225862,49,1960,16,"209-3","BENA",67,52,13,0,10,0,0,0,0,0,0,NA,NA,NA,0,0,1,0,711.058695,"East","24A","Low Shrub","Black Spruce Woodland","Sandy Loam","Mesic - Xeric",0,553.430786,276,18.070417,-149.69261,67.656251,0.823153443088065,2.27767103058346,"209-3-A-BENA_2009",12.3243061701457,-6.83972771962484,66,81,9.03333361943563,-9.38333340485891,4.26666665077209,13.8666667938232,21.2999996542931,0.941666678835948,62.5999985933304,280.489998817444,114.799999237061,2,"24A_2009",0.85
"1643","209-3-D-BENA",2009,0.17575,1.09308908583223,27,1982,16,"209-3","BENA",84,39,10,0,8,0,0,0,0,0,0,NA,NA,NA,0,0,1,0,711.058695,"East","24A","Low Shrub","Black Spruce Woodland","Sandy Loam","Mesic - Xeric",0,553.430786,276,18.070417,-149.69261,67.656251,0.885618681698186,2.42448391139848,"209-3-D-BENA_2009",12.3243061701457,-6.83972771962484,66,81,9.03333361943563,-9.38333340485891,4.26666665077209,13.8666667938232,21.2999996542931,0.941666678835948,62.5999985933304,280.489998817444,114.799999237061,2,"24A_2009",0.85
"1644","209-4-C-BENA",2009,0.164,0.840583379950407,18,1991,16,"209-4","BENA",57,38,10,0,7,0,0,0,0,0,0,NA,NA,NA,0,0,0,0,738.024448,"East","24A","Low Shrub","Black Spruce Woodland","Sandy Loam","Mesic - Xeric",0,561.090881,296,18.584587,-149.691928,67.656444,0.139094658105462,1.14923287906218,"209-4-C-BENA_2009",12.3243061701457,-6.83972771962484,66,81,9.03333361943563,-9.38333340485891,4.26666665077209,13.8666667938232,21.2999996542931,0.941666678835948,62.5999985933304,280.489998817444,114.799999237061,2,"24A_2009",0.85
"1645","209-4-D-BENA",2009,0.0256666666666667,0.070447415483339,37,1972,16,"209-4","BENA",71,50,9,0,8,0,0,0,0,0,0,NA,NA,NA,0,0,0,0,738.024448,"East","24A","Low Shrub","Black Spruce Woodland","Sandy Loam","Mesic - Xeric",0,561.090881,296,18.584587,-149.691928,67.656444,-1.48027936709586,0.227574102786176,"209-4-D-BENA_2009",12.3243061701457,-6.83972771962484,66,81,9.03333361943563,-9.38333340485891,4.26666665077209,13.8666667938232,21.2999996542931,0.941666678835948,62.5999985933304,280.489998817444,114.799999237061,2,"24A_2009",0.85
"1646","222-1-B-BENA",2009,0.1415,1.00931753597655,29,1980,17,"222-1","BENA",63,58,19,0,9,0,2,0,0,0.222222222,0,NA,"Hare",NA,1,2,18,0,769.468544,"East","24A","Low Shrub","Tall Shrub","Clay Loam","Mesic",0,669.484009,287,15.029548,-149.809491,67.826198,0.891160108959715,2.43795630631329,"222-1-B-BENA_2009",11.7000001271566,-7.40833328167597,71,87,9.03333361943563,-9.38333340485891,4.26666665077209,13.8666667938232,21.2999996542931,0.941666678835948,62.5999985933304,280.489998817444,114.799999237061,2,"24A_2009",0.85
"1647","222-1-D-BENA",2009,0.1045,0.243760100982849,28,1981,17,"222-1","BENA",78,38,9,0,9,0,2,0,0,0.222222222,0,NA,"Hare",NA,1,2,18,0,769.468544,"East","24A","Low Shrub","Tall Shrub","Clay Loam","Mesic",0,669.484009,287,15.029548,-149.809491,67.826198,-0.571560844698173,0.564643429835356,"222-1-D-BENA_2009",11.7000001271566,-7.40833328167597,71,87,9.03333361943563,-9.38333340485891,4.26666665077209,13.8666667938232,21.2999996542931,0.941666678835948,62.5999985933304,280.489998817444,114.799999237061,2,"24A_2009",0.85
"1648","222-2-A-BENA",2009,0.23375,2.30089362375983,23,1986,17,"222-2","BENA",81,59,12,0,9,0,0,0,0,0,0,NA,NA,NA,0,3,13,0,794.735172,"East","24A","Low Shrub","Tall Shrub","Clay Loam","Mesic",0,676.198608,282,15.59229,-149.808768,67.826375,1.43856546841951,4.21464543632408,"222-2-A-BENA_2009",11.7000001271566,-7.40833328167597,71,87,9.03333361943563,-9.38333340485891,4.26666665077209,13.8666667938232,21.2999996542931,0.941666678835948,62.5999985933304,280.489998817444,114.799999237061,2,"24A_2009",0.85
"1649","222-2-D-BENA",2009,0.249,2.17662890809479,9,2000,17,"222-2","BENA",62,59,8,0,6,0,1,0,0,0.166666667,0,NA,"Hare",NA,1,3,13,0,794.735172,"East","24A","Low Shrub","Tall Shrub","Clay Loam","Mesic",0,676.198608,282,15.59229,-149.808768,67.826375,0.263371774978621,1.30131042368644,"222-2-D-BENA_2009",11.7000001271566,-7.40833328167597,71,87,9.03333361943563,-9.38333340485891,4.26666665077209,13.8666667938232,21.2999996542931,0.941666678835948,62.5999985933304,280.489998817444,114.799999237061,2,"24A_2009",0.85
"1650","222-3-A-BENA",2009,0.066,0.340253333939695,47,1962,17,"222-3","BENA",126,65,16,0,21,0,3,0,0,0.142857143,0,NA,"Hare",NA,1,2,11,1,778.440723,"East","24A","Low Shrub","Low Shrub","Clay Loam","Mesic",0,672.469177,278,13.422374,-149.809021,67.826615,0.380026554607901,1.4623234203437,"222-3-A-BENA_2009",11.7000001271566,-7.40833328167597,71,87,9.03333361943563,-9.38333340485891,4.26666665077209,13.8666667938232,21.2999996542931,0.941666678835948,62.5999985933304,280.489998817444,114.799999237061,2,"24A_2009",0.85
"1651","222-3-B-BENA",2009,0.17075,2.13055372118862,6,2003,17,"222-3","BENA",70,62,8,0,8,0,0,0,0,0,0,NA,NA,NA,0,2,11,1,778.440723,"East","24A","Low Shrub","Low Shrub","Clay Loam","Mesic",0,672.469177,278,13.422374,-149.809021,67.826615,-0.241880807253755,0.785149756130421,"222-3-B-BENA_2009",11.7000001271566,-7.40833328167597,71,87,9.03333361943563,-9.38333340485891,4.26666665077209,13.8666667938232,21.2999996542931,0.941666678835948,62.5999985933304,280.489998817444,114.799999237061,2,"24A_2009",0.85
"1652","222-4-C-BENA",2009,0.275,3.41773864784033,7,2002,17,"222-4","BENA",92,74,9,12,11,0,1,0,0,0.090909091,0,NA,"Hare",NA,1,0,15,0,805.061274,"East","24A","Low Shrub","Low Shrub","Clay Loam","Mesic",0,678.755371,278,16.631924,-149.808355,67.826658,0.414670365861932,1.51387163466394,"222-4-C-BENA_2009",11.7000001271566,-7.40833328167597,71,87,9.03333361943563,-9.38333340485891,4.26666665077209,13.8666667938232,21.2999996542931,0.941666678835948,62.5999985933304,280.489998817444,114.799999237061,2,"24A_2009",0.85
"1653","222-4-D-BENA",2009,0.191,1.9339424464013,14,1995,17,"222-4","BENA",107,70,8,0,14,0,0,0,0,0,0,NA,NA,NA,0,0,15,0,805.061274,"East","24A","Low Shrub","Low Shrub","Clay Loam","Mesic",0,678.755371,278,16.631924,-149.808355,67.826658,0.6724112041985,1.95895507131273,"222-4-D-BENA_2009",11.7000001271566,-7.40833328167597,71,87,9.03333361943563,-9.38333340485891,4.26666665077209,13.8666667938232,21.2999996542931,0.941666678835948,62.5999985933304,280.489998817444,114.799999237061,2,"24A_2009",0.85
"1654","235-1-A-BENA",2009,0.10525,0.73958726297326,30,1979,18,"235-1","BENA",59,29,10,0,18,0,0,0,0,0,0,NA,NA,NA,0,0,5,0,477.732622,"East","24A","Low Shrub","Low Shrub","Sandy Gravel","Mesic",0,813.776917,295,20.303024,-149.727576,68.004859,0.620678744149304,1.86019020667376,"235-1-A-BENA_2009",9.46666669845581,-8.69999999987582,81,103,7.83333349227905,-10.5500002615154,3.23333330949148,12.4666668574015,11.5999998450279,0.88333335518837,49.1199985742569,289.95999622345,103.89999961853,2,"24A_2009",0.85
"1655","235-1-B-BENA",2009,0.12575,1.33439795914711,17,1992,18,"235-1","BENA",42,18,10,0,10,0,1,0,0,0.1,0,NA,"Hare",NA,1,0,5,0,477.732622,"East","24A","Low Shrub","Low Shrub","Sandy Gravel","Mesic",0,813.776917,295,20.303024,-149.727576,68.004859,0.533024665309736,1.70407878950353,"235-1-B-BENA_2009",9.46666669845581,-8.69999999987582,81,103,7.83333349227905,-10.5500002615154,3.23333330949148,12.4666668574015,11.5999998450279,0.88333335518837,49.1199985742569,289.95999622345,103.89999961853,2,"24A_2009",0.85
"1656","235-2-A-BENA",2009,0.26825,2.96072900467768,9,2000,18,"235-2","BENA",71,49,9,0,16,0,0,0,0,0,0,NA,NA,NA,0,0,0,0,510.631222,"East","24A","Dwarf Shrub-Lichen","Low Shrub","Sandy Gravel","Mesic",0,828.022217,289,26.243103,-149.726481,68.004961,0.571029990855876,1.77008928861018,"235-2-A-BENA_2009",9.46666669845581,-8.69999999987582,81,103,7.83333349227905,-10.5500002615154,3.23333330949148,12.4666668574015,11.5999998450279,0.88333335518837,49.1199985742569,289.95999622345,103.89999961853,2,"24A_2009",0.85
"1657","235-2-B-BENA",2009,0.054,0.277880153395324,26,1983,18,"235-2","BENA",54,38,8,0,9,0,0,0,0,0,0,NA,NA,NA,NA,0,0,0,510.631222,"East","24A","Dwarf Shrub-Lichen","Low Shrub","Sandy Gravel","Mesic",0,828.022217,289,26.243103,-149.726481,68.004961,-0.528991383052497,0.589198946123157,"235-2-B-BENA_2009",9.46666669845581,-8.69999999987582,81,103,7.83333349227905,-10.5500002615154,3.23333330949148,12.4666668574015,11.5999998450279,0.88333335518837,49.1199985742569,289.95999622345,103.89999961853,2,"24A_2009",0.85
"1658","235-2-C-BENA",2009,0.10225,0.271839067072011,21,1988,18,"235-2","BENA",58,33,8,0,9,0,2,0,0,0.222222222,0,NA,"Hare",NA,1,0,0,0,510.631222,"East","24A","Dwarf Shrub-Lichen","Low Shrub","Sandy Gravel","Mesic",0,828.022217,289,26.243103,-149.726481,68.004961,-0.805837302845172,0.446713735243994,"235-2-C-BENA_2009",9.46666669845581,-8.69999999987582,81,103,7.83333349227905,-10.5500002615154,3.23333330949148,12.4666668574015,11.5999998450279,0.88333335518837,49.1199985742569,289.95999622345,103.89999961853,2,"24A_2009",0.85
"1659","235-3-B-BENA",2009,0.09875,0.557875187695139,24,1985,18,"235-3","BENA",59,31,10,0,15,0,0,0,0,0,0,NA,NA,NA,0,0,1,0,482.982181,"East","24A","Dwarf Shrub-Lichen","Low Shrub","Sandy Gravel","Mesic",0,817.546387,298,18.704132,-149.726784,68.005244,0.0724359019912606,1.07512389058097,"235-3-B-BENA_2009",9.46666669845581,-8.69999999987582,81,103,7.83333349227905,-10.5500002615154,3.23333330949148,12.4666668574015,11.5999998450279,0.88333335518837,49.1199985742569,289.95999622345,103.89999961853,2,"24A_2009",0.85
"1660","235-3-C-BENA",2009,0.1915,2.75088455623528,9,2000,18,"235-3","BENA",57,42,7,0,11,0,0,0,0,0,0,NA,NA,NA,0,0,1,0,482.982181,"East","24A","Dwarf Shrub-Lichen","Low Shrub","Sandy Gravel","Mesic",0,817.546387,298,18.704132,-149.726784,68.005244,0.497516984249935,1.64463254809953,"235-3-C-BENA_2009",9.46666669845581,-8.69999999987582,81,103,7.83333349227905,-10.5500002615154,3.23333330949148,12.4666668574015,11.5999998450279,0.88333335518837,49.1199985742569,289.95999622345,103.89999961853,2,"24A_2009",0.85
"1661","235-4-A-BENA",2009,0.091,0.909685851958769,19,1990,18,"235-4","BENA",45,36,11,0,13,0,0,0,0,0,0,NA,NA,NA,0,0,0,0,503.848767,"East","24A","Low Shrub","Low Shrub","Sandy Gravel","Mesic",0,825.290771,293,20.728168,-149.726015,68.005351,0.28261833436066,1.32659874802362,"235-4-A-BENA_2009",9.46666669845581,-8.69999999987582,81,103,7.83333349227905,-10.5500002615154,3.23333330949148,12.4666668574015,11.5999998450279,0.88333335518837,49.1199985742569,289.95999622345,103.89999961853,2,"24A_2009",0.85
"1662","235-4-C-BENA",2009,0.19925,3.45327771838453,13,1996,18,"235-4","BENA",61,45,11,0,10,0,0,0,0,0,0,NA,NA,NA,0,0,0,0,503.848767,"East","24A","Low Shrub","Low Shrub","Sandy Gravel","Mesic",0,825.290771,293,20.728168,-149.726015,68.005351,1.16373850252006,3.20188116940664,"235-4-C-BENA_2009",9.46666669845581,-8.69999999987582,81,103,7.83333349227905,-10.5500002615154,3.23333330949148,12.4666668574015,11.5999998450279,0.88333335518837,49.1199985742569,289.95999622345,103.89999961853,2,"24A_2009",0.85
"1663","240-1-D-BENA",2009,0.1385,1.34688480819743,10,1999,19,"240-1","BENA",70,38,7,0,13,0,0,0,0,0,0,NA,NA,NA,0,0,1,0,395.986648,"West","24A","Low Shrub","Low Shrub","Sandy Loam","Mesic",0,1043.032227,75,23.365055,-149.606437,68.069578,-0.0908803808068873,0.913126931873473,"240-1-D-BENA_2009",8.38495492935181,-9.16660806536674,103.767304420471,152.17352771759,7.83333349227905,-10.5500002615154,3.23333330949148,12.4666668574015,11.5999998450279,0.88333335518837,49.1199985742569,289.95999622345,103.89999961853,2,"24A_2009",0.85
"1664","240-2-A-BENA",2009,0.185,1.73021644600131,13,1996,19,"240-2","BENA",90,57,9,0,23,0,0,2,0,0,0.086956522,NA,NA,"Ptarmagin",1,0,0,0,426.292991,"West","24A","Tussock Tundra (Low shrub or Herbaceous)","Low Shrub","Sandy Loam","Mesic",0,1048.270996,87,24.096361,-149.606886,68.069926,0.472661173180643,1.60425772533606,"240-2-A-BENA_2009",8.38495492935181,-9.16660806536674,103.767304420471,152.17352771759,7.83333349227905,-10.5500002615154,3.23333330949148,12.4666668574015,11.5999998450279,0.88333335518837,49.1199985742569,289.95999622345,103.89999961853,2,"24A_2009",0.85
"1665","240-2-D-BENA",2009,0.1525,1.25570243762147,11,1998,19,"240-2","BENA",84,31,8,0,10,0,0,0,0,0,0,NA,NA,NA,0,0,0,0,426.292991,"West","24A","Tussock Tundra (Low shrub or Herbaceous)","Low Shrub","Sandy Loam","Mesic",0,1048.270996,87,24.096361,-149.606886,68.069926,-0.0472423089735931,0.953856241659052,"240-2-D-BENA_2009",8.38495492935181,-9.16660806536674,103.767304420471,152.17352771759,7.83333349227905,-10.5500002615154,3.23333330949148,12.4666668574015,11.5999998450279,0.88333335518837,49.1199985742569,289.95999622345,103.89999961853,2,"24A_2009",0.85
"1666","240-3-D-BENA",2009,0.11075,1.03361716610344,25,1984,19,"240-3","BENA",97,46,12,0,13,0,0,2,0,0,0.153846154,NA,NA,"Ptarmagin",1,0,1,3,399.798137,"West","24A","Low Shrub","Low Shrub","Sandy Loam","Mesic",0,1034.808228,93,20.584356,-149.606025,68.07014,0.737834847282036,2.09140240322846,"240-3-D-BENA_2009",8.38495492935181,-9.16660806536674,103.767304420471,152.17352771759,7.83333349227905,-10.5500002615154,3.23333330949148,12.4666668574015,11.5999998450279,0.88333335518837,49.1199985742569,289.95999622345,103.89999961853,2,"24A_2009",0.85
"1667","240-4-B-BENA",2009,0.17375,1.30635963741291,41,1968,19,"240-4","BENA",102,72,15,0,13,0,0,0,0,0,0,NA,NA,NA,0,0,2,0,431.079046,"West","24A","Low Shrub","Low Shrub","Sandy Loam","Mesic",0,1046.807861,94,24.616484,-149.606605,68.070368,1.56235489555398,4.77004097759432,"240-4-B-BENA_2009",8.38495492935181,-9.16660806536674,103.767304420471,152.17352771759,7.83333349227905,-10.5500002615154,3.23333330949148,12.4666668574015,11.5999998450279,0.88333335518837,49.1199985742569,289.95999622345,103.89999961853,2,"24A_2009",0.85
"1668","240-4-D-BENA",2009,0.05125,0.392976916299026,24,1985,19,"240-4","BENA",83,41,16,0,29,0,0,3,0,0,0.103448276,NA,NA,"Ptarmagin",1,0,2,0,431.079046,"West","24A","Low Shrub","Low Shrub","Sandy Loam","Mesic",0,1046.807861,94,24.616484,-149.606605,68.070368,-0.277948484413141,0.757335835109418,"240-4-D-BENA_2009",8.38495492935181,-9.16660806536674,103.767304420471,152.17352771759,7.83333349227905,-10.5500002615154,3.23333330949148,12.4666668574015,11.5999998450279,0.88333335518837,49.1199985742569,289.95999622345,103.89999961853,2,"24A_2009",0.85
"1669","255-1-A-BENA",2009,0.1415,1.10911572440497,40,1969,20,"255-1","BENA",71,26,15,0,17,0,0,0,0,0,0,NA,NA,NA,0,0,0,0,585.543915,"East","26B","Low Shrub","Low Shrub","Sandy Gravel","Mesic - Xeric",0,991.483582,331,1.701594,-149.392735,68.222633,1.36920693364269,3.93223093848035,"255-1-A-BENA_2009",8.73935143152873,-9.57838496814171,112.909729003906,164,5.93333339691162,-12.075000355641,1.5333333214124,10.4333333969116,7.80000019073486,0.775000007202228,37.3699991106987,305.809995651245,102.000001907349,2,"26B_2009",0.27
"1670","255-1-B-BENA",2009,0.05375,0.266504250047136,10,1999,20,"255-1","BENA",41,27,7,0,12,0,0,0,0,0,0,NA,NA,NA,0,0,0,0,585.543915,"East","26B","Low Shrub","Low Shrub","Sandy Gravel","Mesic - Xeric",0,991.483582,331,1.701594,-149.392735,68.222633,-1.71103984513806,0.180677817951237,"255-1-B-BENA_2009",8.73935143152873,-9.57838496814171,112.909729003906,164,5.93333339691162,-12.075000355641,1.5333333214124,10.4333333969116,7.80000019073486,0.775000007202228,37.3699991106987,305.809995651245,102.000001907349,2,"26B_2009",0.27
"1671","255-2-C-BENA",2009,0.03075,0.122083272266203,28,1981,20,"255-2","BENA",65,27,8,0,20,0,0,0,0,0,0,NA,NA,NA,0,0,1,1,631.079496,"East","26B","Low Shrub","Low Shrub","Sandy Gravel","Mesic - Xeric",0,993.382141,286,2.676414,-149.39171,68.222788,-1.26304202219269,0.282792455779146,"255-2-C-BENA_2009",8.73935143152873,-9.57838496814171,112.909729003906,164,5.93333339691162,-12.075000355641,1.5333333214124,10.4333333969116,7.80000019073486,0.775000007202228,37.3699991106987,305.809995651245,102.000001907349,2,"26B_2009",0.27
"1672","255-2-D-BENA",2009,0.177,2.09690942371362,20,1989,20,"255-2","BENA",60,32,10,0,11,0,0,0,0,0,0,NA,NA,NA,0,0,1,1,631.079496,"East","26B","Low Shrub","Low Shrub","Sandy Gravel","Mesic - Xeric",0,993.382141,286,2.676414,-149.39171,68.222788,1.17894911932229,3.25095604027692,"255-2-D-BENA_2009",8.73935143152873,-9.57838496814171,112.909729003906,164,5.93333339691162,-12.075000355641,1.5333333214124,10.4333333969116,7.80000019073486,0.775000007202228,37.3699991106987,305.809995651245,102.000001907349,2,"26B_2009",0.27
"1673","255-3-A-BENA",2009,0.18425,1.89989249077491,9,2000,20,"255-3","BENA",61,31,7,0,17,0,0,0,0,0,0,NA,NA,NA,0,0,1,0,600.399561,"East","26B","Tussock Tundra (Low shrub or Herbaceous)","Low Shrub","Sandy Gravel","Mesic - Xeric",0,990.277893,304,2.837043,-149.392647,68.223106,0.127391768247879,1.13586192526178,"255-3-A-BENA_2009",8.73935143152873,-9.57838496814171,112.909729003906,164,5.93333339691162,-12.075000355641,1.5333333214124,10.4333333969116,7.80000019073486,0.775000007202228,37.3699991106987,305.809995651245,102.000001907349,2,"26B_2009",0.27
"1674","255-4-B-BENA",2009,0.11025,1.42258953351685,13,1996,20,"255-4","BENA",49,32,10,0,25,0,0,0,0,0,0,NA,NA,NA,0,0,0,2,644.564014,"East","26B","Low Shrub","Low Shrub","Sandy Gravel","Mesic - Xeric",0,993.003235,239,7.430982,-149.391619,68.223199,0.276893485199944,1.31902586777568,"255-4-B-BENA_2009",8.73935143152873,-9.57838496814171,112.909729003906,164,5.93333339691162,-12.075000355641,1.5333333214124,10.4333333969116,7.80000019073486,0.775000007202228,37.3699991106987,305.809995651245,102.000001907349,2,"26B_2009",0.27
"1675","255-4-D-BENA",2009,0.041,0.118500874893407,32,1977,20,"255-4","BENA",56,29,5,0,12,0,0,0,0,0,0,NA,NA,NA,0,0,0,2,644.564014,"East","26B","Low Shrub","Low Shrub","Sandy Gravel","Mesic - Xeric",0,993.003235,239,7.430982,-149.391619,68.223199,-1.13347687857538,0.321912059276515,"255-4-D-BENA_2009",8.73935143152873,-9.57838496814171,112.909729003906,164,5.93333339691162,-12.075000355641,1.5333333214124,10.4333333969116,7.80000019073486,0.775000007202228,37.3699991106987,305.809995651245,102.000001907349,2,"26B_2009",0.27
"1676","261-1-C-BENA",2009,0.054,0.153925475917232,33,1976,21,"261-1","BENA",52,23,10,0,13,0,0,0,0,0,0,NA,NA,NA,0,0,0,0,356.206777,"East","26B","Dwarf Shrub","Low Shrub","Sandy Loam","Mesic",0,883.832947,287,13.943512,-149.352299,68.301689,-0.835207649989139,0.433784396754998,"261-1-C-BENA_2009",8.93160581588745,-9.70761712640524,122.367893218994,174.92541885376,5.93333339691162,-12.075000355641,1.5333333214124,10.4333333969116,7.80000019073486,0.775000007202228,37.3699991106987,305.809995651245,102.000001907349,2,"26B_2009",0.27
"1677","261-1-D-BENA",2009,0.07825,0.468981467367322,20,1989,21,"261-1","BENA",59,19,9,0,15,0,0,0,0,0,0,NA,NA,NA,0,0,0,0,356.206777,"East","26B","Dwarf Shrub","Low Shrub","Sandy Loam","Mesic",0,883.832947,287,13.943512,-149.352299,68.301689,-0.318707464919891,0.727088217008249,"261-1-D-BENA_2009",8.93160581588745,-9.70761712640524,122.367893218994,174.92541885376,5.93333339691162,-12.075000355641,1.5333333214124,10.4333333969116,7.80000019073486,0.775000007202228,37.3699991106987,305.809995651245,102.000001907349,2,"26B_2009",0.27
"1678","261-2-B-BENA",2009,0.073,0.655328373557196,23,1986,21,"261-2","BENA",66,25,12,0,19,0,0,0,0,0,0,NA,NA,NA,0,0,0,1,388.99561,"East","26B","Dwarf Shrub-Lichen","Low Shrub","Sandy Loam","Mesic",0,888.892761,295,13.025289,-149.351465,68.301786,0.182649053576436,1.20039306049849,"261-2-B-BENA_2009",8.93160581588745,-9.70761712640524,122.367893218994,174.92541885376,5.93333339691162,-12.075000355641,1.5333333214124,10.4333333969116,7.80000019073486,0.775000007202228,37.3699991106987,305.809995651245,102.000001907349,2,"26B_2009",0.27
"1679","261-2-C-BENA",2009,0.165,0.818754023396938,18,1991,21,"261-2","BENA",37,18,8,0,13,0,0,0,0,0,0,NA,NA,NA,0,0,0,1,388.99561,"East","26B","Dwarf Shrub-Lichen","Low Shrub","Sandy Loam","Mesic",0,888.892761,295,13.025289,-149.351465,68.301786,0.112782208390608,1.11938811305991,"261-2-C-BENA_2009",8.93160581588745,-9.70761712640524,122.367893218994,174.92541885376,5.93333339691162,-12.075000355641,1.5333333214124,10.4333333969116,7.80000019073486,0.775000007202228,37.3699991106987,305.809995651245,102.000001907349,2,"26B_2009",0.27
"1680","261-3-D-BENA",2009,0.0913333333333333,0.824642871428461,29,1980,21,"261-3","BENA",74,41,14,0,26,0,0,0,0,0,0,NA,NA,NA,0,0,0,1,380.53651,"East","26B","Tussock Tundra (Low shrub or Herbaceous)","Low Shrub","Sandy Loam","Mesic",0,884.224731,295,11.657486,-149.351558,68.302088,0.689080843967874,1.99188383951948,"261-3-D-BENA_2009",8.93160581588745,-9.70761712640524,122.367893218994,174.92541885376,5.93333339691162,-12.075000355641,1.5333333214124,10.4333333969116,7.80000019073486,0.775000007202228,37.3699991106987,305.809995651245,102.000001907349,2,"26B_2009",0.27
"1681","261-4-A-BENA",2009,0.079,0.391885409201443,44,1965,21,"261-4","BENA",45,23,13,0,13,0,0,0,0,0,0,NA,NA,NA,0,0,0,0,405.679111,"East","26B","Low Shrub","Low Shrub","Sandy Loam","Mesic",0,886.626587,308,9.946874,-149.350886,68.302265,0.442595396145543,1.55674234294955,"261-4-A-BENA_2009",8.93160581588745,-9.70761712640524,122.367893218994,174.92541885376,5.93333339691162,-12.075000355641,1.5333333214124,10.4333333969116,7.80000019073486,0.775000007202228,37.3699991106987,305.809995651245,102.000001907349,2,"26B_2009",0.27
"1682","261-4-B-BENA",2009,0.11325,0.858954824739976,23,1986,21,"261-4","BENA",71,30,12,0,13,0,0,0,0,0,0,NA,NA,NA,0,0,0,0,405.679111,"East","26B","Low Shrub","Low Shrub","Sandy Loam","Mesic",0,886.626587,308,9.946874,-149.350886,68.302265,0.45322893996925,1.57338435585007,"261-4-B-BENA_2009",8.93160581588745,-9.70761712640524,122.367893218994,174.92541885376,5.93333339691162,-12.075000355641,1.5333333214124,10.4333333969116,7.80000019073486,0.775000007202228,37.3699991106987,305.809995651245,102.000001907349,2,"26B_2009",0.27
"1683","268-1-B-BENA",2009,0.067,0.357827403243877,24,1985,22,"268-1","BENA",63,26,6,0,12,0,0,0,0,0,0,NA,NA,NA,0,0,1,2,212.091228,"West","26B","Low Shrub","Low Shrub","Sandy Gravel","Mesic",0,818.738892,195,1.432166,-149.327109,68.400098,-0.371648601102167,0.689596523411387,"268-1-B-BENA_2009",9.99548625946045,-9.08634230184058,128,160.045135498047,5.93333339691162,-12.075000355641,1.5333333214124,10.4333333969116,7.80000019073486,0.775000007202228,37.3699991106987,305.809995651245,102.000001907349,2,"26B_2009",0.27
"1684","268-1-C-BENA",2009,0.0415,0.223660191185182,21,1988,22,"268-1","BENA",47,18,6,0,11,0,0,0,0,0,0,NA,NA,NA,0,0,1,2,212.091228,"West","26B","Low Shrub","Low Shrub","Sandy Gravel","Mesic",0,818.738892,195,1.432166,-149.327109,68.400098,-1.00091963245941,0.367541282810728,"268-1-C-BENA_2009",9.99548625946045,-9.08634230184058,128,160.045135498047,5.93333339691162,-12.075000355641,1.5333333214124,10.4333333969116,7.80000019073486,0.775000007202228,37.3699991106987,305.809995651245,102.000001907349,2,"26B_2009",0.27
"1685","268-2-A-BENA",2009,0.333,4.30229332936671,19,1990,22,"268-2","BENA",60,23,9,0,24,0,0,0,0,0,0,NA,NA,NA,0,0,0,4,184.615387,"West","26B","Low Shrub","Low Shrub","Sandy Gravel","Mesic",0,819.441162,203,1.359031,-149.326454,68.400307,1.83642250400015,6.27405266563049,"268-2-A-BENA_2009",9.99548625946045,-9.08634230184058,128,160.045135498047,5.93333339691162,-12.075000355641,1.5333333214124,10.4333333969116,7.80000019073486,0.775000007202228,37.3699991106987,305.809995651245,102.000001907349,2,"26B_2009",0.27
"1686","268-3-C-BENA",2009,0.26375,2.86176019670981,6,2003,22,"268-3","BENA",50,27,5,0,11,0,0,0,0,0,0,NA,NA,NA,0,0,0,0,206.549982,"West","26B","Low Shrub","Low Shrub","Sandy Gravel","Mesic",0,819.661011,150,1.610195,-149.326989,68.400547,0.0531741727231139,1.05461331399657,"268-3-C-BENA_2009",9.99548625946045,-9.08634230184058,128,160.045135498047,5.93333339691162,-12.075000355641,1.5333333214124,10.4333333969116,7.80000019073486,0.775000007202228,37.3699991106987,305.809995651245,102.000001907349,2,"26B_2009",0.27
"1687","268-4-C-BENA",2009,0.0625,0.41861722109084,30,1979,22,"268-4","BENA",58,32,8,0,18,0,0,0,0,0,0,NA,NA,NA,0,0,0,5,171.881056,"West","26B","Dwarf Shrub-Lichen","Low Shrub","Sandy Gravel","Mesic",0,820.486511,188,1.085947,-149.326166,68.400831,0.0515434151871993,1.05289489692891,"268-4-C-BENA_2009",9.99548625946045,-9.08634230184058,128,160.045135498047,5.93333339691162,-12.075000355641,1.5333333214124,10.4333333969116,7.80000019073486,0.775000007202228,37.3699991106987,305.809995651245,102.000001907349,2,"26B_2009",0.27
"1688","268-4-D-BENA",2009,0.076,0.334265458341954,21,1988,22,"268-4","BENA",57,23,7,0,15,0,0,0,0,0,0,NA,NA,NA,0,0,0,5,171.881056,"West","26B","Dwarf Shrub-Lichen","Low Shrub","Sandy Gravel","Mesic",0,820.486511,188,1.085947,-149.326166,68.400831,-0.599112066104885,0.549299160960643,"268-4-D-BENA_2009",9.99548625946045,-9.08634230184058,128,160.045135498047,5.93333339691162,-12.075000355641,1.5333333214124,10.4333333969116,7.80000019073486,0.775000007202228,37.3699991106987,305.809995651245,102.000001907349,2,"26B_2009",0.27
"1689","282-1-B-BENA",2009,0.161333333333333,0.877177329498145,20,1989,23,"282-1","BENA",41,18,8,0,9,0,0,0,0,0,0,NA,NA,NA,0,0,0,0,577.316923,"West","26B","Tussock Tundra (Low shrub or Herbaceous)","Tussock Tundra","Clay Loam","Mesic",0,826.622314,26,2.82316,-149.530032,68.582817,0.307438454667249,1.35993710814446,"282-1-B-BENA_2009",10.4333333969116,-8.80833314235012,125,152,10.3333336512248,-8.56666678190231,5.73333342870076,14.9666665395101,25.2999999523163,1.00833333283663,64.8399984836578,267.76999861002,83.5999994277954,2,"26B_2009",0.27
"1690","282-1-D-BENA",2009,0.09725,1.37292998574247,19,1990,23,"282-1","BENA",74,20,11,0,15,0,0,0,0,0,0,NA,NA,NA,0,0,0,0,577.316923,"West","26B","Tussock Tundra (Low shrub or Herbaceous)","Tussock Tundra","Clay Loam","Mesic",0,826.622314,26,2.82316,-149.530032,68.582817,0.694221422913988,2.00214963911806,"282-1-D-BENA_2009",10.4333333969116,-8.80833314235012,125,152,10.3333336512248,-8.56666678190231,5.73333342870076,14.9666665395101,25.2999999523163,1.00833333283663,64.8399984836578,267.76999861002,83.5999994277954,2,"26B_2009",0.27
"1691","282-2-A-BENA",2009,0.03325,0.0790485580000855,22,1987,23,"282-2","BENA",44,16,6,0,7,0,0,0,0,0,0,NA,NA,NA,0,0,0,0,604.079816,"West","26B","Low Shrub","Low Shrub-Tussock Tundra","Clay Loam","Mesic",0,826.41803,354,3.355184,-149.530916,68.583004,-1.9854710744571,0.137315912859494,"282-2-A-BENA_2009",10.4333333969116,-8.80833314235012,125,152,10.3333336512248,-8.56666678190231,5.73333342870076,14.9666665395101,25.2999999523163,1.00833333283663,64.8399984836578,267.76999861002,83.5999994277954,2,"26B_2009",0.27
"1692","282-2-B-BENA",2009,0.029,0.130782931372616,18,1991,23,"282-2","BENA",27,18,6,0,5,0,0,0,0,0,0,NA,NA,NA,0,0,0,0,604.079816,"West","26B","Low Shrub","Low Shrub-Tussock Tundra","Clay Loam","Mesic",0,826.41803,354,3.355184,-149.530916,68.583004,-1.72146255620452,0.178804445030082,"282-2-B-BENA_2009",10.4333333969116,-8.80833314235012,125,152,10.3333336512248,-8.56666678190231,5.73333342870076,14.9666665395101,25.2999999523163,1.00833333283663,64.8399984836578,267.76999861002,83.5999994277954,2,"26B_2009",0.27
"1693","282-3-B-BENA",2009,0.0175,0.081944517378073,15,1994,23,"282-3","BENA",31,18,7,0,8,0,0,0,0,0,0,NA,NA,NA,0,0,0,0,571.732475,"West","26B","Low Shrub","Low Shrub-Tussock Tundra","Clay Loam","Mesic",0,823.876221,27,3.830761,-149.53038,68.583298,-2.40653045167697,0.0901274542903847,"282-3-B-BENA_2009",10.4333333969116,-8.80833314235012,125,152,10.3333336512248,-8.56666678190231,5.73333342870076,14.9666665395101,25.2999999523163,1.00833333283663,64.8399984836578,267.76999861002,83.5999994277954,2,"26B_2009",0.27
"1694","282-3-D-BENA",2009,0.0995,1.30068061964292,12,1997,23,"282-3","BENA",82,20,10,0,18,0,0,0,0,0,0,NA,NA,NA,0,0,0,0,571.732475,"West","26B","Low Shrub","Low Shrub-Tussock Tundra","Clay Loam","Mesic",0,823.876221,27,3.830761,-149.53038,68.583298,0.091784283726372,1.09612834385388,"282-3-D-BENA_2009",10.4333333969116,-8.80833314235012,125,152,10.3333336512248,-8.56666678190231,5.73333342870076,14.9666665395101,25.2999999523163,1.00833333283663,64.8399984836578,267.76999861002,83.5999994277954,2,"26B_2009",0.27
"1695","282-4-A-BENA",2009,0.0315,0.271645662774276,21,1988,23,"282-4","BENA",52,15,7,0,6,0,0,0,0,0,0,NA,NA,NA,0,0,0,0,597.547448,"West","26B","Tussock Tundra (Low shrub or Herbaceous)","Low Shrub-Tussock Tundra","Clay Loam","Mesic",0,823.620117,358,4.137664,-149.531178,68.583423,-0.806549022219345,0.446395913537261,"282-4-A-BENA_2009",10.4333333969116,-8.80833314235012,125,152,10.3333336512248,-8.56666678190231,5.73333342870076,14.9666665395101,25.2999999523163,1.00833333283663,64.8399984836578,267.76999861002,83.5999994277954,2,"26B_2009",0.27
"1696","282-4-C-BENA",2009,0.1155,1.30627422536263,9,2000,23,"282-4","BENA",38,12,6,0,9,0,0,0,0,0,0,NA,NA,NA,0,0,0,0,597.547448,"West","26B","Tussock Tundra (Low shrub or Herbaceous)","Low Shrub-Tussock Tundra","Clay Loam","Mesic",0,823.620117,358,4.137664,-149.531178,68.583423,-0.247226550229738,0.780963745972311,"282-4-C-BENA_2009",10.4333333969116,-8.80833314235012,125,152,10.3333336512248,-8.56666678190231,5.73333342870076,14.9666665395101,25.2999999523163,1.00833333283663,64.8399984836578,267.76999861002,83.5999994277954,2,"26B_2009",0.27
"1697","60-2-A-BENA",2009,0.18025,1.459990979456,8,2001,1,"60-2","BENA",89,NA,9,0,10,0,0,0,0,0,0,NA,NA,NA,0,0,2,0,1432.670461,"West","20F","Low Shrub","Low Shrub","Silt Loam","Mesic",0,110.927505,264,1.953402,-149.84073,65.909949,-0.27653032372888,0.758410620944927,"60-2-A-BENA_2009",15.2258106867472,-5.55225706100464,83.3610844612122,76.3610849380493,14.5333334604899,-3.64166665077209,9.23333342870077,19.9000002543132,79.9000024795532,1.04166668777664,75.7099988460541,233.329998373985,129.300005435944,2,"20F_2009",0.375
"1698","60-2-D-BENA",2009,0.24475,2.15427902890853,8,2001,1,"60-2","BENA",102,NA,7,0,18,0,0,0,0,0,0,NA,NA,NA,0,0,2,0,1432.670461,"West","20F","Low Shrub","Low Shrub","Silt Loam","Mesic",0,110.927505,264,1.953402,-149.84073,65.909949,0.11249552925264,1.11906725383463,"60-2-D-BENA_2009",15.2258106867472,-5.55225706100464,83.3610844612122,76.3610849380493,14.5333334604899,-3.64166665077209,9.23333342870077,19.9000002543132,79.9000024795532,1.04166668777664,75.7099988460541,233.329998373985,129.300005435944,2,"20F_2009",0.375
"1699","60-4-A-BENA",2009,0.1265,1.07340838230427,10,1999,1,"60-4","BENA",92,NA,7,13,13,0,0,0,0,0,0,NA,NA,NA,0,0,1,0,1406.241796,"West","20F","Tall Shrub (Open-Closed)","Black Spruce Woodland","Silt Loam","Mesic",0,110.670654,252,1.181915,-149.840942,65.910317,-0.317835767433376,0.72772229430113,"60-4-A-BENA_2009",15.2258106867472,-5.55225706100464,83.3610844612122,76.3610849380493,14.5333334604899,-3.64166665077209,9.23333342870077,19.9000002543132,79.9000024795532,1.04166668777664,75.7099988460541,233.329998373985,129.300005435944,2,"20F_2009",0.375
"1700","60-4-B-BENA",2009,0.1035,0.678923305181982,19,1990,1,"60-4","BENA",95,NA,9,0,9,0,2,0,0,0.222222222,0,NA,"Hare",NA,1,0,1,0,1406.241796,"West","20F","Tall Shrub (Open-Closed)","Black Spruce Woodland","Silt Loam","Mesic",0,110.670654,252,1.181915,-149.840942,65.910317,-0.00997281934597172,0.990076744316892,"60-4-B-BENA_2009",15.2258106867472,-5.55225706100464,83.3610844612122,76.3610849380493,14.5333334604899,-3.64166665077209,9.23333342870077,19.9000002543132,79.9000024795532,1.04166668777664,75.7099988460541,233.329998373985,129.300005435944,2,"20F_2009",0.375
"1701","72-1-C-BENA",2009,0.067,0.318150658825364,41,1968,2,"72-1","BENA",118,71,9,0,11,0,2,0,0,0.181818182,0,NA,"Hare",NA,1,0,0,0,895.937772,"West","20F","Tussock Tundra (Low shrub or Herbaceous)","Black Spruce Woodland","Clay Loam","Mesic",0,130.808105,148,1.606934,-150.14017,66.022623,0.149880290893094,1.16169516891308,"72-1-C-BENA_2009",15.4688688913981,-5.30625782410304,80.3107719421387,77,13.0333334604899,-5.31666688124339,7.86666679382324,18.2333335876465,68.0000014305115,1.09166667486231,78.7699980735779,246.069997549057,134.800002098083,2,"20F_2009",0.375
"1702","72-1-D-BENA",2009,0.12325,0.770433775840693,53,1956,2,"72-1","BENA",65,41,8,7,4,0,0,0,0,0,0,NA,NA,NA,0,0,0,0,895.937772,"West","20F","Tussock Tundra (Low shrub or Herbaceous)","Black Spruce Woodland","Clay Loam","Mesic",0,130.808105,148,1.606934,-150.14017,66.022623,1.34066266668398,3.82157509697007,"72-1-D-BENA_2009",15.4688688913981,-5.30625782410304,80.3107719421387,77,13.0333334604899,-5.31666688124339,7.86666679382324,18.2333335876465,68.0000014305115,1.09166667486231,78.7699980735779,246.069997549057,134.800002098083,2,"20F_2009",0.375
"1703","72-2-A-BENA",2009,0.08725,0.516617436773703,40,1969,2,"72-2","BENA",121,72,12,21,14,0,0,0,0,0,0,NA,NA,NA,0,0,0,0,855.94066,"West","20F","Tussock Tundra (Low shrub or Herbaceous)","Black Spruce Woodland","Clay Loam","Mesic",0,131.055786,179,2.125059,-150.13956,66.022889,0.605191234548124,1.83160244106162,"72-2-A-BENA_2009",15.4688688913981,-5.30625782410304,80.3107719421387,77,13.0333334604899,-5.31666688124339,7.86666679382324,18.2333335876465,68.0000014305115,1.09166667486231,78.7699980735779,246.069997549057,134.800002098083,2,"20F_2009",0.375
"1704","72-2-B-BENA",2009,0.0685,0.575227185668616,10,1999,2,"72-2","BENA",104,67,9,0,5,0,1,0,0,0.2,0,NA,"Hare",NA,1,0,0,0,855.94066,"West","20F","Tussock Tundra (Low shrub or Herbaceous)","Black Spruce Woodland","Clay Loam","Mesic",0,131.055786,179,2.125059,-150.13956,66.022889,-0.941664967986472,0.389977993650964,"72-2-B-BENA_2009",15.4688688913981,-5.30625782410304,80.3107719421387,77,13.0333334604899,-5.31666688124339,7.86666679382324,18.2333335876465,68.0000014305115,1.09166667486231,78.7699980735779,246.069997549057,134.800002098083,2,"20F_2009",0.375
"1705","72-3-C-BENA",2009,0.29225,3.97573439415355,7,2002,2,"72-3","BENA",65,39,9,0,4,0,0,0,0,0,0,NA,NA,NA,0,0,1,0,885.368743,"West","20F","Tussock Tundra (Low shrub or Herbaceous)","Black Spruce Woodland","Clay Loam","Mesic",0,132.401993,119,2.284806,-150.140609,66.023021,0.565900731855324,1.76103328733755,"72-3-C-BENA_2009",15.4688688913981,-5.30625782410304,80.3107719421387,77,13.0333334604899,-5.31666688124339,7.86666679382324,18.2333335876465,68.0000014305115,1.09166667486231,78.7699980735779,246.069997549057,134.800002098083,2,"20F_2009",0.375
"1706","72-3-D-BENA",2009,0.05,0.176871666397106,53,1956,2,"72-3","BENA",104,47,11,0,9,0,0,0,0,0,0,NA,NA,NA,0,0,1,0,885.368743,"West","20F","Tussock Tundra (Low shrub or Herbaceous)","Black Spruce Woodland","Clay Loam","Mesic",0,132.401993,119,2.284806,-150.140609,66.023021,-0.13086661379699,0.877334790943205,"72-3-D-BENA_2009",15.4688688913981,-5.30625782410304,80.3107719421387,77,13.0333334604899,-5.31666688124339,7.86666679382324,18.2333335876465,68.0000014305115,1.09166667486231,78.7699980735779,246.069997549057,134.800002098083,2,"20F_2009",0.375
"1707","72-4-A-BENA",2009,0.10725,0.593259731150683,11,1998,2,"72-4","BENA",97,39,7,0,8,0,0,0,0,0,0,NA,NA,NA,0,0,0,0,844.255779,"West","20F","Tussock Tundra (Low shrub or Herbaceous)","Low Shrub-Tussock Tundra","Clay Loam","Mesic",0,132.260803,156,1.029158,-150.139994,66.023305,-0.797060416910819,0.450651747204487,"72-4-A-BENA_2009",15.4688688913981,-5.30625782410304,80.3107719421387,77,13.0333334604899,-5.31666688124339,7.86666679382324,18.2333335876465,68.0000014305115,1.09166667486231,78.7699980735779,246.069997549057,134.800002098083,2,"20F_2009",0.375
"1708","72-4-D-BENA",2009,0.0395,0.120742401251744,12,1997,2,"72-4","BENA",85,37,8,0,12,0,0,0,0,0,0,NA,NA,NA,0,0,0,0,844.255779,"West","20F","Tussock Tundra (Low shrub or Herbaceous)","Low Shrub-Tussock Tundra","Clay Loam","Mesic",0,132.260803,156,1.029158,-150.139994,66.023305,-2.28519931532803,0.101753778997145,"72-4-D-BENA_2009",15.4688688913981,-5.30625782410304,80.3107719421387,77,13.0333334604899,-5.31666688124339,7.86666679382324,18.2333335876465,68.0000014305115,1.09166667486231,78.7699980735779,246.069997549057,134.800002098083,2,"20F_2009",0.375
"1709","97-3-D-BENA",2009,0.12875,1.15024015398817,14,1995,4,"97-3","BENA",75,49,7,21,13,0,0,0,0,0,0,NA,NA,NA,0,0,0,0,924.995234,"East","24A","Tussock Tundra (Low shrub or Herbaceous)","Tall Shrub","Gravely Sand Loam","Mesic",2004,557.015015,71,7.919354,-150.432427,66.349149,0.152821316579538,1.16511677329155,"97-3-D-BENA_2009",13.0045134226481,-6.03752950827281,174.864593505859,163.729187011719,13.0333334604899,-5.31666688124339,7.86666679382324,18.2333335876465,68.0000014305115,1.09166667486231,78.7699980735779,246.069997549057,134.800002098083,2,"24A_2009",0.85
"1710","102-3-B-BENA",2008,0.34375,4.57482158332711,28,1980,5,"102-3","BENA",72,NA,16,0,12,0,0,0,0,0,0,NA,NA,NA,0,0,0,0,939.238254,"West","24A","Tussock Tundra (Low shrub or Herbaceous)","Low Shrub","Sandy Loam","Mesic",2004,424.339783,330,3.896938,-150.565669,66.401242,2.36057758512215,10.5970703953572,"102-3-B-BENA_2008",12.1666666666667,-6.48333342870076,335,101,12.200000445048,-5.76666673024495,7.53333361943563,16.9333337148031,55.1000018119812,0.941666671385368,112.609998703003,246.479997932911,252.800003051758,2,"24A_2008",0.87
"1711","111-1-A-BENA",2008,0.5755,5.15728169703199,20,1988,6,"111-1","BENA",45,37,7,0,7,0,0,0,0,0,0,NA,NA,NA,0,0,0,0,640.914524,"West","24A","Tall Shrub (Open-Closed)","Low Shrub","Gravely Sand Loam","Mesic",0,512.854736,12,8.158982,-150.736683,66.498494,2.07889419938828,7.99562245978325,"111-1-A-BENA_2008",12.1120220820109,-6.5172579685847,372.417572021484,99.7387022972107,12.200000445048,-5.76666673024495,7.53333361943563,16.9333337148031,55.1000018119812,0.941666671385368,112.609998703003,246.479997932911,252.800003051758,2,"24A_2008",0.87
"1712","111-1-B-BENA",2008,0.16875,1.31621442086814,12,1996,6,"111-1","BENA",89,51,9,0,12,0,0,0,0,0,0,NA,NA,NA,0,0,0,0,640.914524,"West","24A","Tall Shrub (Open-Closed)","Low Shrub","Gravely Sand Loam","Mesic",0,512.854736,12,8.158982,-150.736683,66.498494,0.103656356114994,1.10921921301393,"111-1-B-BENA_2008",12.1120220820109,-6.5172579685847,372.417572021484,99.7387022972107,12.200000445048,-5.76666673024495,7.53333361943563,16.9333337148031,55.1000018119812,0.941666671385368,112.609998703003,246.479997932911,252.800003051758,2,"24A_2008",0.87
"1713","111-2-A-BENA",2008,0.42275,4.37777696510314,8,2000,6,"111-2","BENA",70,39,11,0,13,0,0,0,0,0,0,NA,NA,NA,0,0,0,0,685.564701,"West","24A","Tall Shrub (Open-Closed)","Low Shrub","Gravely Sand Loam","Mesic",0,516.430603,8,6.353059,-150.737535,66.498284,0.821580472356069,2.27409113698728,"111-2-A-BENA_2008",12.104214032491,-6.52078596750895,373.252838134766,100.063211917877,12.200000445048,-5.76666673024495,7.53333361943563,16.9333337148031,55.1000018119812,0.941666671385368,112.609998703003,246.479997932911,252.800003051758,2,"24A_2008",0.87
"1714","111-2-D-BENA",2008,0.19975,1.81874790142626,12,1996,6,"111-2","BENA",75,31,6,0,7,0,0,0,0,0,0,NA,NA,NA,0,0,0,0,685.564701,"West","24A","Tall Shrub (Open-Closed)","Low Shrub","Gravely Sand Loam","Mesic",0,516.430603,8,6.353059,-150.737535,66.498284,0.427044900775779,1.53272148056253,"111-2-D-BENA_2008",12.104214032491,-6.52078596750895,373.252838134766,100.063211917877,12.200000445048,-5.76666673024495,7.53333361943563,16.9333337148031,55.1000018119812,0.941666671385368,112.609998703003,246.479997932911,252.800003051758,2,"24A_2008",0.87
"1715","111-3-A-BENA",2008,0.07875,0.627469318953784,21,1987,6,"111-3","BENA",108,46,7,0,11,0,0,0,0,0,0,NA,NA,NA,0,0,0,0,664.632709,"West","24A","Tall Shrub (Open-Closed)","Low Shrub","Gravely Sand Loam","Mesic",0,511.257965,359,9.703425,-150.737553,66.498636,0.0306472468512003,1.03112170829588,"111-3-A-BENA_2008",12.1120220820109,-6.5172579685847,372.417572021484,99.7387022972107,12.200000445048,-5.76666673024495,7.53333361943563,16.9333337148031,55.1000018119812,0.941666671385368,112.609998703003,246.479997932911,252.800003051758,2,"24A_2008",0.87
"1716","111-3-D-BENA",2008,0.34025,5.88845106248995,11,1997,6,"111-3","BENA",95,38,7,3,16,0,0,0,0,0,0,NA,NA,NA,0,0,0,0,664.632709,"West","24A","Tall Shrub (Open-Closed)","Low Shrub","Gravely Sand Loam","Mesic",0,511.257965,359,9.703425,-150.737553,66.498636,1.49805554934331,4.47298311397645,"111-3-D-BENA_2008",12.1120220820109,-6.5172579685847,372.417572021484,99.7387022972107,12.200000445048,-5.76666673024495,7.53333361943563,16.9333337148031,55.1000018119812,0.941666671385368,112.609998703003,246.479997932911,252.800003051758,2,"24A_2008",0.87
"1717","111-4-A-BENA",2008,0.39625,6.3428529874006,10,1998,6,"111-4","BENA",112,61,10,0,19,0,0,0,0,0,0,NA,NA,NA,0,0,0,0,707.594422,"West","24A","Tall Shrub (Open-Closed)","Low Shrub","Gravely Sand Loam","Mesic",0,515.006653,353,8.170983,-150.73833,66.498407,1.45865390796441,4.30016720989003,"111-4-A-BENA_2008",12.104214032491,-6.52078596750895,373.252838134766,100.063211917877,12.200000445048,-5.76666673024495,7.53333361943563,16.9333337148031,55.1000018119812,0.941666671385368,112.609998703003,246.479997932911,252.800003051758,2,"24A_2008",0.87
"1718","111-4-C-BENA",2008,0.0726666666666667,0.367545417183679,16,1992,6,"111-4","BENA",51,30,7,0,13,0,0,0,0,0,0,NA,NA,NA,0,0,0,0,707.594422,"West","24A","Tall Shrub (Open-Closed)","Low Shrub","Gravely Sand Loam","Mesic",0,515.006653,353,8.170983,-150.73833,66.498407,-0.828709645883432,0.436612307483384,"111-4-C-BENA_2008",12.104214032491,-6.52078596750895,373.252838134766,100.063211917877,12.200000445048,-5.76666673024495,7.53333361943563,16.9333337148031,55.1000018119812,0.941666671385368,112.609998703003,246.479997932911,252.800003051758,2,"24A_2008",0.87
"1719","121-1-C-BENA",2008,0.033,0.355285854787123,36,1972,7,"121-1","BENA",60,36,11,0,11,0,0,0,0,0,0,NA,NA,NA,0,0,0,0,1394.51987,"East","24A","Tall Shrub (Open-Closed)","Low Shrub","Clay Loam","Mesic",2005,466.470276,61,7.209129,-150.675843,66.599029,0.10508051647265,1.1108000444566,"121-1-C-BENA_2008",12.6999998092651,-6.24999984105428,363,86,12.3333336512248,-6.01666669050852,7.5666667620341,17.1333332061768,61.6000008583069,1.05000002620121,108.999997615814,246.699997201562,222.200004577637,2,"24A_2008",0.87
"1720","121-1-D-BENA",2008,0.718,10.8542528836352,24,1984,7,"121-1","BENA",73,42,19,0,25,0,0,0,0,0,0,NA,NA,NA,0,0,0,0,1394.51987,"East","24A","Tall Shrub (Open-Closed)","Low Shrub","Clay Loam","Mesic",2005,466.470276,61,7.209129,-150.675843,66.599029,3.04061289560535,20.9180598940362,"121-1-D-BENA_2008",12.6999998092651,-6.24999984105428,363,86,12.3333336512248,-6.01666669050852,7.5666667620341,17.1333332061768,61.6000008583069,1.05000002620121,108.999997615814,246.699997201562,222.200004577637,2,"24A_2008",0.87
"1721","129-3-A-BENA",2008,0.11375,1.62748931147203,56,1952,8,"129-3","BENA",51,35,12,0,6,0,0,0,0,0,0,NA,NA,NA,0,0,0,0,1022.673056,"East","24A","Tussock Tundra (Low shrub or Herbaceous)","Low Shrub-Tussock Tundra","Sandy Loam","Mesic - Hydric",2005,301.546051,352,6.265718,-150.646771,66.710061,2.15420773184578,8.62105728344201,"129-3-A-BENA_2008",13,-6.13333344459534,349,76,12.3333336512248,-6.01666669050852,7.5666667620341,17.1333332061768,61.6000008583069,1.05000002620121,108.999997615814,246.699997201562,222.200004577637,2,"24A_2008",0.87
"1722","129-4-D-BENA",2008,0.3105,7.6217920187348,47,1961,8,"129-4","BENA",87,41,18,0,9,0,0,0,0,0,0,NA,NA,NA,0,0,0,0,1057.255538,"East","24A","Tussock Tundra (Low shrub or Herbaceous)","Tall Shrub","Sandy Loam","Mesic - Hydric",2005,303.823029,358,6.979915,-150.646167,66.709845,3.48910290871828,32.7565489070564,"129-4-D-BENA_2008",13,-6.13333344459534,349,76,12.3333336512248,-6.01666669050852,7.5666667620341,17.1333332061768,61.6000008583069,1.05000002620121,108.999997615814,246.699997201562,222.200004577637,2,"24A_2008",0.87
"1723","147-1-A-BENA",2008,0.23125,1.59483441933338,9,1999,9,"147-1","BENA",104,58,9,25,11,1,1,0,0.090909091,0.090909091,0,"Moose","Hare",NA,1,1,0,0,984.758365,"West","24A","Low Shrub","Tall Shrub","Clay Loam","Mesic - Hydric",0,426.634277,145,7.907337,-150.485282,66.911769,-0.047635614003148,0.953481158967525,"147-1-A-BENA_2008",12.5333334604899,-6.39999981721242,355.361083984375,76.1354064941406,10.8000001907349,-7.24166689316432,6.16666666666667,15.5000006357829,39.7000002861023,0.983333363508185,104.869998693466,259.739998817444,232.100006103516,2,"24A_2008",0.87
"1724","147-2-A-BENA",2008,0.079,0.29596158991306,13,1995,9,"147-2","BENA",89,56,6,61,9,0,0,0,0,0,0,NA,NA,NA,0,2,1,0,986.173835,"West","24A","Low Shrub","Tall Shrub","Clay Loam","Mesic - Hydric",0,428.943481,147,8.698308,-150.484958,66.912025,-1.29311093768394,0.274415763483276,"147-2-A-BENA_2008",12.5333334604899,-6.39999981721242,355.361083984375,76.1354064941406,10.8000001907349,-7.24166689316432,6.16666666666667,15.5000006357829,39.7000002861023,0.983333363508185,104.869998693466,259.739998817444,232.100006103516,2,"24A_2008",0.87
"1725","147-3-A-BENA",2008,0.103,0.946483326710265,18,1990,9,"147-3","BENA",107,63,8,18,8,1,0,0,0.125,0,0,"Moose",NA,NA,1,2,1,0,952.272152,"West","24A","White Spruce or Black Spruce (Woodland)","Black Spruce Woodland","Clay Loam","Mesic - Hydric",0,425.583191,170,6.572863,-150.484233,66.911912,0.25775186214348,1.29401768400865,"147-3-A-BENA_2008",12.5333334604899,-6.39999981721242,355.361083984375,76.1354064941406,10.8000001907349,-7.24166689316432,6.16666666666667,15.5000006357829,39.7000002861023,0.983333363508185,104.869998693466,259.739998817444,232.100006103516,2,"24A_2008",0.87
"1726","147-3-C-BENA",2008,0.0455,0.249148717781919,14,1994,9,"147-3","BENA",136,53,12,30,29,2,1,0,0.068965517,0.034482759,0,"Moose","Hare",NA,1,2,1,0,952.272152,"West","24A","White Spruce or Black Spruce (Woodland)","Black Spruce Woodland","Clay Loam","Mesic - Hydric",0,425.583191,170,6.572863,-150.484233,66.911912,-1.37685473418664,0.252371080182951,"147-3-C-BENA_2008",12.5333334604899,-6.39999981721242,355.361083984375,76.1354064941406,10.8000001907349,-7.24166689316432,6.16666666666667,15.5000006357829,39.7000002861023,0.983333363508185,104.869998693466,259.739998817444,232.100006103516,2,"24A_2008",0.87
"1727","147-4-A-BENA",2008,0.435,3.67886782920672,8,2000,9,"147-4","BENA",65,33,9,8,10,0,0,0,0,0,0,NA,NA,NA,0,0,1,0,956.341518,"West","24A","Tall Shrub (Open-Closed)","Tall Shrub","Clay Loam","Mesic - Hydric",0,428.39856,129,7.52786,-150.483929,66.912191,0.647644468763186,1.91103402280101,"147-4-A-BENA_2008",12.5333334604899,-6.39999981721242,355.361083984375,76.1354064941406,10.8000001907349,-7.24166689316432,6.16666666666667,15.5000006357829,39.7000002861023,0.983333363508185,104.869998693466,259.739998817444,232.100006103516,2,"24A_2008",0.87
"1728","147-4-D-BENA",2008,0.06775,0.321978100425142,22,1986,9,"147-4","BENA",94,47,7,14,7,0,0,0,0,0,0,NA,NA,NA,0,0,1,0,956.341518,"West","24A","Tall Shrub (Open-Closed)","Tall Shrub","Clay Loam","Mesic - Hydric",0,428.39856,129,7.52786,-150.483929,66.912191,-0.58104986419855,0.559310857771706,"147-4-D-BENA_2008",12.5333334604899,-6.39999981721242,355.361083984375,76.1354064941406,10.8000001907349,-7.24166689316432,6.16666666666667,15.5000006357829,39.7000002861023,0.983333363508185,104.869998693466,259.739998817444,232.100006103516,2,"24A_2008",0.87
"1729","151-1-C-BENA",2008,0.1825,2.69613445026485,10,1998,10,"151-1","BENA",118,82,11,0,4,0,0,0,0,0,0,NA,NA,NA,0,0,0,0,725.03173,"East","24A","White Spruce or Black Spruce (Open-Closed)","Low Shrub","Clay Loam","Mesic",0,471.29071,296,22.022722,-150.362735,66.958242,0.603144304804164,1.82785711406424,"151-1-C-BENA_2008",11.6649392445882,-7.2205017209053,376.862213134766,82,10.8000001907349,-7.24166689316432,6.16666666666667,15.5000006357829,39.7000002861023,0.983333363508185,104.869998693466,259.739998817444,232.100006103516,2,"24A_2008",0.87
"1730","151-1-D-BENA",2008,0.1,0.451289784688172,24,1984,10,"151-1","BENA",90,67,12,0,8,0,0,0,0,0,0,NA,NA,NA,0,0,0,0,725.03173,"East","24A","White Spruce or Black Spruce (Open-Closed)","Low Shrub","Clay Loam","Mesic",0,471.29071,296,22.022722,-150.362735,66.958242,-0.139589686130008,0.869715018332269,"151-1-D-BENA_2008",11.6649392445882,-7.2205017209053,376.862213134766,82,10.8000001907349,-7.24166689316432,6.16666666666667,15.5000006357829,39.7000002861023,0.983333363508185,104.869998693466,259.739998817444,232.100006103516,2,"24A_2008",0.87
"1731","151-2-A-BENA",2008,0.37125,5.07843263016541,13,1995,10,"151-2","BENA",119,71,11,0,4,0,0,0,0,0,0,NA,NA,NA,0,1,0,0,737.726474,"East","24A","Low Shrub","Low Shrub","Clay Loam","Mesic",0,482.941345,297,25.566626,-150.361917,66.958285,1.54941733581535,4.70872577726926,"151-2-A-BENA_2008",11.6649392445882,-7.2205017209053,376.862213134766,82,10.8000001907349,-7.24166689316432,6.16666666666667,15.5000006357829,39.7000002861023,0.983333363508185,104.869998693466,259.739998817444,232.100006103516,2,"24A_2008",0.87
"1732","151-2-B-BENA",2008,0.54625,5.39411556796138,13,1995,10,"151-2","BENA",142,91,14,0,17,0,0,0,0,0,0,NA,NA,NA,0,1,0,0,737.726474,"East","24A","Low Shrub","Low Shrub","Clay Loam","Mesic",0,482.941345,297,25.566626,-150.361917,66.958285,1.60972330896963,5.00142718632499,"151-2-B-BENA_2008",11.6649392445882,-7.2205017209053,376.862213134766,82,10.8000001907349,-7.24166689316432,6.16666666666667,15.5000006357829,39.7000002861023,0.983333363508185,104.869998693466,259.739998817444,232.100006103516,2,"24A_2008",0.87
"1733","151-3-A-BENA",2008,0.37325,5.54434338706338,6,2002,10,"151-3","BENA",91,52,9,0,6,0,0,0,0,0,0,NA,NA,NA,0,0,0,0,698.113665,"East","24A","White Spruce or Black Spruce (Open-Closed)","Low Shrub","Clay Loam","Mesic",0,469.98999,301,21.5443,-150.36215,66.958641,0.714515482283073,2.04319647749954,"151-3-A-BENA_2008",11.6649392445882,-7.2205017209053,376.862213134766,82,10.8000001907349,-7.24166689316432,6.16666666666667,15.5000006357829,39.7000002861023,0.983333363508185,104.869998693466,259.739998817444,232.100006103516,2,"24A_2008",0.87
"1734","151-3-C-BENA",2008,0.15575,1.25787583068914,22,1986,10,"151-3","BENA",86,51,13,0,9,0,0,0,0,0,0,NA,NA,NA,0,0,0,0,698.113665,"East","24A","White Spruce or Black Spruce (Open-Closed)","Low Shrub","Clay Loam","Mesic",0,469.98999,301,21.5443,-150.36215,66.958641,0.781646332316073,2.18506665175077,"151-3-C-BENA_2008",11.6649392445882,-7.2205017209053,376.862213134766,82,10.8000001907349,-7.24166689316432,6.16666666666667,15.5000006357829,39.7000002861023,0.983333363508185,104.869998693466,259.739998817444,232.100006103516,2,"24A_2008",0.87
"1735","151-4-A-BENA",2008,0.067,0.522322765382164,22,1986,10,"151-4","BENA",65,36,9,0,8,0,0,0,0,0,0,NA,NA,NA,0,0,0,0,714.907956,"East","24A","Low Shrub","Low Shrub","Clay Loam","Mesic",0,485.466003,301,24.973797,-150.361301,66.958638,-0.097247675042333,0.907331254994807,"151-4-A-BENA_2008",11.6649392445882,-7.2205017209053,376.862213134766,82,10.8000001907349,-7.24166689316432,6.16666666666667,15.5000006357829,39.7000002861023,0.983333363508185,104.869998693466,259.739998817444,232.100006103516,2,"24A_2008",0.87
"1736","151-4-D-BENA",2008,0.21225,1.49847313326798,15,1993,10,"151-4","BENA",83,56,8,0,9,0,0,0,0,0,0,NA,NA,NA,0,0,0,0,714.907956,"East","24A","Low Shrub","Low Shrub","Clay Loam","Mesic",0,485.466003,301,24.973797,-150.361301,66.958638,0.499629104920401,1.64810988148083,"151-4-D-BENA_2008",11.6649392445882,-7.2205017209053,376.862213134766,82,10.8000001907349,-7.24166689316432,6.16666666666667,15.5000006357829,39.7000002861023,0.983333363508185,104.869998693466,259.739998817444,232.100006103516,2,"24A_2008",0.87
"1737","158-2-C-BENA",2008,0.375,2.59417013370177,20,1988,11,"158-2","BENA",54,29,8,0,53,0,0,0,0,0,0,NA,NA,NA,0,0,0,1,1283.38641,"East","24A","Tussock Tundra (Low shrub or Herbaceous)","Low Shrub","Sandy Loam","Mesic - Xeric",2005,590.000549,54,15.617359,-150.286104,67.046812,1.39175123274314,4.02188714986459,"158-2-C-BENA_2008",12.5333331425985,-6.81666672229767,344,84,10.7666670481364,-7.50833332538605,6,15.6000000635783,42.6000003814697,1.01666669299205,100.919997215271,261.289996862411,189.600002288818,2,"24A_2008",0.87
"1738","173-1-A-BENA",2008,0.04025,0.184963427325048,40,1968,12,"173-1","BENA",69,40,12,0,9,0,0,0,0,0,0,NA,NA,NA,0,0,0,0,1301.486525,"East","24A","Low Shrub","Low Shrub","Clay Loam","Mesic",0,349.871613,358,2.901099,-150.191497,67.228159,-0.421953283093304,0.655764673974948,"173-1-A-BENA_2008",12.9957046508789,-6.60951550801595,298.461227416992,93.7771759033203,10.7666670481364,-7.50833332538605,6,15.6000000635783,42.6000003814697,1.01666669299205,100.919997215271,261.289996862411,189.600002288818,2,"24A_2008",0.87
"1739","173-1-B-BENA",2008,0.11225,0.643134085322747,18,1990,12,"173-1","BENA",101,53,11,0,7,0,0,0,0,0,0,NA,NA,NA,0,0,0,0,1301.486525,"East","24A","Low Shrub","Low Shrub","Clay Loam","Mesic",0,349.871613,358,2.901099,-150.191497,67.228159,-0.128648259292753,0.879283190850251,"173-1-B-BENA_2008",12.9957046508789,-6.60951550801595,298.461227416992,93.7771759033203,10.7666670481364,-7.50833332538605,6,15.6000000635783,42.6000003814697,1.01666669299205,100.919997215271,261.289996862411,189.600002288818,2,"24A_2008",0.87
"1740","173-2-A-BENA",2008,0.025,0.100648774639384,49,1959,12,"173-2","BENA",94,43,12,0,6,0,0,0,0,0,0,NA,NA,NA,0,2,0,0,1323.706943,"East","24A","Tussock Tundra (Low shrub or Herbaceous)","Low Shrub","Clay Loam","Mesic",0,348.371155,13,2.823825,-150.190835,67.228457,-0.788297268681003,0.454618229317557,"173-2-A-BENA_2008",12.9957046508789,-6.60951550801595,298.461227416992,93.7771759033203,10.7666670481364,-7.50833332538605,6,15.6000000635783,42.6000003814697,1.01666669299205,100.919997215271,261.289996862411,189.600002288818,2,"24A_2008",0.87
"1741","173-2-C-BENA",2008,0.46975,7.66622061839141,11,1997,12,"173-2","BENA",107,64,12,0,13,0,0,0,0,0,0,NA,NA,NA,0,2,0,0,1323.706943,"East","24A","Tussock Tundra (Low shrub or Herbaceous)","Low Shrub","Clay Loam","Mesic",0,348.371155,13,2.823825,-150.190835,67.228457,1.7618863091291,5.82341179542432,"173-2-C-BENA_2008",12.9957046508789,-6.60951550801595,298.461227416992,93.7771759033203,10.7666670481364,-7.50833332538605,6,15.6000000635783,42.6000003814697,1.01666669299205,100.919997215271,261.289996862411,189.600002288818,2,"24A_2008",0.87
"1742","173-3-B-BENA",2008,0.042,0.147978438762039,43,1965,12,"173-3","BENA",70,51,14,0,9,0,0,0,0,0,0,NA,NA,NA,0,0,0,0,1278.311889,"East","24A","Low Shrub","Low Shrub","Clay Loam","Mesic",0,347.24527,24,1.739254,-150.191816,67.228627,-0.558741778915637,0.571928223472553,"173-3-B-BENA_2008",12.9957046508789,-6.60951550801595,298.461227416992,93.7771759033203,10.7666670481364,-7.50833332538605,6,15.6000000635783,42.6000003814697,1.01666669299205,100.919997215271,261.289996862411,189.600002288818,2,"24A_2008",0.87
"1743","173-3-C-BENA",2008,0.20775,1.727117068499,7,2001,12,"173-3","BENA",32,27,6,0,6,0,0,0,0,0,0,NA,NA,NA,0,0,0,0,1278.311889,"East","24A","Low Shrub","Low Shrub","Clay Loam","Mesic",0,347.24527,24,1.739254,-150.191816,67.228627,-0.267855168362609,0.765018571972072,"173-3-C-BENA_2008",12.9957046508789,-6.60951550801595,298.461227416992,93.7771759033203,10.7666670481364,-7.50833332538605,6,15.6000000635783,42.6000003814697,1.01666669299205,100.919997215271,261.289996862411,189.600002288818,2,"24A_2008",0.87
"1744","173-4-B-BENA",2008,0.048,0.270151835467494,18,1990,12,"173-4","BENA",124,71,14,0,12,0,0,0,0,0,0,NA,NA,NA,0,1,0,0,1308.377258,"East","24A","Low Shrub","Low Shrub","Clay Loam","Mesic",0,346.165253,355,1.872125,-150.190975,67.22891,-0.996017338099211,0.369347502060483,"173-4-B-BENA_2008",12.9957046508789,-6.60951550801595,298.461227416992,93.7771759033203,10.7666670481364,-7.50833332538605,6,15.6000000635783,42.6000003814697,1.01666669299205,100.919997215271,261.289996862411,189.600002288818,2,"24A_2008",0.87
"1745","173-4-C-BENA",2008,0.13075,1.03214532994524,39,1969,12,"173-4","BENA",119,74,14,0,14,0,0,0,0,0,0,NA,NA,NA,0,1,0,0,1308.377258,"East","24A","Low Shrub","Low Shrub","Clay Loam","Mesic",0,346.165253,355,1.872125,-150.190975,67.22891,1.2670706424891,3.55043681532841,"173-4-C-BENA_2008",12.9957046508789,-6.60951550801595,298.461227416992,93.7771759033203,10.7666670481364,-7.50833332538605,6,15.6000000635783,42.6000003814697,1.01666669299205,100.919997215271,261.289996862411,189.600002288818,2,"24A_2008",0.87
"1746","184-1-B-BENA",2008,0.173,1.9410942820772,56,1952,13,"184-1","BENA",128,51,19,0,13,0,1,0,0,0.076923077,0,NA,"Hare",NA,1,2,0,0,692.283244,"East","24A","White Spruce or Black Spruce (Open-Closed)","Tall Shrub","Clay Loam","Mesic",0,423.977753,249,10.469168,-150.109686,67.368938,2.33042108119659,10.2822702922782,"184-1-B-BENA_2008",12.5666666030884,-6.50833306709925,229,66,10.7666670481364,-7.50833332538605,6,15.6000000635783,42.6000003814697,1.01666669299205,100.919997215271,261.289996862411,189.600002288818,2,"24A_2008",0.87
"1747","184-1-C-BENA",2008,0.14775,2.32027135994625,17,1991,13,"184-1","BENA",166,49,15,8,26,1,2,0,0.038461538,0.076923077,0,"Moose","Hare",NA,1,2,0,0,692.283244,"East","24A","White Spruce or Black Spruce (Open-Closed)","Tall Shrub","Clay Loam","Mesic",0,423.977753,249,10.469168,-150.109686,67.368938,1.08622858643706,2.96307798080274,"184-1-C-BENA_2008",12.5666666030884,-6.50833306709925,229,66,10.7666670481364,-7.50833332538605,6,15.6000000635783,42.6000003814697,1.01666669299205,100.919997215271,261.289996862411,189.600002288818,2,"24A_2008",0.87
"1748","184-2-A-BENA",2008,0.0945,0.432554896898491,23,1985,13,"184-2","BENA",89,39,11,0,12,0,1,0,0,0.083333333,0,NA,"Hare",NA,1,1,0,0,706.210196,"East","24A","White Spruce or Black Spruce (Open-Closed)","Tall Shrub","Clay Loam","Mesic",0,429.192566,258,16.706417,-150.109279,67.369156,-0.232778142546017,0.79232933819593,"184-2-A-BENA_2008",12.5651620229085,-6.50983756780624,228.232696533203,65.5486409664154,10.7666670481364,-7.50833332538605,6,15.6000000635783,42.6000003814697,1.01666669299205,100.919997215271,261.289996862411,189.600002288818,2,"24A_2008",0.87
"1749","184-2-D-BENA",2008,0.07825,0.304029788896101,37,1971,13,"184-2","BENA",84,38,12,10,7,0,0,0,0,0,0,NA,NA,NA,0,1,0,0,706.210196,"East","24A","White Spruce or Black Spruce (Open-Closed)","Tall Shrub","Clay Loam","Mesic",0,429.192566,258,16.706417,-150.109279,67.369156,-0.0180202325431549,0.982141160943854,"184-2-D-BENA_2008",12.5651620229085,-6.50983756780624,228.232696533203,65.5486409664154,10.7666670481364,-7.50833332538605,6,15.6000000635783,42.6000003814697,1.01666669299205,100.919997215271,261.289996862411,189.600002288818,2,"24A_2008",0.87
"1750","184-3-B-BENA",2008,0.121333333333333,0.946342603032734,31,1977,13,"184-3","BENA",71,35,17,0,17,0,2,0,0,0.117647059,0,NA,"Hare",NA,1,1,3,0,683.765397,"East","24A","White Spruce or Black Spruce (Open-Closed)","Tall Shrub","Clay Loam","Mesic",0,425.482941,261,10.788996,-150.109693,67.36937,0.90632049224917,2.47519824610485,"184-3-B-BENA_2008",12.5651620229085,-6.50983756780624,228.232696533203,65.5486409664154,10.7666670481364,-7.50833332538605,6,15.6000000635783,42.6000003814697,1.01666669299205,100.919997215271,261.289996862411,189.600002288818,2,"24A_2008",0.87
"1751","184-3-D-BENA",2008,0.04025,0.15948393280719,20,1988,13,"184-3","BENA",103,48,17,7,31,3,1,0,0.096774194,0.032258065,0,"Moose","Hare",NA,1,1,3,0,683.765397,"East","24A","White Spruce or Black Spruce (Open-Closed)","Tall Shrub","Clay Loam","Mesic",0,425.482941,261,10.788996,-150.109693,67.36937,-1.39732753497751,0.247256867093684,"184-3-D-BENA_2008",12.5651620229085,-6.50983756780624,228.232696533203,65.5486409664154,10.7666670481364,-7.50833332538605,6,15.6000000635783,42.6000003814697,1.01666669299205,100.919997215271,261.289996862411,189.600002288818,2,"24A_2008",0.87
"1752","191-1-C-BENA",2008,0.32375,3.42835821275717,6,2002,14,"191-1","BENA",105,51,8,16,13,0,0,0,0,0,0,NA,NA,NA,0,1,0,0,1595.806211,"East","24A","Low Shrub","Low Shrub","Clay Loam","Mesic",0,492.755432,293,2.980974,-149.860617,67.475764,0.233818775223142,1.26341550926597,"191-1-C-BENA_2008",11.8438650767008,-6.75758101542791,232.142425537109,64.774322271347,8.93333355585734,-8.96666685740153,4.33333333333333,13.5666666030884,19.7000002861023,0.908333338797092,81.639997959137,278.909998416901,194.099998474121,2,"24A_2008",0.87
"1753","191-1-D-BENA",2008,0.2785,2.4843738266533,10,1998,14,"191-1","BENA",135,61,10,9,18,0,0,0,0,0,0,NA,NA,NA,0,1,0,0,1595.806211,"East","24A","Low Shrub","Low Shrub","Clay Loam","Mesic",0,492.755432,293,2.980974,-149.860617,67.475764,0.521345889291257,1.68429299681147,"191-1-D-BENA_2008",11.8438650767008,-6.75758101542791,232.142425537109,64.774322271347,8.93333355585734,-8.96666685740153,4.33333333333333,13.5666666030884,19.7000002861023,0.908333338797092,81.639997959137,278.909998416901,194.099998474121,2,"24A_2008",0.87
"1754","191-2-A-BENA",2008,0.0925,0.475853112248428,15,1993,14,"191-2","BENA",82,51,10,0,13,1,0,0,0.076923077,0,0,"Moose",NA,NA,1,0,0,0,1628.072852,"East","24A","Low Shrub","Low Shrub","Clay Loam","Mesic",0,494.812988,260,1.497492,-149.859771,67.475671,-0.647463633696781,0.523371556698965,"191-2-A-BENA_2008",11.8438650767008,-6.75758101542791,232.142425537109,64.774322271347,8.93333355585734,-8.96666685740153,4.33333333333333,13.5666666030884,19.7000002861023,0.908333338797092,81.639997959137,278.909998416901,194.099998474121,2,"24A_2008",0.87
"1755","191-2-B-BENA",2008,0.096,0.99616133134148,13,1995,14,"191-2","BENA",92,71,8,0,13,0,0,0,0,0,0,NA,NA,NA,0,0,0,0,1628.072852,"East","24A","Low Shrub","Low Shrub","Clay Loam","Mesic",0,494.812988,260,1.497492,-149.859771,67.475671,-0.0794313960548322,0.923641383237907,"191-2-B-BENA_2008",11.8438650767008,-6.75758101542791,232.142425537109,64.774322271347,8.93333355585734,-8.96666685740153,4.33333333333333,13.5666666030884,19.7000002861023,0.908333338797092,81.639997959137,278.909998416901,194.099998474121,2,"24A_2008",0.87
"1756","191-3-A-BENA",2008,0.108333333333333,0.367906674026258,27,1981,14,"191-3","BENA",102,51,9,0,9,0,1,0,0,0.111111111,0,NA,"Hare",NA,1,2,0,0,1608.343863,"East","24A","Low Shrub","Low Shrub","Clay Loam","Mesic",0,494.475037,298,4.15829,-149.859591,67.475979,-0.203315006133684,0.816021149267697,"191-3-A-BENA_2008",11.8438650767008,-6.75758101542791,232.142425537109,64.774322271347,8.93333355585734,-8.96666685740153,4.33333333333333,13.5666666030884,19.7000002861023,0.908333338797092,81.639997959137,278.909998416901,194.099998474121,2,"24A_2008",0.87
"1757","191-3-D-BENA",2008,0.20175,1.94206601595486,22,1986,14,"191-3","BENA",110,71,10,0,16,0,0,0,0,0,0,NA,NA,NA,0,2,0,0,1608.343863,"East","24A","Low Shrub","Low Shrub","Clay Loam","Mesic",0,494.475037,298,4.15829,-149.859591,67.475979,1.215974245743,3.37357915895132,"191-3-D-BENA_2008",11.8438650767008,-6.75758101542791,232.142425537109,64.774322271347,8.93333355585734,-8.96666685740153,4.33333333333333,13.5666666030884,19.7000002861023,0.908333338797092,81.639997959137,278.909998416901,194.099998474121,2,"24A_2008",0.87
"1758","191-4-A-BENA",2008,0.3455,6.68184713173482,9,1999,14,"191-4","BENA",105,69,11,0,12,0,0,0,0,0,0,NA,NA,NA,0,1,0,0,1634.196324,"East","24A","Low Shrub","Low Shrub","Clay Loam","Mesic",0,497.007599,303,3.553675,-149.85875,67.475963,1.38498893353071,3.99478169644304,"191-4-A-BENA_2008",11.8438650767008,-6.75758101542791,232.142425537109,64.774322271347,8.93333355585734,-8.96666685740153,4.33333333333333,13.5666666030884,19.7000002861023,0.908333338797092,81.639997959137,278.909998416901,194.099998474121,2,"24A_2008",0.87
"1759","191-4-B-BENA",2008,0.09175,0.43546028105444,25,1983,14,"191-4","BENA",77,59,11,0,12,0,1,0,0,0.083333333,0,NA,"Hare",NA,1,1,0,0,1634.196324,"East","24A","Low Shrub","Low Shrub","Clay Loam","Mesic",0,497.007599,303,3.553675,-149.85875,67.475963,-0.126581304636993,0.881102508911556,"191-4-B-BENA_2008",11.8438650767008,-6.75758101542791,232.142425537109,64.774322271347,8.93333355585734,-8.96666685740153,4.33333333333333,13.5666666030884,19.7000002861023,0.908333338797092,81.639997959137,278.909998416901,194.099998474121,2,"24A_2008",0.87
"1760","203-1-A-BENA",2008,0.08175,0.811503423901994,18,1990,15,"203-1","BENA",97,41,11,0,17,1,0,0,0.058823529,0,0,"Moose",NA,NA,1,1,0,0,905.036767,"East","24A","Low Shrub","Low Shrub","Loam","Mesic",0,550.644958,299,23.927214,-149.794431,67.571449,0.103887113552486,1.10947520313182,"203-1-A-BENA_2008",12.1666666666667,-6.83333337306976,187,57,8.06666692097982,-9.85000000397364,3.5,12.7000001271566,15.4000000953674,0.825000005463759,67.7499979734421,286.209998607635,149.400001525879,2,"24A_2008",0.87
"1761","203-1-D-BENA",2008,0.26825,3.8569747305653,16,1992,15,"203-1","BENA",143,46,14,0,26,2,0,0,0.076923077,0,0,"Moose",NA,NA,1,1,0,0,905.036767,"East","24A","Low Shrub","Low Shrub","Loam","Mesic",0,550.644958,299,23.927214,-149.794431,67.571449,1.52208186553549,4.58175386846314,"203-1-D-BENA_2008",12.1666666666667,-6.83333337306976,187,57,8.06666692097982,-9.85000000397364,3.5,12.7000001271566,15.4000000953674,0.825000005463759,67.7499979734421,286.209998607635,149.400001525879,2,"24A_2008",0.87
"1762","203-2-B-BENA",2008,0.3945,7.02840092974129,10,1998,15,"203-2","BENA",146,44,15,0,20,0,0,0,0,0,0,NA,NA,NA,0,0,1,0,933.944119,"East","24A","Low Shrub","Low Shrub","Loam","Mesic",0,566.911377,300,26.508135,-149.793674,67.571447,1.56128445890639,4.76493768278556,"203-2-B-BENA_2008",12.1666666666667,-6.83333337306976,187,57,8.06666692097982,-9.85000000397364,3.5,12.7000001271566,15.4000000953674,0.825000005463759,67.7499979734421,286.209998607635,149.400001525879,2,"24A_2008",0.87
"1763","203-2-C-BENA",2008,0.10725,0.544909442114693,32,1976,15,"203-2","BENA",118,35,14,0,38,0,0,0,0,0,0,NA,NA,NA,0,0,1,0,933.944119,"East","24A","Low Shrub","Low Shrub","Loam","Mesic",0,566.911377,300,26.508135,-149.793674,67.571447,0.392222397409458,1.48026688231749,"203-2-C-BENA_2008",12.1666666666667,-6.83333337306976,187,57,8.06666692097982,-9.85000000397364,3.5,12.7000001271566,15.4000000953674,0.825000005463759,67.7499979734421,286.209998607635,149.400001525879,2,"24A_2008",0.87
"1764","203-3-B-BENA",2008,0.3505,2.99892272101416,12,1996,15,"203-3","BENA",108,53,11,7,21,0,0,0,0,0,0,NA,NA,NA,0,0,1,0,922.335664,"East","24A","Low Shrub","Low Shrub","Loam","Mesic",0,556.241272,305,23.609533,-149.79364,67.571701,0.927149733877259,2.52729543739451,"203-3-B-BENA_2008",12.1666666666667,-6.83333337306976,187,57,8.06666692097982,-9.85000000397364,3.5,12.7000001271566,15.4000000953674,0.825000005463759,67.7499979734421,286.209998607635,149.400001525879,2,"24A_2008",0.87
"1765","203-3-D-BENA",2008,0.0985,0.772379403440972,16,1992,15,"203-3","BENA",108,52,11,0,7,1,0,0,0.14,0,0,"Moose",NA,NA,1,0,1,0,922.335664,"East","24A","Low Shrub","Low Shrub","Loam","Mesic",0,556.241272,305,23.609533,-149.79364,67.571701,-0.086080656539081,0.917520224229794,"203-3-D-BENA_2008",12.1666666666667,-6.83333337306976,187,57,8.06666692097982,-9.85000000397364,3.5,12.7000001271566,15.4000000953674,0.825000005463759,67.7499979734421,286.209998607635,149.400001525879,2,"24A_2008",0.87
"1766","203-4-A-BENA",2008,0.21225,2.25062696320515,12,1996,15,"203-4","BENA",85,42,10,0,10,0,0,0,0,0,0,NA,NA,NA,0,1,1,0,951.384807,"East","24A","Low Shrub","Low Shrub","Loam","Mesic",0,569.135193,316,29.227108,-149.792864,67.571712,0.640105430407698,1.89668083659785,"203-4-A-BENA_2008",12.1666666666667,-6.83333337306976,187,57,8.06666692097982,-9.85000000397364,3.5,12.7000001271566,15.4000000953674,0.825000005463759,67.7499979734421,286.209998607635,149.400001525879,2,"24A_2008",0.87
"1767","203-4-B-BENA",2008,0.3825,4.94963420360216,29,1979,15,"203-4","BENA",99,36,12,0,12,0,0,0,0,0,0,NA,NA,NA,0,1,1,0,951.384807,"East","24A","Low Shrub","Low Shrub","Loam","Mesic",0,569.135193,316,29.227108,-149.792864,67.571712,2.48119938904109,11.9555952319213,"203-4-B-BENA_2008",12.1666666666667,-6.83333337306976,187,57,8.06666692097982,-9.85000000397364,3.5,12.7000001271566,15.4000000953674,0.825000005463759,67.7499979734421,286.209998607635,149.400001525879,2,"24A_2008",0.87
"1768","209-1-C-BENA",2008,0.0653333333333333,0.516821257259252,19,1989,16,"209-1","BENA",58,59,14,0,9,0,0,0,0,0,0,NA,NA,NA,0,0,1,0,698.873831,"East","24A","Low Shrub","Black Spruce Woodland","Sandy Loam","Mesic - Xeric",0,553.345276,287,19.679848,-149.692986,67.655886,-0.282783903831118,0.753682638194083,"209-1-C-BENA_2008",11.4243059158325,-7.27306101719538,173,55.9548642635345,8.06666692097982,-9.85000000397364,3.5,12.7000001271566,15.4000000953674,0.825000005463759,67.7499979734421,286.209998607635,149.400001525879,2,"24A_2008",0.87
"1769","209-1-D-BENA",2008,0.084,0.433445538415785,24,1984,16,"209-1","BENA",76,39,10,0,6,0,0,0,0,0,0,NA,NA,NA,0,0,1,0,698.873831,"East","24A","Low Shrub","Black Spruce Woodland","Sandy Loam","Mesic - Xeric",0,553.345276,287,19.679848,-149.692986,67.655886,-0.179933201335359,0.835326008209564,"209-1-D-BENA_2008",11.4243059158325,-7.27306101719538,173,55.9548642635345,8.06666692097982,-9.85000000397364,3.5,12.7000001271566,15.4000000953674,0.825000005463759,67.7499979734421,286.209998607635,149.400001525879,2,"24A_2008",0.87
"1770","209-2-B-BENA",2008,0.134,1.40163098717704,40,1968,16,"209-2","BENA",104,57,18,0,18,0,0,0,0,0,0,NA,NA,NA,0,0,0,0,728.528855,"East","24A","Low Shrub","Black Spruce Woodland","Sandy Loam","Mesic - Xeric",0,561.911133,287,21.070175,-149.692261,67.656,1.60328042987537,4.96930717943539,"209-2-B-BENA_2008",11.4243059158325,-7.27306101719538,173,55.9548642635345,8.06666692097982,-9.85000000397364,3.5,12.7000001271566,15.4000000953674,0.825000005463759,67.7499979734421,286.209998607635,149.400001525879,2,"24A_2008",0.87
"1771","209-2-D-BENA",2008,0.03025,0.116391884475144,47,1961,16,"209-2","BENA",86,47,10,0,6,0,0,0,0,0,0,NA,NA,NA,0,0,0,0,728.528855,"East","24A","Low Shrub","Black Spruce Woodland","Sandy Loam","Mesic - Xeric",0,561.911133,287,21.070175,-149.692261,67.656,-0.692701073513076,0.500223103283708,"209-2-D-BENA_2008",11.4243059158325,-7.27306101719538,173,55.9548642635345,8.06666692097982,-9.85000000397364,3.5,12.7000001271566,15.4000000953674,0.825000005463759,67.7499979734421,286.209998607635,149.400001525879,2,"24A_2008",0.87
"1772","209-3-A-BENA",2008,0.04625,0.330590776684959,48,1960,16,"209-3","BENA",67,52,13,0,10,0,0,0,0,0,0,NA,NA,NA,0,0,1,0,711.058695,"East","24A","Low Shrub","Black Spruce Woodland","Sandy Loam","Mesic - Xeric",0,553.430786,276,18.070417,-149.69261,67.656251,0.376341247762137,1.45694422790746,"209-3-A-BENA_2008",11.4243059158325,-7.27306101719538,173,55.9548642635345,8.06666692097982,-9.85000000397364,3.5,12.7000001271566,15.4000000953674,0.825000005463759,67.7499979734421,286.209998607635,149.400001525879,2,"24A_2008",0.87
"1773","209-3-D-BENA",2008,0.12525,0.897439727445536,26,1982,16,"209-3","BENA",84,39,10,0,8,0,0,0,0,0,0,NA,NA,NA,0,0,1,0,711.058695,"East","24A","Low Shrub","Black Spruce Woodland","Sandy Loam","Mesic - Xeric",0,553.430786,276,18.070417,-149.69261,67.656251,0.643364661160777,1.9028726418893,"209-3-D-BENA_2008",11.4243059158325,-7.27306101719538,173,55.9548642635345,8.06666692097982,-9.85000000397364,3.5,12.7000001271566,15.4000000953674,0.825000005463759,67.7499979734421,286.209998607635,149.400001525879,2,"24A_2008",0.87
"1774","209-4-C-BENA",2008,0.20725,1.30398066637598,17,1991,16,"209-4","BENA",57,38,10,0,7,0,0,0,0,0,0,NA,NA,NA,0,0,0,0,738.024448,"East","24A","Low Shrub","Black Spruce Woodland","Sandy Loam","Mesic - Xeric",0,561.090881,296,18.584587,-149.691928,67.656444,0.509966079100451,1.6652347077286,"209-4-C-BENA_2008",11.4243059158325,-7.27306101719538,173,55.9548642635345,8.06666692097982,-9.85000000397364,3.5,12.7000001271566,15.4000000953674,0.825000005463759,67.7499979734421,286.209998607635,149.400001525879,2,"24A_2008",0.87
"1775","209-4-D-BENA",2008,0.032,0.0936278185511925,36,1972,16,"209-4","BENA",71,50,9,0,8,0,0,0,0,0,0,NA,NA,NA,0,0,0,0,738.024448,"East","24A","Low Shrub","Black Spruce Woodland","Sandy Loam","Mesic - Xeric",0,561.090881,296,18.584587,-149.691928,67.656444,-1.22851462766582,0.292727063596027,"209-4-D-BENA_2008",11.4243059158325,-7.27306101719538,173,55.9548642635345,8.06666692097982,-9.85000000397364,3.5,12.7000001271566,15.4000000953674,0.825000005463759,67.7499979734421,286.209998607635,149.400001525879,2,"24A_2008",0.87
"1776","222-1-B-BENA",2008,0.1335,1.06758936731166,28,1980,17,"222-1","BENA",63,58,19,0,9,0,2,0,0,0.222222222,0,NA,"Hare",NA,1,2,18,0,769.468544,"East","24A","Low Shrub","Tall Shrub","Clay Loam","Mesic",0,669.484009,287,15.029548,-149.809491,67.826198,0.905413064402801,2.4729532010533,"222-1-B-BENA_2008",10.8333333333333,-7.81666654348373,168,61,8.06666692097982,-9.85000000397364,3.5,12.7000001271566,15.4000000953674,0.825000005463759,67.7499979734421,286.209998607635,149.400001525879,2,"24A_2008",0.87
"1777","222-1-D-BENA",2008,0.0935,0.276261447780563,27,1981,17,"222-1","BENA",78,38,9,0,9,0,2,0,0,0.222222222,0,NA,"Hare",NA,1,2,18,0,769.468544,"East","24A","Low Shrub","Tall Shrub","Clay Loam","Mesic",0,669.484009,287,15.029548,-149.809491,67.826198,-0.489796617047381,0.612751004620708,"222-1-D-BENA_2008",10.8333333333333,-7.81666654348373,168,61,8.06666692097982,-9.85000000397364,3.5,12.7000001271566,15.4000000953674,0.825000005463759,67.7499979734421,286.209998607635,149.400001525879,2,"24A_2008",0.87
"1778","222-2-A-BENA",2008,0.35,4.08705496268764,22,1986,17,"222-2","BENA",81,59,12,0,9,0,0,0,0,0,0,NA,NA,NA,0,3,13,0,794.735172,"East","24A","Low Shrub","Tall Shrub","Clay Loam","Mesic",0,676.198608,282,15.59229,-149.808768,67.826375,1.96004653531992,7.09965744229987,"222-2-A-BENA_2008",10.8333333333333,-7.81666654348373,168,61,8.06666692097982,-9.85000000397364,3.5,12.7000001271566,15.4000000953674,0.825000005463759,67.7499979734421,286.209998607635,149.400001525879,2,"24A_2008",0.87
"1779","222-2-D-BENA",2008,0.38925,4.18311524490691,8,2000,17,"222-2","BENA",62,59,8,0,6,0,1,0,0,0.166666667,0,NA,"Hare",NA,1,3,13,0,794.735172,"East","24A","Low Shrub","Tall Shrub","Clay Loam","Mesic",0,676.198608,282,15.59229,-149.808768,67.826375,0.776095661883909,2.17297166558943,"222-2-D-BENA_2008",10.8333333333333,-7.81666654348373,168,61,8.06666692097982,-9.85000000397364,3.5,12.7000001271566,15.4000000953674,0.825000005463759,67.7499979734421,286.209998607635,149.400001525879,2,"24A_2008",0.87
"1780","222-3-A-BENA",2008,0.065,0.36184864184047,46,1962,17,"222-3","BENA",126,65,16,0,21,0,3,0,0,0.142857143,0,NA,"Hare",NA,1,2,11,1,778.440723,"East","24A","Low Shrub","Low Shrub","Clay Loam","Mesic",0,672.469177,278,13.422374,-149.809021,67.826615,0.415897936703412,1.5157311604567,"222-3-A-BENA_2008",10.8333333333333,-7.81666654348373,168,61,8.06666692097982,-9.85000000397364,3.5,12.7000001271566,15.4000000953674,0.825000005463759,67.7499979734421,286.209998607635,149.400001525879,2,"24A_2008",0.87
"1781","222-4-C-BENA",2008,0.214,2.98837717987423,6,2002,17,"222-4","BENA",92,74,9,12,11,0,1,0,0,0.090909091,0,NA,"Hare",NA,1,0,15,0,805.061274,"East","24A","Low Shrub","Low Shrub","Clay Loam","Mesic",0,678.755371,278,16.631924,-149.808355,67.826658,0.0964677746650697,1.10127409164551,"222-4-C-BENA_2008",10.8333333333333,-7.81666654348373,168,61,8.06666692097982,-9.85000000397364,3.5,12.7000001271566,15.4000000953674,0.825000005463759,67.7499979734421,286.209998607635,149.400001525879,2,"24A_2008",0.87
"1782","222-4-D-BENA",2008,0.14775,1.65325861791219,13,1995,17,"222-4","BENA",107,70,8,0,14,0,0,0,0,0,0,NA,NA,NA,0,0,15,0,805.061274,"East","24A","Low Shrub","Low Shrub","Clay Loam","Mesic",0,678.755371,278,16.631924,-149.808355,67.826658,0.427162919470091,1.53290238102502,"222-4-D-BENA_2008",10.8333333333333,-7.81666654348373,168,61,8.06666692097982,-9.85000000397364,3.5,12.7000001271566,15.4000000953674,0.825000005463759,67.7499979734421,286.209998607635,149.400001525879,2,"24A_2008",0.87
"1783","235-1-A-BENA",2008,0.09125,0.697540579596697,29,1979,18,"235-1","BENA",59,29,10,0,18,0,0,0,0,0,0,NA,NA,NA,0,0,5,0,477.732622,"East","24A","Low Shrub","Low Shrub","Sandy Gravel","Mesic",0,813.776917,295,20.303024,-149.727576,68.004859,0.521691125107622,1.68487457546433,"235-1-A-BENA_2008",8.59999990463257,-9.06666680984199,166,75,6.93333339691162,-10.9750001740952,2.53333342075348,11.4333337148031,10.2000002264977,0.758333352704843,49.2299990057945,295.589996337891,113.200000762939,2,"24A_2008",0.87
"1784","235-1-B-BENA",2008,0.0715,0.80303035216572,16,1992,18,"235-1","BENA",42,18,10,0,10,0,1,0,0,0.1,0,NA,"Hare",NA,1,0,5,0,477.732622,"East","24A","Low Shrub","Low Shrub","Sandy Gravel","Mesic",0,813.776917,295,20.303024,-149.727576,68.004859,-0.0471640293783736,0.953930912062093,"235-1-B-BENA_2008",8.59999990463257,-9.06666680984199,166,75,6.93333339691162,-10.9750001740952,2.53333342075348,11.4333337148031,10.2000002264977,0.758333352704843,49.2299990057945,295.589996337891,113.200000762939,2,"24A_2008",0.87
"1785","235-2-A-BENA",2008,0.209,2.62013382618736,8,2000,18,"235-2","BENA",71,49,9,0,16,0,0,0,0,0,0,NA,NA,NA,0,0,0,0,510.631222,"East","24A","Dwarf Shrub-Lichen","Low Shrub","Sandy Gravel","Mesic",0,828.022217,289,26.243103,-149.726481,68.004961,0.308264814190757,1.36106136958325,"235-2-A-BENA_2008",8.59999990463257,-9.06666680984199,166,75,6.93333339691162,-10.9750001740952,2.53333342075348,11.4333337148031,10.2000002264977,0.758333352704843,49.2299990057945,295.589996337891,113.200000762939,2,"24A_2008",0.87
"1786","235-2-B-BENA",2008,0.0155,0.0831461765680723,25,1983,18,"235-2","BENA",54,38,8,0,9,0,0,0,0,0,0,NA,NA,NA,NA,0,0,0,510.631222,"East","24A","Dwarf Shrub-Lichen","Low Shrub","Sandy Gravel","Mesic",0,828.022217,289,26.243103,-149.726481,68.004961,-1.78238467144318,0.168236479807381,"235-2-B-BENA_2008",8.59999990463257,-9.06666680984199,166,75,6.93333339691162,-10.9750001740952,2.53333342075348,11.4333337148031,10.2000002264977,0.758333352704843,49.2299990057945,295.589996337891,113.200000762939,2,"24A_2008",0.87
"1787","235-2-C-BENA",2008,0.158,0.549235218849144,20,1988,18,"235-2","BENA",58,33,8,0,9,0,2,0,0,0.222222222,0,NA,"Hare",NA,1,0,0,0,510.631222,"East","24A","Dwarf Shrub-Lichen","Low Shrub","Sandy Gravel","Mesic",0,828.022217,289,26.243103,-149.726481,68.004961,-0.16074391799182,0.851510099605665,"235-2-C-BENA_2008",8.59999990463257,-9.06666680984199,166,75,6.93333339691162,-10.9750001740952,2.53333342075348,11.4333337148031,10.2000002264977,0.758333352704843,49.2299990057945,295.589996337891,113.200000762939,2,"24A_2008",0.87
"1788","235-3-B-BENA",2008,0.10625,0.668673270101022,23,1985,18,"235-3","BENA",59,31,10,0,15,0,0,0,0,0,0,NA,NA,NA,0,0,1,0,482.982181,"East","24A","Dwarf Shrub-Lichen","Low Shrub","Sandy Gravel","Mesic",0,817.546387,298,18.704132,-149.726784,68.005244,0.202808165221784,1.2248374792825,"235-3-B-BENA_2008",8.59999990463257,-9.06666680984199,166,75,6.93333339691162,-10.9750001740952,2.53333342075348,11.4333337148031,10.2000002264977,0.758333352704843,49.2299990057945,295.589996337891,113.200000762939,2,"24A_2008",0.87
"1789","235-3-C-BENA",2008,0.18375,2.85617601576805,8,2000,18,"235-3","BENA",57,42,7,0,11,0,0,0,0,0,0,NA,NA,NA,0,0,1,0,482.982181,"East","24A","Dwarf Shrub-Lichen","Low Shrub","Sandy Gravel","Mesic",0,817.546387,298,18.704132,-149.726784,68.005244,0.394523091773918,1.48367644466802,"235-3-C-BENA_2008",8.59999990463257,-9.06666680984199,166,75,6.93333339691162,-10.9750001740952,2.53333342075348,11.4333337148031,10.2000002264977,0.758333352704843,49.2299990057945,295.589996337891,113.200000762939,2,"24A_2008",0.87
"1790","235-4-A-BENA",2008,0.1515,1.62989518239606,18,1990,18,"235-4","BENA",45,36,11,0,13,0,0,0,0,0,0,NA,NA,NA,0,0,0,0,503.848767,"East","24A","Low Shrub","Low Shrub","Sandy Gravel","Mesic",0,825.290771,293,20.728168,-149.726015,68.005351,0.801269493835271,2.22836803309758,"235-4-A-BENA_2008",8.59999990463257,-9.06666680984199,166,75,6.93333339691162,-10.9750001740952,2.53333342075348,11.4333337148031,10.2000002264977,0.758333352704843,49.2299990057945,295.589996337891,113.200000762939,2,"24A_2008",0.87
"1791","235-4-C-BENA",2008,0.177,3.27687277484603,12,1996,18,"235-4","BENA",61,45,11,0,10,0,0,0,0,0,0,NA,NA,NA,0,0,0,0,503.848767,"East","24A","Low Shrub","Low Shrub","Sandy Gravel","Mesic",0,825.290771,293,20.728168,-149.726015,68.005351,1.01578614799063,2.76153351827287,"235-4-C-BENA_2008",8.59999990463257,-9.06666680984199,166,75,6.93333339691162,-10.9750001740952,2.53333342075348,11.4333337148031,10.2000002264977,0.758333352704843,49.2299990057945,295.589996337891,113.200000762939,2,"24A_2008",0.87
"1792","240-1-D-BENA",2008,0.17825,1.91082209161675,9,1999,19,"240-1","BENA",70,38,7,0,13,0,0,0,0,0,0,NA,NA,NA,0,0,1,0,395.986648,"West","24A","Low Shrub","Low Shrub","Sandy Loam","Mesic",0,1043.032227,75,23.365055,-149.606437,68.069578,0.133128031394924,1.14239625155383,"240-1-D-BENA_2008",7.55312617619832,-9.53214640418688,200.534614562988,108.857580661774,6.93333339691162,-10.9750001740952,2.53333342075348,11.4333337148031,10.2000002264977,0.758333352704843,49.2299990057945,295.589996337891,113.200000762939,2,"24A_2008",0.87
"1793","240-2-A-BENA",2008,0.2435,2.60513193586831,12,1996,19,"240-2","BENA",90,57,9,0,23,0,0,2,0,0,0.086956522,NA,NA,"Ptarmagin",1,0,0,0,426.292991,"West","24A","Tussock Tundra (Low shrub or Herbaceous)","Low Shrub","Sandy Loam","Mesic",0,1048.270996,87,24.096361,-149.606886,68.069926,0.786379923782903,2.19543438355231,"240-2-A-BENA_2008",7.55312617619832,-9.53214640418688,200.534614562988,108.857580661774,6.93333339691162,-10.9750001740952,2.53333342075348,11.4333337148031,10.2000002264977,0.758333352704843,49.2299990057945,295.589996337891,113.200000762939,2,"24A_2008",0.87
"1794","240-2-D-BENA",2008,0.26025,2.48039244701349,10,1998,19,"240-2","BENA",84,31,8,0,10,0,0,0,0,0,0,NA,NA,NA,0,0,0,0,426.292991,"West","24A","Tussock Tundra (Low shrub or Herbaceous)","Low Shrub","Sandy Loam","Mesic",0,1048.270996,87,24.096361,-149.606886,68.069926,0.519742035142321,1.6815938016368,"240-2-D-BENA_2008",7.55312617619832,-9.53214640418688,200.534614562988,108.857580661774,6.93333339691162,-10.9750001740952,2.53333342075348,11.4333337148031,10.2000002264977,0.758333352704843,49.2299990057945,295.589996337891,113.200000762939,2,"24A_2008",0.87
"1795","240-3-D-BENA",2008,0.10425,1.04336827700111,24,1984,19,"240-3","BENA",97,46,12,0,13,0,0,2,0,0,0.153846154,NA,NA,"Ptarmagin",1,0,1,3,399.798137,"West","24A","Low Shrub","Low Shrub","Sandy Loam","Mesic",0,1034.808228,93,20.584356,-149.606025,68.07014,0.698510129233858,2.01075471005029,"240-3-D-BENA_2008",7.55312617619832,-9.53214640418688,200.534614562988,108.857580661774,6.93333339691162,-10.9750001740952,2.53333342075348,11.4333337148031,10.2000002264977,0.758333352704843,49.2299990057945,295.589996337891,113.200000762939,2,"24A_2008",0.87
"1796","240-4-B-BENA",2008,0.201,1.74788162149244,40,1968,19,"240-4","BENA",102,72,15,0,13,0,0,0,0,0,0,NA,NA,NA,0,0,2,0,431.079046,"West","24A","Low Shrub","Low Shrub","Sandy Loam","Mesic",0,1046.807861,94,24.616484,-149.606605,68.070368,1.82404843317041,6.19689545247509,"240-4-B-BENA_2008",7.55312617619832,-9.53214640418688,200.534614562988,108.857580661774,6.93333339691162,-10.9750001740952,2.53333342075348,11.4333337148031,10.2000002264977,0.758333352704843,49.2299990057945,295.589996337891,113.200000762939,2,"24A_2008",0.87
"1797","240-4-D-BENA",2008,0.06675,0.536573226008392,23,1985,19,"240-4","BENA",83,41,16,0,29,0,0,3,0,0,0.103448276,NA,NA,"Ptarmagin",1,0,2,0,431.079046,"West","24A","Low Shrub","Low Shrub","Sandy Loam","Mesic",0,1046.807861,94,24.616484,-149.606605,68.070368,-0.0172843489850569,0.982864168467971,"240-4-D-BENA_2008",7.55312617619832,-9.53214640418688,200.534614562988,108.857580661774,6.93333339691162,-10.9750001740952,2.53333342075348,11.4333337148031,10.2000002264977,0.758333352704843,49.2299990057945,295.589996337891,113.200000762939,2,"24A_2008",0.87
"1798","255-1-A-BENA",2008,0.17975,1.59033997834334,39,1969,20,"255-1","BENA",71,26,15,0,17,0,0,0,0,0,0,NA,NA,NA,0,0,0,0,585.543915,"East","26B","Low Shrub","Low Shrub","Sandy Gravel","Mesic - Xeric",0,991.483582,331,1.701594,-149.392735,68.222633,1.69937897798683,5.47054900524363,"255-1-A-BENA_2008",7.9363423983256,-9.91171838032703,195.729187011719,121,5.03333338101705,-12.4583335220814,0.699999995529652,9.40000009536743,6.49999994039536,0.650000018378099,39.4699987769127,312.899998664856,114.300003051758,2,"26B_2008",0.27
"1799","255-1-B-BENA",2008,0.05775,0.306566232264793,9,1999,20,"255-1","BENA",41,27,7,0,12,0,0,0,0,0,0,NA,NA,NA,0,0,0,0,585.543915,"East","26B","Low Shrub","Low Shrub","Sandy Gravel","Mesic - Xeric",0,991.483582,331,1.701594,-149.392735,68.222633,-1.69672698725342,0.183282429132877,"255-1-B-BENA_2008",7.9363423983256,-9.91171838032703,195.729187011719,121,5.03333338101705,-12.4583335220814,0.699999995529652,9.40000009536743,6.49999994039536,0.650000018378099,39.4699987769127,312.899998664856,114.300003051758,2,"26B_2008",0.27
"1800","255-2-C-BENA",2008,0.029,0.120579038433756,27,1981,20,"255-2","BENA",65,27,8,0,20,0,0,0,0,0,0,NA,NA,NA,0,0,1,1,631.079496,"East","26B","Low Shrub","Low Shrub","Sandy Gravel","Mesic - Xeric",0,993.382141,286,2.676414,-149.39171,68.222788,-1.31883885042948,0.267445666161753,"255-2-C-BENA_2008",7.9363423983256,-9.91171838032703,195.729187011719,121,5.03333338101705,-12.4583335220814,0.699999995529652,9.40000009536743,6.49999994039536,0.650000018378099,39.4699987769127,312.899998664856,114.300003051758,2,"26B_2008",0.27
"1801","255-2-D-BENA",2008,0.15925,2.05485154841322,19,1989,20,"255-2","BENA",60,32,10,0,11,0,0,0,0,0,0,NA,NA,NA,0,0,1,1,631.079496,"East","26B","Low Shrub","Low Shrub","Sandy Gravel","Mesic - Xeric",0,993.382141,286,2.676414,-149.39171,68.222788,1.09747789718479,2.99659875508642,"255-2-D-BENA_2008",7.9363423983256,-9.91171838032703,195.729187011719,121,5.03333338101705,-12.4583335220814,0.699999995529652,9.40000009536743,6.49999994039536,0.650000018378099,39.4699987769127,312.899998664856,114.300003051758,2,"26B_2008",0.27
"1802","255-3-A-BENA",2008,0.114,1.28232586456432,8,2000,20,"255-3","BENA",61,31,7,0,17,0,0,0,0,0,0,NA,NA,NA,0,0,1,0,600.399561,"East","26B","Tussock Tundra (Low shrub or Herbaceous)","Low Shrub","Sandy Gravel","Mesic - Xeric",0,990.277893,304,2.837043,-149.392647,68.223106,-0.406285070248629,0.666120249291085,"255-3-A-BENA_2008",7.9363423983256,-9.91171838032703,195.729187011719,121,5.03333338101705,-12.4583335220814,0.699999995529652,9.40000009536743,6.49999994039536,0.650000018378099,39.4699987769127,312.899998664856,114.300003051758,2,"26B_2008",0.27
"1803","255-4-B-BENA",2008,0.1795,2.47953813016126,12,1996,20,"255-4","BENA",49,32,10,0,25,0,0,0,0,0,0,NA,NA,NA,0,0,0,2,644.564014,"East","26B","Low Shrub","Low Shrub","Sandy Gravel","Mesic - Xeric",0,993.003235,239,7.430982,-149.391619,68.223199,0.736968907688029,2.08959215897471,"255-4-B-BENA_2008",7.9363423983256,-9.91171838032703,195.729187011719,121,5.03333338101705,-12.4583335220814,0.699999995529652,9.40000009536743,6.49999994039536,0.650000018378099,39.4699987769127,312.899998664856,114.300003051758,2,"26B_2008",0.27
"1804","255-4-D-BENA",2008,0.03475,0.108706370747218,31,1977,20,"255-4","BENA",56,29,5,0,12,0,0,0,0,0,0,NA,NA,NA,0,0,0,2,644.564014,"East","26B","Low Shrub","Low Shrub","Sandy Gravel","Mesic - Xeric",0,993.003235,239,7.430982,-149.391619,68.223199,-1.25763376995296,0.284326011902723,"255-4-D-BENA_2008",7.9363423983256,-9.91171838032703,195.729187011719,121,5.03333338101705,-12.4583335220814,0.699999995529652,9.40000009536743,6.49999994039536,0.650000018378099,39.4699987769127,312.899998664856,114.300003051758,2,"26B_2008",0.27
"1805","261-1-C-BENA",2008,0.039,0.122562955828127,32,1976,21,"261-1","BENA",52,23,10,0,13,0,0,0,0,0,0,NA,NA,NA,0,0,0,0,356.206777,"East","26B","Dwarf Shrub","Low Shrub","Sandy Loam","Mesic",0,883.832947,287,13.943512,-149.352299,68.301689,-1.09977239909197,0.332946854081363,"261-1-C-BENA_2008",8.12949848175049,-10.0409504224857,199.735786437988,125.178262710571,5.03333338101705,-12.4583335220814,0.699999995529652,9.40000009536743,6.49999994039536,0.650000018378099,39.4699987769127,312.899998664856,114.300003051758,2,"26B_2008",0.27
"1806","261-1-D-BENA",2008,0.039,0.248107279817255,19,1989,21,"261-1","BENA",59,19,9,0,15,0,0,0,0,0,0,NA,NA,NA,0,0,0,0,356.206777,"East","26B","Dwarf Shrub","Low Shrub","Sandy Loam","Mesic",0,883.832947,287,13.943512,-149.352299,68.301689,-1.01661975538363,0.36181590169002,"261-1-D-BENA_2008",8.12949848175049,-10.0409504224857,199.735786437988,125.178262710571,5.03333338101705,-12.4583335220814,0.699999995529652,9.40000009536743,6.49999994039536,0.650000018378099,39.4699987769127,312.899998664856,114.300003051758,2,"26B_2008",0.27
"1807","261-2-B-BENA",2008,0.053,0.496765909145213,22,1986,21,"261-2","BENA",66,25,12,0,19,0,0,0,0,0,0,NA,NA,NA,0,0,0,1,388.99561,"East","26B","Dwarf Shrub-Lichen","Low Shrub","Sandy Loam","Mesic",0,888.892761,295,13.025289,-149.351465,68.301786,-0.147414488946532,0.86293622575225,"261-2-B-BENA_2008",8.12949848175049,-10.0409504224857,199.735786437988,125.178262710571,5.03333338101705,-12.4583335220814,0.699999995529652,9.40000009536743,6.49999994039536,0.650000018378099,39.4699987769127,312.899998664856,114.300003051758,2,"26B_2008",0.27
"1808","261-2-C-BENA",2008,0.09575,0.553560995583596,17,1991,21,"261-2","BENA",37,18,8,0,13,0,0,0,0,0,0,NA,NA,NA,0,0,0,1,388.99561,"East","26B","Dwarf Shrub-Lichen","Low Shrub","Sandy Loam","Mesic",0,888.892761,295,13.025289,-149.351465,68.301786,-0.346838891010608,0.706919210123332,"261-2-C-BENA_2008",8.12949848175049,-10.0409504224857,199.735786437988,125.178262710571,5.03333338101705,-12.4583335220814,0.699999995529652,9.40000009536743,6.49999994039536,0.650000018378099,39.4699987769127,312.899998664856,114.300003051758,2,"26B_2008",0.27
"1809","261-3-D-BENA",2008,0.088,0.8441249652072,28,1980,21,"261-3","BENA",74,41,14,0,26,0,0,0,0,0,0,NA,NA,NA,0,0,0,1,380.53651,"East","26B","Tussock Tundra (Low shrub or Herbaceous)","Low Shrub","Sandy Loam","Mesic",0,884.224731,295,11.657486,-149.351558,68.302088,0.670555153030258,1.95532252260504,"261-3-D-BENA_2008",8.12949848175049,-10.0409504224857,199.735786437988,125.178262710571,5.03333338101705,-12.4583335220814,0.699999995529652,9.40000009536743,6.49999994039536,0.650000018378099,39.4699987769127,312.899998664856,114.300003051758,2,"26B_2008",0.27
"1810","261-4-A-BENA",2008,0.035,0.186155072688464,43,1965,21,"261-4","BENA",45,23,13,0,13,0,0,0,0,0,0,NA,NA,NA,0,0,0,0,405.679111,"East","26B","Low Shrub","Low Shrub","Sandy Loam","Mesic",0,886.626587,308,9.946874,-149.350886,68.302265,-0.32922830753671,0.71947873557664,"261-4-A-BENA_2008",8.12949848175049,-10.0409504224857,199.735786437988,125.178262710571,5.03333338101705,-12.4583335220814,0.699999995529652,9.40000009536743,6.49999994039536,0.650000018378099,39.4699987769127,312.899998664856,114.300003051758,2,"26B_2008",0.27
"1811","261-4-B-BENA",2008,0.23075,1.9995174989083,22,1986,21,"261-4","BENA",71,30,12,0,13,0,0,0,0,0,0,NA,NA,NA,0,0,0,0,405.679111,"East","26B","Low Shrub","Low Shrub","Sandy Loam","Mesic",0,886.626587,308,9.946874,-149.350886,68.302265,1.24512778356259,3.47337861167347,"261-4-B-BENA_2008",8.12949848175049,-10.0409504224857,199.735786437988,125.178262710571,5.03333338101705,-12.4583335220814,0.699999995529652,9.40000009536743,6.49999994039536,0.650000018378099,39.4699987769127,312.899998664856,114.300003051758,2,"26B_2008",0.27
"1812","268-1-B-BENA",2008,0.093,0.543432697217963,23,1985,22,"268-1","BENA",63,26,6,0,12,0,0,0,0,0,0,NA,NA,NA,0,0,1,2,212.091228,"West","26B","Low Shrub","Low Shrub","Sandy Gravel","Mesic",0,818.738892,195,1.432166,-149.327109,68.400098,-0.00458152338041651,0.995428955788199,"268-1-B-BENA_2008",9.16516208648682,-9.39429942828914,194.864593505859,108.909729003906,5.03333338101705,-12.4583335220814,0.699999995529652,9.40000009536743,6.49999994039536,0.650000018378099,39.4699987769127,312.899998664856,114.300003051758,2,"26B_2008",0.27
"1813","268-1-C-BENA",2008,0.0565,0.321896222666608,20,1988,22,"268-1","BENA",47,18,6,0,11,0,0,0,0,0,0,NA,NA,NA,0,0,1,2,212.091228,"West","26B","Low Shrub","Low Shrub","Sandy Gravel","Mesic",0,818.738892,195,1.432166,-149.327109,68.400098,-0.69504151363454,0.499053730020936,"268-1-C-BENA_2008",9.16516208648682,-9.39429942828914,194.864593505859,108.909729003906,5.03333338101705,-12.4583335220814,0.699999995529652,9.40000009536743,6.49999994039536,0.650000018378099,39.4699987769127,312.899998664856,114.300003051758,2,"26B_2008",0.27
"1814","268-2-A-BENA",2008,0.26175,3.87082758337131,18,1990,22,"268-2","BENA",60,23,9,0,24,0,0,0,0,0,0,NA,NA,NA,0,0,0,4,184.615387,"West","26B","Low Shrub","Low Shrub","Sandy Gravel","Mesic",0,819.441162,203,1.359031,-149.326454,68.400307,1.66622211637507,5.29213690645842,"268-2-A-BENA_2008",9.16516208648682,-9.39429942828914,194.864593505859,108.909729003906,5.03333338101705,-12.4583335220814,0.699999995529652,9.40000009536743,6.49999994039536,0.650000018378099,39.4699987769127,312.899998664856,114.300003051758,2,"26B_2008",0.27
"1815","268-4-C-BENA",2008,0.0265,0.184903148016007,29,1979,22,"268-4","BENA",58,32,8,0,18,0,0,0,0,0,0,NA,NA,NA,0,0,0,5,171.881056,"West","26B","Dwarf Shrub-Lichen","Low Shrub","Sandy Gravel","Mesic",0,820.486511,188,1.085947,-149.326166,68.400831,-0.806037401774981,0.44662435724616,"268-4-C-BENA_2008",9.16516208648682,-9.39429942828914,194.864593505859,108.909729003906,5.03333338101705,-12.4583335220814,0.699999995529652,9.40000009536743,6.49999994039536,0.650000018378099,39.4699987769127,312.899998664856,114.300003051758,2,"26B_2008",0.27
"1816","268-4-D-BENA",2008,0.069,0.334909484835941,20,1988,22,"268-4","BENA",57,23,7,0,15,0,0,0,0,0,0,NA,NA,NA,0,0,0,5,171.881056,"West","26B","Dwarf Shrub-Lichen","Low Shrub","Sandy Gravel","Mesic",0,820.486511,188,1.085947,-149.326166,68.400831,-0.655410416580785,0.519228918693691,"268-4-D-BENA_2008",9.16516208648682,-9.39429942828914,194.864593505859,108.909729003906,5.03333338101705,-12.4583335220814,0.699999995529652,9.40000009536743,6.49999994039536,0.650000018378099,39.4699987769127,312.899998664856,114.300003051758,2,"26B_2008",0.27
"1817","282-1-B-BENA",2008,0.0836666666666667,0.519297256936811,19,1989,23,"282-1","BENA",41,18,8,0,9,0,0,0,0,0,0,NA,NA,NA,0,0,0,0,577.316923,"West","26B","Tussock Tundra (Low shrub or Herbaceous)","Tussock Tundra","Clay Loam","Mesic",0,826.622314,26,2.82316,-149.530032,68.582817,-0.278004519317079,0.75729339905761,"282-1-B-BENA_2008",9.69999980926514,-9.05833333233992,156,91,9.46666701634725,-8.93333339691162,5.03333353996277,14.0000003178914,20.4000002145767,0.883333370089531,56.1199980974197,271.239998102188,82.8000030517578,2,"26B_2008",0.27
"1818","282-1-D-BENA",2008,0.02425,0.351606460741144,18,1990,23,"282-1","BENA",74,20,11,0,15,0,0,0,0,0,0,NA,NA,NA,0,0,0,0,577.316923,"West","26B","Tussock Tundra (Low shrub or Herbaceous)","Tussock Tundra","Clay Loam","Mesic",0,826.622314,26,2.82316,-149.530032,68.582817,-0.732488951717949,0.480711033328126,"282-1-D-BENA_2008",9.69999980926514,-9.05833333233992,156,91,9.46666701634725,-8.93333339691162,5.03333353996277,14.0000003178914,20.4000002145767,0.883333370089531,56.1199980974197,271.239998102188,82.8000030517578,2,"26B_2008",0.27
"1819","282-2-A-BENA",2008,0.0245,0.0626912668005477,21,1987,23,"282-2","BENA",44,16,6,0,7,0,0,0,0,0,0,NA,NA,NA,0,0,0,0,604.079816,"West","26B","Low Shrub","Low Shrub-Tussock Tundra","Clay Loam","Mesic",0,826.41803,354,3.355184,-149.530916,68.583004,-2.27282537640178,0.103020696257142,"282-2-A-BENA_2008",9.69999980926514,-9.05833333233992,156,91,9.46666701634725,-8.93333339691162,5.03333353996277,14.0000003178914,20.4000002145767,0.883333370089531,56.1199980974197,271.239998102188,82.8000030517578,2,"26B_2008",0.27
"1820","282-2-B-BENA",2008,0.023,0.107481738660941,17,1991,23,"282-2","BENA",27,18,6,0,5,0,0,0,0,0,0,NA,NA,NA,0,0,0,0,604.079816,"West","26B","Low Shrub","Low Shrub-Tussock Tundra","Clay Loam","Mesic",0,826.41803,354,3.355184,-149.530916,68.583004,-1.98588987666124,0.137258416693126,"282-2-B-BENA_2008",9.69999980926514,-9.05833333233992,156,91,9.46666701634725,-8.93333339691162,5.03333353996277,14.0000003178914,20.4000002145767,0.883333370089531,56.1199980974197,271.239998102188,82.8000030517578,2,"26B_2008",0.27
"1821","282-3-B-BENA",2008,0.02625,0.126524698880215,14,1994,23,"282-3","BENA",31,18,7,0,8,0,0,0,0,0,0,NA,NA,NA,0,0,0,0,571.732475,"West","26B","Low Shrub","Low Shrub-Tussock Tundra","Clay Loam","Mesic",0,823.876221,27,3.830761,-149.53038,68.583298,-2.05446717535673,0.128161104783096,"282-3-B-BENA_2008",9.69999980926514,-9.05833333233992,156,91,9.46666701634725,-8.93333339691162,5.03333353996277,14.0000003178914,20.4000002145767,0.883333370089531,56.1199980974197,271.239998102188,82.8000030517578,2,"26B_2008",0.27
"1822","282-3-D-BENA",2008,0.1345,1.8570818113349,11,1997,23,"282-3","BENA",82,20,10,0,18,0,0,0,0,0,0,NA,NA,NA,0,0,0,0,571.732475,"West","26B","Low Shrub","Low Shrub-Tussock Tundra","Clay Loam","Mesic",0,823.876221,27,3.830761,-149.53038,68.583298,0.344068900816706,1.41067582887601,"282-3-D-BENA_2008",9.69999980926514,-9.05833333233992,156,91,9.46666701634725,-8.93333339691162,5.03333353996277,14.0000003178914,20.4000002145767,0.883333370089531,56.1199980974197,271.239998102188,82.8000030517578,2,"26B_2008",0.27
"1823","282-4-A-BENA",2008,0.07325,0.65578920592957,20,1988,23,"282-4","BENA",52,15,7,0,6,0,0,0,0,0,0,NA,NA,NA,0,0,0,0,597.547448,"West","26B","Tussock Tundra (Low shrub or Herbaceous)","Low Shrub-Tussock Tundra","Clay Loam","Mesic",0,823.620117,358,4.137664,-149.531178,68.583423,0.0165686875041718,1.01670670943406,"282-4-A-BENA_2008",9.69999980926514,-9.05833333233992,156,91,9.46666701634725,-8.93333339691162,5.03333353996277,14.0000003178914,20.4000002145767,0.883333370089531,56.1199980974197,271.239998102188,82.8000030517578,2,"26B_2008",0.27
"1824","282-4-C-BENA",2008,0.07825,0.932616140387779,8,2000,23,"282-4","BENA",38,12,6,0,9,0,0,0,0,0,0,NA,NA,NA,0,0,0,0,597.547448,"West","26B","Tussock Tundra (Low shrub or Herbaceous)","Low Shrub-Tussock Tundra","Clay Loam","Mesic",0,823.620117,358,4.137664,-149.531178,68.583423,-0.724722168862047,0.484459148095766,"282-4-C-BENA_2008",9.69999980926514,-9.05833333233992,156,91,9.46666701634725,-8.93333339691162,5.03333353996277,14.0000003178914,20.4000002145767,0.883333370089531,56.1199980974197,271.239998102188,82.8000030517578,2,"26B_2008",0.27
"1825","60-2-A-BENA",2008,0.1145,1.03345360693592,7,2001,1,"60-2","BENA",89,NA,9,0,10,0,0,0,0,0,0,NA,NA,NA,0,0,2,0,1432.670461,"West","20F","Low Shrub","Low Shrub","Silt Loam","Mesic",0,110.927505,264,1.953402,-149.84073,65.909949,-0.781402542573658,0.457763528018749,"60-2-A-BENA_2008",14.0939817428589,-6.24317133426666,167.541625976562,58.1805429458618,13.5000003178914,-4.20833327372869,8.89999993642171,18.1000003814697,59.7000017166138,0.850000015149514,110.729997992516,234.629996985197,260.000003814697,2,"20F_2008",0.375
"1826","60-2-D-BENA",2008,0.24,2.47796262144549,7,2001,1,"60-2","BENA",102,NA,7,0,18,0,0,0,0,0,0,NA,NA,NA,0,0,2,0,1432.670461,"West","20F","Low Shrub","Low Shrub","Silt Loam","Mesic",0,110.927505,264,1.953402,-149.84073,65.909949,0.0931279464983802,1.09760216063749,"60-2-D-BENA_2008",14.0939817428589,-6.24317133426666,167.541625976562,58.1805429458618,13.5000003178914,-4.20833327372869,8.89999993642171,18.1000003814697,59.7000017166138,0.850000015149514,110.729997992516,234.629996985197,260.000003814697,2,"20F_2008",0.375
"1827","60-4-A-BENA",2008,0.13575,1.26374079147431,9,1999,1,"60-4","BENA",92,NA,7,13,13,0,0,0,0,0,0,NA,NA,NA,0,0,1,0,1406.241796,"West","20F","Tall Shrub (Open-Closed)","Black Spruce Woodland","Silt Loam","Mesic",0,110.670654,252,1.181915,-149.840942,65.910317,-0.280329327862132,0.755534881792378,"60-4-A-BENA_2008",14.0939817428589,-6.24317133426666,167.541625976562,58.1805429458618,13.5000003178914,-4.20833327372869,8.89999993642171,18.1000003814697,59.7000017166138,0.850000015149514,110.729997992516,234.629996985197,260.000003814697,2,"20F_2008",0.375
"1828","60-4-B-BENA",2008,0.1085,0.783984446703331,18,1990,1,"60-4","BENA",95,NA,9,0,9,0,2,0,0,0.222222222,0,NA,"Hare",NA,1,0,1,0,1406.241796,"West","20F","Tall Shrub (Open-Closed)","Black Spruce Woodland","Silt Loam","Mesic",0,110.670654,252,1.181915,-149.840942,65.910317,0.0693876891456412,1.07185167386726,"60-4-B-BENA_2008",14.0939817428589,-6.24317133426666,167.541625976562,58.1805429458618,13.5000003178914,-4.20833327372869,8.89999993642171,18.1000003814697,59.7000017166138,0.850000015149514,110.729997992516,234.629996985197,260.000003814697,2,"20F_2008",0.375
"1829","72-1-C-BENA",2008,0.0875,0.457965669077052,40,1968,2,"72-1","BENA",118,71,9,0,11,0,2,0,0,0.181818182,0,NA,"Hare",NA,1,0,0,0,895.937772,"West","20F","Tussock Tundra (Low shrub or Herbaceous)","Black Spruce Woodland","Clay Loam","Mesic",0,130.808105,148,1.606934,-150.14017,66.022623,0.484682824464137,1.62365994195309,"72-1-C-BENA_2008",14.3653523127238,-5.98820930719376,159.516059875488,57,12.0000003178914,-5.89166680971781,7.40000009536743,16.6666669845581,46.5,0.94166667945683,110.419997692108,247.439998477697,259.700008392334,2,"20F_2008",0.375
"1830","72-1-D-BENA",2008,0.116,0.812302762882795,52,1956,2,"72-1","BENA",65,41,8,7,4,0,0,0,0,0,0,NA,NA,NA,0,0,0,0,895.937772,"West","20F","Tussock Tundra (Low shrub or Herbaceous)","Black Spruce Woodland","Clay Loam","Mesic",0,130.808105,148,1.606934,-150.14017,66.022623,1.37085114934613,3.93870169253889,"72-1-D-BENA_2008",14.3653523127238,-5.98820930719376,159.516059875488,57,12.0000003178914,-5.89166680971781,7.40000009536743,16.6666669845581,46.5,0.94166667945683,110.419997692108,247.439998477697,259.700008392334,2,"20F_2008",0.375
"1831","72-2-A-BENA",2008,0.05575,0.355147821059907,39,1969,2,"72-2","BENA",121,72,12,21,14,0,0,0,0,0,0,NA,NA,NA,0,0,0,0,855.94066,"West","20F","Tussock Tundra (Low shrub or Herbaceous)","Black Spruce Woodland","Clay Loam","Mesic",0,131.055786,179,2.125059,-150.13956,66.022889,0.200209982929904,1.22165925881936,"72-2-A-BENA_2008",14.3653523127238,-5.98820930719376,159.516059875488,57,12.0000003178914,-5.89166680971781,7.40000009536743,16.6666669845581,46.5,0.94166667945683,110.419997692108,247.439998477697,259.700008392334,2,"20F_2008",0.375
"1832","72-2-B-BENA",2008,0.1575,1.4344276436842,9,1999,2,"72-2","BENA",104,67,9,0,5,0,1,0,0,0.2,0,NA,"Hare",NA,1,0,0,0,855.94066,"West","20F","Tussock Tundra (Low shrub or Herbaceous)","Black Spruce Woodland","Clay Loam","Mesic",0,131.055786,179,2.125059,-150.13956,66.022889,-0.153639617448443,0.857581022565808,"72-2-B-BENA_2008",14.3653523127238,-5.98820930719376,159.516059875488,57,12.0000003178914,-5.89166680971781,7.40000009536743,16.6666669845581,46.5,0.94166667945683,110.419997692108,247.439998477697,259.700008392334,2,"20F_2008",0.375
"1833","72-3-C-BENA",2008,0.2985,4.61474356832214,6,2002,2,"72-3","BENA",65,39,9,0,4,0,0,0,0,0,0,NA,NA,NA,0,0,1,0,885.368743,"West","20F","Tussock Tundra (Low shrub or Herbaceous)","Black Spruce Woodland","Clay Loam","Mesic",0,132.401993,119,2.284806,-150.140609,66.023021,0.530993585393846,1.70062118182646,"72-3-C-BENA_2008",14.3653523127238,-5.98820930719376,159.516059875488,57,12.0000003178914,-5.89166680971781,7.40000009536743,16.6666669845581,46.5,0.94166667945683,110.419997692108,247.439998477697,259.700008392334,2,"20F_2008",0.375
"1834","72-3-D-BENA",2008,0.07025,0.275043491578674,52,1956,2,"72-3","BENA",104,47,11,0,9,0,0,0,0,0,0,NA,NA,NA,0,0,1,0,885.368743,"West","20F","Tussock Tundra (Low shrub or Herbaceous)","Black Spruce Woodland","Clay Loam","Mesic",0,132.401993,119,2.284806,-150.140609,66.023021,0.287907254343796,1.33363360966315,"72-3-D-BENA_2008",14.3653523127238,-5.98820930719376,159.516059875488,57,12.0000003178914,-5.89166680971781,7.40000009536743,16.6666669845581,46.5,0.94166667945683,110.419997692108,247.439998477697,259.700008392334,2,"20F_2008",0.375
"1835","72-4-A-BENA",2008,0.15425,0.979963475969113,10,1998,2,"72-4","BENA",97,39,7,0,8,0,0,0,0,0,0,NA,NA,NA,0,0,0,0,844.255779,"West","20F","Tussock Tundra (Low shrub or Herbaceous)","Low Shrub-Tussock Tundra","Clay Loam","Mesic",0,132.260803,156,1.029158,-150.139994,66.023305,-0.408914734710007,0.664370877682789,"72-4-A-BENA_2008",14.3653523127238,-5.98820930719376,159.516059875488,57,12.0000003178914,-5.89166680971781,7.40000009536743,16.6666669845581,46.5,0.94166667945683,110.419997692108,247.439998477697,259.700008392334,2,"20F_2008",0.375
"1836","72-4-D-BENA",2008,0.05725,0.192401147932421,11,1997,2,"72-4","BENA",85,37,8,0,12,0,0,0,0,0,0,NA,NA,NA,0,0,0,0,844.255779,"West","20F","Tussock Tundra (Low shrub or Herbaceous)","Low Shrub-Tussock Tundra","Clay Loam","Mesic",0,132.260803,156,1.029158,-150.139994,66.023305,-1.92311021061319,0.146151691960822,"72-4-D-BENA_2008",14.3653523127238,-5.98820930719376,159.516059875488,57,12.0000003178914,-5.89166680971781,7.40000009536743,16.6666669845581,46.5,0.94166667945683,110.419997692108,247.439998477697,259.700008392334,2,"20F_2008",0.375
"1837","97-3-D-BENA",2008,0.1205,1.17089200234516,13,1995,4,"97-3","BENA",75,49,7,21,13,0,0,0,0,0,0,NA,NA,NA,0,0,0,0,924.995234,"East","24A","Tussock Tundra (Low shrub or Herbaceous)","Tall Shrub","Gravely Sand Loam","Mesic",2004,557.015015,71,7.919354,-150.432427,66.349149,0.0821805127023212,1.0856517660768,"97-3-D-BENA_2008",11.9378471374512,-6.64699117342631,355.548645019531,123.774322509766,12.0000003178914,-5.89166680971781,7.40000009536743,16.6666669845581,46.5,0.94166667945683,110.419997692108,247.439998477697,259.700008392334,2,"24A_2008",0.87
"1838","102-3-B-BENA",2007,0.6365,10.4310371562977,27,1980,5,"102-3","BENA",72,NA,16,0,12,0,0,0,0,0,0,NA,NA,NA,0,0,0,0,939.238254,"West","24A","Tussock Tundra (Low shrub or Herbaceous)","Low Shrub","Sandy Loam","Mesic",2004,424.339783,330,3.896938,-150.565669,66.401242,3.14139667382238,23.1361579695848,"102-3-B-BENA_2007",13.9666665395101,-5.18333339691162,284,69,14.0000003178914,-4.42500005165736,8.90000025431315,19.1333338419596,42.7000002861023,1.10000003005068,96.1199990510941,238.129998862743,208.900005340576,1,"24A_2007",0.89
"1839","111-1-A-BENA",2007,0.48175,5.91725907442429,19,1988,6,"111-1","BENA",45,37,7,0,7,0,0,0,0,0,0,NA,NA,NA,0,0,0,0,640.914524,"West","24A","Tall Shrub (Open-Closed)","Low Shrub","Gravely Sand Loam","Mesic",0,512.854736,12,8.158982,-150.736683,66.498494,2.15514763855688,8.62916408225998,"111-1-A-BENA_2007",13.9424409866333,-5.18498208125432,311.510704040527,66.8346803188324,14.0000003178914,-4.42500005165736,8.90000025431315,19.1333338419596,42.7000002861023,1.10000003005068,96.1199990510941,238.129998862743,208.900005340576,1,"24A_2007",0.89
"1840","111-1-B-BENA",2007,0.10275,0.889068168421879,11,1996,6,"111-1","BENA",89,51,9,0,12,0,0,0,0,0,0,NA,NA,NA,0,0,0,0,640.914524,"West","24A","Tall Shrub (Open-Closed)","Low Shrub","Gravely Sand Loam","Mesic",0,512.854736,12,8.158982,-150.736683,66.498494,-0.392518802747949,0.675353647728786,"111-1-B-BENA_2007",13.9424409866333,-5.18498208125432,311.510704040527,66.8346803188324,14.0000003178914,-4.42500005165736,8.90000025431315,19.1333338419596,42.7000002861023,1.10000003005068,96.1199990510941,238.129998862743,208.900005340576,1,"24A_2007",0.89
"1841","111-2-A-BENA",2007,0.35025,4.4775700484435,7,2000,6,"111-2","BENA",70,39,11,0,13,0,0,0,0,0,0,NA,NA,NA,0,0,0,0,685.564701,"West","24A","Tall Shrub (Open-Closed)","Low Shrub","Gravely Sand Loam","Mesic",0,516.430603,8,6.353059,-150.737535,66.498284,0.684771746941482,1.98331908522108,"111-2-A-BENA_2007",13.9375470479329,-5.18745275338491,312.25284576416,67.06321144104,14.0000003178914,-4.42500005165736,8.90000025431315,19.1333338419596,42.7000002861023,1.10000003005068,96.1199990510941,238.129998862743,208.900005340576,1,"24A_2007",0.89
"1842","111-2-D-BENA",2007,0.11125,1.12163987986805,11,1996,6,"111-2","BENA",75,31,6,0,7,0,0,0,0,0,0,NA,NA,NA,0,0,0,0,685.564701,"West","24A","Tall Shrub (Open-Closed)","Low Shrub","Gravely Sand Loam","Mesic",0,516.430603,8,6.353059,-150.737535,66.498284,-0.160145643333079,0.852019688941914,"111-2-D-BENA_2007",13.9375470479329,-5.18745275338491,312.25284576416,67.06321144104,14.0000003178914,-4.42500005165736,8.90000025431315,19.1333338419596,42.7000002861023,1.10000003005068,96.1199990510941,238.129998862743,208.900005340576,1,"24A_2007",0.89
"1843","111-3-A-BENA",2007,0.059,0.495636506586248,20,1987,6,"111-3","BENA",108,46,7,0,11,0,0,0,0,0,0,NA,NA,NA,0,0,0,0,664.632709,"West","24A","Tall Shrub (Open-Closed)","Low Shrub","Gravely Sand Loam","Mesic",0,511.257965,359,9.703425,-150.737553,66.498636,-0.263427908942283,0.768413016149607,"111-3-A-BENA_2007",13.9424409866333,-5.18498208125432,311.510704040527,66.8346803188324,14.0000003178914,-4.42500005165736,8.90000025431315,19.1333338419596,42.7000002861023,1.10000003005068,96.1199990510941,238.129998862743,208.900005340576,1,"24A_2007",0.89
"1844","111-3-D-BENA",2007,0.30575,5.91189559036646,10,1997,6,"111-3","BENA",95,38,7,3,16,0,0,0,0,0,0,NA,NA,NA,0,0,0,0,664.632709,"West","24A","Tall Shrub (Open-Closed)","Low Shrub","Gravely Sand Loam","Mesic",0,511.257965,359,9.703425,-150.737553,66.498636,1.38829176558312,4.00799760241735,"111-3-D-BENA_2007",13.9424409866333,-5.18498208125432,311.510704040527,66.8346803188324,14.0000003178914,-4.42500005165736,8.90000025431315,19.1333338419596,42.7000002861023,1.10000003005068,96.1199990510941,238.129998862743,208.900005340576,1,"24A_2007",0.89
"1845","111-4-A-BENA",2007,0.327,5.97734969155629,9,1998,6,"111-4","BENA",112,61,10,0,19,0,0,0,0,0,0,NA,NA,NA,0,0,0,0,707.594422,"West","24A","Tall Shrub (Open-Closed)","Low Shrub","Gravely Sand Loam","Mesic",0,515.006653,353,8.170983,-150.73833,66.498407,1.2735717418096,3.57359374889934,"111-4-A-BENA_2007",13.9375470479329,-5.18745275338491,312.25284576416,67.06321144104,14.0000003178914,-4.42500005165736,8.90000025431315,19.1333338419596,42.7000002861023,1.10000003005068,96.1199990510941,238.129998862743,208.900005340576,1,"24A_2007",0.89
"1846","111-4-C-BENA",2007,0.0366666666666667,0.198053002891934,15,1992,6,"111-4","BENA",51,30,7,0,13,0,0,0,0,0,0,NA,NA,NA,0,0,0,0,707.594422,"West","24A","Tall Shrub (Open-Closed)","Low Shrub","Gravely Sand Loam","Mesic",0,515.006653,353,8.170983,-150.73833,66.498407,-1.52403816634683,0.217830472816874,"111-4-C-BENA_2007",13.9375470479329,-5.18745275338491,312.25284576416,67.06321144104,14.0000003178914,-4.42500005165736,8.90000025431315,19.1333338419596,42.7000002861023,1.10000003005068,96.1199990510941,238.129998862743,208.900005340576,1,"24A_2007",0.89
"1847","121-1-C-BENA",2007,0.04125,0.453729427733225,35,1972,7,"121-1","BENA",60,36,11,0,11,0,0,0,0,0,0,NA,NA,NA,0,0,0,0,1394.51987,"East","24A","Tall Shrub (Open-Closed)","Low Shrub","Clay Loam","Mesic",2005,466.470276,61,7.209129,-150.675843,66.599029,0.316041476271659,1.37168714691495,"121-1-C-BENA_2007",14.4666665395101,-4.93333339691162,300,57,14.1000000635783,-4.70833341280619,8.96666685740153,19.3000005086263,51.600001335144,1.16666669646899,96.3299975395203,239.28999876976,187.600002288818,1,"24A_2007",0.89
"1848","121-1-D-BENA",2007,0.42475,7.94596766322113,23,1984,7,"121-1","BENA",73,42,19,0,25,0,0,0,0,0,0,NA,NA,NA,0,0,0,0,1394.51987,"East","24A","Tall Shrub (Open-Closed)","Low Shrub","Clay Loam","Mesic",2005,466.470276,61,7.209129,-150.675843,66.599029,2.67793247669115,14.5549694271609,"121-1-D-BENA_2007",14.4666665395101,-4.93333339691162,300,57,14.1000000635783,-4.70833341280619,8.96666685740153,19.3000005086263,51.600001335144,1.16666669646899,96.3299975395203,239.28999876976,187.600002288818,1,"24A_2007",0.89
"1849","129-3-A-BENA",2007,0.0435,0.64387019975139,55,1952,8,"129-3","BENA",51,35,12,0,6,0,0,0,0,0,0,NA,NA,NA,0,0,0,0,1022.673056,"East","24A","Tussock Tundra (Low shrub or Herbaceous)","Low Shrub-Tussock Tundra","Sandy Loam","Mesic - Hydric",2005,301.546051,352,6.265718,-150.646771,66.710061,1.20540889886088,3.33812375404168,"129-3-A-BENA_2007",14.7666670481364,-4.81666662295659,283,49,14.1000000635783,-4.70833341280619,8.96666685740153,19.3000005086263,51.600001335144,1.16666669646899,96.3299975395203,239.28999876976,187.600002288818,1,"24A_2007",0.89
"1850","129-4-D-BENA",2007,0.11175,2.89134928711765,46,1961,8,"129-4","BENA",87,41,18,0,9,0,0,0,0,0,0,NA,NA,NA,0,0,0,0,1057.255538,"East","24A","Tussock Tundra (Low shrub or Herbaceous)","Tall Shrub","Sandy Loam","Mesic - Hydric",2005,303.823029,358,6.979915,-150.646167,66.709845,2.49415048228237,12.1114402639671,"129-4-D-BENA_2007",14.7666670481364,-4.81666662295659,283,49,14.1000000635783,-4.70833341280619,8.96666685740153,19.3000005086263,51.600001335144,1.16666669646899,96.3299975395203,239.28999876976,187.600002288818,1,"24A_2007",0.89
"1851","147-1-A-BENA",2007,0.207,1.71259054041835,8,1999,9,"147-1","BENA",104,58,9,25,11,1,1,0,0.090909091,0.090909091,0,"Moose","Hare",NA,1,1,0,0,984.758365,"West","24A","Low Shrub","Tall Shrub","Clay Loam","Mesic - Hydric",0,426.634277,145,7.907337,-150.485282,66.911769,-0.116953420901303,0.889626630204965,"147-1-A-BENA_2007",14.2999998728434,-5.11666659514109,287.270812988281,51.0902709960938,12.5666666030884,-5.93333331743876,7.53333330154419,17.6000003814697,33.1000001430511,1.12500002359351,91.3099979162216,250.579999580979,195.900001525879,1,"24A_2007",0.89
"1852","147-2-A-BENA",2007,0.03925,0.161625320899693,12,1995,9,"147-2","BENA",89,56,6,61,9,0,0,0,0,0,0,NA,NA,NA,0,2,1,0,986.173835,"West","24A","Low Shrub","Tall Shrub","Clay Loam","Mesic - Hydric",0,428.943481,147,8.698308,-150.484958,66.912025,-1.99357785374005,0.136207223085456,"147-2-A-BENA_2007",14.2999998728434,-5.11666659514109,287.270812988281,51.0902709960938,12.5666666030884,-5.93333331743876,7.53333330154419,17.6000003814697,33.1000001430511,1.12500002359351,91.3099979162216,250.579999580979,195.900001525879,1,"24A_2007",0.89
"1853","147-3-A-BENA",2007,0.1395,1.38816376486927,17,1990,9,"147-3","BENA",107,63,8,18,8,1,0,0,0.125,0,0,"Moose",NA,NA,1,2,1,0,952.272152,"West","24A","White Spruce or Black Spruce (Woodland)","Black Spruce Woodland","Clay Loam","Mesic - Hydric",0,425.583191,170,6.572863,-150.484233,66.911912,0.572526283446533,1.77273984260515,"147-3-A-BENA_2007",14.2999998728434,-5.11666659514109,287.270812988281,51.0902709960938,12.5666666030884,-5.93333331743876,7.53333330154419,17.6000003814697,33.1000001430511,1.12500002359351,91.3099979162216,250.579999580979,195.900001525879,1,"24A_2007",0.89
"1854","147-3-C-BENA",2007,0.036,0.206346088673085,13,1994,9,"147-3","BENA",136,53,12,30,29,2,1,0,0.068965517,0.034482759,0,"Moose","Hare",NA,1,2,1,0,952.272152,"West","24A","White Spruce or Black Spruce (Woodland)","Black Spruce Woodland","Clay Loam","Mesic - Hydric",0,425.583191,170,6.572863,-150.484233,66.911912,-1.65378581858085,0.19132421704332,"147-3-C-BENA_2007",14.2999998728434,-5.11666659514109,287.270812988281,51.0902709960938,12.5666666030884,-5.93333331743876,7.53333330154419,17.6000003814697,33.1000001430511,1.12500002359351,91.3099979162216,250.579999580979,195.900001525879,1,"24A_2007",0.89
"1855","147-4-A-BENA",2007,0.27375,2.92468237057039,7,2000,9,"147-4","BENA",65,33,9,8,10,0,0,0,0,0,0,NA,NA,NA,0,0,1,0,956.341518,"West","24A","Tall Shrub (Open-Closed)","Tall Shrub","Clay Loam","Mesic - Hydric",0,428.39856,129,7.52786,-150.483929,66.912191,0.258877131097007,1.29547462150331,"147-4-A-BENA_2007",14.2999998728434,-5.11666659514109,287.270812988281,51.0902709960938,12.5666666030884,-5.93333331743876,7.53333330154419,17.6000003814697,33.1000001430511,1.12500002359351,91.3099979162216,250.579999580979,195.900001525879,1,"24A_2007",0.89
"1856","147-4-D-BENA",2007,0.06425,0.331988392716723,21,1986,9,"147-4","BENA",94,47,7,14,7,0,0,0,0,0,0,NA,NA,NA,0,0,1,0,956.341518,"West","24A","Tall Shrub (Open-Closed)","Tall Shrub","Clay Loam","Mesic - Hydric",0,428.39856,129,7.52786,-150.483929,66.912191,-0.60594752225313,0.545557254023577,"147-4-D-BENA_2007",14.2999998728434,-5.11666659514109,287.270812988281,51.0902709960938,12.5666666030884,-5.93333331743876,7.53333330154419,17.6000003814697,33.1000001430511,1.12500002359351,91.3099979162216,250.579999580979,195.900001525879,1,"24A_2007",0.89
"1857","151-1-C-BENA",2007,0.133,2.09668008744991,9,1998,10,"151-1","BENA",118,82,11,0,4,0,0,0,0,0,0,NA,NA,NA,0,0,0,0,725.03173,"East","24A","White Spruce or Black Spruce (Open-Closed)","Low Shrub","Clay Loam","Mesic",0,471.29071,296,22.022722,-150.362735,66.958242,0.225949650512336,1.25351254997462,"151-1-C-BENA_2007",13.4316053390503,-5.93664169311523,304.988628387451,53,12.5666666030884,-5.93333331743876,7.53333330154419,17.6000003814697,33.1000001430511,1.12500002359351,91.3099979162216,250.579999580979,195.900001525879,1,"24A_2007",0.89
"1858","151-1-D-BENA",2007,0.09625,0.493708157745565,23,1984,10,"151-1","BENA",90,67,12,0,8,0,0,0,0,0,0,NA,NA,NA,0,0,0,0,725.03173,"East","24A","White Spruce or Black Spruce (Open-Closed)","Low Shrub","Clay Loam","Mesic",0,471.29071,296,22.022722,-150.362735,66.958242,-0.10054282129026,0.904346386304522,"151-1-D-BENA_2007",13.4316053390503,-5.93664169311523,304.988628387451,53,12.5666666030884,-5.93333331743876,7.53333330154419,17.6000003814697,33.1000001430511,1.12500002359351,91.3099979162216,250.579999580979,195.900001525879,1,"24A_2007",0.89
"1859","151-2-A-BENA",2007,0.402,6.47562356517522,12,1995,10,"151-2","BENA",119,71,11,0,4,0,0,0,0,0,0,NA,NA,NA,0,1,0,0,737.726474,"East","24A","Low Shrub","Low Shrub","Clay Loam","Mesic",0,482.941345,297,25.566626,-150.361917,66.958285,1.69694150914444,5.45723095025845,"151-2-A-BENA_2007",13.4316053390503,-5.93664169311523,304.988628387451,53,12.5666666030884,-5.93333331743876,7.53333330154419,17.6000003814697,33.1000001430511,1.12500002359351,91.3099979162216,250.579999580979,195.900001525879,1,"24A_2007",0.89
"1860","151-2-B-BENA",2007,0.551,7.34037992979869,12,1995,10,"151-2","BENA",142,91,14,0,17,0,0,0,0,0,0,NA,NA,NA,0,1,0,0,737.726474,"East","24A","Low Shrub","Low Shrub","Clay Loam","Mesic",0,482.941345,297,25.566626,-150.361917,66.958285,1.82228720553356,6.18599091444708,"151-2-B-BENA_2007",13.4316053390503,-5.93664169311523,304.988628387451,53,12.5666666030884,-5.93333331743876,7.53333330154419,17.6000003814697,33.1000001430511,1.12500002359351,91.3099979162216,250.579999580979,195.900001525879,1,"24A_2007",0.89
"1861","151-3-C-BENA",2007,0.1815,1.65813888575,21,1986,10,"151-3","BENA",86,51,13,0,9,0,0,0,0,0,0,NA,NA,NA,0,0,0,0,698.113665,"East","24A","White Spruce or Black Spruce (Open-Closed)","Low Shrub","Clay Loam","Mesic",0,469.98999,301,21.5443,-150.36215,66.958641,1.00240357036375,2.72482326835855,"151-3-C-BENA_2007",13.4316053390503,-5.93664169311523,304.988628387451,53,12.5666666030884,-5.93333331743876,7.53333330154419,17.6000003814697,33.1000001430511,1.12500002359351,91.3099979162216,250.579999580979,195.900001525879,1,"24A_2007",0.89
"1862","151-4-A-BENA",2007,0.04525,0.368719894022497,21,1986,10,"151-4","BENA",65,36,9,0,8,0,0,0,0,0,0,NA,NA,NA,0,0,0,0,714.907956,"East","24A","Low Shrub","Low Shrub","Clay Loam","Mesic",0,485.466003,301,24.973797,-150.361301,66.958638,-0.501010267869618,0.60591821069606,"151-4-A-BENA_2007",13.4316053390503,-5.93664169311523,304.988628387451,53,12.5666666030884,-5.93333331743876,7.53333330154419,17.6000003814697,33.1000001430511,1.12500002359351,91.3099979162216,250.579999580979,195.900001525879,1,"24A_2007",0.89
"1863","151-4-D-BENA",2007,0.0555,0.438511356569696,14,1993,10,"151-4","BENA",83,56,8,0,9,0,0,0,0,0,0,NA,NA,NA,0,0,0,0,714.907956,"East","24A","Low Shrub","Low Shrub","Clay Loam","Mesic",0,485.466003,301,24.973797,-150.361301,66.958638,-0.811519002377341,0.444182838728687,"151-4-D-BENA_2007",13.4316053390503,-5.93664169311523,304.988628387451,53,12.5666666030884,-5.93333331743876,7.53333330154419,17.6000003814697,33.1000001430511,1.12500002359351,91.3099979162216,250.579999580979,195.900001525879,1,"24A_2007",0.89
"1864","158-2-C-BENA",2007,0.31675,2.87956910006484,19,1988,11,"158-2","BENA",54,29,8,0,53,0,0,0,0,0,0,NA,NA,NA,0,0,0,1,1283.38641,"East","24A","Tussock Tundra (Low shrub or Herbaceous)","Low Shrub","Sandy Loam","Mesic - Xeric",2005,590.000549,54,15.617359,-150.286104,67.046812,1.43491495598187,4.19928786928816,"158-2-C-BENA_2007",14.2999998728434,-5.55000007152557,277,55,12.466667175293,-6.25000001986821,7.43333339691162,17.5000006357829,38.6000008583069,1.16666667660077,92.2999980449677,252.429997891188,167,1,"24A_2007",0.89
"1865","173-1-A-BENA",2007,0.036,0.174056799379489,39,1968,12,"173-1","BENA",69,40,12,0,9,0,0,0,0,0,0,NA,NA,NA,0,0,0,0,1301.486525,"East","24A","Low Shrub","Low Shrub","Clay Loam","Mesic",0,349.871613,358,2.901099,-150.191497,67.228159,-0.51294243806579,0.598731254742932,"173-1-A-BENA_2007",14.7325550715129,-5.35143554210663,239.593780517578,61.8194577693939,12.466667175293,-6.25000001986821,7.43333339691162,17.5000006357829,38.6000008583069,1.16666667660077,92.2999980449677,252.429997891188,167,1,"24A_2007",0.89
"1866","173-1-B-BENA",2007,0.22875,1.55567446690638,17,1990,12,"173-1","BENA",101,53,11,0,7,0,0,0,0,0,0,NA,NA,NA,0,0,0,0,1301.486525,"East","24A","Low Shrub","Low Shrub","Clay Loam","Mesic",0,349.871613,358,2.901099,-150.191497,67.228159,0.686453634473359,1.9866576115882,"173-1-B-BENA_2007",14.7325550715129,-5.35143554210663,239.593780517578,61.8194577693939,12.466667175293,-6.25000001986821,7.43333339691162,17.5000006357829,38.6000008583069,1.16666667660077,92.2999980449677,252.429997891188,167,1,"24A_2007",0.89
"1867","173-2-A-BENA",2007,0.0615,0.264308473131815,48,1959,12,"173-2","BENA",94,43,12,0,6,0,0,0,0,0,0,NA,NA,NA,0,2,0,0,1323.706943,"East","24A","Tussock Tundra (Low shrub or Herbaceous)","Low Shrub","Clay Loam","Mesic",0,348.371155,13,2.823825,-150.190835,67.228457,0.152576841341197,1.1648319659063,"173-2-A-BENA_2007",14.7325550715129,-5.35143554210663,239.593780517578,61.8194577693939,12.466667175293,-6.25000001986821,7.43333339691162,17.5000006357829,38.6000008583069,1.16666667660077,92.2999980449677,252.429997891188,167,1,"24A_2007",0.89
"1868","173-2-C-BENA",2007,0.50525,9.79318055393386,10,1997,12,"173-2","BENA",107,64,12,0,13,0,0,0,0,0,0,NA,NA,NA,0,2,0,0,1323.706943,"East","24A","Tussock Tundra (Low shrub or Herbaceous)","Low Shrub","Clay Loam","Mesic",0,348.371155,13,2.823825,-150.190835,67.228457,1.89301152433012,6.63933311748053,"173-2-C-BENA_2007",14.7325550715129,-5.35143554210663,239.593780517578,61.8194577693939,12.466667175293,-6.25000001986821,7.43333339691162,17.5000006357829,38.6000008583069,1.16666667660077,92.2999980449677,252.429997891188,167,1,"24A_2007",0.89
"1869","173-3-B-BENA",2007,0.03775,0.142462391110959,42,1965,12,"173-3","BENA",70,51,14,0,9,0,0,0,0,0,0,NA,NA,NA,0,0,0,0,1278.311889,"East","24A","Low Shrub","Low Shrub","Clay Loam","Mesic",0,347.24527,24,1.739254,-150.191816,67.228627,-0.624810167131357,0.535363048376529,"173-3-B-BENA_2007",14.7325550715129,-5.35143554210663,239.593780517578,61.8194577693939,12.466667175293,-6.25000001986821,7.43333339691162,17.5000006357829,38.6000008583069,1.16666667660077,92.2999980449677,252.429997891188,167,1,"24A_2007",0.89
"1870","173-3-C-BENA",2007,0.18125,1.72831283720278,6,2001,12,"173-3","BENA",32,27,6,0,6,0,0,0,0,0,0,NA,NA,NA,0,0,0,0,1278.311889,"East","24A","Low Shrub","Low Shrub","Clay Loam","Mesic",0,347.24527,24,1.739254,-150.191816,67.228627,-0.45111702214592,0.636916304504064,"173-3-C-BENA_2007",14.7325550715129,-5.35143554210663,239.593780517578,61.8194577693939,12.466667175293,-6.25000001986821,7.43333339691162,17.5000006357829,38.6000008583069,1.16666667660077,92.2999980449677,252.429997891188,167,1,"24A_2007",0.89
"1871","173-4-B-BENA",2007,0.035,0.206112040020388,17,1990,12,"173-4","BENA",124,71,14,0,12,0,0,0,0,0,0,NA,NA,NA,0,1,0,0,1308.377258,"East","24A","Low Shrub","Low Shrub","Clay Loam","Mesic",0,346.165253,355,1.872125,-150.190975,67.22891,-1.33479093234482,0.263213199070341,"173-4-B-BENA_2007",14.7325550715129,-5.35143554210663,239.593780517578,61.8194577693939,12.466667175293,-6.25000001986821,7.43333339691162,17.5000006357829,38.6000008583069,1.16666667660077,92.2999980449677,252.429997891188,167,1,"24A_2007",0.89
"1872","173-4-C-BENA",2007,0.1275,1.10993253849491,38,1969,12,"173-4","BENA",119,74,14,0,14,0,0,0,0,0,0,NA,NA,NA,0,1,0,0,1308.377258,"East","24A","Low Shrub","Low Shrub","Clay Loam","Mesic",0,346.165253,355,1.872125,-150.190975,67.22891,1.30873284729121,3.70148039835222,"173-4-C-BENA_2007",14.7325550715129,-5.35143554210663,239.593780517578,61.8194577693939,12.466667175293,-6.25000001986821,7.43333339691162,17.5000006357829,38.6000008583069,1.16666667660077,92.2999980449677,252.429997891188,167,1,"24A_2007",0.89
"1873","184-1-B-BENA",2007,0.02325,0.275204105503089,55,1952,13,"184-1","BENA",128,51,19,0,13,0,1,0,0,0.076923077,0,NA,"Hare",NA,1,2,0,0,692.283244,"East","24A","White Spruce or Black Spruce (Open-Closed)","Tall Shrub","Clay Loam","Mesic",0,423.977753,249,10.469168,-150.109686,67.368938,0.355424770452585,1.42678658236453,"184-1-B-BENA_2007",14.3333333333333,-5.23333346843719,179,45,12.466667175293,-6.25000001986821,7.43333339691162,17.5000006357829,38.6000008583069,1.16666667660077,92.2999980449677,252.429997891188,167,1,"24A_2007",0.89
"1874","184-1-C-BENA",2007,0.395,6.8766085974978,16,1991,13,"184-1","BENA",166,49,15,8,26,1,2,0,0.038461538,0.076923077,0,"Moose","Hare",NA,1,2,0,0,692.283244,"East","24A","White Spruce or Black Spruce (Open-Closed)","Tall Shrub","Clay Loam","Mesic",0,423.977753,249,10.469168,-150.109686,67.368938,2.10032433191039,8.16881889160693,"184-1-C-BENA_2007",14.3333333333333,-5.23333346843719,179,45,12.466667175293,-6.25000001986821,7.43333339691162,17.5000006357829,38.6000008583069,1.16666667660077,92.2999980449677,252.429997891188,167,1,"24A_2007",0.89
"1875","184-2-A-BENA",2007,0.069,0.351275611764816,22,1985,13,"184-2","BENA",89,39,11,0,12,0,1,0,0,0.083333333,0,NA,"Hare",NA,1,1,0,0,706.210196,"East","24A","White Spruce or Black Spruce (Open-Closed)","Tall Shrub","Clay Loam","Mesic",0,429.192566,258,16.706417,-150.109279,67.369156,-0.493962262281931,0.610203810355539,"184-2-A-BENA_2007",14.3303241729736,-5.23446188370387,178.368103027344,44.819456577301,12.466667175293,-6.25000001986821,7.43333339691162,17.5000006357829,38.6000008583069,1.16666667660077,92.2999980449677,252.429997891188,167,1,"24A_2007",0.89
"1876","184-2-D-BENA",2007,0.05775,0.249053880953689,36,1971,13,"184-2","BENA",84,38,12,10,7,0,0,0,0,0,0,NA,NA,NA,0,1,0,0,706.210196,"East","24A","White Spruce or Black Spruce (Open-Closed)","Tall Shrub","Clay Loam","Mesic",0,429.192566,258,16.706417,-150.109279,67.369156,-0.250172911307553,0.778666131251427,"184-2-D-BENA_2007",14.3303241729736,-5.23446188370387,178.368103027344,44.819456577301,12.466667175293,-6.25000001986821,7.43333339691162,17.5000006357829,38.6000008583069,1.16666667660077,92.2999980449677,252.429997891188,167,1,"24A_2007",0.89
"1877","184-3-B-BENA",2007,0.093,0.787977391488171,30,1977,13,"184-3","BENA",71,35,17,0,17,0,2,0,0,0.117647059,0,NA,"Hare",NA,1,1,3,0,683.765397,"East","24A","White Spruce or Black Spruce (Open-Closed)","Tall Shrub","Clay Loam","Mesic",0,425.482941,261,10.788996,-150.109693,67.36937,0.684055864733271,1.98189977046647,"184-3-B-BENA_2007",14.3303241729736,-5.23446188370387,178.368103027344,44.819456577301,12.466667175293,-6.25000001986821,7.43333339691162,17.5000006357829,38.6000008583069,1.16666667660077,92.2999980449677,252.429997891188,167,1,"24A_2007",0.89
"1878","184-3-D-BENA",2007,0.11425,0.508150844572282,19,1988,13,"184-3","BENA",103,48,17,7,31,3,1,0,0.096774194,0.032258065,0,"Moose","Hare",NA,1,1,3,0,683.765397,"East","24A","White Spruce or Black Spruce (Open-Closed)","Tall Shrub","Clay Loam","Mesic",0,425.482941,261,10.788996,-150.109693,67.36937,-0.299702646285694,0.741038538485798,"184-3-D-BENA_2007",14.3303241729736,-5.23446188370387,178.368103027344,44.819456577301,12.466667175293,-6.25000001986821,7.43333339691162,17.5000006357829,38.6000008583069,1.16666667660077,92.2999980449677,252.429997891188,167,1,"24A_2007",0.89
"1879","191-1-D-BENA",2007,0.3155,3.40319071765973,9,1998,14,"191-1","BENA",135,61,10,9,18,0,0,0,0,0,0,NA,NA,NA,0,1,0,0,1595.806211,"East","24A","Low Shrub","Low Shrub","Clay Loam","Mesic",0,492.755432,293,2.980974,-149.860617,67.475764,0.710307905406213,2.0346176319784,"191-1-D-BENA_2007",13.5120363235474,-5.49811935424805,184.27783203125,45.9548645019531,10.6333338419596,-7.70000000794729,5.83333349227905,15.5333337783813,18.900000333786,1.0333333623906,75.2099983692169,267.179997324944,171.600002288818,1,"24A_2007",0.89
"1880","191-2-A-BENA",2007,0.13825,0.811428025678308,14,1993,14,"191-2","BENA",82,51,10,0,13,1,0,0,0.076923077,0,0,"Moose",NA,NA,1,0,0,0,1628.072852,"East","24A","Low Shrub","Low Shrub","Clay Loam","Mesic",0,494.812988,260,1.497492,-149.859771,67.475671,-0.196109022450722,0.821922621774836,"191-2-A-BENA_2007",13.5120363235474,-5.49811935424805,184.27783203125,45.9548645019531,10.6333338419596,-7.70000000794729,5.83333349227905,15.5333337783813,18.900000333786,1.0333333623906,75.2099983692169,267.179997324944,171.600002288818,1,"24A_2007",0.89
"1881","191-2-B-BENA",2007,0.1485,1.65500279088356,12,1995,14,"191-2","BENA",92,71,8,0,13,0,0,0,0,0,0,NA,NA,NA,0,0,0,0,1628.072852,"East","24A","Low Shrub","Low Shrub","Clay Loam","Mesic",0,494.812988,260,1.497492,-149.859771,67.475671,0.332699297855838,1.39472783775526,"191-2-B-BENA_2007",13.5120363235474,-5.49811935424805,184.27783203125,45.9548645019531,10.6333338419596,-7.70000000794729,5.83333349227905,15.5333337783813,18.900000333786,1.0333333623906,75.2099983692169,267.179997324944,171.600002288818,1,"24A_2007",0.89
"1882","191-3-A-BENA",2007,0.0673333333333333,0.265827596668308,26,1981,14,"191-3","BENA",102,51,9,0,9,0,1,0,0,0.111111111,0,NA,"Hare",NA,1,2,0,0,1608.343863,"East","24A","Low Shrub","Low Shrub","Clay Loam","Mesic",0,494.475037,298,4.15829,-149.859591,67.475979,-0.573333335070136,0.563643491244936,"191-3-A-BENA_2007",13.5120363235474,-5.49811935424805,184.27783203125,45.9548645019531,10.6333338419596,-7.70000000794729,5.83333349227905,15.5333337783813,18.900000333786,1.0333333623906,75.2099983692169,267.179997324944,171.600002288818,1,"24A_2007",0.89
"1883","191-3-D-BENA",2007,0.16725,1.80384968366477,21,1986,14,"191-3","BENA",110,71,10,0,16,0,0,0,0,0,0,NA,NA,NA,0,2,0,0,1608.343863,"East","24A","Low Shrub","Low Shrub","Clay Loam","Mesic",0,494.475037,298,4.15829,-149.859591,67.475979,1.08663084437823,2.96427014221296,"191-3-D-BENA_2007",13.5120363235474,-5.49811935424805,184.27783203125,45.9548645019531,10.6333338419596,-7.70000000794729,5.83333349227905,15.5333337783813,18.900000333786,1.0333333623906,75.2099983692169,267.179997324944,171.600002288818,1,"24A_2007",0.89
"1884","191-4-A-BENA",2007,0.19725,4.15107571222928,8,1999,14,"191-4","BENA",105,69,11,0,12,0,0,0,0,0,0,NA,NA,NA,0,1,0,0,1634.196324,"East","24A","Low Shrub","Low Shrub","Clay Loam","Mesic",0,497.007599,303,3.553675,-149.85875,67.475963,0.768406927444926,2.15632832859985,"191-4-A-BENA_2007",13.5120363235474,-5.49811935424805,184.27783203125,45.9548645019531,10.6333338419596,-7.70000000794729,5.83333349227905,15.5333337783813,18.900000333786,1.0333333623906,75.2099983692169,267.179997324944,171.600002288818,1,"24A_2007",0.89
"1885","191-4-B-BENA",2007,0.05025,0.26091142972558,24,1983,14,"191-4","BENA",77,59,11,0,12,0,1,0,0,0.083333333,0,NA,"Hare",NA,1,1,0,0,1634.196324,"East","24A","Low Shrub","Low Shrub","Clay Loam","Mesic",0,497.007599,303,3.553675,-149.85875,67.475963,-0.687518357384573,0.502822347383014,"191-4-B-BENA_2007",13.5120363235474,-5.49811935424805,184.27783203125,45.9548645019531,10.6333338419596,-7.70000000794729,5.83333349227905,15.5333337783813,18.900000333786,1.0333333623906,75.2099983692169,267.179997324944,171.600002288818,1,"24A_2007",0.89
"1886","203-1-A-BENA",2007,0.12025,1.26999020466046,17,1990,15,"203-1","BENA",97,41,11,0,17,1,0,0,0.058823529,0,0,"Moose",NA,NA,1,1,0,0,905.036767,"East","24A","Low Shrub","Low Shrub","Loam","Mesic",0,550.644958,299,23.927214,-149.794431,67.571449,0.483553629679669,1.62182754837423,"203-1-A-BENA_2007",13.8333330154419,-5.58333349227905,149,44,9.73333358764648,-8.6333334321777,4.96666669845581,14.5666669209798,15.6999999880791,0.950000015397867,65.8399983048439,275.489995956421,140.800006866455,1,"24A_2007",0.89
"1887","203-1-D-BENA",2007,0.18225,2.87837843644913,15,1992,15,"203-1","BENA",143,46,14,0,26,2,0,0,0.076923077,0,0,"Moose",NA,NA,1,1,0,0,905.036767,"East","24A","Low Shrub","Low Shrub","Loam","Mesic",0,550.644958,299,23.927214,-149.794431,67.571449,1.15240951907038,3.16581181099146,"203-1-D-BENA_2007",13.8333330154419,-5.58333349227905,149,44,9.73333358764648,-8.6333334321777,4.96666669845581,14.5666669209798,15.6999999880791,0.950000015397867,65.8399983048439,275.489995956421,140.800006866455,1,"24A_2007",0.89
"1888","203-2-B-BENA",2007,0.2455,4.86742814863567,9,1998,15,"203-2","BENA",146,44,15,0,20,0,0,0,0,0,0,NA,NA,NA,0,0,1,0,933.944119,"East","24A","Low Shrub","Low Shrub","Loam","Mesic",0,566.911377,300,26.508135,-149.793674,67.571447,1.06816016418303,2.91002061160191,"203-2-B-BENA_2007",13.8333330154419,-5.58333349227905,149,44,9.73333358764648,-8.6333334321777,4.96666669845581,14.5666669209798,15.6999999880791,0.950000015397867,65.8399983048439,275.489995956421,140.800006866455,1,"24A_2007",0.89
"1889","203-2-C-BENA",2007,0.04225,0.234504772675834,31,1976,15,"203-2","BENA",118,35,14,0,38,0,0,0,0,0,0,NA,NA,NA,0,0,1,0,933.944119,"East","24A","Low Shrub","Low Shrub","Loam","Mesic",0,566.911377,300,26.508135,-149.793674,67.571447,-0.488808230651369,0.613356938777027,"203-2-C-BENA_2007",13.8333330154419,-5.58333349227905,149,44,9.73333358764648,-8.6333334321777,4.96666669845581,14.5666669209798,15.6999999880791,0.950000015397867,65.8399983048439,275.489995956421,140.800006866455,1,"24A_2007",0.89
"1890","203-3-B-BENA",2007,0.1295,1.30329992251785,11,1996,15,"203-3","BENA",108,53,11,7,21,0,0,0,0,0,0,NA,NA,NA,0,0,1,0,922.335664,"East","24A","Low Shrub","Low Shrub","Loam","Mesic",0,556.241272,305,23.609533,-149.79364,67.571701,-0.0100379861257957,0.990012226305924,"203-3-B-BENA_2007",13.8333330154419,-5.58333349227905,149,44,9.73333358764648,-8.6333334321777,4.96666669845581,14.5666669209798,15.6999999880791,0.950000015397867,65.8399983048439,275.489995956421,140.800006866455,1,"24A_2007",0.89
"1891","203-3-D-BENA",2007,0.09325,0.787385809799465,15,1992,15,"203-3","BENA",108,52,11,0,7,1,0,0,0.14,0,0,"Moose",NA,NA,1,0,1,0,922.335664,"East","24A","Low Shrub","Low Shrub","Loam","Mesic",0,556.241272,305,23.609533,-149.79364,67.571701,-0.143854495835304,0.866013747499206,"203-3-D-BENA_2007",13.8333330154419,-5.58333349227905,149,44,9.73333358764648,-8.6333334321777,4.96666669845581,14.5666669209798,15.6999999880791,0.950000015397867,65.8399983048439,275.489995956421,140.800006866455,1,"24A_2007",0.89
"1892","203-4-A-BENA",2007,0.182,2.15528649840262,11,1996,15,"203-4","BENA",85,42,10,0,10,0,0,0,0,0,0,NA,NA,NA,0,1,1,0,951.384807,"East","24A","Low Shrub","Low Shrub","Loam","Mesic",0,569.135193,316,29.227108,-149.792864,67.571712,0.492986224384085,1.63719796782345,"203-4-A-BENA_2007",13.8333330154419,-5.58333349227905,149,44,9.73333358764648,-8.6333334321777,4.96666669845581,14.5666669209798,15.6999999880791,0.950000015397867,65.8399983048439,275.489995956421,140.800006866455,1,"24A_2007",0.89
"1893","203-4-B-BENA",2007,0.14825,2.16557973038257,28,1979,15,"203-4","BENA",99,36,12,0,12,0,0,0,0,0,0,NA,NA,NA,0,1,1,0,951.384807,"East","24A","Low Shrub","Low Shrub","Loam","Mesic",0,569.135193,316,29.227108,-149.792864,67.571712,1.61269798479318,5.01632696087197,"203-4-B-BENA_2007",13.8333330154419,-5.58333349227905,149,44,9.73333358764648,-8.6333334321777,4.96666669845581,14.5666669209798,15.6999999880791,0.950000015397867,65.8399983048439,275.489995956421,140.800006866455,1,"24A_2007",0.89
"1894","209-1-C-BENA",2007,0.0506666666666667,0.419264393945717,18,1989,16,"209-1","BENA",58,59,14,0,9,0,0,0,0,0,0,NA,NA,NA,0,0,1,0,698.873831,"East","24A","Low Shrub","Black Spruce Woodland","Sandy Loam","Mesic - Xeric",0,553.345276,287,19.679848,-149.692986,67.655886,-0.556499759897853,0.573211935942541,"209-1-C-BENA_2007",13.1228017807007,-6.01585586865743,140.954864501953,44.0451354980469,9.73333358764648,-8.6333334321777,4.96666669845581,14.5666669209798,15.6999999880791,0.950000015397867,65.8399983048439,275.489995956421,140.800006866455,1,"24A_2007",0.89
"1895","209-1-D-BENA",2007,0.12425,0.72242709850119,23,1984,16,"209-1","BENA",76,39,10,0,6,0,0,0,0,0,0,NA,NA,NA,0,0,1,0,698.873831,"East","24A","Low Shrub","Black Spruce Woodland","Sandy Loam","Mesic - Xeric",0,553.345276,287,19.679848,-149.692986,67.655886,0.280129123059026,1.32330066993688,"209-1-D-BENA_2007",13.1228017807007,-6.01585586865743,140.954864501953,44.0451354980469,9.73333358764648,-8.6333334321777,4.96666669845581,14.5666669209798,15.6999999880791,0.950000015397867,65.8399983048439,275.489995956421,140.800006866455,1,"24A_2007",0.89
"1896","209-2-B-BENA",2007,0.12625,1.42378844381328,39,1968,16,"209-2","BENA",104,57,18,0,18,0,0,0,0,0,0,NA,NA,NA,0,0,0,0,728.528855,"East","24A","Low Shrub","Black Spruce Woodland","Sandy Loam","Mesic - Xeric",0,561.911133,287,21.070175,-149.692261,67.656,1.58875239896918,4.89763482088518,"209-2-B-BENA_2007",13.1228017807007,-6.01585586865743,140.954864501953,44.0451354980469,9.73333358764648,-8.6333334321777,4.96666669845581,14.5666669209798,15.6999999880791,0.950000015397867,65.8399983048439,275.489995956421,140.800006866455,1,"24A_2007",0.89
"1897","209-2-D-BENA",2007,0.0385,0.156450528750608,46,1961,16,"209-2","BENA",86,47,10,0,6,0,0,0,0,0,0,NA,NA,NA,0,0,0,0,728.528855,"East","24A","Low Shrub","Black Spruce Woodland","Sandy Loam","Mesic - Xeric",0,561.911133,287,21.070175,-149.692261,67.656,-0.422588221437423,0.655348435995434,"209-2-D-BENA_2007",13.1228017807007,-6.01585586865743,140.954864501953,44.0451354980469,9.73333358764648,-8.6333334321777,4.96666669845581,14.5666669209798,15.6999999880791,0.950000015397867,65.8399983048439,275.489995956421,140.800006866455,1,"24A_2007",0.89
"1898","209-3-A-BENA",2007,0.05575,0.416360575817856,47,1960,16,"209-3","BENA",67,52,13,0,10,0,0,0,0,0,0,NA,NA,NA,0,0,1,0,711.058695,"East","24A","Low Shrub","Black Spruce Woodland","Sandy Loam","Mesic - Xeric",0,553.430786,276,18.070417,-149.69261,67.656251,0.581887768251163,1.78941324182337,"209-3-A-BENA_2007",13.1228017807007,-6.01585586865743,140.954864501953,44.0451354980469,9.73333358764648,-8.6333334321777,4.96666669845581,14.5666669209798,15.6999999880791,0.950000015397867,65.8399983048439,275.489995956421,140.800006866455,1,"24A_2007",0.89
"1899","209-3-D-BENA",2007,0.10825,0.855039614895441,25,1982,16,"209-3","BENA",84,39,10,0,8,0,0,0,0,0,0,NA,NA,NA,0,0,1,0,711.058695,"East","24A","Low Shrub","Black Spruce Woodland","Sandy Loam","Mesic - Xeric",0,553.430786,276,18.070417,-149.69261,67.656251,0.548162907393846,1.73007179455928,"209-3-D-BENA_2007",13.1228017807007,-6.01585586865743,140.954864501953,44.0451354980469,9.73333358764648,-8.6333334321777,4.96666669845581,14.5666669209798,15.6999999880791,0.950000015397867,65.8399983048439,275.489995956421,140.800006866455,1,"24A_2007",0.89
"1900","209-4-C-BENA",2007,0.02125,0.148955670426846,16,1991,16,"209-4","BENA",57,38,10,0,7,0,0,0,0,0,0,NA,NA,NA,0,0,0,0,738.024448,"East","24A","Low Shrub","Black Spruce Woodland","Sandy Loam","Mesic - Xeric",0,561.090881,296,18.584587,-149.691928,67.656444,-1.73190779330808,0.176946510382683,"209-4-C-BENA_2007",13.1228017807007,-6.01585586865743,140.954864501953,44.0451354980469,9.73333358764648,-8.6333334321777,4.96666669845581,14.5666669209798,15.6999999880791,0.950000015397867,65.8399983048439,275.489995956421,140.800006866455,1,"24A_2007",0.89
"1901","209-4-D-BENA",2007,0.0533333333333333,0.170344090279314,35,1972,16,"209-4","BENA",71,50,9,0,8,0,0,0,0,0,0,NA,NA,NA,0,0,0,0,738.024448,"East","24A","Low Shrub","Black Spruce Woodland","Sandy Loam","Mesic - Xeric",0,561.090881,296,18.584587,-149.691928,67.656444,-0.663639118084299,0.514973869683491,"209-4-D-BENA_2007",13.1228017807007,-6.01585586865743,140.954864501953,44.0451354980469,9.73333358764648,-8.6333334321777,4.96666669845581,14.5666669209798,15.6999999880791,0.950000015397867,65.8399983048439,275.489995956421,140.800006866455,1,"24A_2007",0.89
"1902","222-1-B-BENA",2007,0.12175,1.07125580228795,27,1980,17,"222-1","BENA",63,58,19,0,9,0,2,0,0,0.222222222,0,NA,"Hare",NA,1,2,18,0,769.468544,"East","24A","Low Shrub","Tall Shrub","Clay Loam","Mesic",0,669.484009,287,15.029548,-149.809491,67.826198,0.865442577318427,2.37605744243799,"222-1-B-BENA_2007",12.5,-6.5499999721845,128,51,9.73333358764648,-8.6333334321777,4.96666669845581,14.5666669209798,15.6999999880791,0.950000015397867,65.8399983048439,275.489995956421,140.800006866455,1,"24A_2007",0.89
"1903","222-1-D-BENA",2007,0.20275,0.787757695829835,26,1981,17,"222-1","BENA",78,38,9,0,9,0,2,0,0,0.222222222,0,NA,"Hare",NA,1,2,18,0,769.468544,"East","24A","Low Shrub","Tall Shrub","Clay Loam","Mesic",0,669.484009,287,15.029548,-149.809491,67.826198,0.513009249073557,1.67031001858932,"222-1-D-BENA_2007",12.5,-6.5499999721845,128,51,9.73333358764648,-8.6333334321777,4.96666669845581,14.5666669209798,15.6999999880791,0.950000015397867,65.8399983048439,275.489995956421,140.800006866455,1,"24A_2007",0.89
"1904","222-2-A-BENA",2007,0.036,0.464038367676438,21,1986,17,"222-2","BENA",81,59,12,0,9,0,0,0,0,0,0,NA,NA,NA,0,3,13,0,794.735172,"East","24A","Low Shrub","Tall Shrub","Clay Loam","Mesic",0,676.198608,282,15.59229,-149.808768,67.826375,-0.271080291096277,0.762555267548629,"222-2-A-BENA_2007",12.5,-6.5499999721845,128,51,9.73333358764648,-8.6333334321777,4.96666669845581,14.5666669209798,15.6999999880791,0.950000015397867,65.8399983048439,275.489995956421,140.800006866455,1,"24A_2007",0.89
"1905","222-2-D-BENA",2007,0.29675,3.82859004824105,7,2000,17,"222-2","BENA",62,59,8,0,6,0,1,0,0,0.166666667,0,NA,"Hare",NA,1,3,13,0,794.735172,"East","24A","Low Shrub","Tall Shrub","Clay Loam","Mesic",0,676.198608,282,15.59229,-149.808768,67.826375,0.528187849363845,1.69585637522379,"222-2-D-BENA_2007",12.5,-6.5499999721845,128,51,9.73333358764648,-8.6333334321777,4.96666669845581,14.5666669209798,15.6999999880791,0.950000015397867,65.8399983048439,275.489995956421,140.800006866455,1,"24A_2007",0.89
"1906","222-3-A-BENA",2007,0.04625,0.273633701875379,45,1962,17,"222-3","BENA",126,65,16,0,21,0,3,0,0,0.142857143,0,NA,"Hare",NA,1,2,11,1,778.440723,"East","24A","Low Shrub","Low Shrub","Clay Loam","Mesic",0,672.469177,278,13.422374,-149.809021,67.826615,0.110234007492363,1.11653931845672,"222-3-A-BENA_2007",12.5,-6.5499999721845,128,51,9.73333358764648,-8.6333334321777,4.96666669845581,14.5666669209798,15.6999999880791,0.950000015397867,65.8399983048439,275.489995956421,140.800006866455,1,"24A_2007",0.89
"1907","222-4-D-BENA",2007,0.163,1.98302826081731,12,1995,17,"222-4","BENA",107,70,8,0,14,0,0,0,0,0,0,NA,NA,NA,0,0,15,0,805.061274,"East","24A","Low Shrub","Low Shrub","Clay Loam","Mesic",0,678.755371,278,16.631924,-149.808355,67.826658,0.513521703676669,1.67116619600426,"222-4-D-BENA_2007",12.5,-6.5499999721845,128,51,9.73333358764648,-8.6333334321777,4.96666669845581,14.5666669209798,15.6999999880791,0.950000015397867,65.8399983048439,275.489995956421,140.800006866455,1,"24A_2007",0.89
"1908","235-1-A-BENA",2007,0.08625,0.707414998006009,28,1979,18,"235-1","BENA",59,29,10,0,18,0,0,0,0,0,0,NA,NA,NA,0,0,5,0,477.732622,"East","24A","Low Shrub","Low Shrub","Sandy Gravel","Mesic",0,813.776917,295,20.303024,-149.727576,68.004859,0.493872084491231,1.63864893877439,"235-1-A-BENA_2007",10.2666664123535,-7.80000001192093,116,68,8.5666667620341,-9.75000013907751,3.96666661898295,13.2000001271566,10.3000001311302,0.883333341528972,48.2399990558624,284.52999830246,109.600002288818,1,"24A_2007",0.89
"1909","235-1-B-BENA",2007,0.0445,0.516005022555799,15,1992,18,"235-1","BENA",42,18,10,0,10,0,1,0,0,0.1,0,NA,"Hare",NA,1,0,5,0,477.732622,"East","24A","Low Shrub","Low Shrub","Sandy Gravel","Mesic",0,813.776917,295,20.303024,-149.727576,68.004859,-0.566456353522367,0.5675330158995,"235-1-B-BENA_2007",10.2666664123535,-7.80000001192093,116,68,8.5666667620341,-9.75000013907751,3.96666661898295,13.2000001271566,10.3000001311302,0.883333341528972,48.2399990558624,284.52999830246,109.600002288818,1,"24A_2007",0.89
"1910","235-2-A-BENA",2007,0.19325,2.66689466569018,7,2000,18,"235-2","BENA",71,49,9,0,16,0,0,0,0,0,0,NA,NA,NA,0,0,0,0,510.631222,"East","24A","Dwarf Shrub-Lichen","Low Shrub","Sandy Gravel","Mesic",0,828.022217,289,26.243103,-149.726481,68.004961,0.166605996558291,1.18128874177554,"235-2-A-BENA_2007",10.2666664123535,-7.80000001192093,116,68,8.5666667620341,-9.75000013907751,3.96666661898295,13.2000001271566,10.3000001311302,0.883333341528972,48.2399990558624,284.52999830246,109.600002288818,1,"24A_2007",0.89
"1911","235-2-B-BENA",2007,0.02625,0.144255062418912,24,1983,18,"235-2","BENA",54,38,8,0,9,0,0,0,0,0,0,NA,NA,NA,NA,0,0,0,510.631222,"East","24A","Dwarf Shrub-Lichen","Low Shrub","Sandy Gravel","Mesic",0,828.022217,289,26.243103,-149.726481,68.004961,-1.28011635787381,0.278004950506195,"235-2-B-BENA_2007",10.2666664123535,-7.80000001192093,116,68,8.5666667620341,-9.75000013907751,3.96666661898295,13.2000001271566,10.3000001311302,0.883333341528972,48.2399990558624,284.52999830246,109.600002288818,1,"24A_2007",0.89
"1912","235-2-C-BENA",2007,0.099,0.424072596733797,19,1988,18,"235-2","BENA",58,33,8,0,9,0,2,0,0,0.222222222,0,NA,"Hare",NA,1,0,0,0,510.631222,"East","24A","Dwarf Shrub-Lichen","Low Shrub","Sandy Gravel","Mesic",0,828.022217,289,26.243103,-149.726481,68.004961,-0.480576328633693,0.618426871965554,"235-2-C-BENA_2007",10.2666664123535,-7.80000001192093,116,68,8.5666667620341,-9.75000013907751,3.96666661898295,13.2000001271566,10.3000001311302,0.883333341528972,48.2399990558624,284.52999830246,109.600002288818,1,"24A_2007",0.89
"1913","235-3-B-BENA",2007,0.118,0.825751921032808,22,1985,18,"235-3","BENA",59,31,10,0,15,0,0,0,0,0,0,NA,NA,NA,0,0,1,0,482.982181,"East","24A","Dwarf Shrub-Lichen","Low Shrub","Sandy Gravel","Mesic",0,817.546387,298,18.704132,-149.726784,68.005244,0.360760994349836,1.43442058528099,"235-3-B-BENA_2007",10.2666664123535,-7.80000001192093,116,68,8.5666667620341,-9.75000013907751,3.96666661898295,13.2000001271566,10.3000001311302,0.883333341528972,48.2399990558624,284.52999830246,109.600002288818,1,"24A_2007",0.89
"1914","235-3-C-BENA",2007,0.12625,2.08536073276948,7,2000,18,"235-3","BENA",57,42,7,0,11,0,0,0,0,0,0,NA,NA,NA,0,0,1,0,482.982181,"East","24A","Dwarf Shrub-Lichen","Low Shrub","Sandy Gravel","Mesic",0,817.546387,298,18.704132,-149.726784,68.005244,-0.0793668988279839,0.923700957466894,"235-3-C-BENA_2007",10.2666664123535,-7.80000001192093,116,68,8.5666667620341,-9.75000013907751,3.96666661898295,13.2000001271566,10.3000001311302,0.883333341528972,48.2399990558624,284.52999830246,109.600002288818,1,"24A_2007",0.89
"1915","235-4-A-BENA",2007,0.17825,2.10233829216856,17,1990,18,"235-4","BENA",45,36,11,0,13,0,0,0,0,0,0,NA,NA,NA,0,0,0,0,503.848767,"East","24A","Low Shrub","Low Shrub","Sandy Gravel","Mesic",0,825.290771,293,20.728168,-149.726015,68.005351,0.987594639844613,2.68476886335716,"235-4-A-BENA_2007",10.2666664123535,-7.80000001192093,116,68,8.5666667620341,-9.75000013907751,3.96666661898295,13.2000001271566,10.3000001311302,0.883333341528972,48.2399990558624,284.52999830246,109.600002288818,1,"24A_2007",0.89
"1916","235-4-C-BENA",2007,0.091,1.76133706282777,11,1996,18,"235-4","BENA",61,45,11,0,10,0,0,0,0,0,0,NA,NA,NA,0,0,0,0,503.848767,"East","24A","Low Shrub","Low Shrub","Sandy Gravel","Mesic",0,825.290771,293,20.728168,-149.726015,68.005351,0.291135779186952,1.33794623686964,"235-4-C-BENA_2007",10.2666664123535,-7.80000001192093,116,68,8.5666667620341,-9.75000013907751,3.96666661898295,13.2000001271566,10.3000001311302,0.883333341528972,48.2399990558624,284.52999830246,109.600002288818,1,"24A_2007",0.89
"1917","240-1-D-BENA",2007,0.0765,0.881296849944603,8,1999,19,"240-1","BENA",70,38,7,0,13,0,0,0,0,0,0,NA,NA,NA,0,0,1,0,395.986648,"West","24A","Low Shrub","Low Shrub","Sandy Loam","Mesic",0,1043.032227,75,23.365055,-149.606437,68.069578,-0.781321344186301,0.457800699188114,"240-1-D-BENA_2007",9.18495496114095,-8.29881311953068,135.902711868286,101.812445163727,8.5666667620341,-9.75000013907751,3.96666661898295,13.2000001271566,10.3000001311302,0.883333341528972,48.2399990558624,284.52999830246,109.600002288818,1,"24A_2007",0.89
"1918","240-2-A-BENA",2007,0.274,3.37690422652898,11,1996,19,"240-2","BENA",90,57,9,0,23,0,0,2,0,0,0.086956522,NA,NA,"Ptarmagin",1,0,0,0,426.292991,"West","24A","Tussock Tundra (Low shrub or Herbaceous)","Low Shrub","Sandy Loam","Mesic",0,1048.270996,87,24.096361,-149.606886,68.069926,0.942021944253157,2.56516279450791,"240-2-A-BENA_2007",9.18495496114095,-8.29881311953068,135.902711868286,101.812445163727,8.5666667620341,-9.75000013907751,3.96666661898295,13.2000001271566,10.3000001311302,0.883333341528972,48.2399990558624,284.52999830246,109.600002288818,1,"24A_2007",0.89
"1919","240-2-D-BENA",2007,0.2345,2.59945821953593,9,1998,19,"240-2","BENA",84,31,8,0,10,0,0,0,0,0,0,NA,NA,NA,0,0,0,0,426.292991,"West","24A","Tussock Tundra (Low shrub or Herbaceous)","Low Shrub","Sandy Loam","Mesic",0,1048.270996,87,24.096361,-149.606886,68.069926,0.440897513691432,1.55410142006264,"240-2-D-BENA_2007",9.18495496114095,-8.29881311953068,135.902711868286,101.812445163727,8.5666667620341,-9.75000013907751,3.96666661898295,13.2000001271566,10.3000001311302,0.883333341528972,48.2399990558624,284.52999830246,109.600002288818,1,"24A_2007",0.89
"1920","240-3-D-BENA",2007,0.155,1.67753193720061,23,1984,19,"240-3","BENA",97,46,12,0,13,0,0,2,0,0,0.153846154,NA,NA,"Ptarmagin",1,0,1,3,399.798137,"West","24A","Low Shrub","Low Shrub","Sandy Loam","Mesic",0,1034.808228,93,20.584356,-149.606025,68.07014,1.12259151712609,3.07280712606662,"240-3-D-BENA_2007",9.18495496114095,-8.29881311953068,135.902711868286,101.812445163727,8.5666667620341,-9.75000013907751,3.96666661898295,13.2000001271566,10.3000001311302,0.883333341528972,48.2399990558624,284.52999830246,109.600002288818,1,"24A_2007",0.89
"1921","240-4-B-BENA",2007,0.23975,2.41682035617271,39,1968,19,"240-4","BENA",102,72,15,0,13,0,0,0,0,0,0,NA,NA,NA,0,0,2,0,431.079046,"West","24A","Low Shrub","Low Shrub","Sandy Loam","Mesic",0,1046.807861,94,24.616484,-149.606605,68.070368,2.11788393558812,8.31352690327627,"240-4-B-BENA_2007",9.18495496114095,-8.29881311953068,135.902711868286,101.812445163727,8.5666667620341,-9.75000013907751,3.96666661898295,13.2000001271566,10.3000001311302,0.883333341528972,48.2399990558624,284.52999830246,109.600002288818,1,"24A_2007",0.89
"1922","240-4-D-BENA",2007,0.06675,0.564568350843609,22,1985,19,"240-4","BENA",83,41,16,0,29,0,0,3,0,0,0.103448276,NA,NA,"Ptarmagin",1,0,2,0,431.079046,"West","24A","Low Shrub","Low Shrub","Sandy Loam","Mesic",0,1046.807861,94,24.616484,-149.606605,68.070368,-0.0194719379714441,0.980716415694586,"240-4-D-BENA_2007",9.18495496114095,-8.29881311953068,135.902711868286,101.812445163727,8.5666667620341,-9.75000013907751,3.96666661898295,13.2000001271566,10.3000001311302,0.883333341528972,48.2399990558624,284.52999830246,109.600002288818,1,"24A_2007",0.89
"1923","255-1-A-BENA",2007,0.20725,2.08562030686248,38,1969,20,"255-1","BENA",71,26,15,0,17,0,0,0,0,0,0,NA,NA,NA,0,0,0,0,585.543915,"East","26B","Low Shrub","Low Shrub","Sandy Gravel","Mesic - Xeric",0,991.483582,331,1.701594,-149.392735,68.222633,1.93949993023484,6.9552719796152,"255-1-A-BENA_2007",9.53634262084961,-8.69580392539501,117.729187011719,116.045135498047,6.66666666666667,-11.2833335362375,2.2000000278155,11.1666666666667,6.70000022649765,0.766666679332654,38.1899990439415,300.52999830246,110.900001525879,1,"26B_2007",0.27
"1924","255-1-B-BENA",2007,0.09075,0.524084217113125,8,1999,20,"255-1","BENA",41,27,7,0,12,0,0,0,0,0,0,NA,NA,NA,0,0,0,0,585.543915,"East","26B","Low Shrub","Low Shrub","Sandy Gravel","Mesic - Xeric",0,991.483582,331,1.701594,-149.392735,68.222633,-1.30106346886883,0.272242118013839,"255-1-B-BENA_2007",9.53634262084961,-8.69580392539501,117.729187011719,116.045135498047,6.66666666666667,-11.2833335362375,2.2000000278155,11.1666666666667,6.70000022649765,0.766666679332654,38.1899990439415,300.52999830246,110.900001525879,1,"26B_2007",0.27
"1925","255-2-C-BENA",2007,0.0275,0.119223441203734,26,1981,20,"255-2","BENA",65,27,8,0,20,0,0,0,0,0,0,NA,NA,NA,0,0,1,1,631.079496,"East","26B","Low Shrub","Low Shrub","Sandy Gravel","Mesic - Xeric",0,993.382141,286,2.676414,-149.39171,68.222788,-1.375181911206,0.252793605632141,"255-2-C-BENA_2007",9.53634262084961,-8.69580392539501,117.729187011719,116.045135498047,6.66666666666667,-11.2833335362375,2.2000000278155,11.1666666666667,6.70000022649765,0.766666679332654,38.1899990439415,300.52999830246,110.900001525879,1,"26B_2007",0.27
"1926","255-2-D-BENA",2007,0.1535,2.13147636768107,18,1989,20,"255-2","BENA",60,32,10,0,11,0,0,0,0,0,0,NA,NA,NA,0,0,1,1,631.079496,"East","26B","Low Shrub","Low Shrub","Sandy Gravel","Mesic - Xeric",0,993.382141,286,2.676414,-149.39171,68.222788,1.06956865634688,2.91412224070816,"255-2-D-BENA_2007",9.53634262084961,-8.69580392539501,117.729187011719,116.045135498047,6.66666666666667,-11.2833335362375,2.2000000278155,11.1666666666667,6.70000022649765,0.766666679332654,38.1899990439415,300.52999830246,110.900001525879,1,"26B_2007",0.27
"1927","255-3-A-BENA",2007,0.19275,2.35389307722405,7,2000,20,"255-3","BENA",61,31,7,0,17,0,0,0,0,0,0,NA,NA,NA,0,0,1,0,600.399561,"East","26B","Tussock Tundra (Low shrub or Herbaceous)","Low Shrub","Sandy Gravel","Mesic - Xeric",0,990.277893,304,2.837043,-149.392647,68.223106,0.0417618336341224,1.04264612593858,"255-3-A-BENA_2007",9.53634262084961,-8.69580392539501,117.729187011719,116.045135498047,6.66666666666667,-11.2833335362375,2.2000000278155,11.1666666666667,6.70000022649765,0.766666679332654,38.1899990439415,300.52999830246,110.900001525879,1,"26B_2007",0.27
"1928","255-4-B-BENA",2007,0.22,3.31510281584755,11,1996,20,"255-4","BENA",49,32,10,0,25,0,0,0,0,0,0,NA,NA,NA,0,0,0,2,644.564014,"East","26B","Low Shrub","Low Shrub","Sandy Gravel","Mesic - Xeric",0,993.003235,239,7.430982,-149.391619,68.223199,0.923551202265896,2.5182172287786,"255-4-B-BENA_2007",9.53634262084961,-8.69580392539501,117.729187011719,116.045135498047,6.66666666666667,-11.2833335362375,2.2000000278155,11.1666666666667,6.70000022649765,0.766666679332654,38.1899990439415,300.52999830246,110.900001525879,1,"26B_2007",0.27
"1929","255-4-D-BENA",2007,0.03275,0.109394772237436,30,1977,20,"255-4","BENA",56,29,5,0,12,0,0,0,0,0,0,NA,NA,NA,0,0,0,2,644.564014,"East","26B","Low Shrub","Low Shrub","Sandy Gravel","Mesic - Xeric",0,993.003235,239,7.430982,-149.391619,68.223199,-1.29045043062588,0.27514682061898,"255-4-D-BENA_2007",9.53634262084961,-8.69580392539501,117.729187011719,116.045135498047,6.66666666666667,-11.2833335362375,2.2000000278155,11.1666666666667,6.70000022649765,0.766666679332654,38.1899990439415,300.52999830246,110.900001525879,1,"26B_2007",0.27
"1930","261-1-C-BENA",2007,0.014,0.0463280202513675,31,1976,21,"261-1","BENA",52,23,10,0,13,0,0,0,0,0,0,NA,NA,NA,0,0,0,0,356.206777,"East","26B","Dwarf Shrub","Low Shrub","Sandy Loam","Mesic",0,883.832947,287,13.943512,-149.352299,68.301689,-2.1105372038392,0.121172854423134,"261-1-C-BENA_2007",9.72949886322021,-8.82428375134865,111.241474151611,118.178260326385,6.66666666666667,-11.2833335362375,2.2000000278155,11.1666666666667,6.70000022649765,0.766666679332654,38.1899990439415,300.52999830246,110.900001525879,1,"26B_2007",0.27
"1931","261-1-D-BENA",2007,0.05025,0.333766141459575,18,1989,21,"261-1","BENA",59,19,9,0,15,0,0,0,0,0,0,NA,NA,NA,0,0,0,0,356.206777,"East","26B","Dwarf Shrub","Low Shrub","Sandy Loam","Mesic",0,883.832947,287,13.943512,-149.352299,68.301689,-0.784560920150592,0.45632001872996,"261-1-D-BENA_2007",9.72949886322021,-8.82428375134865,111.241474151611,118.178260326385,6.66666666666667,-11.2833335362375,2.2000000278155,11.1666666666667,6.70000022649765,0.766666679332654,38.1899990439415,300.52999830246,110.900001525879,1,"26B_2007",0.27
"1932","261-2-B-BENA",2007,0.0505,0.4897538743424,21,1986,21,"261-2","BENA",66,25,12,0,19,0,0,0,0,0,0,NA,NA,NA,0,0,0,1,388.99561,"East","26B","Dwarf Shrub-Lichen","Low Shrub","Sandy Loam","Mesic",0,888.892761,295,13.025289,-149.351465,68.301786,-0.217144561211092,0.80481361606408,"261-2-B-BENA_2007",9.72949886322021,-8.82428375134865,111.241474151611,118.178260326385,6.66666666666667,-11.2833335362375,2.2000000278155,11.1666666666667,6.70000022649765,0.766666679332654,38.1899990439415,300.52999830246,110.900001525879,1,"26B_2007",0.27
"1933","261-2-C-BENA",2007,0.0755,0.477108178513538,16,1991,21,"261-2","BENA",37,18,8,0,13,0,0,0,0,0,0,NA,NA,NA,0,0,0,1,388.99561,"East","26B","Dwarf Shrub-Lichen","Low Shrub","Sandy Loam","Mesic",0,888.892761,295,13.025289,-149.351465,68.301786,-0.567813286561622,0.566763433853094,"261-2-C-BENA_2007",9.72949886322021,-8.82428375134865,111.241474151611,118.178260326385,6.66666666666667,-11.2833335362375,2.2000000278155,11.1666666666667,6.70000022649765,0.766666679332654,38.1899990439415,300.52999830246,110.900001525879,1,"26B_2007",0.27
"1934","261-3-D-BENA",2007,0.0163333333333333,0.162028299160857,27,1980,21,"261-3","BENA",74,41,14,0,26,0,0,0,0,0,0,NA,NA,NA,0,0,0,1,380.53651,"East","26B","Tussock Tundra (Low shrub or Herbaceous)","Low Shrub","Sandy Loam","Mesic",0,884.224731,295,11.657486,-149.351558,68.302088,-1.02337330279571,0.359380593584165,"261-3-D-BENA_2007",9.72949886322021,-8.82428375134865,111.241474151611,118.178260326385,6.66666666666667,-11.2833335362375,2.2000000278155,11.1666666666667,6.70000022649765,0.766666679332654,38.1899990439415,300.52999830246,110.900001525879,1,"26B_2007",0.27
"1935","261-4-A-BENA",2007,0.03725,0.206577192082666,42,1965,21,"261-4","BENA",45,23,13,0,13,0,0,0,0,0,0,NA,NA,NA,0,0,0,0,405.679111,"East","26B","Low Shrub","Low Shrub","Sandy Loam","Mesic",0,886.626587,308,9.946874,-149.350886,68.302265,-0.25321405588886,0.776301692088703,"261-4-A-BENA_2007",9.72949886322021,-8.82428375134865,111.241474151611,118.178260326385,6.66666666666667,-11.2833335362375,2.2000000278155,11.1666666666667,6.70000022649765,0.766666679332654,38.1899990439415,300.52999830246,110.900001525879,1,"26B_2007",0.27
"1936","261-4-B-BENA",2007,0.20475,2.05435124978314,21,1986,21,"261-4","BENA",71,30,12,0,13,0,0,0,0,0,0,NA,NA,NA,0,0,0,0,405.679111,"East","26B","Low Shrub","Low Shrub","Sandy Loam","Mesic",0,886.626587,308,9.946874,-149.350886,68.302265,1.21666785469063,3.37591991533245,"261-4-B-BENA_2007",9.72949886322021,-8.82428375134865,111.241474151611,118.178260326385,6.66666666666667,-11.2833335362375,2.2000000278155,11.1666666666667,6.70000022649765,0.766666679332654,38.1899990439415,300.52999830246,110.900001525879,1,"26B_2007",0.27
"1937","268-1-B-BENA",2007,0.1185,0.771175388056484,22,1985,22,"268-1","BENA",63,26,6,0,12,0,0,0,0,0,0,NA,NA,NA,0,0,1,2,212.091228,"West","26B","Low Shrub","Low Shrub","Sandy Gravel","Mesic",0,818.738892,195,1.432166,-149.327109,68.400098,0.292382432631852,1.3396152322682,"268-1-B-BENA_2007",10.7954864501953,-8.19429947435856,94.8194580078125,97.9548645019531,6.66666666666667,-11.2833335362375,2.2000000278155,11.1666666666667,6.70000022649765,0.766666679332654,38.1899990439415,300.52999830246,110.900001525879,1,"26B_2007",0.27
"1938","268-1-C-BENA",2007,0.05175,0.312433156545372,19,1988,22,"268-1","BENA",47,18,6,0,11,0,0,0,0,0,0,NA,NA,NA,0,0,1,2,212.091228,"West","26B","Low Shrub","Low Shrub","Sandy Gravel","Mesic",0,818.738892,195,1.432166,-149.327109,68.400098,-0.786090440679205,0.45562260138673,"268-1-C-BENA_2007",10.7954864501953,-8.19429947435856,94.8194580078125,97.9548645019531,6.66666666666667,-11.2833335362375,2.2000000278155,11.1666666666667,6.70000022649765,0.766666679332654,38.1899990439415,300.52999830246,110.900001525879,1,"26B_2007",0.27
"1939","268-2-A-BENA",2007,0.19875,3.22669938032325,17,1990,22,"268-2","BENA",60,23,9,0,24,0,0,0,0,0,0,NA,NA,NA,0,0,0,4,184.615387,"West","26B","Low Shrub","Low Shrub","Sandy Gravel","Mesic",0,819.441162,203,1.359031,-149.326454,68.400307,1.41600419320361,4.12062228994074,"268-2-A-BENA_2007",10.7954864501953,-8.19429947435856,94.8194580078125,97.9548645019531,6.66666666666667,-11.2833335362375,2.2000000278155,11.1666666666667,6.70000022649765,0.766666679332654,38.1899990439415,300.52999830246,110.900001525879,1,"26B_2007",0.27
"1940","268-4-C-BENA",2007,0.02175,0.155057036059202,28,1979,22,"268-4","BENA",58,32,8,0,18,0,0,0,0,0,0,NA,NA,NA,0,0,0,5,171.881056,"West","26B","Dwarf Shrub-Lichen","Low Shrub","Sandy Gravel","Mesic",0,820.486511,188,1.085947,-149.326166,68.400831,-1.02395236983846,0.359172548368497,"268-4-C-BENA_2007",10.7954864501953,-8.19429947435856,94.8194580078125,97.9548645019531,6.66666666666667,-11.2833335362375,2.2000000278155,11.1666666666667,6.70000022649765,0.766666679332654,38.1899990439415,300.52999830246,110.900001525879,1,"26B_2007",0.27
"1941","268-4-D-BENA",2007,0.0685,0.362072480317041,19,1988,22,"268-4","BENA",57,23,7,0,15,0,0,0,0,0,0,NA,NA,NA,0,0,0,5,171.881056,"West","26B","Dwarf Shrub-Lichen","Low Shrub","Sandy Gravel","Mesic",0,820.486511,188,1.085947,-149.326166,68.400831,-0.638636574266861,0.528011838425474,"268-4-D-BENA_2007",10.7954864501953,-8.19429947435856,94.8194580078125,97.9548645019531,6.66666666666667,-11.2833335362375,2.2000000278155,11.1666666666667,6.70000022649765,0.766666679332654,38.1899990439415,300.52999830246,110.900001525879,1,"26B_2007",0.27
"1942","282-1-B-BENA",2007,0.111,0.756831661398358,18,1989,23,"282-1","BENA",41,18,8,0,9,0,0,0,0,0,0,NA,NA,NA,0,0,0,0,577.316923,"West","26B","Tussock Tundra (Low shrub or Herbaceous)","Tussock Tundra","Clay Loam","Mesic",0,826.622314,26,2.82316,-149.530032,68.582817,0.0341393601289762,1.03472879661928,"282-1-B-BENA_2007",11.2999998728434,-7.84166675806046,49,74,11.2000001271566,-7.641666918993,6.59999990463257,15.8333333333333,20.700000166893,1.02500001713634,52.9299985170364,261.789996862411,73.6999998092651,1,"26B_2007",0.27
"1943","282-1-D-BENA",2007,0.025,0.366348973316744,17,1990,23,"282-1","BENA",74,20,11,0,15,0,0,0,0,0,0,NA,NA,NA,0,0,0,0,577.316923,"West","26B","Tussock Tundra (Low shrub or Herbaceous)","Tussock Tundra","Clay Loam","Mesic",0,826.622314,26,2.82316,-149.530032,68.582817,-0.759624478740953,0.467842078673797,"282-1-D-BENA_2007",11.2999998728434,-7.84166675806046,49,74,11.2000001271566,-7.641666918993,6.59999990463257,15.8333333333333,20.700000166893,1.02500001713634,52.9299985170364,261.789996862411,73.6999998092651,1,"26B_2007",0.27
"1944","282-2-A-BENA",2007,0.06075,0.171718865396595,20,1987,23,"282-2","BENA",44,16,6,0,7,0,0,0,0,0,0,NA,NA,NA,0,0,0,0,604.079816,"West","26B","Low Shrub","Low Shrub-Tussock Tundra","Clay Loam","Mesic",0,826.41803,354,3.355184,-149.530916,68.583004,-1.3234120813301,0.266225367856806,"282-2-A-BENA_2007",11.2999998728434,-7.84166675806046,49,74,11.2000001271566,-7.641666918993,6.59999990463257,15.8333333333333,20.700000166893,1.02500001713634,52.9299985170364,261.789996862411,73.6999998092651,1,"26B_2007",0.27
"1945","282-2-B-BENA",2007,0.0265,0.127958639577039,16,1991,23,"282-2","BENA",27,18,6,0,5,0,0,0,0,0,0,NA,NA,NA,0,0,0,0,604.079816,"West","26B","Low Shrub","Low Shrub-Tussock Tundra","Clay Loam","Mesic",0,826.41803,354,3.355184,-149.530916,68.583004,-1.88384945767567,0.152003845718598,"282-2-B-BENA_2007",11.2999998728434,-7.84166675806046,49,74,11.2000001271566,-7.641666918993,6.59999990463257,15.8333333333333,20.700000166893,1.02500001713634,52.9299985170364,261.789996862411,73.6999998092651,1,"26B_2007",0.27
"1946","282-3-B-BENA",2007,0.02025,0.100562969890032,13,1994,23,"282-3","BENA",31,18,7,0,8,0,0,0,0,0,0,NA,NA,NA,0,0,0,0,571.732475,"West","26B","Low Shrub","Low Shrub-Tussock Tundra","Clay Loam","Mesic",0,823.876221,27,3.830761,-149.53038,68.583298,-2.37255652242218,0.0932420459311135,"282-3-B-BENA_2007",11.2999998728434,-7.84166675806046,49,74,11.2000001271566,-7.641666918993,6.59999990463257,15.8333333333333,20.700000166893,1.02500001713634,52.9299985170364,261.789996862411,73.6999998092651,1,"26B_2007",0.27
"1947","282-3-D-BENA",2007,0.19125,2.83636631059175,10,1997,23,"282-3","BENA",82,20,10,0,18,0,0,0,0,0,0,NA,NA,NA,0,0,0,0,571.732475,"West","26B","Low Shrub","Low Shrub-Tussock Tundra","Clay Loam","Mesic",0,823.876221,27,3.830761,-149.53038,68.583298,0.653849007574763,1.92292796763083,"282-3-D-BENA_2007",11.2999998728434,-7.84166675806046,49,74,11.2000001271566,-7.641666918993,6.59999990463257,15.8333333333333,20.700000166893,1.02500001713634,52.9299985170364,261.789996862411,73.6999998092651,1,"26B_2007",0.27
"1948","282-4-A-BENA",2007,0.06175,0.579021640545533,19,1988,23,"282-4","BENA",52,15,7,0,6,0,0,0,0,0,0,NA,NA,NA,0,0,0,0,597.547448,"West","26B","Tussock Tundra (Low shrub or Herbaceous)","Low Shrub-Tussock Tundra","Clay Loam","Mesic",0,823.620117,358,4.137664,-149.531178,68.583423,-0.169141135320338,0.844389721761993,"282-4-A-BENA_2007",11.2999998728434,-7.84166675806046,49,74,11.2000001271566,-7.641666918993,6.59999990463257,15.8333333333333,20.700000166893,1.02500001713634,52.9299985170364,261.789996862411,73.6999998092651,1,"26B_2007",0.27
"1949","282-4-C-BENA",2007,0.02025,0.247614246120182,7,2000,23,"282-4","BENA",38,12,6,0,9,0,0,0,0,0,0,NA,NA,NA,0,0,0,0,597.547448,"West","26B","Tussock Tundra (Low shrub or Herbaceous)","Low Shrub-Tussock Tundra","Clay Loam","Mesic",0,823.620117,358,4.137664,-149.531178,68.583423,-2.21019195542491,0.109679592901848,"282-4-C-BENA_2007",11.2999998728434,-7.84166675806046,49,74,11.2000001271566,-7.641666918993,6.59999990463257,15.8333333333333,20.700000166893,1.02500001713634,52.9299985170364,261.789996862411,73.6999998092651,1,"26B_2007",0.27
"1950","60-2-A-BENA",2007,0.12575,1.22990583859514,6,2001,1,"60-2","BENA",89,NA,9,0,10,0,0,0,0,0,0,NA,NA,NA,0,0,2,0,1432.670461,"West","20F","Low Shrub","Low Shrub","Silt Loam","Mesic",0,110.927505,264,1.953402,-149.84073,65.909949,-0.791325103723682,0.453243802131225,"60-2-A-BENA_2007",15.8939816157023,-4.9348379522562,143.451354980469,39.0902719497681,15.2333335876465,-2.95000009549161,10,20.5666669209798,40.7000002861023,1.04166668218871,92.0199989974499,226.849997594953,215.500003814697,1,"20F_2007",0.375
"1951","60-2-D-BENA",2007,0.229,2.70179952721743,6,2001,1,"60-2","BENA",102,NA,7,0,18,0,0,0,0,0,0,NA,NA,NA,0,0,2,0,1432.670461,"West","20F","Low Shrub","Low Shrub","Silt Loam","Mesic",0,110.927505,264,1.953402,-149.84073,65.909949,-0.00434467362448288,0.995664750816322,"60-2-D-BENA_2007",15.8939816157023,-4.9348379522562,143.451354980469,39.0902719497681,15.2333335876465,-2.95000009549161,10,20.5666669209798,40.7000002861023,1.04166668218871,92.0199989974499,226.849997594953,215.500003814697,1,"20F_2007",0.375
"1952","60-4-A-BENA",2007,0.2415,2.53441939762498,8,1999,1,"60-4","BENA",92,NA,7,13,13,0,0,0,0,0,0,NA,NA,NA,0,0,1,0,1406.241796,"West","20F","Tall Shrub (Open-Closed)","Black Spruce Woodland","Silt Loam","Mesic",0,110.670654,252,1.181915,-149.840942,65.910317,0.275003995368042,1.31653593490271,"60-4-A-BENA_2007",15.8939816157023,-4.9348379522562,143.451354980469,39.0902719497681,15.2333335876465,-2.95000009549161,10,20.5666669209798,40.7000002861023,1.04166668218871,92.0199989974499,226.849997594953,215.500003814697,1,"20F_2007",0.375
"1953","60-4-B-BENA",2007,0.1085,0.85795167493578,17,1990,1,"60-4","BENA",95,NA,9,0,9,0,2,0,0,0.222222222,0,NA,"Hare",NA,1,0,1,0,1406.241796,"West","20F","Tall Shrub (Open-Closed)","Black Spruce Woodland","Silt Loam","Mesic",0,110.670654,252,1.181915,-149.840942,65.910317,0.0913369381056519,1.09563810530072,"60-4-B-BENA_2007",15.8939816157023,-4.9348379522562,143.451354980469,39.0902719497681,15.2333335876465,-2.95000009549161,10,20.5666669209798,40.7000002861023,1.04166668218871,92.0199989974499,226.849997594953,215.500003814697,1,"20F_2007",0.375
"1954","72-1-C-BENA",2007,0.114,0.668829367986001,39,1968,2,"72-1","BENA",118,71,9,0,11,0,2,0,0,0.181818182,0,NA,"Hare",NA,1,0,0,0,895.937772,"West","20F","Tussock Tundra (Low shrub or Herbaceous)","Black Spruce Woodland","Clay Loam","Mesic",0,130.808105,148,1.606934,-150.14017,66.022623,0.83320485504069,2.30068028442886,"72-1-C-BENA_2007",16.2000951766968,-4.65638472636541,137.413415908813,38.0997867584229,13.8000001907349,-4.55833343664805,8.73333358764648,18.9000002543132,35.7000007629395,1.10000002818803,93.2799990177155,239.029997944832,213.500003814697,1,"20F_2007",0.375
"1955","72-1-D-BENA",2007,0.11475,0.886734357779344,51,1956,2,"72-1","BENA",65,41,8,7,4,0,0,0,0,0,0,NA,NA,NA,0,0,0,0,895.937772,"West","20F","Tussock Tundra (Low shrub or Herbaceous)","Black Spruce Woodland","Clay Loam","Mesic",0,130.808105,148,1.606934,-150.14017,66.022623,1.43535111922902,4.2011198438119,"72-1-D-BENA_2007",16.2000951766968,-4.65638472636541,137.413415908813,38.0997867584229,13.8000001907349,-4.55833343664805,8.73333358764648,18.9000002543132,35.7000007629395,1.10000002818803,93.2799990177155,239.029997944832,213.500003814697,1,"20F_2007",0.375
"1956","72-2-A-BENA",2007,0.0645,0.43525509578425,38,1969,2,"72-2","BENA",121,72,12,21,14,0,0,0,0,0,0,NA,NA,NA,0,0,0,0,855.94066,"West","20F","Tussock Tundra (Low shrub or Herbaceous)","Black Spruce Woodland","Clay Loam","Mesic",0,131.055786,179,2.125059,-150.13956,66.022889,0.372610617260231,1.4515190333216,"72-2-A-BENA_2007",16.2000951766968,-4.65638472636541,137.413415908813,38.0997867584229,13.8000001907349,-4.55833343664805,8.73333358764648,18.9000002543132,35.7000007629395,1.10000002818803,93.2799990177155,239.029997944832,213.500003814697,1,"20F_2007",0.375
"1957","72-2-B-BENA",2007,0.17925,1.82214946087193,8,1999,2,"72-2","BENA",104,67,9,0,5,0,1,0,0,0.2,0,NA,"Hare",NA,1,0,0,0,855.94066,"West","20F","Tussock Tundra (Low shrub or Herbaceous)","Black Spruce Woodland","Clay Loam","Mesic",0,131.055786,179,2.125059,-150.13956,66.022889,-0.0549437542878396,0.946538385181849,"72-2-B-BENA_2007",16.2000951766968,-4.65638472636541,137.413415908813,38.0997867584229,13.8000001907349,-4.55833343664805,8.73333358764648,18.9000002543132,35.7000007629395,1.10000002818803,93.2799990177155,239.029997944832,213.500003814697,1,"20F_2007",0.375
"1958","72-3-D-BENA",2007,0.068,0.295768381964863,51,1956,2,"72-3","BENA",104,47,11,0,9,0,0,0,0,0,0,NA,NA,NA,0,0,1,0,885.368743,"West","20F","Tussock Tundra (Low shrub or Herbaceous)","Black Spruce Woodland","Clay Loam","Mesic",0,132.401993,119,2.284806,-150.140609,66.023021,0.337382320329613,1.40127469714433,"72-3-D-BENA_2007",16.2000951766968,-4.65638472636541,137.413415908813,38.0997867584229,13.8000001907349,-4.55833343664805,8.73333358764648,18.9000002543132,35.7000007629395,1.10000002818803,93.2799990177155,239.029997944832,213.500003814697,1,"20F_2007",0.375
"1959","72-4-A-BENA",2007,0.32275,2.53411211059355,9,1998,2,"72-4","BENA",97,39,7,0,8,0,0,0,0,0,0,NA,NA,NA,0,0,0,0,844.255779,"West","20F","Tussock Tundra (Low shrub or Herbaceous)","Low Shrub-Tussock Tundra","Clay Loam","Mesic",0,132.260803,156,1.029158,-150.139994,66.023305,0.415437790938255,1.5150338636235,"72-4-A-BENA_2007",16.2000951766968,-4.65638472636541,137.413415908813,38.0997867584229,13.8000001907349,-4.55833343664805,8.73333358764648,18.9000002543132,35.7000007629395,1.10000002818803,93.2799990177155,239.029997944832,213.500003814697,1,"20F_2007",0.375
"1960","72-4-D-BENA",2007,0.07175,0.270209365882963,10,1997,2,"72-4","BENA",85,37,8,0,12,0,0,0,0,0,0,NA,NA,NA,0,0,0,0,844.255779,"West","20F","Tussock Tundra (Low shrub or Herbaceous)","Low Shrub-Tussock Tundra","Clay Loam","Mesic",0,132.260803,156,1.029158,-150.139994,66.023305,-1.69723294855619,0.183189718772164,"72-4-D-BENA_2007",16.2000951766968,-4.65638472636541,137.413415908813,38.0997867584229,13.8000001907349,-4.55833343664805,8.73333358764648,18.9000002543132,35.7000007629395,1.10000002818803,93.2799990177155,239.029997944832,213.500003814697,1,"20F_2007",0.375
"1961","97-3-D-BENA",2007,0.082,0.848955724372224,12,1995,4,"97-3","BENA",75,49,7,21,13,0,0,0,0,0,0,NA,NA,NA,0,0,0,0,924.995234,"East","24A","Tussock Tundra (Low shrub or Herbaceous)","Tall Shrub","Gravely Sand Loam","Mesic",2004,557.015015,71,7.919354,-150.432427,66.349149,-0.334851641664086,0.715444220593422,"97-3-D-BENA_2007",13.7378470102946,-5.33828145265579,303.638916015625,83.7291860580444,13.8000001907349,-4.55833343664805,8.73333358764648,18.9000002543132,35.7000007629395,1.10000002818803,93.2799990177155,239.029997944832,213.500003814697,1,"24A_2007",0.89
"1962","102-3-B-BENA",2006,0.44925,8.89474670876301,26,1980,5,"102-3","BENA",72,NA,16,0,12,0,0,0,0,0,0,NA,NA,NA,0,0,0,0,939.238254,"West","24A","Tussock Tundra (Low shrub or Herbaceous)","Low Shrub","Sandy Loam","Mesic",2004,424.339783,330,3.896938,-150.565669,66.401242,2.93703482311032,18.8598405564425,"102-3-B-BENA_2006",12.2000001271566,-5.95833325386047,212,94,12.4000002543132,-5.09166679779689,7.60000006357829,17.3000005086263,50.600001335144,1.0083333576719,93.2299983501434,239.689998045564,160.300008773804,1,"24A_2006",0.825
"1963","111-1-A-BENA",2006,0.256,3.73774127553499,18,1988,6,"111-1","BENA",45,37,7,0,7,0,0,0,0,0,0,NA,NA,NA,0,0,0,0,640.914524,"West","24A","Tall Shrub (Open-Closed)","Low Shrub","Gravely Sand Loam","Mesic",0,512.854736,12,8.158982,-150.736683,66.498494,1.63123527832305,5.1101833199772,"111-1-A-BENA_2006",12.1784985860189,-5.99105028311412,226.678871154785,88.9373197555542,12.4000002543132,-5.09166679779689,7.60000006357829,17.3000005086263,50.600001335144,1.0083333576719,93.2299983501434,239.689998045564,160.300008773804,1,"24A_2006",0.825
"1964","111-1-B-BENA",2006,0.0675,0.620162170791076,10,1996,6,"111-1","BENA",89,51,9,0,12,0,0,0,0,0,0,NA,NA,NA,0,0,0,0,640.914524,"West","24A","Tall Shrub (Open-Closed)","Low Shrub","Gravely Sand Loam","Mesic",0,512.854736,12,8.158982,-150.736683,66.498494,-0.866449026632004,0.420441879537067,"111-1-B-BENA_2006",12.1784985860189,-5.99105028311412,226.678871154785,88.9373197555542,12.4000002543132,-5.09166679779689,7.60000006357829,17.3000005086263,50.600001335144,1.0083333576719,93.2299983501434,239.689998045564,160.300008773804,1,"24A_2006",0.825
"1965","111-2-A-BENA",2006,0.216,3.14557619307454,6,2000,6,"111-2","BENA",70,39,11,0,13,0,0,0,0,0,0,NA,NA,NA,0,0,0,0,685.564701,"West","24A","Tall Shrub (Open-Closed)","Low Shrub","Gravely Sand Loam","Mesic",0,516.430603,8,6.353059,-150.737535,66.498284,0.147734366426411,1.15920493171338,"111-2-A-BENA_2006",12.1708806355794,-5.99525924523671,227.189632415771,89.1264219284058,12.4000002543132,-5.09166679779689,7.60000006357829,17.3000005086263,50.600001335144,1.0083333576719,93.2299983501434,239.689998045564,160.300008773804,1,"24A_2006",0.825
"1966","111-2-D-BENA",2006,0.35125,4.05171891756869,10,1996,6,"111-2","BENA",75,31,6,0,7,0,0,0,0,0,0,NA,NA,NA,0,0,0,0,685.564701,"West","24A","Tall Shrub (Open-Closed)","Low Shrub","Gravely Sand Loam","Mesic",0,516.430603,8,6.353059,-150.737535,66.498284,1.01046645788836,2.74688202101311,"111-2-D-BENA_2006",12.1708806355794,-5.99525924523671,227.189632415771,89.1264219284058,12.4000002543132,-5.09166679779689,7.60000006357829,17.3000005086263,50.600001335144,1.0083333576719,93.2299983501434,239.689998045564,160.300008773804,1,"24A_2006",0.825
"1967","111-3-A-BENA",2006,0.04975,0.434927781099656,19,1987,6,"111-3","BENA",108,46,7,0,11,0,0,0,0,0,0,NA,NA,NA,0,0,0,0,664.632709,"West","24A","Tall Shrub (Open-Closed)","Low Shrub","Gravely Sand Loam","Mesic",0,511.257965,359,9.703425,-150.737553,66.498636,-0.455300991075987,0.634257033507921,"111-3-A-BENA_2006",12.1784985860189,-5.99105028311412,226.678871154785,88.9373197555542,12.4000002543132,-5.09166679779689,7.60000006357829,17.3000005086263,50.600001335144,1.0083333576719,93.2299983501434,239.689998045564,160.300008773804,1,"24A_2006",0.825
"1968","111-3-D-BENA",2006,0.16275,3.38642933910512,9,1997,6,"111-3","BENA",95,38,7,3,16,0,0,0,0,0,0,NA,NA,NA,0,0,0,0,664.632709,"West","24A","Tall Shrub (Open-Closed)","Low Shrub","Gravely Sand Loam","Mesic",0,511.257965,359,9.703425,-150.737553,66.498636,0.705370541469913,2.02459674300309,"111-3-D-BENA_2006",12.1784985860189,-5.99105028311412,226.678871154785,88.9373197555542,12.4000002543132,-5.09166679779689,7.60000006357829,17.3000005086263,50.600001335144,1.0083333576719,93.2299983501434,239.689998045564,160.300008773804,1,"24A_2006",0.825
"1969","111-4-A-BENA",2006,0.192,3.82268994088806,8,1998,6,"111-4","BENA",112,61,10,0,19,0,0,0,0,0,0,NA,NA,NA,0,0,0,0,707.594422,"West","24A","Tall Shrub (Open-Closed)","Low Shrub","Gravely Sand Loam","Mesic",0,515.006653,353,8.170983,-150.73833,66.498407,0.685993766837104,1.98574422208354,"111-4-A-BENA_2006",12.1708806355794,-5.99525924523671,227.189632415771,89.1264219284058,12.4000002543132,-5.09166679779689,7.60000006357829,17.3000005086263,50.600001335144,1.0083333576719,93.2299983501434,239.689998045564,160.300008773804,1,"24A_2006",0.825
"1970","111-4-C-BENA",2006,0.0533333333333333,0.30315669471665,14,1992,6,"111-4","BENA",51,30,7,0,13,0,0,0,0,0,0,NA,NA,NA,0,0,0,0,707.594422,"West","24A","Tall Shrub (Open-Closed)","Low Shrub","Gravely Sand Loam","Mesic",0,515.006653,353,8.170983,-150.73833,66.498407,-1.18065489641511,0.307077568736684,"111-4-C-BENA_2006",12.1708806355794,-5.99525924523671,227.189632415771,89.1264219284058,12.4000002543132,-5.09166679779689,7.60000006357829,17.3000005086263,50.600001335144,1.0083333576719,93.2299983501434,239.689998045564,160.300008773804,1,"24A_2006",0.825
"1971","121-1-C-BENA",2006,0.035,0.393366670137615,34,1972,7,"121-1","BENA",60,36,11,0,11,0,0,0,0,0,0,NA,NA,NA,0,0,0,0,1394.51987,"East","24A","Tall Shrub (Open-Closed)","Low Shrub","Clay Loam","Mesic",2005,466.470276,61,7.209129,-150.675843,66.599029,0.13869066179352,1.14876868698973,"121-1-C-BENA_2006",12.733333269755,-5.69166660308838,211,76,12.5333334604899,-5.36666699250539,7.60000006357829,17.5000006357829,58.6000008583069,1.10000000707805,94.1299986839294,240.329999670386,150.900003433228,1,"24A_2006",0.825
"1972","121-1-D-BENA",2006,0.44275,9.48934142044193,22,1984,7,"121-1","BENA",73,42,19,0,25,0,0,0,0,0,0,NA,NA,NA,0,0,0,0,1394.51987,"East","24A","Tall Shrub (Open-Closed)","Low Shrub","Clay Loam","Mesic",2005,466.470276,61,7.209129,-150.675843,66.599029,2.80239109565411,16.484014541821,"121-1-D-BENA_2006",12.733333269755,-5.69166660308838,211,76,12.5333334604899,-5.36666699250539,7.60000006357829,17.5000006357829,58.6000008583069,1.10000000707805,94.1299986839294,240.329999670386,150.900003433228,1,"24A_2006",0.825
"1973","129-3-A-BENA",2006,0.03725,0.560809827932676,54,1952,8,"129-3","BENA",51,35,12,0,6,0,0,0,0,0,0,NA,NA,NA,0,0,0,0,1022.673056,"East","24A","Tussock Tundra (Low shrub or Herbaceous)","Low Shrub-Tussock Tundra","Sandy Loam","Mesic - Hydric",2005,301.546051,352,6.265718,-150.646771,66.710061,1.04539687034441,2.84452720815904,"129-3-A-BENA_2006",13,-5.5916668176651,194,66,12.5333334604899,-5.36666699250539,7.60000006357829,17.5000006357829,58.6000008583069,1.10000000707805,94.1299986839294,240.329999670386,150.900003433228,1,"24A_2006",0.825
"1974","129-4-D-BENA",2006,0.01975,0.519158199832306,45,1961,8,"129-4","BENA",87,41,18,0,9,0,0,0,0,0,0,NA,NA,NA,0,0,0,0,1057.255538,"East","24A","Tussock Tundra (Low shrub or Herbaceous)","Tall Shrub","Sandy Loam","Mesic - Hydric",2005,303.823029,358,6.979915,-150.646167,66.709845,0.750652303312161,2.11838139322464,"129-4-D-BENA_2006",13,-5.5916668176651,194,66,12.5333334604899,-5.36666699250539,7.60000006357829,17.5000006357829,58.6000008583069,1.10000000707805,94.1299986839294,240.329999670386,150.900003433228,1,"24A_2006",0.825
"1975","147-1-A-BENA",2006,0.267,2.60658727866508,7,1999,9,"147-1","BENA",104,58,9,25,11,1,1,0,0.090909091,0.090909091,0,"Moose","Hare",NA,1,1,0,0,984.758365,"West","24A","Low Shrub","Tall Shrub","Clay Loam","Mesic - Hydric",0,426.634277,145,7.907337,-150.485282,66.911769,0.143733057237873,1.15457586171501,"147-1-A-BENA_2006",12.5681708653768,-5.86516237258911,194.225677490234,67.0902709960938,11.0333334604899,-6.55000007152557,6.23333342870076,15.8999999364217,38.5000004768372,1.03333333817621,87.4799978733063,253.259997844696,152.299999237061,1,"24A_2006",0.825
"1976","147-2-A-BENA",2006,0.05625,0.248504887637474,11,1995,9,"147-2","BENA",89,56,6,61,9,0,0,0,0,0,0,NA,NA,NA,0,2,1,0,986.173835,"West","24A","Low Shrub","Tall Shrub","Clay Loam","Mesic - Hydric",0,428.943481,147,8.698308,-150.484958,66.912025,-1.66723020130721,0.188769194877712,"147-2-A-BENA_2006",12.5681708653768,-5.86516237258911,194.225677490234,67.0902709960938,11.0333334604899,-6.55000007152557,6.23333342870076,15.8999999364217,38.5000004768372,1.03333333817621,87.4799978733063,253.259997844696,152.299999237061,1,"24A_2006",0.825
"1977","147-3-A-BENA",2006,0.131,1.41490421613846,16,1990,9,"147-3","BENA",107,63,8,18,8,1,0,0,0.125,0,0,"Moose",NA,NA,1,2,1,0,952.272152,"West","24A","White Spruce or Black Spruce (Woodland)","Black Spruce Woodland","Clay Loam","Mesic - Hydric",0,425.583191,170,6.572863,-150.484233,66.911912,0.519260574937503,1.6807843760094,"147-3-A-BENA_2006",12.5681708653768,-5.86516237258911,194.225677490234,67.0902709960938,11.0333334604899,-6.55000007152557,6.23333342870076,15.8999999364217,38.5000004768372,1.03333333817621,87.4799978733063,253.259997844696,152.299999237061,1,"24A_2006",0.825
"1978","147-3-C-BENA",2006,0.0595,0.358895544746097,12,1994,9,"147-3","BENA",136,53,12,30,29,2,1,0,0.068965517,0.034482759,0,"Moose","Hare",NA,1,2,1,0,952.272152,"West","24A","White Spruce or Black Spruce (Woodland)","Black Spruce Woodland","Clay Loam","Mesic - Hydric",0,425.583191,170,6.572863,-150.484233,66.911912,-1.19582729184771,0.302453633227099,"147-3-C-BENA_2006",12.5681708653768,-5.86516237258911,194.225677490234,67.0902709960938,11.0333334604899,-6.55000007152557,6.23333342870076,15.8999999364217,38.5000004768372,1.03333333817621,87.4799978733063,253.259997844696,152.299999237061,1,"24A_2006",0.825
"1979","147-4-A-BENA",2006,0.33425,4.2094975546136,6,2000,9,"147-4","BENA",65,33,9,8,10,0,0,0,0,0,0,NA,NA,NA,0,0,1,0,956.341518,"West","24A","Tall Shrub (Open-Closed)","Tall Shrub","Clay Loam","Mesic - Hydric",0,428.39856,129,7.52786,-150.483929,66.912191,0.439080578684628,1.55128028247633,"147-4-A-BENA_2006",12.5681708653768,-5.86516237258911,194.225677490234,67.0902709960938,11.0333334604899,-6.55000007152557,6.23333342870076,15.8999999364217,38.5000004768372,1.03333333817621,87.4799978733063,253.259997844696,152.299999237061,1,"24A_2006",0.825
"1980","147-4-D-BENA",2006,0.05625,0.311945424285904,20,1986,9,"147-4","BENA",94,47,7,14,7,0,0,0,0,0,0,NA,NA,NA,0,0,1,0,956.341518,"West","24A","Tall Shrub (Open-Closed)","Tall Shrub","Clay Loam","Mesic - Hydric",0,428.39856,129,7.52786,-150.483929,66.912191,-0.726442467028904,0.483626450360932,"147-4-D-BENA_2006",12.5681708653768,-5.86516237258911,194.225677490234,67.0902709960938,11.0333334604899,-6.55000007152557,6.23333342870076,15.8999999364217,38.5000004768372,1.03333333817621,87.4799978733063,253.259997844696,152.299999237061,1,"24A_2006",0.825
"1981","151-1-C-BENA",2006,0.27075,4.61166578926932,8,1998,10,"151-1","BENA",118,82,11,0,4,0,0,0,0,0,0,NA,NA,NA,0,0,0,0,725.03173,"East","24A","White Spruce or Black Spruce (Open-Closed)","Low Shrub","Clay Loam","Mesic",0,471.29071,296,22.022722,-150.362735,66.958242,0.873628553339499,2.39558761940668,"151-1-C-BENA_2006",11.6961650848389,-6.67883507410685,206.431102752686,72,11.0333334604899,-6.55000007152557,6.23333342870076,15.8999999364217,38.5000004768372,1.03333333817621,87.4799978733063,253.259997844696,152.299999237061,1,"24A_2006",0.825
"1982","151-1-D-BENA",2006,0.08775,0.500832111786664,22,1984,10,"151-1","BENA",90,67,12,0,8,0,0,0,0,0,0,NA,NA,NA,0,0,0,0,725.03173,"East","24A","White Spruce or Black Spruce (Open-Closed)","Low Shrub","Clay Loam","Mesic",0,471.29071,296,22.022722,-150.362735,66.958242,-0.139262457618068,0.869999660452499,"151-1-D-BENA_2006",11.6961650848389,-6.67883507410685,206.431102752686,72,11.0333334604899,-6.55000007152557,6.23333342870076,15.8999999364217,38.5000004768372,1.03333333817621,87.4799978733063,253.259997844696,152.299999237061,1,"24A_2006",0.825
"1983","151-2-A-BENA",2006,0.3085,5.65808062574626,11,1995,10,"151-2","BENA",119,71,11,0,4,0,0,0,0,0,0,NA,NA,NA,0,1,0,0,737.726474,"East","24A","Low Shrub","Low Shrub","Clay Loam","Mesic",0,482.941345,297,25.566626,-150.361917,66.958285,1.45814728641504,4.29798920427446,"151-2-A-BENA_2006",11.6961650848389,-6.67883507410685,206.431102752686,72,11.0333334604899,-6.55000007152557,6.23333342870076,15.8999999364217,38.5000004768372,1.03333333817621,87.4799978733063,253.259997844696,152.299999237061,1,"24A_2006",0.825
"1984","151-2-B-BENA",2006,0.54625,9.16008601698428,11,1995,10,"151-2","BENA",142,91,14,0,17,0,0,0,0,0,0,NA,NA,NA,0,1,0,0,737.726474,"East","24A","Low Shrub","Low Shrub","Clay Loam","Mesic",0,482.941345,297,25.566626,-150.361917,66.958285,1.93991813291282,6.95818130128382,"151-2-B-BENA_2006",11.6961650848389,-6.67883507410685,206.431102752686,72,11.0333334604899,-6.55000007152557,6.23333342870076,15.8999999364217,38.5000004768372,1.03333333817621,87.4799978733063,253.259997844696,152.299999237061,1,"24A_2006",0.825
"1985","151-3-C-BENA",2006,0.069,0.684667707349076,20,1986,10,"151-3","BENA",86,51,13,0,9,0,0,0,0,0,0,NA,NA,NA,0,0,0,0,698.113665,"East","24A","White Spruce or Black Spruce (Open-Closed)","Low Shrub","Clay Loam","Mesic",0,469.98999,301,21.5443,-150.36215,66.958641,0.0596629044261276,1.06147866646863,"151-3-C-BENA_2006",11.6961650848389,-6.67883507410685,206.431102752686,72,11.0333334604899,-6.55000007152557,6.23333342870076,15.8999999364217,38.5000004768372,1.03333333817621,87.4799978733063,253.259997844696,152.299999237061,1,"24A_2006",0.825
"1986","151-4-A-BENA",2006,0.0765,0.652621106087964,20,1986,10,"151-4","BENA",65,36,9,0,8,0,0,0,0,0,0,NA,NA,NA,0,0,0,0,714.907956,"East","24A","Low Shrub","Low Shrub","Clay Loam","Mesic",0,485.466003,301,24.973797,-150.361301,66.958638,0.0117260077974945,1.01179502693609,"151-4-A-BENA_2006",11.6961650848389,-6.67883507410685,206.431102752686,72,11.0333334604899,-6.55000007152557,6.23333342870076,15.8999999364217,38.5000004768372,1.03333333817621,87.4799978733063,253.259997844696,152.299999237061,1,"24A_2006",0.825
"1987","151-4-D-BENA",2006,0.11075,0.932891029744966,13,1993,10,"151-4","BENA",83,56,8,0,9,0,0,0,0,0,0,NA,NA,NA,0,0,0,0,714.907956,"East","24A","Low Shrub","Low Shrub","Clay Loam","Mesic",0,485.466003,301,24.973797,-150.361301,66.958638,-0.145052221311888,0.864977121691249,"151-4-D-BENA_2006",11.6961650848389,-6.67883507410685,206.431102752686,72,11.0333334604899,-6.55000007152557,6.23333342870076,15.8999999364217,38.5000004768372,1.03333333817621,87.4799978733063,253.259997844696,152.299999237061,1,"24A_2006",0.825
"1988","158-2-C-BENA",2006,0.2825,3.10003723676443,18,1988,11,"158-2","BENA",54,29,8,0,53,0,0,0,0,0,0,NA,NA,NA,0,0,0,1,1283.38641,"East","24A","Tussock Tundra (Low shrub or Herbaceous)","Low Shrub","Sandy Loam","Mesic - Xeric",2005,590.000549,54,15.617359,-150.286104,67.046812,1.44416790964122,4.23832400661663,"158-2-C-BENA_2006",12.5333331425985,-6.28333342075348,193,72,10.9000002543132,-6.88333348433177,6.00000015894572,15.8333333333333,42.4000015258789,1.06666668814917,90.2499980926514,255.509999632835,140,1,"24A_2006",0.825
"1989","173-1-A-BENA",2006,0.0265,0.133328406820187,38,1968,12,"173-1","BENA",69,40,12,0,9,0,0,0,0,0,0,NA,NA,NA,0,0,0,0,1301.486525,"East","24A","Low Shrub","Low Shrub","Clay Loam","Mesic",0,349.871613,358,2.901099,-150.191497,67.228159,-0.810506360128862,0.444632864856511,"173-1-A-BENA_2006",12.9992211659749,-6.08552126089732,172.729187011719,78.8674468994141,10.9000002543132,-6.88333348433177,6.00000015894572,15.8333333333333,42.4000015258789,1.06666668814917,90.2499980926514,255.509999632835,140,1,"24A_2006",0.825
"1990","173-1-B-BENA",2006,0.2515,2.08984241103937,16,1990,12,"173-1","BENA",101,53,11,0,7,0,0,0,0,0,0,NA,NA,NA,0,0,0,0,1301.486525,"East","24A","Low Shrub","Low Shrub","Clay Loam","Mesic",0,349.871613,358,2.901099,-150.191497,67.228159,0.90928739962575,2.48255283483658,"173-1-B-BENA_2006",12.9992211659749,-6.08552126089732,172.729187011719,78.8674468994141,10.9000002543132,-6.88333348433177,6.00000015894572,15.8333333333333,42.4000015258789,1.06666668814917,90.2499980926514,255.509999632835,140,1,"24A_2006",0.825
"1991","173-2-A-BENA",2006,0.0725,0.342103732012664,47,1959,12,"173-2","BENA",94,43,12,0,6,0,0,0,0,0,0,NA,NA,NA,0,2,0,0,1323.706943,"East","24A","Tussock Tundra (Low shrub or Herbaceous)","Low Shrub","Clay Loam","Mesic",0,348.371155,13,2.823825,-150.190835,67.228457,0.385450115676105,1.47027596678235,"173-2-A-BENA_2006",12.9992211659749,-6.08552126089732,172.729187011719,78.8674468994141,10.9000002543132,-6.88333348433177,6.00000015894572,15.8333333333333,42.4000015258789,1.06666668814917,90.2499980926514,255.509999632835,140,1,"24A_2006",0.825
"1992","173-2-C-BENA",2006,0.611,13.9855725292477,9,1997,12,"173-2","BENA",107,64,12,0,13,0,0,0,0,0,0,NA,NA,NA,0,2,0,0,1323.706943,"East","24A","Tussock Tundra (Low shrub or Herbaceous)","Low Shrub","Clay Loam","Mesic",0,348.371155,13,2.823825,-150.190835,67.228457,2.12362073210432,8.36135697998378,"173-2-C-BENA_2006",12.9992211659749,-6.08552126089732,172.729187011719,78.8674468994141,10.9000002543132,-6.88333348433177,6.00000015894572,15.8333333333333,42.4000015258789,1.06666668814917,90.2499980926514,255.509999632835,140,1,"24A_2006",0.825
"1993","173-3-B-BENA",2006,0.03375,0.134948094182655,41,1965,12,"173-3","BENA",70,51,14,0,9,0,0,0,0,0,0,NA,NA,NA,0,0,0,0,1278.311889,"East","24A","Low Shrub","Low Shrub","Clay Loam","Mesic",0,347.24527,24,1.739254,-150.191816,67.228627,-0.707754532616386,0.492749408864402,"173-3-B-BENA_2006",12.9992211659749,-6.08552126089732,172.729187011719,78.8674468994141,10.9000002543132,-6.88333348433177,6.00000015894572,15.8333333333333,42.4000015258789,1.06666668814917,90.2499980926514,255.509999632835,140,1,"24A_2006",0.825
"1994","173-4-B-BENA",2006,0.109,0.691202220068538,16,1990,12,"173-4","BENA",124,71,14,0,12,0,0,0,0,0,0,NA,NA,NA,0,1,0,0,1308.377258,"East","24A","Low Shrub","Low Shrub","Clay Loam","Mesic",0,346.165253,355,1.872125,-150.190975,67.22891,-0.197124111684304,0.821088720284452,"173-4-B-BENA_2006",12.9992211659749,-6.08552126089732,172.729187011719,78.8674468994141,10.9000002543132,-6.88333348433177,6.00000015894572,15.8333333333333,42.4000015258789,1.06666668814917,90.2499980926514,255.509999632835,140,1,"24A_2006",0.825
"1995","173-4-C-BENA",2006,0.2045,1.99354002983622,37,1969,12,"173-4","BENA",119,74,14,0,14,0,0,0,0,0,0,NA,NA,NA,0,1,0,0,1308.377258,"East","24A","Low Shrub","Low Shrub","Clay Loam","Mesic",0,346.165253,355,1.872125,-150.190975,67.22891,1.86252132786,6.43995355323717,"173-4-C-BENA_2006",12.9992211659749,-6.08552126089732,172.729187011719,78.8674468994141,10.9000002543132,-6.88333348433177,6.00000015894572,15.8333333333333,42.4000015258789,1.06666668814917,90.2499980926514,255.509999632835,140,1,"24A_2006",0.825
"1996","184-1-B-BENA",2006,0.12725,1.56638965404962,54,1952,13,"184-1","BENA",128,51,19,0,13,0,1,0,0,0.076923077,0,NA,"Hare",NA,1,2,0,0,692.283244,"East","24A","White Spruce or Black Spruce (Open-Closed)","Tall Shrub","Clay Loam","Mesic",0,423.977753,249,10.469168,-150.109686,67.368938,2.07254367676538,7.94500696599391,"184-1-B-BENA_2006",12.5999997456868,-5.95833361148834,135,57,10.9000002543132,-6.88333348433177,6.00000015894572,15.8333333333333,42.4000015258789,1.06666668814917,90.2499980926514,255.509999632835,140,1,"24A_2006",0.825
"1997","184-1-C-BENA",2006,0.15125,2.8926911398798,15,1991,13,"184-1","BENA",166,49,15,8,26,1,2,0,0.038461538,0.076923077,0,"Moose","Hare",NA,1,2,0,0,692.283244,"East","24A","White Spruce or Black Spruce (Open-Closed)","Tall Shrub","Clay Loam","Mesic",0,423.977753,249,10.469168,-150.109686,67.368938,1.15736968549578,3.18155377354726,"184-1-C-BENA_2006",12.5999997456868,-5.95833361148834,135,57,10.9000002543132,-6.88333348433177,6.00000015894572,15.8333333333333,42.4000015258789,1.06666668814917,90.2499980926514,255.509999632835,140,1,"24A_2006",0.825
"1998","184-2-A-BENA",2006,0.09475,0.531110389082878,21,1985,13,"184-2","BENA",89,39,11,0,12,0,1,0,0,0.083333333,0,NA,"Hare",NA,1,1,0,0,706.210196,"East","24A","White Spruce or Black Spruce (Open-Closed)","Tall Shrub","Clay Loam","Mesic",0,429.192566,258,16.706417,-150.109279,67.369156,-0.136077640180853,0.872774867459555,"184-2-A-BENA_2006",12.5969905853271,-5.96021417776744,134.548645019531,56.6840500831604,10.9000002543132,-6.88333348433177,6.00000015894572,15.8333333333333,42.4000015258789,1.06666668814917,90.2499980926514,255.509999632835,140,1,"24A_2006",0.825
"1999","184-2-D-BENA",2006,0.05075,0.236164318995093,35,1971,13,"184-2","BENA",84,38,12,10,7,0,0,0,0,0,0,NA,NA,NA,0,1,0,0,706.210196,"East","24A","White Spruce or Black Spruce (Open-Closed)","Tall Shrub","Clay Loam","Mesic",0,429.192566,258,16.706417,-150.109279,67.369156,-0.336931740277999,0.713957572784894,"184-2-D-BENA_2006",12.5969905853271,-5.96021417776744,134.548645019531,56.6840500831604,10.9000002543132,-6.88333348433177,6.00000015894572,15.8333333333333,42.4000015258789,1.06666668814917,90.2499980926514,255.509999632835,140,1,"24A_2006",0.825
"2000","184-3-B-BENA",2006,0.0843333333333333,0.761528642835505,29,1977,13,"184-3","BENA",71,35,17,0,17,0,2,0,0,0.117647059,0,NA,"Hare",NA,1,1,3,0,683.765397,"East","24A","White Spruce or Black Spruce (Open-Closed)","Tall Shrub","Clay Loam","Mesic",0,425.482941,261,10.788996,-150.109693,67.36937,0.609458219802874,1.83943455955387,"184-3-B-BENA_2006",12.5969905853271,-5.96021417776744,134.548645019531,56.6840500831604,10.9000002543132,-6.88333348433177,6.00000015894572,15.8333333333333,42.4000015258789,1.06666668814917,90.2499980926514,255.509999632835,140,1,"24A_2006",0.825
"2001","184-3-D-BENA",2006,0.09175,0.467455046036762,18,1988,13,"184-3","BENA",103,48,17,7,31,3,1,0,0.096774194,0.032258065,0,"Moose","Hare",NA,1,1,3,0,683.765397,"East","24A","White Spruce or Black Spruce (Open-Closed)","Tall Shrub","Clay Loam","Mesic",0,425.482941,261,10.788996,-150.109693,67.36937,-0.447698306724266,0.639097466358027,"184-3-D-BENA_2006",12.5969905853271,-5.96021417776744,134.548645019531,56.6840500831604,10.9000002543132,-6.88333348433177,6.00000015894572,15.8333333333333,42.4000015258789,1.06666668814917,90.2499980926514,255.509999632835,140,1,"24A_2006",0.825
"2002","191-1-D-BENA",2006,0.2315,2.89493286258768,8,1998,14,"191-1","BENA",135,61,10,9,18,0,0,0,0,0,0,NA,NA,NA,0,1,0,0,1595.806211,"East","24A","Low Shrub","Low Shrub","Clay Loam","Mesic",0,492.755432,293,2.980974,-149.860617,67.475764,0.408001338964805,1.50380917471632,"191-1-D-BENA_2006",11.8438650767008,-6.16629044214884,135.50350856781,59.9097290039062,9.10000022252401,-8.32500020662943,4.33333333333333,13.8666667938232,21.2000007629395,0.966666692246993,70.6899979114532,273.699996471405,139.199998855591,1,"24A_2006",0.825
"2003","191-2-A-BENA",2006,0.20075,1.39205678721569,13,1993,14,"191-2","BENA",82,51,10,0,13,1,0,0,0.076923077,0,0,"Moose",NA,NA,1,0,0,0,1628.072852,"East","24A","Low Shrub","Low Shrub","Clay Loam","Mesic",0,494.812988,260,1.497492,-149.859771,67.475671,0.255197015695103,1.29071588711253,"191-2-A-BENA_2006",11.8438650767008,-6.16629044214884,135.50350856781,59.9097290039062,9.10000022252401,-8.32500020662943,4.33333333333333,13.8666667938232,21.2000007629395,0.966666692246993,70.6899979114532,273.699996471405,139.199998855591,1,"24A_2006",0.825
"2004","191-2-B-BENA",2006,0.099,1.18031206791695,11,1995,14,"191-2","BENA",92,71,8,0,13,0,0,0,0,0,0,NA,NA,NA,0,0,0,0,1628.072852,"East","24A","Low Shrub","Low Shrub","Clay Loam","Mesic",0,494.812988,260,1.497492,-149.859771,67.475671,-0.109158568380146,0.896588235681573,"191-2-B-BENA_2006",11.8438650767008,-6.16629044214884,135.50350856781,59.9097290039062,9.10000022252401,-8.32500020662943,4.33333333333333,13.8666667938232,21.2000007629395,0.966666692246993,70.6899979114532,273.699996471405,139.199998855591,1,"24A_2006",0.825
"2005","191-3-A-BENA",2006,0.0513333333333333,0.221797823741947,25,1981,14,"191-3","BENA",102,51,9,0,9,0,1,0,0,0.111111111,0,NA,"Hare",NA,1,2,0,0,1608.343863,"East","24A","Low Shrub","Low Shrub","Clay Loam","Mesic",0,494.475037,298,4.15829,-149.859591,67.475979,-0.801218630616142,0.448781731589708,"191-3-A-BENA_2006",11.8438650767008,-6.16629044214884,135.50350856781,59.9097290039062,9.10000022252401,-8.32500020662943,4.33333333333333,13.8666667938232,21.2000007629395,0.966666692246993,70.6899979114532,273.699996471405,139.199998855591,1,"24A_2006",0.825
"2006","191-3-D-BENA",2006,0.1535,1.81022783669987,20,1986,14,"191-3","BENA",110,71,10,0,16,0,0,0,0,0,0,NA,NA,NA,0,2,0,0,1608.343863,"East","24A","Low Shrub","Low Shrub","Clay Loam","Mesic",0,494.475037,298,4.15829,-149.859591,67.475979,1.03193727559068,2.8064975308159,"191-3-D-BENA_2006",11.8438650767008,-6.16629044214884,135.50350856781,59.9097290039062,9.10000022252401,-8.32500020662943,4.33333333333333,13.8666667938232,21.2000007629395,0.966666692246993,70.6899979114532,273.699996471405,139.199998855591,1,"24A_2006",0.825
"2007","191-4-A-BENA",2006,0.16925,3.75669627115996,7,1999,14,"191-4","BENA",105,69,11,0,12,0,0,0,0,0,0,NA,NA,NA,0,1,0,0,1634.196324,"East","24A","Low Shrub","Low Shrub","Clay Loam","Mesic",0,497.007599,303,3.553675,-149.85875,67.475963,0.509231167441885,1.66401135691009,"191-4-A-BENA_2006",11.8438650767008,-6.16629044214884,135.50350856781,59.9097290039062,9.10000022252401,-8.32500020662943,4.33333333333333,13.8666667938232,21.2000007629395,0.966666692246993,70.6899979114532,273.699996471405,139.199998855591,1,"24A_2006",0.825
"2008","191-4-B-BENA",2006,0.09175,0.517320760829029,23,1983,14,"191-4","BENA",77,59,11,0,12,0,1,0,0,0.083333333,0,NA,"Hare",NA,1,1,0,0,1634.196324,"East","24A","Low Shrub","Low Shrub","Clay Loam","Mesic",0,497.007599,303,3.553675,-149.85875,67.475963,-0.0538242808496453,0.947598603094463,"191-4-B-BENA_2006",11.8438650767008,-6.16629044214884,135.50350856781,59.9097290039062,9.10000022252401,-8.32500020662943,4.33333333333333,13.8666667938232,21.2000007629395,0.966666692246993,70.6899979114532,273.699996471405,139.199998855591,1,"24A_2006",0.825
"2009","203-1-A-BENA",2006,0.1295,1.46928911196292,16,1990,15,"203-1","BENA",97,41,11,0,17,1,0,0,0.058823529,0,0,"Moose",NA,NA,1,1,0,0,905.036767,"East","24A","Low Shrub","Low Shrub","Loam","Mesic",0,550.644958,299,23.927214,-149.794431,67.571449,0.556977424424052,1.74538894934378,"203-1-A-BENA_2006",12.1333335240682,-6.25833332538605,108,55,8.2333337465922,-9.1750001013279,3.50000007947286,13.0000003178914,16.9000001549721,0.900000010927518,64.6499972343445,282.859997272491,126.300003051758,1,"24A_2006",0.825
"2010","203-1-D-BENA",2006,0.172,2.90791470883047,14,1992,15,"203-1","BENA",143,46,14,0,26,2,0,0,0.076923077,0,0,"Moose",NA,NA,1,1,0,0,905.036767,"East","24A","Low Shrub","Low Shrub","Loam","Mesic",0,550.644958,299,23.927214,-149.794431,67.571449,1.08028679585424,2.94552419406709,"203-1-D-BENA_2006",12.1333335240682,-6.25833332538605,108,55,8.2333337465922,-9.1750001013279,3.50000007947286,13.0000003178914,16.9000001549721,0.900000010927518,64.6499972343445,282.859997272491,126.300003051758,1,"24A_2006",0.825
"2011","203-2-B-BENA",2006,0.22125,4.71106067574085,8,1998,15,"203-2","BENA",146,44,15,0,20,0,0,0,0,0,0,NA,NA,NA,0,0,1,0,933.944119,"East","24A","Low Shrub","Low Shrub","Loam","Mesic",0,566.911377,300,26.508135,-149.793674,67.571447,0.894952498248097,2.44721953948588,"203-2-B-BENA_2006",12.1333335240682,-6.25833332538605,108,55,8.2333337465922,-9.1750001013279,3.50000007947286,13.0000003178914,16.9000001549721,0.900000010927518,64.6499972343445,282.859997272491,126.300003051758,1,"24A_2006",0.825
"2012","203-2-C-BENA",2006,0.06925,0.408623225811144,30,1976,15,"203-2","BENA",118,35,14,0,38,0,0,0,0,0,0,NA,NA,NA,0,0,1,0,933.944119,"East","24A","Low Shrub","Low Shrub","Loam","Mesic",0,566.911377,300,26.508135,-149.793674,67.571447,0.0273799894758179,1.02775826589758,"203-2-C-BENA_2006",12.1333335240682,-6.25833332538605,108,55,8.2333337465922,-9.1750001013279,3.50000007947286,13.0000003178914,16.9000001549721,0.900000010927518,64.6499972343445,282.859997272491,126.300003051758,1,"24A_2006",0.825
"2013","203-3-B-BENA",2006,0.271,3.06834327927869,10,1996,15,"203-3","BENA",108,53,11,7,21,0,0,0,0,0,0,NA,NA,NA,0,0,1,0,922.335664,"East","24A","Low Shrub","Low Shrub","Loam","Mesic",0,556.241272,305,23.609533,-149.79364,67.571701,0.732463010214362,2.0801978517317,"203-3-B-BENA_2006",12.1333335240682,-6.25833332538605,108,55,8.2333337465922,-9.1750001013279,3.50000007947286,13.0000003178914,16.9000001549721,0.900000010927518,64.6499972343445,282.859997272491,126.300003051758,1,"24A_2006",0.825
"2014","203-3-D-BENA",2006,0.19175,1.7907857633139,14,1992,15,"203-3","BENA",108,52,11,0,7,1,0,0,0.14,0,0,"Moose",NA,NA,1,0,1,0,922.335664,"East","24A","Low Shrub","Low Shrub","Loam","Mesic",0,556.241272,305,23.609533,-149.79364,67.571701,0.595505063901486,1.81394687272429,"203-3-D-BENA_2006",12.1333335240682,-6.25833332538605,108,55,8.2333337465922,-9.1750001013279,3.50000007947286,13.0000003178914,16.9000001549721,0.900000010927518,64.6499972343445,282.859997272491,126.300003051758,1,"24A_2006",0.825
"2015","203-4-A-BENA",2006,0.075,0.948721711475949,10,1996,15,"203-4","BENA",85,42,10,0,10,0,0,0,0,0,0,NA,NA,NA,0,1,1,0,951.384807,"East","24A","Low Shrub","Low Shrub","Loam","Mesic",0,569.135193,316,29.227108,-149.792864,67.571712,-0.441314524621656,0.643190375546058,"203-4-A-BENA_2006",12.1333335240682,-6.25833332538605,108,55,8.2333337465922,-9.1750001013279,3.50000007947286,13.0000003178914,16.9000001549721,0.900000010927518,64.6499972343445,282.859997272491,126.300003051758,1,"24A_2006",0.825
"2016","203-4-B-BENA",2006,0.134,2.07624088564565,27,1979,15,"203-4","BENA",99,36,12,0,12,0,0,0,0,0,0,NA,NA,NA,0,1,1,0,951.384807,"East","24A","Low Shrub","Low Shrub","Loam","Mesic",0,569.135193,316,29.227108,-149.792864,67.571712,1.52716996215204,4.60512568342324,"203-4-B-BENA_2006",12.1333335240682,-6.25833332538605,108,55,8.2333337465922,-9.1750001013279,3.50000007947286,13.0000003178914,16.9000001549721,0.900000010927518,64.6499972343445,282.859997272491,126.300003051758,1,"24A_2006",0.825
"2017","209-1-C-BENA",2006,0.0656666666666667,0.567388039940656,17,1989,16,"209-1","BENA",58,59,14,0,9,0,0,0,0,0,0,NA,NA,NA,0,0,1,0,698.873831,"East","24A","Low Shrub","Black Spruce Woodland","Sandy Loam","Mesic - Xeric",0,553.345276,287,19.679848,-149.692986,67.655886,-0.3221673934336,0.724576890764158,"209-1-C-BENA_2006",11.4576393763224,-6.6734371582667,100,57.0451354980469,8.2333337465922,-9.1750001013279,3.50000007947286,13.0000003178914,16.9000001549721,0.900000010927518,64.6499972343445,282.859997272491,126.300003051758,1,"24A_2006",0.825
"2018","209-1-D-BENA",2006,0.0685,0.439759354251335,22,1984,16,"209-1","BENA",76,39,10,0,6,0,0,0,0,0,0,NA,NA,NA,0,0,1,0,698.873831,"East","24A","Low Shrub","Black Spruce Woodland","Sandy Loam","Mesic - Xeric",0,553.345276,287,19.679848,-149.692986,67.655886,-0.269305741188282,0.763909661292727,"209-1-D-BENA_2006",11.4576393763224,-6.6734371582667,100,57.0451354980469,8.2333337465922,-9.1750001013279,3.50000007947286,13.0000003178914,16.9000001549721,0.900000010927518,64.6499972343445,282.859997272491,126.300003051758,1,"24A_2006",0.825
"2019","209-2-B-BENA",2006,0.1035,1.24192891002997,38,1968,16,"209-2","BENA",104,57,18,0,18,0,0,0,0,0,0,NA,NA,NA,0,0,0,0,728.528855,"East","24A","Low Shrub","Black Spruce Woodland","Sandy Loam","Mesic - Xeric",0,561.911133,287,21.070175,-149.692261,67.656,1.42109935351658,4.14167109908899,"209-2-B-BENA_2006",11.4576393763224,-6.6734371582667,100,57.0451354980469,8.2333337465922,-9.1750001013279,3.50000007947286,13.0000003178914,16.9000001549721,0.900000010927518,64.6499972343445,282.859997272491,126.300003051758,1,"24A_2006",0.825
"2020","209-2-D-BENA",2006,0.0385,0.165763780172175,45,1961,16,"209-2","BENA",86,47,10,0,6,0,0,0,0,0,0,NA,NA,NA,0,0,0,0,728.528855,"East","24A","Low Shrub","Black Spruce Woodland","Sandy Loam","Mesic - Xeric",0,561.911133,287,21.070175,-149.692261,67.656,-0.390992586135309,0.676385170648834,"209-2-D-BENA_2006",11.4576393763224,-6.6734371582667,100,57.0451354980469,8.2333337465922,-9.1750001013279,3.50000007947286,13.0000003178914,16.9000001549721,0.900000010927518,64.6499972343445,282.859997272491,126.300003051758,1,"24A_2006",0.825
"2021","209-3-A-BENA",2006,0.03875,0.300902726108533,46,1960,16,"209-3","BENA",67,52,13,0,10,0,0,0,0,0,0,NA,NA,NA,0,0,1,0,711.058695,"East","24A","Low Shrub","Black Spruce Woodland","Sandy Loam","Mesic - Xeric",0,553.430786,276,18.070417,-149.69261,67.656251,0.23145897221935,1.26043761255887,"209-3-A-BENA_2006",11.4576393763224,-6.6734371582667,100,57.0451354980469,8.2333337465922,-9.1750001013279,3.50000007947286,13.0000003178914,16.9000001549721,0.900000010927518,64.6499972343445,282.859997272491,126.300003051758,1,"24A_2006",0.825
"2022","209-3-D-BENA",2006,0.1265,1.09248413289687,24,1982,16,"209-3","BENA",84,39,10,0,8,0,0,0,0,0,0,NA,NA,NA,0,0,1,0,711.058695,"East","24A","Low Shrub","Black Spruce Woodland","Sandy Loam","Mesic - Xeric",0,553.430786,276,18.070417,-149.69261,67.656251,0.744510045795382,2.10540962793262,"209-3-D-BENA_2006",11.4576393763224,-6.6734371582667,100,57.0451354980469,8.2333337465922,-9.1750001013279,3.50000007947286,13.0000003178914,16.9000001549721,0.900000010927518,64.6499972343445,282.859997272491,126.300003051758,1,"24A_2006",0.825
"2023","209-4-C-BENA",2006,0.06575,0.478857063873883,15,1991,16,"209-4","BENA",57,38,10,0,7,0,0,0,0,0,0,NA,NA,NA,0,0,0,0,738.024448,"East","24A","Low Shrub","Black Spruce Woodland","Sandy Loam","Mesic - Xeric",0,561.090881,296,18.584587,-149.691928,67.656444,-0.641170704986357,0.526675481372346,"209-4-C-BENA_2006",11.4576393763224,-6.6734371582667,100,57.0451354980469,8.2333337465922,-9.1750001013279,3.50000007947286,13.0000003178914,16.9000001549721,0.900000010927518,64.6499972343445,282.859997272491,126.300003051758,1,"24A_2006",0.825
"2024","209-4-D-BENA",2006,0.032,0.110785102559791,34,1972,16,"209-4","BENA",71,50,9,0,8,0,0,0,0,0,0,NA,NA,NA,0,0,0,0,738.024448,"East","24A","Low Shrub","Black Spruce Woodland","Sandy Loam","Mesic - Xeric",0,561.090881,296,18.584587,-149.691928,67.656444,-1.12845920615175,0.323531367721397,"209-4-D-BENA_2006",11.4576393763224,-6.6734371582667,100,57.0451354980469,8.2333337465922,-9.1750001013279,3.50000007947286,13.0000003178914,16.9000001549721,0.900000010927518,64.6499972343445,282.859997272491,126.300003051758,1,"24A_2006",0.825
"2025","222-1-B-BENA",2006,0.0615,0.57653251741618,26,1980,17,"222-1","BENA",63,58,19,0,9,0,2,0,0,0.222222222,0,NA,"Hare",NA,1,2,18,0,769.468544,"East","24A","Low Shrub","Tall Shrub","Clay Loam","Mesic",0,669.484009,287,15.029548,-149.809491,67.826198,0.200850442106333,1.22244193231059,"222-1-B-BENA_2006",10.8333333333333,-7.20833317438761,100,64,8.2333337465922,-9.1750001013279,3.50000007947286,13.0000003178914,16.9000001549721,0.900000010927518,64.6499972343445,282.859997272491,126.300003051758,1,"24A_2006",0.825
"2026","222-1-D-BENA",2006,0.1225,0.60112804630114,25,1981,17,"222-1","BENA",78,38,9,0,9,0,2,0,0,0.222222222,0,NA,"Hare",NA,1,2,18,0,769.468544,"East","24A","Low Shrub","Tall Shrub","Clay Loam","Mesic",0,669.484009,287,15.029548,-149.809491,67.826198,0.195823073571071,1.21631168861258,"222-1-D-BENA_2006",10.8333333333333,-7.20833317438761,100,64,8.2333337465922,-9.1750001013279,3.50000007947286,13.0000003178914,16.9000001549721,0.900000010927518,64.6499972343445,282.859997272491,126.300003051758,1,"24A_2006",0.825
"2027","222-2-A-BENA",2006,0.05925,0.78145958795755,20,1986,17,"222-2","BENA",81,59,12,0,9,0,0,0,0,0,0,NA,NA,NA,0,3,13,0,794.735172,"East","24A","Low Shrub","Tall Shrub","Clay Loam","Mesic",0,676.198608,282,15.59229,-149.808768,67.826375,0.191892720280464,1.21154053626394,"222-2-A-BENA_2006",10.8333333333333,-7.20833317438761,100,64,8.2333337465922,-9.1750001013279,3.50000007947286,13.0000003178914,16.9000001549721,0.900000010927518,64.6499972343445,282.859997272491,126.300003051758,1,"24A_2006",0.825
"2028","222-2-D-BENA",2006,0.32425,4.81597651860196,6,2000,17,"222-2","BENA",62,59,8,0,6,0,1,0,0,0.166666667,0,NA,"Hare",NA,1,3,13,0,794.735172,"East","24A","Low Shrub","Tall Shrub","Clay Loam","Mesic",0,676.198608,282,15.59229,-149.808768,67.826375,0.573676116099145,1.77477936909313,"222-2-D-BENA_2006",10.8333333333333,-7.20833317438761,100,64,8.2333337465922,-9.1750001013279,3.50000007947286,13.0000003178914,16.9000001549721,0.900000010927518,64.6499972343445,282.859997272491,126.300003051758,1,"24A_2006",0.825
"2029","222-3-A-BENA",2006,0.04325,0.268045201243718,44,1962,17,"222-3","BENA",126,65,16,0,21,0,3,0,0,0.142857143,0,NA,"Hare",NA,1,2,11,1,778.440723,"East","24A","Low Shrub","Low Shrub","Clay Loam","Mesic",0,672.469177,278,13.422374,-149.809021,67.826615,0.0627815502019062,1.06479420974317,"222-3-A-BENA_2006",10.8333333333333,-7.20833317438761,100,64,8.2333337465922,-9.1750001013279,3.50000007947286,13.0000003178914,16.9000001549721,0.900000010927518,64.6499972343445,282.859997272491,126.300003051758,1,"24A_2006",0.825
"2030","222-4-D-BENA",2006,0.09975,1.29587928432053,11,1995,17,"222-4","BENA",107,70,8,0,14,0,0,0,0,0,0,NA,NA,NA,0,0,15,0,805.061274,"East","24A","Low Shrub","Low Shrub","Clay Loam","Mesic",0,678.755371,278,16.631924,-149.808355,67.826658,-0.0157479874521612,0.984375363742358,"222-4-D-BENA_2006",10.8333333333333,-7.20833317438761,100,64,8.2333337465922,-9.1750001013279,3.50000007947286,13.0000003178914,16.9000001549721,0.900000010927518,64.6499972343445,282.859997272491,126.300003051758,1,"24A_2006",0.825
"2031","235-1-A-BENA",2006,0.059,0.510835531844316,27,1979,18,"235-1","BENA",59,29,10,0,18,0,0,0,0,0,0,NA,NA,NA,0,0,5,0,477.732622,"East","24A","Low Shrub","Low Shrub","Sandy Gravel","Mesic",0,813.776917,295,20.303024,-149.727576,68.004859,0.124903373956162,1.13303896670443,"235-1-A-BENA_2006",8.5666667620341,-8.44999987880389,105,85,7.03333330154419,-10.2833334878087,2.40000013510386,11.7000001271566,10.6000000834465,0.833333345750968,48.1899989247322,293.789996147156,106.200002670288,1,"24A_2006",0.825
"2032","235-1-B-BENA",2006,0.12525,1.51914520562769,14,1992,18,"235-1","BENA",42,18,10,0,10,0,1,0,0,0.1,0,NA,"Hare",NA,1,0,5,0,477.732622,"East","24A","Low Shrub","Low Shrub","Sandy Gravel","Mesic",0,813.776917,295,20.303024,-149.727576,68.004859,0.430998378404517,1.53879305465497,"235-1-B-BENA_2006",8.5666667620341,-8.44999987880389,105,85,7.03333330154419,-10.2833334878087,2.40000013510386,11.7000001271566,10.6000000834465,0.833333345750968,48.1899989247322,293.789996147156,106.200002670288,1,"24A_2006",0.825
"2033","235-2-A-BENA",2006,0.23125,3.49969985492938,6,2000,18,"235-2","BENA",71,49,9,0,16,0,0,0,0,0,0,NA,NA,NA,0,0,0,0,510.631222,"East","24A","Dwarf Shrub-Lichen","Low Shrub","Sandy Gravel","Mesic",0,828.022217,289,26.243103,-149.726481,68.004961,0.254414492893758,1.28970626757748,"235-2-A-BENA_2006",8.5666667620341,-8.44999987880389,105,85,7.03333330154419,-10.2833334878087,2.40000013510386,11.7000001271566,10.6000000834465,0.833333345750968,48.1899989247322,293.789996147156,106.200002670288,1,"24A_2006",0.825
"2034","235-2-B-BENA",2006,0.04,0.228142458503691,23,1983,18,"235-2","BENA",54,38,8,0,9,0,0,0,0,0,0,NA,NA,NA,NA,0,0,0,510.631222,"East","24A","Dwarf Shrub-Lichen","Low Shrub","Sandy Gravel","Mesic",0,828.022217,289,26.243103,-149.726481,68.004961,-0.872517138272592,0.417898316391138,"235-2-B-BENA_2006",8.5666667620341,-8.44999987880389,105,85,7.03333330154419,-10.2833334878087,2.40000013510386,11.7000001271566,10.6000000834465,0.833333345750968,48.1899989247322,293.789996147156,106.200002670288,1,"24A_2006",0.825
"2035","235-2-C-BENA",2006,0.13225,0.662579758450304,18,1988,18,"235-2","BENA",58,33,8,0,9,0,2,0,0,0.222222222,0,NA,"Hare",NA,1,0,0,0,510.631222,"East","24A","Dwarf Shrub-Lichen","Low Shrub","Sandy Gravel","Mesic",0,828.022217,289,26.243103,-149.726481,68.004961,-0.0988605518916389,0.905869020937688,"235-2-C-BENA_2006",8.5666667620341,-8.44999987880389,105,85,7.03333330154419,-10.2833334878087,2.40000013510386,11.7000001271566,10.6000000834465,0.833333345750968,48.1899989247322,293.789996147156,106.200002670288,1,"24A_2006",0.825
"2036","235-3-B-BENA",2006,0.10575,0.814362665915842,21,1985,18,"235-3","BENA",59,31,10,0,15,0,0,0,0,0,0,NA,NA,NA,0,0,1,0,482.982181,"East","24A","Dwarf Shrub-Lichen","Low Shrub","Sandy Gravel","Mesic",0,817.546387,298,18.704132,-149.726784,68.005244,0.291358273442379,1.33824395534051,"235-3-B-BENA_2006",8.5666667620341,-8.44999987880389,105,85,7.03333330154419,-10.2833334878087,2.40000013510386,11.7000001271566,10.6000000834465,0.833333345750968,48.1899989247322,293.789996147156,106.200002670288,1,"24A_2006",0.825
"2037","235-3-C-BENA",2006,0.09875,1.7009260032451,6,2000,18,"235-3","BENA",57,42,7,0,11,0,0,0,0,0,0,NA,NA,NA,0,0,1,0,482.982181,"East","24A","Dwarf Shrub-Lichen","Low Shrub","Sandy Gravel","Mesic",0,817.546387,298,18.704132,-149.726784,68.005244,-0.467089905635945,0.626823732892654,"235-3-C-BENA_2006",8.5666667620341,-8.44999987880389,105,85,7.03333330154419,-10.2833334878087,2.40000013510386,11.7000001271566,10.6000000834465,0.833333345750968,48.1899989247322,293.789996147156,106.200002670288,1,"24A_2006",0.825
"2038","235-4-A-BENA",2006,0.10475,1.32858562003889,16,1990,18,"235-4","BENA",45,36,11,0,13,0,0,0,0,0,0,NA,NA,NA,0,0,0,0,503.848767,"East","24A","Low Shrub","Low Shrub","Sandy Gravel","Mesic",0,825.290771,293,20.728168,-149.726015,68.005351,0.456313670704982,1.57824531645441,"235-4-A-BENA_2006",8.5666667620341,-8.44999987880389,105,85,7.03333330154419,-10.2833334878087,2.40000013510386,11.7000001271566,10.6000000834465,0.833333345750968,48.1899989247322,293.789996147156,106.200002670288,1,"24A_2006",0.825
"2039","235-4-C-BENA",2006,0.0535,1.05979821753076,10,1996,18,"235-4","BENA",61,45,11,0,10,0,0,0,0,0,0,NA,NA,NA,0,0,0,0,503.848767,"East","24A","Low Shrub","Low Shrub","Sandy Gravel","Mesic",0,825.290771,293,20.728168,-149.726015,68.005351,-0.330596228095675,0.718495218662374,"235-4-C-BENA_2006",8.5666667620341,-8.44999987880389,105,85,7.03333330154419,-10.2833334878087,2.40000013510386,11.7000001271566,10.6000000834465,0.833333345750968,48.1899989247322,293.789996147156,106.200002670288,1,"24A_2006",0.825
"2040","240-1-D-BENA",2006,0.086,1.0346426997553,7,1999,19,"240-1","BENA",70,38,7,0,13,0,0,0,0,0,0,NA,NA,NA,0,0,1,0,395.986648,"West","24A","Low Shrub","Low Shrub","Sandy Loam","Mesic",0,1043.032227,75,23.365055,-149.606437,68.069578,-0.780252602944087,0.458290231220991,"240-1-D-BENA_2006",7.55162143707275,-8.92456556422015,129.992980957031,125.992986679077,7.03333330154419,-10.2833334878087,2.40000013510386,11.7000001271566,10.6000000834465,0.833333345750968,48.1899989247322,293.789996147156,106.200002670288,1,"24A_2006",0.825
"2041","240-2-A-BENA",2006,0.21825,3.02732762734113,10,1996,19,"240-2","BENA",90,57,9,0,23,0,0,2,0,0,0.086956522,NA,NA,"Ptarmagin",1,0,0,0,426.292991,"West","24A","Tussock Tundra (Low shrub or Herbaceous)","Low Shrub","Sandy Loam","Mesic",0,1048.270996,87,24.096361,-149.606886,68.069926,0.719005501902624,2.05239109633242,"240-2-A-BENA_2006",7.55162143707275,-8.92456556422015,129.992980957031,125.992986679077,7.03333330154419,-10.2833334878087,2.40000013510386,11.7000001271566,10.6000000834465,0.833333345750968,48.1899989247322,293.789996147156,106.200002670288,1,"24A_2006",0.825
"2042","240-2-D-BENA",2006,0.11125,1.35405883137144,8,1998,19,"240-2","BENA",84,31,8,0,10,0,0,0,0,0,0,NA,NA,NA,0,0,0,0,426.292991,"West","24A","Tussock Tundra (Low shrub or Herbaceous)","Low Shrub","Sandy Loam","Mesic",0,1048.270996,87,24.096361,-149.606886,68.069926,-0.351853957376323,0.703382838350836,"240-2-D-BENA_2006",7.55162143707275,-8.92456556422015,129.992980957031,125.992986679077,7.03333330154419,-10.2833334878087,2.40000013510386,11.7000001271566,10.6000000834465,0.833333345750968,48.1899989247322,293.789996147156,106.200002670288,1,"24A_2006",0.825
"2043","240-3-D-BENA",2006,0.09375,1.0878991747685,22,1984,19,"240-3","BENA",97,46,12,0,13,0,0,2,0,0,0.153846154,NA,NA,"Ptarmagin",1,0,1,3,399.798137,"West","24A","Low Shrub","Low Shrub","Sandy Loam","Mesic",0,1034.808228,93,20.584356,-149.606025,68.07014,0.636470356544137,1.8897987776357,"240-3-D-BENA_2006",7.55162143707275,-8.92456556422015,129.992980957031,125.992986679077,7.03333330154419,-10.2833334878087,2.40000013510386,11.7000001271566,10.6000000834465,0.833333345750968,48.1899989247322,293.789996147156,106.200002670288,1,"24A_2006",0.825
"2044","240-4-B-BENA",2006,0.15625,1.76947751844184,38,1968,19,"240-4","BENA",102,72,15,0,13,0,0,0,0,0,0,NA,NA,NA,0,0,2,0,431.079046,"West","24A","Low Shrub","Low Shrub","Sandy Loam","Mesic",0,1046.807861,94,24.616484,-149.606605,68.070368,1.77511792563302,5.90097697173461,"240-4-B-BENA_2006",7.55162143707275,-8.92456556422015,129.992980957031,125.992986679077,7.03333330154419,-10.2833334878087,2.40000013510386,11.7000001271566,10.6000000834465,0.833333345750968,48.1899989247322,293.789996147156,106.200002670288,1,"24A_2006",0.825
"2045","240-4-D-BENA",2006,0.12775,1.15856380372385,21,1985,19,"240-4","BENA",83,41,16,0,29,0,0,3,0,0,0.103448276,NA,NA,"Ptarmagin",1,0,2,0,431.079046,"West","24A","Low Shrub","Low Shrub","Sandy Loam","Mesic",0,1046.807861,94,24.616484,-149.606605,68.070368,0.643888887921213,1.90387044016331,"240-4-D-BENA_2006",7.55162143707275,-8.92456556422015,129.992980957031,125.992986679077,7.03333330154419,-10.2833334878087,2.40000013510386,11.7000001271566,10.6000000834465,0.833333345750968,48.1899989247322,293.789996147156,106.200002670288,1,"24A_2006",0.825
"2046","255-1-A-BENA",2006,0.1855,2.0956245123183,37,1969,20,"255-1","BENA",71,26,15,0,17,0,0,0,0,0,0,NA,NA,NA,0,0,0,0,585.543915,"East","26B","Low Shrub","Low Shrub","Sandy Gravel","Mesic - Xeric",0,991.483582,331,1.701594,-149.392735,68.222633,1.91246096556777,6.7697283838659,"255-1-A-BENA_2006",7.90300893783569,-9.29655621449153,130.909729003906,143.090270996094,5.13333344459534,-11.8250000694146,0.633333330353101,9.66666650772095,6.80000019073486,0.708333333954215,38.2300000190735,311.139994621277,105.400001525879,1,"26B_2006",0.27
"2047","255-1-B-BENA",2006,0.08675,0.549358722710338,7,1999,20,"255-1","BENA",41,27,7,0,12,0,0,0,0,0,0,NA,NA,NA,0,0,0,0,585.543915,"East","26B","Low Shrub","Low Shrub","Sandy Gravel","Mesic - Xeric",0,991.483582,331,1.701594,-149.392735,68.222633,-1.41331239215514,0.243335922742927,"255-1-B-BENA_2006",7.90300893783569,-9.29655621449153,130.909729003906,143.090270996094,5.13333344459534,-11.8250000694146,0.633333330353101,9.66666650772095,6.80000019073486,0.708333333954215,38.2300000190735,311.139994621277,105.400001525879,1,"26B_2006",0.27
"2048","255-2-C-BENA",2006,0.02175,0.0976601382781146,25,1981,20,"255-2","BENA",65,27,8,0,20,0,0,0,0,0,0,NA,NA,NA,0,0,1,1,631.079496,"East","26B","Low Shrub","Low Shrub","Sandy Gravel","Mesic - Xeric",0,993.382141,286,2.676414,-149.39171,68.222788,-1.62149141913457,0.197603769163826,"255-2-C-BENA_2006",7.90300893783569,-9.29655621449153,130.909729003906,143.090270996094,5.13333344459534,-11.8250000694146,0.633333330353101,9.66666650772095,6.80000019073486,0.708333333954215,38.2300000190735,311.139994621277,105.400001525879,1,"26B_2006",0.27
"2049","255-2-D-BENA",2006,0.15625,2.32171060208068,17,1989,20,"255-2","BENA",60,32,10,0,11,0,0,0,0,0,0,NA,NA,NA,0,0,1,1,631.079496,"East","26B","Low Shrub","Low Shrub","Sandy Gravel","Mesic - Xeric",0,993.382141,286,2.676414,-149.39171,68.222788,1.08684868457286,2.96491594973653,"255-2-D-BENA_2006",7.90300893783569,-9.29655621449153,130.909729003906,143.090270996094,5.13333344459534,-11.8250000694146,0.633333330353101,9.66666650772095,6.80000019073486,0.708333333954215,38.2300000190735,311.139994621277,105.400001525879,1,"26B_2006",0.27
"2050","255-3-A-BENA",2006,0.156,2.07601469097459,6,2000,20,"255-3","BENA",61,31,7,0,17,0,0,0,0,0,0,NA,NA,NA,0,0,1,0,600.399561,"East","26B","Tussock Tundra (Low shrub or Herbaceous)","Low Shrub","Sandy Gravel","Mesic - Xeric",0,990.277893,304,2.837043,-149.392647,68.223106,-0.267812674333955,0.765051081383914,"255-3-A-BENA_2006",7.90300893783569,-9.29655621449153,130.909729003906,143.090270996094,5.13333344459534,-11.8250000694146,0.633333330353101,9.66666650772095,6.80000019073486,0.708333333954215,38.2300000190735,311.139994621277,105.400001525879,1,"26B_2006",0.27
"2051","255-4-B-BENA",2006,0.1465,2.37623628052593,10,1996,20,"255-4","BENA",49,32,10,0,25,0,0,0,0,0,0,NA,NA,NA,0,0,0,2,644.564014,"East","26B","Low Shrub","Low Shrub","Sandy Gravel","Mesic - Xeric",0,993.003235,239,7.430982,-149.391619,68.223199,0.476843083943208,1.61098063549101,"255-4-B-BENA_2006",7.90300893783569,-9.29655621449153,130.909729003906,143.090270996094,5.13333344459534,-11.8250000694146,0.633333330353101,9.66666650772095,6.80000019073486,0.708333333954215,38.2300000190735,311.139994621277,105.400001525879,1,"26B_2006",0.27
"2052","255-4-D-BENA",2006,0.05275,0.190369715582794,29,1977,20,"255-4","BENA",56,29,5,0,12,0,0,0,0,0,0,NA,NA,NA,0,0,0,2,644.564014,"East","26B","Low Shrub","Low Shrub","Sandy Gravel","Mesic - Xeric",0,993.003235,239,7.430982,-149.391619,68.223199,-0.776901512635513,0.459828579305416,"255-4-D-BENA_2006",7.90300893783569,-9.29655621449153,130.909729003906,143.090270996094,5.13333344459534,-11.8250000694146,0.633333330353101,9.66666650772095,6.80000019073486,0.708333333954215,38.2300000190735,311.139994621277,105.400001525879,1,"26B_2006",0.27
"2053","261-1-C-BENA",2006,0.0423333333333333,0.147579097138722,30,1976,21,"261-1","BENA",52,23,10,0,13,0,0,0,0,0,0,NA,NA,NA,0,0,0,0,356.206777,"East","26B","Dwarf Shrub","Low Shrub","Sandy Loam","Mesic",0,883.832947,287,13.943512,-149.352299,68.301689,-0.991049249871941,0.371187018694145,"261-1-C-BENA_2006",8.09616502126058,-9.42481046915054,140.178262710571,149.925419807434,5.13333344459534,-11.8250000694146,0.633333330353101,9.66666650772095,6.80000019073486,0.708333333954215,38.2300000190735,311.139994621277,105.400001525879,1,"26B_2006",0.27
"2054","261-1-D-BENA",2006,0.05225,0.36387555815066,17,1989,21,"261-1","BENA",59,19,9,0,15,0,0,0,0,0,0,NA,NA,NA,0,0,0,0,356.206777,"East","26B","Dwarf Shrub","Low Shrub","Sandy Loam","Mesic",0,883.832947,287,13.943512,-149.352299,68.301689,-0.766398900905146,0.46468343001635,"261-1-D-BENA_2006",8.09616502126058,-9.42481046915054,140.178262710571,149.925419807434,5.13333344459534,-11.8250000694146,0.633333330353101,9.66666650772095,6.80000019073486,0.708333333954215,38.2300000190735,311.139994621277,105.400001525879,1,"26B_2006",0.27
"2055","261-2-B-BENA",2006,0.05975,0.600156312423472,20,1986,21,"261-2","BENA",66,25,12,0,19,0,0,0,0,0,0,NA,NA,NA,0,0,0,1,388.99561,"East","26B","Dwarf Shrub-Lichen","Low Shrub","Sandy Loam","Mesic",0,888.892761,295,13.025289,-149.351465,68.301786,-0.0720805753848487,0.930455920946767,"261-2-B-BENA_2006",8.09616502126058,-9.42481046915054,140.178262710571,149.925419807434,5.13333344459534,-11.8250000694146,0.633333330353101,9.66666650772095,6.80000019073486,0.708333333954215,38.2300000190735,311.139994621277,105.400001525879,1,"26B_2006",0.27
"2056","261-2-C-BENA",2006,0.0755,0.512923905560787,15,1991,21,"261-2","BENA",37,18,8,0,13,0,0,0,0,0,0,NA,NA,NA,0,0,0,1,388.99561,"East","26B","Dwarf Shrub-Lichen","Low Shrub","Sandy Loam","Mesic",0,888.892761,295,13.025289,-149.351465,68.301786,-0.572445350663554,0.564144220162867,"261-2-C-BENA_2006",8.09616502126058,-9.42481046915054,140.178262710571,149.925419807434,5.13333344459534,-11.8250000694146,0.633333330353101,9.66666650772095,6.80000019073486,0.708333333954215,38.2300000190735,311.139994621277,105.400001525879,1,"26B_2006",0.27
"2057","261-3-D-BENA",2006,0.154333333333333,1.61375052066599,26,1980,21,"261-3","BENA",74,41,14,0,26,0,0,0,0,0,0,NA,NA,NA,0,0,0,1,380.53651,"East","26B","Tussock Tundra (Low shrub or Herbaceous)","Low Shrub","Sandy Loam","Mesic",0,884.224731,295,11.657486,-149.351558,68.302088,1.23013496390728,3.42169130995627,"261-3-D-BENA_2006",8.09616502126058,-9.42481046915054,140.178262710571,149.925419807434,5.13333344459534,-11.8250000694146,0.633333330353101,9.66666650772095,6.80000019073486,0.708333333954215,38.2300000190735,311.139994621277,105.400001525879,1,"26B_2006",0.27
"2058","261-4-A-BENA",2006,0.0425,0.24634013394961,41,1965,21,"261-4","BENA",45,23,13,0,13,0,0,0,0,0,0,NA,NA,NA,0,0,0,0,405.679111,"East","26B","Low Shrub","Low Shrub","Sandy Loam","Mesic",0,886.626587,308,9.946874,-149.350886,68.302265,-0.105931510312382,0.899486251498682,"261-4-A-BENA_2006",8.09616502126058,-9.42481046915054,140.178262710571,149.925419807434,5.13333344459534,-11.8250000694146,0.633333330353101,9.66666650772095,6.80000019073486,0.708333333954215,38.2300000190735,311.139994621277,105.400001525879,1,"26B_2006",0.27
"2059","261-4-B-BENA",2006,0.12775,1.41521974985061,20,1986,21,"261-4","BENA",71,30,12,0,13,0,0,0,0,0,0,NA,NA,NA,0,0,0,0,405.679111,"East","26B","Low Shrub","Low Shrub","Sandy Loam","Mesic",0,886.626587,308,9.946874,-149.350886,68.302265,0.785769380890125,2.19409438579755,"261-4-B-BENA_2006",8.09616502126058,-9.42481046915054,140.178262710571,149.925419807434,5.13333344459534,-11.8250000694146,0.633333330353101,9.66666650772095,6.80000019073486,0.708333333954215,38.2300000190735,311.139994621277,105.400001525879,1,"26B_2006",0.27
"2060","268-1-B-BENA",2006,0.0435,0.305228502842986,21,1985,22,"268-1","BENA",63,26,6,0,12,0,0,0,0,0,0,NA,NA,NA,0,0,1,2,212.091228,"West","26B","Low Shrub","Low Shrub","Sandy Gravel","Mesic",0,818.738892,195,1.432166,-149.327109,68.400098,-0.689986843107756,0.501582668291761,"268-1-B-BENA_2006",9.16064866383871,-8.80300897359848,141.909729003906,127.954864501953,5.13333344459534,-11.8250000694146,0.633333330353101,9.66666650772095,6.80000019073486,0.708333333954215,38.2300000190735,311.139994621277,105.400001525879,1,"26B_2006",0.27
"2061","268-1-C-BENA",2006,0.04125,0.261092856701326,18,1988,22,"268-1","BENA",47,18,6,0,11,0,0,0,0,0,0,NA,NA,NA,0,0,1,2,212.091228,"West","26B","Low Shrub","Low Shrub","Sandy Gravel","Mesic",0,818.738892,195,1.432166,-149.327109,68.400098,-1.0301253757668,0.356962203353506,"268-1-C-BENA_2006",9.16064866383871,-8.80300897359848,141.909729003906,127.954864501953,5.13333344459534,-11.8250000694146,0.633333330353101,9.66666650772095,6.80000019073486,0.708333333954215,38.2300000190735,311.139994621277,105.400001525879,1,"26B_2006",0.27
"2062","268-2-A-BENA",2006,0.0495,0.842235857686195,16,1990,22,"268-2","BENA",60,23,9,0,24,0,0,0,0,0,0,NA,NA,NA,0,0,0,4,184.615387,"West","26B","Low Shrub","Low Shrub","Sandy Gravel","Mesic",0,819.441162,203,1.359031,-149.326454,68.400307,0.000503549960313432,1.00050367676288,"268-2-A-BENA_2006",9.16064866383871,-8.80300897359848,141.909729003906,127.954864501953,5.13333344459534,-11.8250000694146,0.633333330353101,9.66666650772095,6.80000019073486,0.708333333954215,38.2300000190735,311.139994621277,105.400001525879,1,"26B_2006",0.27
"2063","268-4-C-BENA",2006,0.019,0.137884501566055,27,1979,22,"268-4","BENA",58,32,8,0,18,0,0,0,0,0,0,NA,NA,NA,0,0,0,5,171.881056,"West","26B","Dwarf Shrub-Lichen","Low Shrub","Sandy Gravel","Mesic",0,820.486511,188,1.085947,-149.326166,68.400831,-1.18472791940084,0.305829378420315,"268-4-C-BENA_2006",9.16064866383871,-8.80300897359848,141.909729003906,127.954864501953,5.13333344459534,-11.8250000694146,0.633333330353101,9.66666650772095,6.80000019073486,0.708333333954215,38.2300000190735,311.139994621277,105.400001525879,1,"26B_2006",0.27
"2064","268-4-D-BENA",2006,0.07825,0.449683841793567,18,1988,22,"268-4","BENA",57,23,7,0,15,0,0,0,0,0,0,NA,NA,NA,0,0,0,5,171.881056,"West","26B","Dwarf Shrub-Lichen","Low Shrub","Sandy Gravel","Mesic",0,820.486511,188,1.085947,-149.326166,68.400831,-0.486456730567711,0.614800944794617,"268-4-D-BENA_2006",9.16064866383871,-8.80300897359848,141.909729003906,127.954864501953,5.13333344459534,-11.8250000694146,0.633333330353101,9.66666650772095,6.80000019073486,0.708333333954215,38.2300000190735,311.139994621277,105.400001525879,1,"26B_2006",0.27
"2065","282-1-B-BENA",2006,0.140333333333333,1.067640565896,17,1989,23,"282-1","BENA",41,18,8,0,9,0,0,0,0,0,0,NA,NA,NA,0,0,0,0,577.316923,"West","26B","Tussock Tundra (Low shrub or Herbaceous)","Tussock Tundra","Clay Loam","Mesic",0,826.622314,26,2.82316,-149.530032,68.582817,0.309995577210931,1.36341908400382,"282-1-B-BENA_2006",9.60000006357829,-8.46666658918063,125,107,9.46666669845581,-8.25833338499069,4.76666673024495,14.2000001271566,21.0000005960464,0.966666674862305,55.6999986171722,267.880000114441,81.8000011444092,1,"26B_2006",0.27
"2066","282-1-D-BENA",2006,0.023,0.340509373740961,16,1990,23,"282-1","BENA",74,20,11,0,15,0,0,0,0,0,0,NA,NA,NA,0,0,0,0,577.316923,"West","26B","Tussock Tundra (Low shrub or Herbaceous)","Tussock Tundra","Clay Loam","Mesic",0,826.622314,26,2.82316,-149.530032,68.582817,-0.905113886521034,0.404495815858495,"282-1-D-BENA_2006",9.60000006357829,-8.46666658918063,125,107,9.46666669845581,-8.25833338499069,4.76666673024495,14.2000001271566,21.0000005960464,0.966666674862305,55.6999986171722,267.880000114441,81.8000011444092,1,"26B_2006",0.27
"2067","282-2-A-BENA",2006,0.11325,0.382024538910449,19,1987,23,"282-2","BENA",44,16,6,0,7,0,0,0,0,0,0,NA,NA,NA,0,0,0,0,604.079816,"West","26B","Low Shrub","Low Shrub-Tussock Tundra","Clay Loam","Mesic",0,826.41803,354,3.355184,-149.530916,68.583004,-0.584996143392315,0.557108010355065,"282-2-A-BENA_2006",9.60000006357829,-8.46666658918063,125,107,9.46666669845581,-8.25833338499069,4.76666673024495,14.2000001271566,21.0000005960464,0.966666674862305,55.6999986171722,267.880000114441,81.8000011444092,1,"26B_2006",0.27
"2068","282-2-B-BENA",2006,0.02075,0.103274164350079,15,1991,23,"282-2","BENA",27,18,6,0,5,0,0,0,0,0,0,NA,NA,NA,0,0,0,0,604.079816,"West","26B","Low Shrub","Low Shrub-Tussock Tundra","Clay Loam","Mesic",0,826.41803,354,3.355184,-149.530916,68.583004,-2.17518561084424,0.113587068722307,"282-2-B-BENA_2006",9.60000006357829,-8.46666658918063,125,107,9.46666669845581,-8.25833338499069,4.76666673024495,14.2000001271566,21.0000005960464,0.966666674862305,55.6999986171722,267.880000114441,81.8000011444092,1,"26B_2006",0.27
"2069","282-3-B-BENA",2006,0.07525,0.396273625089887,12,1994,23,"282-3","BENA",31,18,7,0,8,0,0,0,0,0,0,NA,NA,NA,0,0,0,0,571.732475,"West","26B","Low Shrub","Low Shrub-Tussock Tundra","Clay Loam","Mesic",0,823.876221,27,3.830761,-149.53038,68.583298,-1.09675373119624,0.333953428553429,"282-3-B-BENA_2006",9.60000006357829,-8.46666658918063,125,107,9.46666669845581,-8.25833338499069,4.76666673024495,14.2000001271566,21.0000005960464,0.966666674862305,55.6999986171722,267.880000114441,81.8000011444092,1,"26B_2006",0.27
"2070","282-3-D-BENA",2006,0.175,2.79672432004198,9,1997,23,"282-3","BENA",82,20,10,0,18,0,0,0,0,0,0,NA,NA,NA,0,0,0,0,571.732475,"West","26B","Low Shrub","Low Shrub-Tussock Tundra","Clay Loam","Mesic",0,823.876221,27,3.830761,-149.53038,68.583298,0.514043314110495,1.6720381211116,"282-3-D-BENA_2006",9.60000006357829,-8.46666658918063,125,107,9.46666669845581,-8.25833338499069,4.76666673024495,14.2000001271566,21.0000005960464,0.966666674862305,55.6999986171722,267.880000114441,81.8000011444092,1,"26B_2006",0.27
"2071","282-4-A-BENA",2006,0.0305,0.294833758150422,18,1988,23,"282-4","BENA",52,15,7,0,6,0,0,0,0,0,0,NA,NA,NA,0,0,0,0,597.547448,"West","26B","Tussock Tundra (Low shrub or Herbaceous)","Low Shrub-Tussock Tundra","Clay Loam","Mesic",0,823.620117,358,4.137664,-149.531178,68.583423,-0.908589826816705,0.403092253315694,"282-4-A-BENA_2006",9.60000006357829,-8.46666658918063,125,107,9.46666669845581,-8.25833338499069,4.76666673024495,14.2000001271566,21.0000005960464,0.966666674862305,55.6999986171722,267.880000114441,81.8000011444092,1,"26B_2006",0.27
"2072","282-4-C-BENA",2006,0.0215,0.26571904823328,6,2000,23,"282-4","BENA",38,12,6,0,9,0,0,0,0,0,0,NA,NA,NA,0,0,0,0,597.547448,"West","26B","Tussock Tundra (Low shrub or Herbaceous)","Low Shrub-Tussock Tundra","Clay Loam","Mesic",0,823.620117,358,4.137664,-149.531178,68.583423,-2.32357845422216,0.0979225465402368,"282-4-C-BENA_2006",9.60000006357829,-8.46666658918063,125,107,9.46666669845581,-8.25833338499069,4.76666673024495,14.2000001271566,21.0000005960464,0.966666674862305,55.6999986171722,267.880000114441,81.8000011444092,1,"26B_2006",0.27
"2073","60-4-A-BENA",2006,0.234,2.80526631046709,7,1999,1,"60-4","BENA",92,NA,7,13,13,0,0,0,0,0,0,NA,NA,NA,0,0,1,0,1406.241796,"West","20F","Tall Shrub (Open-Closed)","Black Spruce Woodland","Silt Loam","Mesic",0,110.670654,252,1.181915,-149.840942,65.910317,0.217189723378637,1.24257982621873,"60-4-A-BENA_2006",14.2258106867472,-5.69317144155502,109.361083984375,55.1354069709778,13.7333335876465,-3.55833341677984,8.90000009536743,18.6333335240682,50.6000010967255,0.958333345130086,88.3599983453751,228.219996809959,168.300001144409,1,"20F_2006",0.375
"2074","60-4-B-BENA",2006,0.0845,0.719409009708793,16,1990,1,"60-4","BENA",95,NA,9,0,9,0,2,0,0,0.222222222,0,NA,"Hare",NA,1,0,1,0,1406.241796,"West","20F","Tall Shrub (Open-Closed)","Black Spruce Woodland","Silt Loam","Mesic",0,110.670654,252,1.181915,-149.840942,65.910317,-0.157126485969571,0.854595957582898,"60-4-B-BENA_2006",14.2258106867472,-5.69317144155502,109.361083984375,55.1354069709778,13.7333335876465,-3.55833341677984,8.90000009536743,18.6333335240682,50.6000010967255,0.958333345130086,88.3599983453751,228.219996809959,168.300001144409,1,"20F_2006",0.375
"2075","72-1-C-BENA",2006,0.1195,0.788758096740462,38,1968,2,"72-1","BENA",118,71,9,0,11,0,2,0,0,0.181818182,0,NA,"Hare",NA,1,0,0,0,895.937772,"West","20F","Tussock Tundra (Low shrub or Herbaceous)","Black Spruce Woodland","Clay Loam","Mesic",0,130.808105,148,1.606934,-150.14017,66.022623,0.967138010046316,2.63040548219752,"72-1-C-BENA_2006",14.4654471079508,-5.41509435574214,105.413415908813,54.0394303798676,12.2333335876465,-5.22500016291936,7.43333339691162,17.0666672388713,44.3000004291534,1.01666669050852,90.2099986076355,241.419999569654,159.200006484985,1,"20F_2006",0.375
"2076","72-1-D-BENA",2006,0.076,0.632836140953818,50,1956,2,"72-1","BENA",65,41,8,7,4,0,0,0,0,0,0,NA,NA,NA,0,0,0,0,895.937772,"West","20F","Tussock Tundra (Low shrub or Herbaceous)","Black Spruce Woodland","Clay Loam","Mesic",0,130.808105,148,1.606934,-150.14017,66.022623,1.07438595278452,2.92819429882145,"72-1-D-BENA_2006",14.4654471079508,-5.41509435574214,105.413415908813,54.0394303798676,12.2333335876465,-5.22500016291936,7.43333339691162,17.0666672388713,44.3000004291534,1.01666669050852,90.2099986076355,241.419999569654,159.200006484985,1,"20F_2006",0.375
"2077","72-2-A-BENA",2006,0.05675,0.404574105579753,37,1969,2,"72-2","BENA",121,72,12,21,14,0,0,0,0,0,0,NA,NA,NA,0,0,0,0,855.94066,"West","20F","Tussock Tundra (Low shrub or Herbaceous)","Black Spruce Woodland","Clay Loam","Mesic",0,131.055786,179,2.125059,-150.13956,66.022889,0.267689003697017,1.30694062310358,"72-2-A-BENA_2006",14.4654471079508,-5.41509435574214,105.413415908813,54.0394303798676,12.2333335876465,-5.22500016291936,7.43333339691162,17.0666672388713,44.3000004291534,1.01666669050852,90.2099986076355,241.419999569654,159.200006484985,1,"20F_2006",0.375
"2078","72-2-B-BENA",2006,0.136,1.51718818975404,7,1999,2,"72-2","BENA",104,67,9,0,5,0,1,0,0,0.2,0,NA,"Hare",NA,1,0,0,0,855.94066,"West","20F","Tussock Tundra (Low shrub or Herbaceous)","Black Spruce Woodland","Clay Loam","Mesic",0,131.055786,179,2.125059,-150.13956,66.022889,-0.397450005868102,0.672031539441183,"72-2-B-BENA_2006",14.4654471079508,-5.41509435574214,105.413415908813,54.0394303798676,12.2333335876465,-5.22500016291936,7.43333339691162,17.0666672388713,44.3000004291534,1.01666669050852,90.2099986076355,241.419999569654,159.200006484985,1,"20F_2006",0.375
"2079","72-3-D-BENA",2006,0.03425,0.159973628562069,50,1956,2,"72-3","BENA",104,47,11,0,9,0,0,0,0,0,0,NA,NA,NA,0,0,1,0,885.368743,"West","20F","Tussock Tundra (Low shrub or Herbaceous)","Black Spruce Woodland","Clay Loam","Mesic",0,132.401993,119,2.284806,-150.140609,66.023021,-0.300816594634728,0.740213519428902,"72-3-D-BENA_2006",14.4654471079508,-5.41509435574214,105.413415908813,54.0394303798676,12.2333335876465,-5.22500016291936,7.43333339691162,17.0666672388713,44.3000004291534,1.01666669050852,90.2099986076355,241.419999569654,159.200006484985,1,"20F_2006",0.375
"2080","72-4-A-BENA",2006,0.162,1.51867102148653,8,1998,2,"72-4","BENA",97,39,7,0,8,0,0,0,0,0,0,NA,NA,NA,0,0,0,0,844.255779,"West","20F","Tussock Tundra (Low shrub or Herbaceous)","Low Shrub-Tussock Tundra","Clay Loam","Mesic",0,132.260803,156,1.029158,-150.139994,66.023305,-0.237124956534082,0.78889270456029,"72-4-A-BENA_2006",14.4654471079508,-5.41509435574214,105.413415908813,54.0394303798676,12.2333335876465,-5.22500016291936,7.43333339691162,17.0666672388713,44.3000004291534,1.01666669050852,90.2099986076355,241.419999569654,159.200006484985,1,"20F_2006",0.375
"2081","72-4-D-BENA",2006,0.09625,0.413275531832033,9,1997,2,"72-4","BENA",85,37,8,0,12,0,0,0,0,0,0,NA,NA,NA,0,0,0,0,844.255779,"West","20F","Tussock Tundra (Low shrub or Herbaceous)","Low Shrub-Tussock Tundra","Clay Loam","Mesic",0,132.260803,156,1.029158,-150.139994,66.023305,-1.39804629369278,0.247079212918439,"72-4-D-BENA_2006",14.4654471079508,-5.41509435574214,105.413415908813,54.0394303798676,12.2333335876465,-5.22500016291936,7.43333339691162,17.0666672388713,44.3000004291534,1.01666669050852,90.2099986076355,241.419999569654,159.200006484985,1,"20F_2006",0.375
"2082","97-3-D-BENA",2006,0.02325,0.24839768078817,11,1995,4,"97-3","BENA",75,49,7,21,13,0,0,0,0,0,0,NA,NA,NA,0,0,0,0,924.995234,"East","24A","Tussock Tundra (Low shrub or Herbaceous)","Tall Shrub","Gravely Sand Loam","Mesic",2004,557.015015,71,7.919354,-150.432427,66.349149,-1.66766170179756,0.188687758448751,"97-3-D-BENA_2006",12.0045137405396,-6.09623885154724,224.684051513672,117.729187011719,12.2333335876465,-5.22500016291936,7.43333339691162,17.0666672388713,44.3000004291534,1.01666669050852,90.2099986076355,241.419999569654,159.200006484985,1,"24A_2006",0.825
"2083","102-3-B-BENA",2005,0.137,2.9647979562127,25,1980,5,"102-3","BENA",72,NA,16,0,12,0,0,0,0,0,0,NA,NA,NA,0,0,0,0,939.238254,"West","24A","Tussock Tundra (Low shrub or Herbaceous)","Low Shrub","Sandy Loam","Mesic",2004,424.339783,330,3.896938,-150.565669,66.401242,1.79157927249944,5.99891891703501,"102-3-B-BENA_2005",13.4000002543132,-5.00833324591319,227,115,13.4000002543132,-4.30000023047129,8.40000025431315,18.466667175293,61.0000023841858,1.11666671310862,110.27999830246,233.489996507764,170.799997329712,1,"24A_2005",0.76
"2084","111-1-A-BENA",2005,0.3005,4.91282887486903,17,1988,6,"111-1","BENA",45,37,7,0,7,0,0,0,0,0,0,NA,NA,NA,0,0,0,0,640.914524,"West","24A","Tall Shrub (Open-Closed)","Low Shrub","Gravely Sand Loam","Mesic",0,512.854736,12,8.158982,-150.736683,66.498494,1.83639436359748,6.27387611374623,"111-1-A-BENA_2005",13.3424412409465,-5.07559152444204,251.603821754456,112.759631633759,13.4000002543132,-4.30000023047129,8.40000025431315,18.466667175293,61.0000023841858,1.11666671310862,110.27999830246,233.489996507764,170.799997329712,1,"24A_2005",0.76
"2085","111-1-B-BENA",2005,0.1775,1.76741683001063,9,1996,6,"111-1","BENA",89,51,9,0,12,0,0,0,0,0,0,NA,NA,NA,0,0,0,0,640.914524,"West","24A","Tall Shrub (Open-Closed)","Low Shrub","Gravely Sand Loam","Mesic",0,512.854736,12,8.158982,-150.736683,66.498494,0.0551135300039062,1.05666057054477,"111-1-B-BENA_2005",13.3424412409465,-5.07559152444204,251.603821754456,112.759631633759,13.4000002543132,-4.30000023047129,8.40000025431315,18.466667175293,61.0000023841858,1.11666671310862,110.27999830246,233.489996507764,170.799997329712,1,"24A_2005",0.76
"2086","111-2-D-BENA",2005,0.21525,2.86602255254256,9,1996,6,"111-2","BENA",75,31,6,0,7,0,0,0,0,0,0,NA,NA,NA,0,0,0,0,685.564701,"West","24A","Tall Shrub (Open-Closed)","Low Shrub","Gravely Sand Loam","Mesic",0,516.430603,8,6.353059,-150.737535,66.498284,0.538519665850115,1.71346847791734,"111-2-D-BENA_2005",13.3375473022461,-5.07911956310272,252.25283908844,113.126423835754,13.4000002543132,-4.30000023047129,8.40000025431315,18.466667175293,61.0000023841858,1.11666671310862,110.27999830246,233.489996507764,170.799997329712,1,"24A_2005",0.76
"2087","111-3-A-BENA",2005,0.048,0.434369166655939,18,1987,6,"111-3","BENA",108,46,7,0,11,0,0,0,0,0,0,NA,NA,NA,0,0,0,0,664.632709,"West","24A","Tall Shrub (Open-Closed)","Low Shrub","Gravely Sand Loam","Mesic",0,511.257965,359,9.703425,-150.737553,66.498636,-0.521106705671784,0.593862952657114,"111-3-A-BENA_2005",13.3424412409465,-5.07559152444204,251.603821754456,112.759631633759,13.4000002543132,-4.30000023047129,8.40000025431315,18.466667175293,61.0000023841858,1.11666671310862,110.27999830246,233.489996507764,170.799997329712,1,"24A_2005",0.76
"2088","111-3-D-BENA",2005,0.3025,6.73642680630379,8,1997,6,"111-3","BENA",95,38,7,3,16,0,0,0,0,0,0,NA,NA,NA,0,0,0,0,664.632709,"West","24A","Tall Shrub (Open-Closed)","Low Shrub","Gravely Sand Loam","Mesic",0,511.257965,359,9.703425,-150.737553,66.498636,1.25256905593846,3.49932137185022,"111-3-D-BENA_2005",13.3424412409465,-5.07559152444204,251.603821754456,112.759631633759,13.4000002543132,-4.30000023047129,8.40000025431315,18.466667175293,61.0000023841858,1.11666671310862,110.27999830246,233.489996507764,170.799997329712,1,"24A_2005",0.76
"2089","111-4-A-BENA",2005,0.19,4.01088704880135,7,1998,6,"111-4","BENA",112,61,10,0,19,0,0,0,0,0,0,NA,NA,NA,0,0,0,0,707.594422,"West","24A","Tall Shrub (Open-Closed)","Low Shrub","Gravely Sand Loam","Mesic",0,515.006653,353,8.170983,-150.73833,66.498407,0.574703673600361,1.77660399423993,"111-4-A-BENA_2005",13.3375473022461,-5.07911956310272,252.25283908844,113.126423835754,13.4000002543132,-4.30000023047129,8.40000025431315,18.466667175293,61.0000023841858,1.11666671310862,110.27999830246,233.489996507764,170.799997329712,1,"24A_2005",0.76
"2090","111-4-C-BENA",2005,0.0503333333333333,0.30249660883386,13,1992,6,"111-4","BENA",51,30,7,0,13,0,0,0,0,0,0,NA,NA,NA,0,0,0,0,707.594422,"West","24A","Tall Shrub (Open-Closed)","Low Shrub","Gravely Sand Loam","Mesic",0,515.006653,353,8.170983,-150.73833,66.498407,-1.27127055283924,0.280475036941889,"111-4-C-BENA_2005",13.3375473022461,-5.07911956310272,252.25283908844,113.126423835754,13.4000002543132,-4.30000023047129,8.40000025431315,18.466667175293,61.0000023841858,1.11666671310862,110.27999830246,233.489996507764,170.799997329712,1,"24A_2005",0.76
"2091","121-1-C-BENA",2005,0.0325,0.372160919725883,33,1972,7,"121-1","BENA",60,36,11,0,11,0,0,0,0,0,0,NA,NA,NA,0,0,0,0,1394.51987,"East","24A","Tall Shrub (Open-Closed)","Low Shrub","Clay Loam","Mesic",2005,466.470276,61,7.209129,-150.675843,66.599029,0.047650127986666,1.04880364408219,"121-1-C-BENA_2005",13.8333333333333,-4.83333337306976,244,96,13.4666668574015,-4.62500019868215,8.46666685740153,18.5333334604899,65.7000017166138,1.19166668318212,107.309998512268,234.019997354597,158.700004577637,1,"24A_2005",0.76
"2092","121-1-D-BENA",2005,0.09225,2.13221876529502,21,1984,7,"121-1","BENA",73,42,19,0,25,0,0,0,0,0,0,NA,NA,NA,0,0,0,0,1394.51987,"East","24A","Tall Shrub (Open-Closed)","Low Shrub","Clay Loam","Mesic",2005,466.470276,61,7.209129,-150.675843,66.599029,1.25387086152334,3.50387977438856,"121-1-D-BENA_2005",13.8333333333333,-4.83333337306976,244,96,13.4666668574015,-4.62500019868215,8.46666685740153,18.5333334604899,65.7000017166138,1.19166668318212,107.309998512268,234.019997354597,158.700004577637,1,"24A_2005",0.76
"2093","129-3-A-BENA",2005,0.04375,0.669802279960903,53,1952,8,"129-3","BENA",51,35,12,0,6,0,0,0,0,0,0,NA,NA,NA,0,0,0,0,1022.673056,"East","24A","Tussock Tundra (Low shrub or Herbaceous)","Low Shrub-Tussock Tundra","Sandy Loam","Mesic - Hydric",2005,301.546051,352,6.265718,-150.646771,66.710061,1.20069152950509,3.32241367559363,"129-3-A-BENA_2005",14.0999997456868,-4.74166683355967,232,86,13.4666668574015,-4.62500019868215,8.46666685740153,18.5333334604899,65.7000017166138,1.19166668318212,107.309998512268,234.019997354597,158.700004577637,1,"24A_2005",0.76
"2094","129-4-D-BENA",2005,0.02425,0.640799489282032,44,1961,8,"129-4","BENA",87,41,18,0,9,0,0,0,0,0,0,NA,NA,NA,0,0,0,0,1057.255538,"East","24A","Tussock Tundra (Low shrub or Herbaceous)","Tall Shrub","Sandy Loam","Mesic - Hydric",2005,303.823029,358,6.979915,-150.646167,66.709845,0.934342521308877,2.54553926960062,"129-4-D-BENA_2005",14.0999997456868,-4.74166683355967,232,86,13.4666668574015,-4.62500019868215,8.46666685740153,18.5333334604899,65.7000017166138,1.19166668318212,107.309998512268,234.019997354597,158.700004577637,1,"24A_2005",0.76
"2095","147-1-A-BENA",2005,0.436,5.2193729196357,6,1999,9,"147-1","BENA",104,58,9,25,11,1,1,0,0.090909091,0.090909091,0,"Moose","Hare",NA,1,1,0,0,984.758365,"West","24A","Low Shrub","Tall Shrub","Clay Loam","Mesic - Hydric",0,426.634277,145,7.907337,-150.485282,66.911769,0.654114548150417,1.92343865083086,"147-1-A-BENA_2005",13.6015046437581,-5.0662902990977,234.270812988281,84.1354064941406,11.9333337148031,-5.83333337306976,7.0666667620341,16.8333333333333,44.9000010490417,1.12500003104409,103.739995956421,245.639997720718,166.800006866455,1,"24A_2005",0.76
"2096","147-2-A-BENA",2005,0.1375,0.691150383789755,10,1995,9,"147-2","BENA",89,56,6,61,9,0,0,0,0,0,0,NA,NA,NA,0,2,1,0,986.173835,"West","24A","Low Shrub","Tall Shrub","Clay Loam","Mesic - Hydric",0,428.943481,147,8.698308,-150.484958,66.912025,-0.758072604059068,0.468568674597898,"147-2-A-BENA_2005",13.6015046437581,-5.0662902990977,234.270812988281,84.1354064941406,11.9333337148031,-5.83333337306976,7.0666667620341,16.8333333333333,44.9000010490417,1.12500003104409,103.739995956421,245.639997720718,166.800006866455,1,"24A_2005",0.76
"2097","147-3-A-BENA",2005,0.048,0.545430750145647,15,1990,9,"147-3","BENA",107,63,8,18,8,1,0,0,0.125,0,0,"Moose",NA,NA,1,2,1,0,952.272152,"West","24A","White Spruce or Black Spruce (Woodland)","Black Spruce Woodland","Clay Loam","Mesic - Hydric",0,425.583191,170,6.572863,-150.484233,66.911912,-0.510997002864573,0.599897181351586,"147-3-A-BENA_2005",13.6015046437581,-5.0662902990977,234.270812988281,84.1354064941406,11.9333337148031,-5.83333337306976,7.0666667620341,16.8333333333333,44.9000010490417,1.12500003104409,103.739995956421,245.639997720718,166.800006866455,1,"24A_2005",0.76
"2098","147-3-C-BENA",2005,0.08775,0.569888638002463,11,1994,9,"147-3","BENA",136,53,12,30,29,2,1,0,0.068965517,0.034482759,0,"Moose","Hare",NA,1,2,1,0,952.272152,"West","24A","White Spruce or Black Spruce (Woodland)","Black Spruce Woodland","Clay Loam","Mesic - Hydric",0,425.583191,170,6.572863,-150.484233,66.911912,-0.837251745396217,0.432898605691079,"147-3-C-BENA_2005",13.6015046437581,-5.0662902990977,234.270812988281,84.1354064941406,11.9333337148031,-5.83333337306976,7.0666667620341,16.8333333333333,44.9000010490417,1.12500003104409,103.739995956421,245.639997720718,166.800006866455,1,"24A_2005",0.76
"2099","147-4-D-BENA",2005,0.0765,0.456149828523277,19,1986,9,"147-4","BENA",94,47,7,14,7,0,0,0,0,0,0,NA,NA,NA,0,0,1,0,956.341518,"West","24A","Tall Shrub (Open-Closed)","Tall Shrub","Clay Loam","Mesic - Hydric",0,428.39856,129,7.52786,-150.483929,66.912191,-0.40765966105156,0.665205235551576,"147-4-D-BENA_2005",13.6015046437581,-5.0662902990977,234.270812988281,84.1354064941406,11.9333337148031,-5.83333337306976,7.0666667620341,16.8333333333333,44.9000010490417,1.12500003104409,103.739995956421,245.639997720718,166.800006866455,1,"24A_2005",0.76
"2100","151-1-C-BENA",2005,0.23375,4.35192558455491,7,1998,10,"151-1","BENA",118,82,11,0,4,0,0,0,0,0,0,NA,NA,NA,0,0,0,0,725.03173,"East","24A","White Spruce or Black Spruce (Open-Closed)","Low Shrub","Clay Loam","Mesic",0,471.29071,296,22.022722,-150.362735,66.958242,0.656309657837883,1.92766544709001,"151-1-C-BENA_2005",12.7316058476766,-5.88664146264394,251.115057945251,90.8735780715942,11.9333337148031,-5.83333337306976,7.0666667620341,16.8333333333333,44.9000010490417,1.12500003104409,103.739995956421,245.639997720718,166.800006866455,1,"24A_2005",0.76
"2101","151-1-D-BENA",2005,0.16275,1.05697294398748,21,1984,10,"151-1","BENA",90,67,12,0,8,0,0,0,0,0,0,NA,NA,NA,0,0,0,0,725.03173,"East","24A","White Spruce or Black Spruce (Open-Closed)","Low Shrub","Clay Loam","Mesic",0,471.29071,296,22.022722,-150.362735,66.958242,0.55211685969639,1.73692595750194,"151-1-D-BENA_2005",12.7316058476766,-5.88664146264394,251.115057945251,90.8735780715942,11.9333337148031,-5.83333337306976,7.0666667620341,16.8333333333333,44.9000010490417,1.12500003104409,103.739995956421,245.639997720718,166.800006866455,1,"24A_2005",0.76
"2102","151-2-A-BENA",2005,0.2185,4.36917783696163,10,1995,10,"151-2","BENA",119,71,11,0,4,0,0,0,0,0,0,NA,NA,NA,0,1,0,0,737.726474,"East","24A","Low Shrub","Low Shrub","Clay Loam","Mesic",0,482.941345,297,25.566626,-150.361917,66.958285,1.08590009613358,2.96210479826687,"151-2-A-BENA_2005",12.7316058476766,-5.88664146264394,251.115057945251,90.8735780715942,11.9333337148031,-5.83333337306976,7.0666667620341,16.8333333333333,44.9000010490417,1.12500003104409,103.739995956421,245.639997720718,166.800006866455,1,"24A_2005",0.76
"2103","151-2-B-BENA",2005,0.4465,8.87992604907017,10,1995,10,"151-2","BENA",142,91,14,0,17,0,0,0,0,0,0,NA,NA,NA,0,1,0,0,737.726474,"East","24A","Low Shrub","Low Shrub","Clay Loam","Mesic",0,482.941345,297,25.566626,-150.361917,66.958285,1.7951184718833,6.02018790255909,"151-2-B-BENA_2005",12.7316058476766,-5.88664146264394,251.115057945251,90.8735780715942,11.9333337148031,-5.83333337306976,7.0666667620341,16.8333333333333,44.9000010490417,1.12500003104409,103.739995956421,245.639997720718,166.800006866455,1,"24A_2005",0.76
"2104","151-3-C-BENA",2005,0.0925,0.964783103917423,19,1986,10,"151-3","BENA",86,51,13,0,9,0,0,0,0,0,0,NA,NA,NA,0,0,0,0,698.113665,"East","24A","White Spruce or Black Spruce (Open-Closed)","Low Shrub","Clay Loam","Mesic",0,469.98999,301,21.5443,-150.36215,66.958641,0.341422325374988,1.40694730495732,"151-3-C-BENA_2005",12.7316058476766,-5.88664146264394,251.115057945251,90.8735780715942,11.9333337148031,-5.83333337306976,7.0666667620341,16.8333333333333,44.9000010490417,1.12500003104409,103.739995956421,245.639997720718,166.800006866455,1,"24A_2005",0.76
"2105","151-4-A-BENA",2005,0.0725,0.652434181325079,19,1986,10,"151-4","BENA",65,36,9,0,8,0,0,0,0,0,0,NA,NA,NA,0,0,0,0,714.907956,"East","24A","Low Shrub","Low Shrub","Clay Loam","Mesic",0,485.466003,301,24.973797,-150.361301,66.958638,-0.0497707253446589,0.951447542302653,"151-4-A-BENA_2005",12.7316058476766,-5.88664146264394,251.115057945251,90.8735780715942,11.9333337148031,-5.83333337306976,7.0666667620341,16.8333333333333,44.9000010490417,1.12500003104409,103.739995956421,245.639997720718,166.800006866455,1,"24A_2005",0.76
"2106","151-4-D-BENA",2005,0.18275,1.70788148938015,12,1993,10,"151-4","BENA",83,56,8,0,9,0,0,0,0,0,0,NA,NA,NA,0,0,0,0,714.907956,"East","24A","Low Shrub","Low Shrub","Clay Loam","Mesic",0,485.466003,301,24.973797,-150.361301,66.958638,0.364150310044036,1.43929053772394,"151-4-D-BENA_2005",12.7316058476766,-5.88664146264394,251.115057945251,90.8735780715942,11.9333337148031,-5.83333337306976,7.0666667620341,16.8333333333333,44.9000010490417,1.12500003104409,103.739995956421,245.639997720718,166.800006866455,1,"24A_2005",0.76
"2107","158-2-C-BENA",2005,0.01225,0.145769702777027,17,1988,11,"158-2","BENA",54,29,8,0,53,0,0,0,0,0,0,NA,NA,NA,0,0,0,1,1283.38641,"East","24A","Tussock Tundra (Low shrub or Herbaceous)","Low Shrub","Sandy Loam","Mesic - Xeric",2005,590.000549,54,15.617359,-150.286104,67.046812,-1.68118283877949,0.186153656000293,"158-2-C-BENA_2005",13.5666669209798,-5.50833332538605,225,92,11.766666730245,-6.20833357175191,6.89999993642171,16.7000001271566,45.2000002861023,1.15833335431914,100.159996509552,247.829998135567,148.800004959106,1,"24A_2005",0.76
"2108","173-1-A-BENA",2005,0.0395,0.20692492711951,37,1968,12,"173-1","BENA",69,40,12,0,9,0,0,0,0,0,0,NA,NA,NA,0,0,0,0,1301.486525,"East","24A","Low Shrub","Low Shrub","Clay Loam","Mesic",0,349.871613,358,2.901099,-150.191497,67.228159,-0.402789862374369,0.66845255159793,"173-1-A-BENA_2005",13.9658880233765,-5.3516849676768,190.623693466187,96.8645935058594,11.766666730245,-6.20833357175191,6.89999993642171,16.7000001271566,45.2000002861023,1.15833335431914,100.159996509552,247.829998135567,148.800004959106,1,"24A_2005",0.76
"2109","173-1-B-BENA",2005,0.3445,3.50766516675302,15,1990,12,"173-1","BENA",101,53,11,0,7,0,0,0,0,0,0,NA,NA,NA,0,0,0,0,1301.486525,"East","24A","Low Shrub","Low Shrub","Clay Loam","Mesic",0,349.871613,358,2.901099,-150.191497,67.228159,1.3501330478707,3.85793878709328,"173-1-B-BENA_2005",13.9658880233765,-5.3516849676768,190.623693466187,96.8645935058594,11.766666730245,-6.20833357175191,6.89999993642171,16.7000001271566,45.2000002861023,1.15833335431914,100.159996509552,247.829998135567,148.800004959106,1,"24A_2005",0.76
"2110","173-2-A-BENA",2005,0.0805,0.418546535256133,46,1959,12,"173-2","BENA",94,43,12,0,6,0,0,0,0,0,0,NA,NA,NA,0,2,0,0,1323.706943,"East","24A","Tussock Tundra (Low shrub or Herbaceous)","Low Shrub","Clay Loam","Mesic",0,348.371155,13,2.823825,-150.190835,67.228457,0.561460007878434,1.75323036273438,"173-2-A-BENA_2005",13.9658880233765,-5.3516849676768,190.623693466187,96.8645935058594,11.766666730245,-6.20833357175191,6.89999993642171,16.7000001271566,45.2000002861023,1.15833335431914,100.159996509552,247.829998135567,148.800004959106,1,"24A_2005",0.76
"2111","173-2-C-BENA",2005,0.33275,8.60309224237801,8,1997,12,"173-2","BENA",107,64,12,0,13,0,0,0,0,0,0,NA,NA,NA,0,2,0,0,1323.706943,"East","24A","Tussock Tundra (Low shrub or Herbaceous)","Low Shrub","Clay Loam","Mesic",0,348.371155,13,2.823825,-150.190835,67.228457,1.49716112072412,4.46898413853182,"173-2-C-BENA_2005",13.9658880233765,-5.3516849676768,190.623693466187,96.8645935058594,11.766666730245,-6.20833357175191,6.89999993642171,16.7000001271566,45.2000002861023,1.15833335431914,100.159996509552,247.829998135567,148.800004959106,1,"24A_2005",0.76
"2112","173-3-B-BENA",2005,0.0265,0.110975189691735,40,1965,12,"173-3","BENA",70,51,14,0,9,0,0,0,0,0,0,NA,NA,NA,0,0,0,0,1278.311889,"East","24A","Low Shrub","Low Shrub","Clay Loam","Mesic",0,347.24527,24,1.739254,-150.191816,67.228627,-0.932804738455317,0.393448640847354,"173-3-B-BENA_2005",13.9658880233765,-5.3516849676768,190.623693466187,96.8645935058594,11.766666730245,-6.20833357175191,6.89999993642171,16.7000001271566,45.2000002861023,1.15833335431914,100.159996509552,247.829998135567,148.800004959106,1,"24A_2005",0.76
"2113","173-4-B-BENA",2005,0.20825,1.52813330220961,15,1990,12,"173-4","BENA",124,71,14,0,12,0,0,0,0,0,0,NA,NA,NA,0,1,0,0,1308.377258,"East","24A","Low Shrub","Low Shrub","Clay Loam","Mesic",0,346.165253,355,1.872125,-150.190975,67.22891,0.519229352995455,1.68073189947623,"173-4-B-BENA_2005",13.9658880233765,-5.3516849676768,190.623693466187,96.8645935058594,11.766666730245,-6.20833357175191,6.89999993642171,16.7000001271566,45.2000002861023,1.15833335431914,100.159996509552,247.829998135567,148.800004959106,1,"24A_2005",0.76
"2114","173-4-C-BENA",2005,0.20725,2.28843642349018,36,1969,12,"173-4","BENA",119,74,14,0,14,0,0,0,0,0,0,NA,NA,NA,0,1,0,0,1308.377258,"East","24A","Low Shrub","Low Shrub","Clay Loam","Mesic",0,346.165253,355,1.872125,-150.190975,67.22891,1.96778190510698,7.15478887408022,"173-4-C-BENA_2005",13.9658880233765,-5.3516849676768,190.623693466187,96.8645935058594,11.766666730245,-6.20833357175191,6.89999993642171,16.7000001271566,45.2000002861023,1.15833335431914,100.159996509552,247.829998135567,148.800004959106,1,"24A_2005",0.76
"2115","184-1-B-BENA",2005,0.0895,1.16264846322215,53,1952,13,"184-1","BENA",128,51,19,0,13,0,1,0,0,0.076923077,0,NA,"Hare",NA,1,2,0,0,692.283244,"East","24A","White Spruce or Black Spruce (Open-Closed)","Tall Shrub","Clay Loam","Mesic",0,423.977753,249,10.469168,-150.109686,67.368938,1.75216480481383,5.76707376144294,"184-1-B-BENA_2005",13.5000003178914,-5.28333322207133,149,67,11.766666730245,-6.20833357175191,6.89999993642171,16.7000001271566,45.2000002861023,1.15833335431914,100.159996509552,247.829998135567,148.800004959106,1,"24A_2005",0.76
"2116","184-1-C-BENA",2005,0.2055,4.16055173742021,14,1991,13,"184-1","BENA",166,49,15,8,26,1,2,0,0.038461538,0.076923077,0,"Moose","Hare",NA,1,2,0,0,692.283244,"East","24A","White Spruce or Black Spruce (Open-Closed)","Tall Shrub","Clay Loam","Mesic",0,423.977753,249,10.469168,-150.109686,67.368938,1.43849826111756,4.2143621908938,"184-1-C-BENA_2005",13.5000003178914,-5.28333322207133,149,67,11.766666730245,-6.20833357175191,6.89999993642171,16.7000001271566,45.2000002861023,1.15833335431914,100.159996509552,247.829998135567,148.800004959106,1,"24A_2005",0.76
"2117","184-2-A-BENA",2005,0.056,0.34042297994299,20,1985,13,"184-2","BENA",89,39,11,0,12,0,1,0,0,0.083333333,0,NA,"Hare",NA,1,1,0,0,706.210196,"East","24A","White Spruce or Black Spruce (Open-Closed)","Tall Shrub","Clay Loam","Mesic",0,429.192566,258,16.706417,-150.109279,67.369156,-0.63908181431086,0.527776798739724,"184-2-A-BENA_2005",13.4969911575317,-5.28521386782328,148.458374023438,66.548641204834,11.766666730245,-6.20833357175191,6.89999993642171,16.7000001271566,45.2000002861023,1.15833335431914,100.159996509552,247.829998135567,148.800004959106,1,"24A_2005",0.76
"2118","184-2-D-BENA",2005,0.0435,0.215306696319286,34,1971,13,"184-2","BENA",84,38,12,10,7,0,0,0,0,0,0,NA,NA,NA,0,1,0,0,706.210196,"East","24A","White Spruce or Black Spruce (Open-Closed)","Tall Shrub","Clay Loam","Mesic",0,429.192566,258,16.706417,-150.109279,67.369156,-0.463988011834541,0.628771092233806,"184-2-D-BENA_2005",13.4969911575317,-5.28521386782328,148.458374023438,66.548641204834,11.766666730245,-6.20833357175191,6.89999993642171,16.7000001271566,45.2000002861023,1.15833335431914,100.159996509552,247.829998135567,148.800004959106,1,"24A_2005",0.76
"2119","184-3-B-BENA",2005,0.127666666666667,1.23785627573155,28,1977,13,"184-3","BENA",71,35,17,0,17,0,2,0,0,0.117647059,0,NA,"Hare",NA,1,1,3,0,683.765397,"East","24A","White Spruce or Black Spruce (Open-Closed)","Tall Shrub","Clay Loam","Mesic",0,425.482941,261,10.788996,-150.109693,67.36937,1.05339095894161,2.86735774375749,"184-3-B-BENA_2005",13.4969911575317,-5.28521386782328,148.458374023438,66.548641204834,11.766666730245,-6.20833357175191,6.89999993642171,16.7000001271566,45.2000002861023,1.15833335431914,100.159996509552,247.829998135567,148.800004959106,1,"24A_2005",0.76
"2120","184-3-D-BENA",2005,0.16175,0.952913185124456,17,1988,13,"184-3","BENA",103,48,17,7,31,3,1,0,0.096774194,0.032258065,0,"Moose","Hare",NA,1,1,3,0,683.765397,"East","24A","White Spruce or Black Spruce (Open-Closed)","Tall Shrub","Clay Loam","Mesic",0,425.482941,261,10.788996,-150.109693,67.36937,0.196312966220572,1.21690769674642,"184-3-D-BENA_2005",13.4969911575317,-5.28521386782328,148.458374023438,66.548641204834,11.766666730245,-6.20833357175191,6.89999993642171,16.7000001271566,45.2000002861023,1.15833335431914,100.159996509552,247.829998135567,148.800004959106,1,"24A_2005",0.76
"2121","191-1-D-BENA",2005,0.28825,4.07526476180826,7,1998,14,"191-1","BENA",135,61,10,9,18,0,0,0,0,0,0,NA,NA,NA,0,1,0,0,1595.806211,"East","24A","Low Shrub","Low Shrub","Clay Loam","Mesic",0,492.755432,293,2.980974,-149.860617,67.475764,0.590626964372741,1.80511980649704,"191-1-D-BENA_2005",12.6453692118327,-5.56553862492243,152.413238048553,67.7743213176727,9.93333339691162,-7.65000007549922,5.23333342870076,14.6666666666667,22.7000007629395,0.991666699449221,81.7699991464615,264.649996519089,154.300006866455,1,"24A_2005",0.76
"2122","191-2-A-BENA",2005,0.27825,2.34818048368258,12,1993,14,"191-2","BENA",82,51,10,0,13,1,0,0,0.076923077,0,0,"Moose",NA,NA,1,0,0,0,1628.072852,"East","24A","Low Shrub","Low Shrub","Clay Loam","Mesic",0,494.812988,260,1.497492,-149.859771,67.475671,0.682537368691261,1.97889254731543,"191-2-A-BENA_2005",12.6453692118327,-5.56553862492243,152.413238048553,67.7743213176727,9.93333339691162,-7.65000007549922,5.23333342870076,14.6666666666667,22.7000007629395,0.991666699449221,81.7699991464615,264.649996519089,154.300006866455,1,"24A_2005",0.76
"2123","191-2-B-BENA",2005,0.101,1.26761692776021,10,1995,14,"191-2","BENA",92,71,8,0,13,0,0,0,0,0,0,NA,NA,NA,0,0,0,0,1628.072852,"East","24A","Low Shrub","Low Shrub","Clay Loam","Mesic",0,494.812988,260,1.497492,-149.859771,67.475671,-0.151536054351934,0.85938689707672,"191-2-B-BENA_2005",12.6453692118327,-5.56553862492243,152.413238048553,67.7743213176727,9.93333339691162,-7.65000007549922,5.23333342870076,14.6666666666667,22.7000007629395,0.991666699449221,81.7699991464615,264.649996519089,154.300006866455,1,"24A_2005",0.76
"2124","191-3-A-BENA",2005,0.0693333333333333,0.325854351218609,24,1981,14,"191-3","BENA",102,51,9,0,9,0,1,0,0,0.111111111,0,NA,"Hare",NA,1,2,0,0,1608.343863,"East","24A","Low Shrub","Low Shrub","Clay Loam","Mesic",0,494.475037,298,4.15829,-149.859591,67.475979,-0.465248851274903,0.627978812415538,"191-3-A-BENA_2005",12.6453692118327,-5.56553862492243,152.413238048553,67.7743213176727,9.93333339691162,-7.65000007549922,5.23333342870076,14.6666666666667,22.7000007629395,0.991666699449221,81.7699991464615,264.649996519089,154.300006866455,1,"24A_2005",0.76
"2125","191-3-D-BENA",2005,0.1685,2.15757645764771,19,1986,14,"191-3","BENA",110,71,10,0,16,0,0,0,0,0,0,NA,NA,NA,0,2,0,0,1608.343863,"East","24A","Low Shrub","Low Shrub","Clay Loam","Mesic",0,494.475037,298,4.15829,-149.859591,67.475979,1.1462598724839,3.14640292724968,"191-3-D-BENA_2005",12.6453692118327,-5.56553862492243,152.413238048553,67.7743213176727,9.93333339691162,-7.65000007549922,5.23333342870076,14.6666666666667,22.7000007629395,0.991666699449221,81.7699991464615,264.649996519089,154.300006866455,1,"24A_2005",0.76
"2126","191-4-A-BENA",2005,0.1175,2.71389622973008,6,1999,14,"191-4","BENA",105,69,11,0,12,0,0,0,0,0,0,NA,NA,NA,0,1,0,0,1634.196324,"East","24A","Low Shrub","Low Shrub","Clay Loam","Mesic",0,497.007599,303,3.553675,-149.85875,67.475963,0.000122609314948119,1.00012261683178,"191-4-A-BENA_2005",12.6453692118327,-5.56553862492243,152.413238048553,67.7743213176727,9.93333339691162,-7.65000007549922,5.23333342870076,14.6666666666667,22.7000007629395,0.991666699449221,81.7699991464615,264.649996519089,154.300006866455,1,"24A_2005",0.76
"2127","191-4-B-BENA",2005,0.08225,0.50871711664809,22,1983,14,"191-4","BENA",77,59,11,0,12,0,1,0,0,0.083333333,0,NA,"Hare",NA,1,1,0,0,1634.196324,"East","24A","Low Shrub","Low Shrub","Clay Loam","Mesic",0,497.007599,303,3.553675,-149.85875,67.475963,-0.12364129724137,0.883696768506602,"191-4-B-BENA_2005",12.6453692118327,-5.56553862492243,152.413238048553,67.7743213176727,9.93333339691162,-7.65000007549922,5.23333342870076,14.6666666666667,22.7000007629395,0.991666699449221,81.7699991464615,264.649996519089,154.300006866455,1,"24A_2005",0.76
"2128","203-1-A-BENA",2005,0.0715,0.856378522414491,15,1990,15,"203-1","BENA",97,41,11,0,17,1,0,0,0.058823529,0,0,"Moose",NA,NA,1,1,0,0,905.036767,"East","24A","Low Shrub","Low Shrub","Loam","Mesic",0,550.644958,299,23.927214,-149.794431,67.571449,-0.0598603751089375,0.941896036534986,"203-1-A-BENA_2005",12.8666667938232,-5.68333311875661,123,62,8.76666673024496,-8.64166684945424,4.19999996821086,13.4000002543132,16.7000008821487,0.925000003228585,68.309998691082,276.139998912811,134.60000038147,1,"24A_2005",0.76
"2129","203-1-D-BENA",2005,0.16925,3.04286947889753,13,1992,15,"203-1","BENA",143,46,14,0,26,2,0,0,0.076923077,0,0,"Moose",NA,NA,1,1,0,0,905.036767,"East","24A","Low Shrub","Low Shrub","Loam","Mesic",0,550.644958,299,23.927214,-149.794431,67.571449,1.03721563695104,2.82135040387136,"203-1-D-BENA_2005",12.8666667938232,-5.68333311875661,123,62,8.76666673024496,-8.64166684945424,4.19999996821086,13.4000002543132,16.7000008821487,0.925000003228585,68.309998691082,276.139998912811,134.60000038147,1,"24A_2005",0.76
"2130","203-2-B-BENA",2005,0.169,3.80570020781745,7,1998,15,"203-2","BENA",146,44,15,0,20,0,0,0,0,0,0,NA,NA,NA,0,0,1,0,933.944119,"East","24A","Low Shrub","Low Shrub","Loam","Mesic",0,566.911377,300,26.508135,-149.793674,67.571447,0.522191245030598,1.68571742555273,"203-2-B-BENA_2005",12.8666667938232,-5.68333311875661,123,62,8.76666673024496,-8.64166684945424,4.19999996821086,13.4000002543132,16.7000008821487,0.925000003228585,68.309998691082,276.139998912811,134.60000038147,1,"24A_2005",0.76
"2131","203-2-C-BENA",2005,0.05075,0.318592641641822,29,1976,15,"203-2","BENA",118,35,14,0,38,0,0,0,0,0,0,NA,NA,NA,0,0,1,0,933.944119,"East","24A","Low Shrub","Low Shrub","Loam","Mesic",0,566.911377,300,26.508135,-149.793674,67.571447,-0.261956264233543,0.769544679597973,"203-2-C-BENA_2005",12.8666667938232,-5.68333311875661,123,62,8.76666673024496,-8.64166684945424,4.19999996821086,13.4000002543132,16.7000008821487,0.925000003228585,68.309998691082,276.139998912811,134.60000038147,1,"24A_2005",0.76
"2132","203-3-B-BENA",2005,0.20575,2.63772615599885,9,1996,15,"203-3","BENA",108,53,11,7,21,0,0,0,0,0,0,NA,NA,NA,0,0,1,0,922.335664,"East","24A","Low Shrub","Low Shrub","Loam","Mesic",0,556.241272,305,23.609533,-149.79364,67.571701,0.455511708955537,1.57698013146216,"203-3-B-BENA_2005",12.8666667938232,-5.68333311875661,123,62,8.76666673024496,-8.64166684945424,4.19999996821086,13.4000002543132,16.7000008821487,0.925000003228585,68.309998691082,276.139998912811,134.60000038147,1,"24A_2005",0.76
"2133","203-3-D-BENA",2005,0.29325,3.18552841589887,13,1992,15,"203-3","BENA",108,52,11,0,7,1,0,0,0.14,0,0,"Moose",NA,NA,1,0,1,0,922.335664,"East","24A","Low Shrub","Low Shrub","Loam","Mesic",0,556.241272,305,23.609533,-149.79364,67.571701,1.08303284212494,2.95362385572853,"203-3-D-BENA_2005",12.8666667938232,-5.68333311875661,123,62,8.76666673024496,-8.64166684945424,4.19999996821086,13.4000002543132,16.7000008821487,0.925000003228585,68.309998691082,276.139998912811,134.60000038147,1,"24A_2005",0.76
"2134","203-4-A-BENA",2005,0.06225,0.814280199108684,9,1996,15,"203-4","BENA",85,42,10,0,10,0,0,0,0,0,0,NA,NA,NA,0,1,1,0,951.384807,"East","24A","Low Shrub","Low Shrub","Loam","Mesic",0,569.135193,316,29.227108,-149.792864,67.571712,-0.719856279783082,0.48682221712708,"203-4-A-BENA_2005",12.8666667938232,-5.68333311875661,123,62,8.76666673024496,-8.64166684945424,4.19999996821086,13.4000002543132,16.7000008821487,0.925000003228585,68.309998691082,276.139998912811,134.60000038147,1,"24A_2005",0.76
"2135","203-4-B-BENA",2005,0.1155,1.88012774964348,26,1979,15,"203-4","BENA",99,36,12,0,12,0,0,0,0,0,0,NA,NA,NA,0,1,1,0,951.384807,"East","24A","Low Shrub","Low Shrub","Loam","Mesic",0,569.135193,316,29.227108,-149.792864,67.571712,1.38291370455634,3.98650020568717,"203-4-B-BENA_2005",12.8666667938232,-5.68333311875661,123,62,8.76666673024496,-8.64166684945424,4.19999996821086,13.4000002543132,16.7000008821487,0.925000003228585,68.309998691082,276.139998912811,134.60000038147,1,"24A_2005",0.76
"2136","209-1-C-BENA",2005,0.058,0.523678338317208,16,1989,16,"209-1","BENA",58,59,14,0,9,0,0,0,0,0,0,NA,NA,NA,0,0,1,0,698.873831,"East","24A","Low Shrub","Black Spruce Woodland","Sandy Loam","Mesic - Xeric",0,553.345276,287,19.679848,-149.692986,67.655886,-0.474678903414,0.62208477369608,"209-1-C-BENA_2005",12.0894683202108,-6.13252274195353,114,59.0451354980469,8.76666673024496,-8.64166684945424,4.19999996821086,13.4000002543132,16.7000008821487,0.925000003228585,68.309998691082,276.139998912811,134.60000038147,1,"24A_2005",0.76
"2137","209-1-D-BENA",2005,0.09275,0.642426048878445,21,1984,16,"209-1","BENA",76,39,10,0,6,0,0,0,0,0,0,NA,NA,NA,0,0,1,0,698.873831,"East","24A","Low Shrub","Black Spruce Woodland","Sandy Loam","Mesic - Xeric",0,553.345276,287,19.679848,-149.692986,67.655886,0.0542041822612708,1.05570013539117,"209-1-D-BENA_2005",12.0894683202108,-6.13252274195353,114,59.0451354980469,8.76666673024496,-8.64166684945424,4.19999996821086,13.4000002543132,16.7000008821487,0.925000003228585,68.309998691082,276.139998912811,134.60000038147,1,"24A_2005",0.76
"2138","209-2-B-BENA",2005,0.1005,1.27033990319272,37,1968,16,"209-2","BENA",104,57,18,0,18,0,0,0,0,0,0,NA,NA,NA,0,0,0,0,728.528855,"East","24A","Low Shrub","Black Spruce Woodland","Sandy Loam","Mesic - Xeric",0,561.911133,287,21.070175,-149.692261,67.656,1.41189386501409,4.10371994088175,"209-2-B-BENA_2005",12.0894683202108,-6.13252274195353,114,59.0451354980469,8.76666673024496,-8.64166684945424,4.19999996821086,13.4000002543132,16.7000008821487,0.925000003228585,68.309998691082,276.139998912811,134.60000038147,1,"24A_2005",0.76
"2139","209-2-D-BENA",2005,0.07625,0.355786349766748,44,1961,16,"209-2","BENA",86,47,10,0,6,0,0,0,0,0,0,NA,NA,NA,0,0,0,0,728.528855,"East","24A","Low Shrub","Black Spruce Woodland","Sandy Loam","Mesic - Xeric",0,561.911133,287,21.070175,-149.692261,67.656,0.345956332146254,1.41334089690654,"209-2-D-BENA_2005",12.0894683202108,-6.13252274195353,114,59.0451354980469,8.76666673024496,-8.64166684945424,4.19999996821086,13.4000002543132,16.7000008821487,0.925000003228585,68.309998691082,276.139998912811,134.60000038147,1,"24A_2005",0.76
"2140","209-3-A-BENA",2005,0.0285,0.22733035680274,45,1960,16,"209-3","BENA",67,52,13,0,10,0,0,0,0,0,0,NA,NA,NA,0,0,1,0,711.058695,"East","24A","Low Shrub","Black Spruce Woodland","Sandy Loam","Mesic - Xeric",0,553.430786,276,18.070417,-149.69261,67.656251,-0.0751520741925955,0.927602411214148,"209-3-A-BENA_2005",12.0894683202108,-6.13252274195353,114,59.0451354980469,8.76666673024496,-8.64166684945424,4.19999996821086,13.4000002543132,16.7000008821487,0.925000003228585,68.309998691082,276.139998912811,134.60000038147,1,"24A_2005",0.76
"2141","209-3-D-BENA",2005,0.111,1.04144267705399,23,1982,16,"209-3","BENA",84,39,10,0,8,0,0,0,0,0,0,NA,NA,NA,0,0,1,0,711.058695,"East","24A","Low Shrub","Black Spruce Woodland","Sandy Loam","Mesic - Xeric",0,553.430786,276,18.070417,-149.69261,67.656251,0.645874830243772,1.90765517393468,"209-3-D-BENA_2005",12.0894683202108,-6.13252274195353,114,59.0451354980469,8.76666673024496,-8.64166684945424,4.19999996821086,13.4000002543132,16.7000008821487,0.925000003228585,68.309998691082,276.139998912811,134.60000038147,1,"24A_2005",0.76
"2142","209-4-C-BENA",2005,0.13925,1.10383804509649,14,1991,16,"209-4","BENA",57,38,10,0,7,0,0,0,0,0,0,NA,NA,NA,0,0,0,0,738.024448,"East","24A","Low Shrub","Black Spruce Woodland","Sandy Loam","Mesic - Xeric",0,561.090881,296,18.584587,-149.691928,67.656444,0.111643805262796,1.11811452319765,"209-4-C-BENA_2005",12.0894683202108,-6.13252274195353,114,59.0451354980469,8.76666673024496,-8.64166684945424,4.19999996821086,13.4000002543132,16.7000008821487,0.925000003228585,68.309998691082,276.139998912811,134.60000038147,1,"24A_2005",0.76
"2143","209-4-D-BENA",2005,0.039,0.143718413802536,33,1972,16,"209-4","BENA",71,50,9,0,8,0,0,0,0,0,0,NA,NA,NA,0,0,0,0,738.024448,"East","24A","Low Shrub","Black Spruce Woodland","Sandy Loam","Mesic - Xeric",0,561.090881,296,18.584587,-149.691928,67.656444,-0.903820287195096,0.405019409960708,"209-4-D-BENA_2005",12.0894683202108,-6.13252274195353,114,59.0451354980469,8.76666673024496,-8.64166684945424,4.19999996821086,13.4000002543132,16.7000008821487,0.925000003228585,68.309998691082,276.139998912811,134.60000038147,1,"24A_2005",0.76
"2144","222-1-B-BENA",2005,0.0945,0.9322047880997,25,1980,17,"222-1","BENA",63,58,19,0,9,0,2,0,0,0.222222222,0,NA,"Hare",NA,1,2,18,0,769.468544,"East","24A","Low Shrub","Tall Shrub","Clay Loam","Mesic",0,669.484009,287,15.029548,-149.809491,67.826198,0.634567626588653,1.88620641961907,"222-1-B-BENA_2005",11.4333333969116,-6.72499988476435,112,64,8.76666673024496,-8.64166684945424,4.19999996821086,13.4000002543132,16.7000008821487,0.925000003228585,68.309998691082,276.139998912811,134.60000038147,1,"24A_2005",0.76
"2145","222-1-D-BENA",2005,0.107,0.602213466562953,24,1981,17,"222-1","BENA",78,38,9,0,9,0,2,0,0,0.222222222,0,NA,"Hare",NA,1,2,18,0,769.468544,"East","24A","Low Shrub","Tall Shrub","Clay Loam","Mesic",0,669.484009,287,15.029548,-149.809491,67.826198,0.148912620669473,1.16057157481115,"222-1-D-BENA_2005",11.4333333969116,-6.72499988476435,112,64,8.76666673024496,-8.64166684945424,4.19999996821086,13.4000002543132,16.7000008821487,0.925000003228585,68.309998691082,276.139998912811,134.60000038147,1,"24A_2005",0.76
"2146","222-2-A-BENA",2005,0.098,1.34095426666562,19,1986,17,"222-2","BENA",81,59,12,0,9,0,0,0,0,0,0,NA,NA,NA,0,3,13,0,794.735172,"East","24A","Low Shrub","Tall Shrub","Clay Loam","Mesic",0,676.198608,282,15.59229,-149.808768,67.826375,0.670655790875598,1.95551931195272,"222-2-A-BENA_2005",11.4333333969116,-6.72499988476435,112,64,8.76666673024496,-8.64166684945424,4.19999996821086,13.4000002543132,16.7000008821487,0.925000003228585,68.309998691082,276.139998912811,134.60000038147,1,"24A_2005",0.76
"2147","222-3-A-BENA",2005,0.04925,0.319542580720451,43,1962,17,"222-3","BENA",126,65,16,0,21,0,3,0,0,0.142857143,0,NA,"Hare",NA,1,2,11,1,778.440723,"East","24A","Low Shrub","Low Shrub","Clay Loam","Mesic",0,672.469177,278,13.422374,-149.809021,67.826615,0.211082179901463,1.23501384420718,"222-3-A-BENA_2005",11.4333333969116,-6.72499988476435,112,64,8.76666673024496,-8.64166684945424,4.19999996821086,13.4000002543132,16.7000008821487,0.925000003228585,68.309998691082,276.139998912811,134.60000038147,1,"24A_2005",0.76
"2148","222-4-D-BENA",2005,0.17125,2.37055255036696,10,1995,17,"222-4","BENA",107,70,8,0,14,0,0,0,0,0,0,NA,NA,NA,0,0,15,0,805.061274,"East","24A","Low Shrub","Low Shrub","Clay Loam","Mesic",0,678.755371,278,16.631924,-149.808355,67.826658,0.474448314309346,1.60712732372294,"222-4-D-BENA_2005",11.4333333969116,-6.72499988476435,112,64,8.76666673024496,-8.64166684945424,4.19999996821086,13.4000002543132,16.7000008821487,0.925000003228585,68.309998691082,276.139998912811,134.60000038147,1,"24A_2005",0.76
"2149","235-1-A-BENA",2005,0.0715,0.648376814412965,26,1979,18,"235-1","BENA",59,29,10,0,18,0,0,0,0,0,0,NA,NA,NA,0,0,5,0,477.732622,"East","24A","Low Shrub","Low Shrub","Sandy Gravel","Mesic",0,813.776917,295,20.303024,-149.727576,68.004859,0.318290730171164,1.37477589196277,"235-1-A-BENA_2005",9.13333320617676,-8.04166676973303,113,79,7.5,-9.82500025133292,3.13333336512248,11.9333337148031,10.4000002741814,0.850000020116568,48.929998755455,287.31999874115,108.000001907349,1,"24A_2005",0.76
"2150","235-1-B-BENA",2005,0.15875,2.0671021889659,13,1992,18,"235-1","BENA",42,18,10,0,10,0,1,0,0,0.1,0,NA,"Hare",NA,1,0,5,0,477.732622,"East","24A","Low Shrub","Low Shrub","Sandy Gravel","Mesic",0,813.776917,295,20.303024,-149.727576,68.004859,0.650562376978917,1.91661838804711,"235-1-B-BENA_2005",9.13333320617676,-8.04166676973303,113,79,7.5,-9.82500025133292,3.13333336512248,11.9333337148031,10.4000002741814,0.850000020116568,48.929998755455,287.31999874115,108.000001907349,1,"24A_2005",0.76
"2151","235-2-B-BENA",2005,0.06875,0.415608164377324,22,1983,18,"235-2","BENA",54,38,8,0,9,0,0,0,0,0,0,NA,NA,NA,NA,0,0,0,510.631222,"East","24A","Dwarf Shrub-Lichen","Low Shrub","Sandy Gravel","Mesic",0,828.022217,289,26.243103,-149.726481,68.004961,-0.325790492499682,0.721956426874597,"235-2-B-BENA_2005",9.13333320617676,-8.04166676973303,113,79,7.5,-9.82500025133292,3.13333336512248,11.9333337148031,10.4000002741814,0.850000020116568,48.929998755455,287.31999874115,108.000001907349,1,"24A_2005",0.76
"2152","235-2-C-BENA",2005,0.16725,0.995298375109447,17,1988,18,"235-2","BENA",58,33,8,0,9,0,2,0,0,0.222222222,0,NA,"Hare",NA,1,0,0,0,510.631222,"East","24A","Dwarf Shrub-Lichen","Low Shrub","Sandy Gravel","Mesic",0,828.022217,289,26.243103,-149.726481,68.004961,0.23983172980964,1.27103525498149,"235-2-C-BENA_2005",9.13333320617676,-8.04166676973303,113,79,7.5,-9.82500025133292,3.13333336512248,11.9333337148031,10.4000002741814,0.850000020116568,48.929998755455,287.31999874115,108.000001907349,1,"24A_2005",0.76
"2153","235-3-B-BENA",2005,0.072,0.594665790212705,20,1985,18,"235-3","BENA",59,31,10,0,15,0,0,0,0,0,0,NA,NA,NA,0,0,1,0,482.982181,"East","24A","Dwarf Shrub-Lichen","Low Shrub","Sandy Gravel","Mesic",0,817.546387,298,18.704132,-149.726784,68.005244,-0.0812711667639557,0.921943657067597,"235-3-B-BENA_2005",9.13333320617676,-8.04166676973303,113,79,7.5,-9.82500025133292,3.13333336512248,11.9333337148031,10.4000002741814,0.850000020116568,48.929998755455,287.31999874115,108.000001907349,1,"24A_2005",0.76
"2154","235-4-A-BENA",2005,0.099,1.31902594994355,15,1990,18,"235-4","BENA",45,36,11,0,13,0,0,0,0,0,0,NA,NA,NA,0,0,0,0,503.848767,"East","24A","Low Shrub","Low Shrub","Sandy Gravel","Mesic",0,825.290771,293,20.728168,-149.726015,68.005351,0.372075973884613,1.45074319570255,"235-4-A-BENA_2005",9.13333320617676,-8.04166676973303,113,79,7.5,-9.82500025133292,3.13333336512248,11.9333337148031,10.4000002741814,0.850000020116568,48.929998755455,287.31999874115,108.000001907349,1,"24A_2005",0.76
"2155","235-4-C-BENA",2005,0.14775,3.02024019431463,9,1996,18,"235-4","BENA",61,45,11,0,10,0,0,0,0,0,0,NA,NA,NA,0,0,0,0,503.848767,"East","24A","Low Shrub","Low Shrub","Sandy Gravel","Mesic",0,825.290771,293,20.728168,-149.726015,68.005351,0.590930830244428,1.80566840414637,"235-4-C-BENA_2005",9.13333320617676,-8.04166676973303,113,79,7.5,-9.82500025133292,3.13333336512248,11.9333337148031,10.4000002741814,0.850000020116568,48.929998755455,287.31999874115,108.000001907349,1,"24A_2005",0.76
"2156","240-1-D-BENA",2005,0.2495,3.26464098384927,6,1999,19,"240-1","BENA",70,38,7,0,13,0,0,0,0,0,0,NA,NA,NA,0,0,1,0,395.986648,"West","24A","Low Shrub","Low Shrub","Sandy Loam","Mesic",0,1043.032227,75,23.365055,-149.606437,68.069578,0.184887081487728,1.20308258216208,"240-1-D-BENA_2005",8.05162175496419,-8.50827507177989,138.083261489868,115.902714729309,7.5,-9.82500025133292,3.13333336512248,11.9333337148031,10.4000002741814,0.850000020116568,48.929998755455,287.31999874115,108.000001907349,1,"24A_2005",0.76
"2157","240-2-A-BENA",2005,0.1615,2.43282578899504,9,1996,19,"240-2","BENA",90,57,9,0,23,0,0,2,0,0,0.086956522,NA,NA,"Ptarmagin",1,0,0,0,426.292991,"West","24A","Tussock Tundra (Low shrub or Herbaceous)","Low Shrub","Sandy Loam","Mesic",0,1048.270996,87,24.096361,-149.606886,68.069926,0.374647925344465,1.45447923918438,"240-2-A-BENA_2005",8.05162175496419,-8.50827507177989,138.083261489868,115.902714729309,7.5,-9.82500025133292,3.13333336512248,11.9333337148031,10.4000002741814,0.850000020116568,48.929998755455,287.31999874115,108.000001907349,1,"24A_2005",0.76
"2158","240-2-D-BENA",2005,0.16375,2.13452273080734,7,1998,19,"240-2","BENA",84,31,8,0,10,0,0,0,0,0,0,NA,NA,NA,0,0,0,0,426.292991,"West","24A","Tussock Tundra (Low shrub or Herbaceous)","Low Shrub","Sandy Loam","Mesic",0,1048.270996,87,24.096361,-149.606886,68.069926,-0.0560656760310526,0.945477038671918,"240-2-D-BENA_2005",8.05162175496419,-8.50827507177989,138.083261489868,115.902714729309,7.5,-9.82500025133292,3.13333336512248,11.9333337148031,10.4000002741814,0.850000020116568,48.929998755455,287.31999874115,108.000001907349,1,"24A_2005",0.76
"2159","240-3-D-BENA",2005,0.103,1.25890372053548,21,1984,19,"240-3","BENA",97,46,12,0,13,0,0,2,0,0,0.153846154,NA,NA,"Ptarmagin",1,0,1,3,399.798137,"West","24A","Low Shrub","Low Shrub","Sandy Loam","Mesic",0,1034.808228,93,20.584356,-149.606025,68.07014,0.726949029292054,2.06875924557228,"240-3-D-BENA_2005",8.05162175496419,-8.50827507177989,138.083261489868,115.902714729309,7.5,-9.82500025133292,3.13333336512248,11.9333337148031,10.4000002741814,0.850000020116568,48.929998755455,287.31999874115,108.000001907349,1,"24A_2005",0.76
"2160","240-4-B-BENA",2005,0.16025,1.97411497341045,37,1968,19,"240-4","BENA",102,72,15,0,13,0,0,0,0,0,0,NA,NA,NA,0,0,2,0,431.079046,"West","24A","Low Shrub","Low Shrub","Sandy Loam","Mesic",0,1046.807861,94,24.616484,-149.606605,68.070368,1.85272954323443,6.37720263814206,"240-4-B-BENA_2005",8.05162175496419,-8.50827507177989,138.083261489868,115.902714729309,7.5,-9.82500025133292,3.13333336512248,11.9333337148031,10.4000002741814,0.850000020116568,48.929998755455,287.31999874115,108.000001907349,1,"24A_2005",0.76
"2161","240-4-D-BENA",2005,0.13975,1.38483426570509,20,1985,19,"240-4","BENA",83,41,16,0,29,0,0,3,0,0,0.103448276,NA,NA,"Ptarmagin",1,0,2,0,431.079046,"West","24A","Low Shrub","Low Shrub","Sandy Loam","Mesic",0,1046.807861,94,24.616484,-149.606605,68.070368,0.764065030333167,2.14698606909941,"240-4-D-BENA_2005",8.05162175496419,-8.50827507177989,138.083261489868,115.902714729309,7.5,-9.82500025133292,3.13333336512248,11.9333337148031,10.4000002741814,0.850000020116568,48.929998755455,287.31999874115,108.000001907349,1,"24A_2005",0.76
"2162","255-1-A-BENA",2005,0.18675,2.32814222764073,36,1969,20,"255-1","BENA",71,26,15,0,17,0,0,0,0,0,0,NA,NA,NA,0,0,0,0,585.543915,"East","26B","Low Shrub","Low Shrub","Sandy Gravel","Mesic - Xeric",0,991.483582,331,1.701594,-149.392735,68.222633,1.98498372759684,7.27892893882344,"255-1-A-BENA_2005",8.3696756362915,-8.94580409427484,136.864593505859,127.954864501953,5.60000006357829,-11.3666668931643,1.36666667461395,9.86666679382324,6.80000019073486,0.733333344260852,39.0099989771843,304.539998054504,108.600004196167,1,"26B_2005",0.27
"2163","255-1-B-BENA",2005,0.06375,0.433849036722229,6,1999,20,"255-1","BENA",41,27,7,0,12,0,0,0,0,0,0,NA,NA,NA,0,0,0,0,585.543915,"East","26B","Low Shrub","Low Shrub","Sandy Gravel","Mesic - Xeric",0,991.483582,331,1.701594,-149.392735,68.222633,-1.83332136323644,0.1598816598672,"255-1-B-BENA_2005",8.3696756362915,-8.94580409427484,136.864593505859,127.954864501953,5.60000006357829,-11.3666668931643,1.36666667461395,9.86666679382324,6.80000019073486,0.733333344260852,39.0099989771843,304.539998054504,108.600004196167,1,"26B_2005",0.27
"2164","255-2-C-BENA",2005,0.022,0.10180645153223,24,1981,20,"255-2","BENA",65,27,8,0,20,0,0,0,0,0,0,NA,NA,NA,0,0,1,1,631.079496,"East","26B","Low Shrub","Low Shrub","Sandy Gravel","Mesic - Xeric",0,993.382141,286,2.676414,-149.39171,68.222788,-1.6286258807165,0.196198989795165,"255-2-C-BENA_2005",8.3696756362915,-8.94580409427484,136.864593505859,127.954864501953,5.60000006357829,-11.3666668931643,1.36666667461395,9.86666679382324,6.80000019073486,0.733333344260852,39.0099989771843,304.539998054504,108.600004196167,1,"26B_2005",0.27
"2165","255-2-D-BENA",2005,0.132,2.08091557551419,16,1989,20,"255-2","BENA",60,32,10,0,11,0,0,0,0,0,0,NA,NA,NA,0,0,1,1,631.079496,"East","26B","Low Shrub","Low Shrub","Sandy Gravel","Mesic - Xeric",0,993.382141,286,2.676414,-149.39171,68.222788,0.905006715306293,2.47194852289321,"255-2-D-BENA_2005",8.3696756362915,-8.94580409427484,136.864593505859,127.954864501953,5.60000006357829,-11.3666668931643,1.36666667461395,9.86666679382324,6.80000019073486,0.733333344260852,39.0099989771843,304.539998054504,108.600004196167,1,"26B_2005",0.27
"2166","255-4-B-BENA",2005,0.03,0.503236019215276,9,1996,20,"255-4","BENA",49,32,10,0,25,0,0,0,0,0,0,NA,NA,NA,0,0,0,2,644.564014,"East","26B","Low Shrub","Low Shrub","Sandy Gravel","Mesic - Xeric",0,993.003235,239,7.430982,-149.391619,68.223199,-1.20110152836204,0.30086262060744,"255-4-B-BENA_2005",8.3696756362915,-8.94580409427484,136.864593505859,127.954864501953,5.60000006357829,-11.3666668931643,1.36666667461395,9.86666679382324,6.80000019073486,0.733333344260852,39.0099989771843,304.539998054504,108.600004196167,1,"26B_2005",0.27
"2167","255-4-D-BENA",2005,0.0525,0.206826752349084,28,1977,20,"255-4","BENA",56,29,5,0,12,0,0,0,0,0,0,NA,NA,NA,0,0,0,2,644.564014,"East","26B","Low Shrub","Low Shrub","Sandy Gravel","Mesic - Xeric",0,993.003235,239,7.430982,-149.391619,68.223199,-0.735863895989449,0.479091395011817,"255-4-D-BENA_2005",8.3696756362915,-8.94580409427484,136.864593505859,127.954864501953,5.60000006357829,-11.3666668931643,1.36666667461395,9.86666679382324,6.80000019073486,0.733333344260852,39.0099989771843,304.539998054504,108.600004196167,1,"26B_2005",0.27
"2168","261-1-C-BENA",2005,0.0756666666666667,0.291833377866554,29,1976,21,"261-1","BENA",52,23,10,0,13,0,0,0,0,0,0,NA,NA,NA,0,0,0,0,356.206777,"East","26B","Dwarf Shrub","Low Shrub","Sandy Loam","Mesic",0,883.832947,287,13.943512,-149.352299,68.301689,-0.349686549872932,0.704909008911745,"261-1-C-BENA_2005",8.56283171971639,-9.07586391518513,143.051836013794,129.178262710571,5.60000006357829,-11.3666668931643,1.36666667461395,9.86666679382324,6.80000019073486,0.733333344260852,39.0099989771843,304.539998054504,108.600004196167,1,"26B_2005",0.27
"2169","261-1-D-BENA",2005,0.0585,0.42775532872197,16,1989,21,"261-1","BENA",59,19,9,0,15,0,0,0,0,0,0,NA,NA,NA,0,0,0,0,356.206777,"East","26B","Dwarf Shrub","Low Shrub","Sandy Loam","Mesic",0,883.832947,287,13.943512,-149.352299,68.301689,-0.677005170817409,0.508136497912797,"261-1-D-BENA_2005",8.56283171971639,-9.07586391518513,143.051836013794,129.178262710571,5.60000006357829,-11.3666668931643,1.36666667461395,9.86666679382324,6.80000019073486,0.733333344260852,39.0099989771843,304.539998054504,108.600004196167,1,"26B_2005",0.27
"2170","261-2-B-BENA",2005,0.06175,0.643815418229495,19,1986,21,"261-2","BENA",66,25,12,0,19,0,0,0,0,0,0,NA,NA,NA,0,0,0,1,388.99561,"East","26B","Dwarf Shrub-Lichen","Low Shrub","Sandy Loam","Mesic",0,888.892761,295,13.025289,-149.351465,68.301786,-0.0630689205555878,0.938878763413221,"261-2-B-BENA_2005",8.56283171971639,-9.07586391518513,143.051836013794,129.178262710571,5.60000006357829,-11.3666668931643,1.36666667461395,9.86666679382324,6.80000019073486,0.733333344260852,39.0099989771843,304.539998054504,108.600004196167,1,"26B_2005",0.27
"2171","261-2-C-BENA",2005,0.07975,0.580693753235407,14,1991,21,"261-2","BENA",37,18,8,0,13,0,0,0,0,0,0,NA,NA,NA,0,0,0,1,388.99561,"East","26B","Dwarf Shrub-Lichen","Low Shrub","Sandy Loam","Mesic",0,888.892761,295,13.025289,-149.351465,68.301786,-0.530681197511519,0.588204149971935,"261-2-C-BENA_2005",8.56283171971639,-9.07586391518513,143.051836013794,129.178262710571,5.60000006357829,-11.3666668931643,1.36666667461395,9.86666679382324,6.80000019073486,0.733333344260852,39.0099989771843,304.539998054504,108.600004196167,1,"26B_2005",0.27
"2172","261-3-D-BENA",2005,0.207,2.39942585131964,25,1980,21,"261-3","BENA",74,41,14,0,26,0,0,0,0,0,0,NA,NA,NA,0,0,0,1,380.53651,"East","26B","Tussock Tundra (Low shrub or Herbaceous)","Low Shrub","Sandy Loam","Mesic",0,884.224731,295,11.657486,-149.351558,68.302088,1.57999986541888,4.8549551578521,"261-3-D-BENA_2005",8.56283171971639,-9.07586391518513,143.051836013794,129.178262710571,5.60000006357829,-11.3666668931643,1.36666667461395,9.86666679382324,6.80000019073486,0.733333344260852,39.0099989771843,304.539998054504,108.600004196167,1,"26B_2005",0.27
"2173","261-4-A-BENA",2005,0.03625,0.219081908941196,40,1965,21,"261-4","BENA",45,23,13,0,13,0,0,0,0,0,0,NA,NA,NA,0,0,0,0,405.679111,"East","26B","Low Shrub","Low Shrub","Sandy Loam","Mesic",0,886.626587,308,9.946874,-149.350886,68.302265,-0.25266572517245,0.776727478876996,"261-4-A-BENA_2005",8.56283171971639,-9.07586391518513,143.051836013794,129.178262710571,5.60000006357829,-11.3666668931643,1.36666667461395,9.86666679382324,6.80000019073486,0.733333344260852,39.0099989771843,304.539998054504,108.600004196167,1,"26B_2005",0.27
"2174","261-4-B-BENA",2005,0.148,1.76776161980436,19,1986,21,"261-4","BENA",71,30,12,0,13,0,0,0,0,0,0,NA,NA,NA,0,0,0,0,405.679111,"East","26B","Low Shrub","Low Shrub","Sandy Loam","Mesic",0,886.626587,308,9.946874,-149.350886,68.302265,0.946988415758566,2.5779342908182,"261-4-B-BENA_2005",8.56283171971639,-9.07586391518513,143.051836013794,129.178262710571,5.60000006357829,-11.3666668931643,1.36666667461395,9.86666679382324,6.80000019073486,0.733333344260852,39.0099989771843,304.539998054504,108.600004196167,1,"26B_2005",0.27
"2175","268-1-B-BENA",2005,0.0375,0.27267060737751,20,1985,22,"268-1","BENA",63,26,6,0,12,0,0,0,0,0,0,NA,NA,NA,0,0,1,2,212.091228,"West","26B","Low Shrub","Low Shrub","Sandy Gravel","Mesic",0,818.738892,195,1.432166,-149.327109,68.400098,-0.8610062170622,0.422736503558656,"268-1-B-BENA_2005",9.56365744272868,-8.48596665635705,139.954864501953,110.909729003906,5.60000006357829,-11.3666668931643,1.36666667461395,9.86666679382324,6.80000019073486,0.733333344260852,39.0099989771843,304.539998054504,108.600004196167,1,"26B_2005",0.27
"2176","268-1-C-BENA",2005,0.049,0.324039574254519,17,1988,22,"268-1","BENA",47,18,6,0,11,0,0,0,0,0,0,NA,NA,NA,0,0,1,2,212.091228,"West","26B","Low Shrub","Low Shrub","Sandy Gravel","Mesic",0,818.738892,195,1.432166,-149.327109,68.400098,-0.882345185783072,0.413811308434415,"268-1-C-BENA_2005",9.56365744272868,-8.48596665635705,139.954864501953,110.909729003906,5.60000006357829,-11.3666668931643,1.36666667461395,9.86666679382324,6.80000019073486,0.733333344260852,39.0099989771843,304.539998054504,108.600004196167,1,"26B_2005",0.27
"2177","268-2-A-BENA",2005,0.02875,0.496244993813342,15,1990,22,"268-2","BENA",60,23,9,0,24,0,0,0,0,0,0,NA,NA,NA,0,0,0,4,184.615387,"West","26B","Low Shrub","Low Shrub","Sandy Gravel","Mesic",0,819.441162,203,1.359031,-149.326454,68.400307,-0.60550310867488,0.545799760957674,"268-2-A-BENA_2005",9.56365744272868,-8.48596665635705,139.954864501953,110.909729003906,5.60000006357829,-11.3666668931643,1.36666667461395,9.86666679382324,6.80000019073486,0.733333344260852,39.0099989771843,304.539998054504,108.600004196167,1,"26B_2005",0.27
"2178","268-4-C-BENA",2005,0.01875,0.138293890358728,26,1979,22,"268-4","BENA",58,32,8,0,18,0,0,0,0,0,0,NA,NA,NA,0,0,0,5,171.881056,"West","26B","Dwarf Shrub-Lichen","Low Shrub","Sandy Gravel","Mesic",0,820.486511,188,1.085947,-149.326166,68.400831,-1.22680023992863,0.293229341710897,"268-4-C-BENA_2005",9.56365744272868,-8.48596665635705,139.954864501953,110.909729003906,5.60000006357829,-11.3666668931643,1.36666667461395,9.86666679382324,6.80000019073486,0.733333344260852,39.0099989771843,304.539998054504,108.600004196167,1,"26B_2005",0.27
"2179","268-4-D-BENA",2005,0.08825,0.553312809763962,17,1988,22,"268-4","BENA",57,23,7,0,15,0,0,0,0,0,0,NA,NA,NA,0,0,0,5,171.881056,"West","26B","Dwarf Shrub-Lichen","Low Shrub","Sandy Gravel","Mesic",0,820.486511,188,1.085947,-149.326166,68.400831,-0.347287335670866,0.706602267049344,"268-4-D-BENA_2005",9.56365744272868,-8.48596665635705,139.954864501953,110.909729003906,5.60000006357829,-11.3666668931643,1.36666667461395,9.86666679382324,6.80000019073486,0.733333344260852,39.0099989771843,304.539998054504,108.600004196167,1,"26B_2005",0.27
"2180","282-1-B-BENA",2005,0.110333333333333,0.926290533945558,16,1989,23,"282-1","BENA",41,18,8,0,9,0,0,0,0,0,0,NA,NA,NA,0,0,0,0,577.316923,"West","26B","Tussock Tundra (Low shrub or Herbaceous)","Tussock Tundra","Clay Loam","Mesic",0,826.622314,26,2.82316,-149.530032,68.582817,0.0956313959238234,1.10035339448641,"282-1-B-BENA_2005",10.0333331425985,-8.20833344757557,118,88,9.96666685740153,-7.85833370685577,5.60000006357829,14.3666664759318,20.1000002622604,0.975000008940697,55.6799980401993,261.319997310638,80.7000017166138,1,"26B_2005",0.27
"2181","282-1-D-BENA",2005,0.0215,0.321307959442223,15,1990,23,"282-1","BENA",74,20,11,0,15,0,0,0,0,0,0,NA,NA,NA,0,0,0,0,577.316923,"West","26B","Tussock Tundra (Low shrub or Herbaceous)","Tussock Tundra","Clay Loam","Mesic",0,826.622314,26,2.82316,-149.530032,68.582817,-1.04017281415866,0.353393605262902,"282-1-D-BENA_2005",10.0333331425985,-8.20833344757557,118,88,9.96666685740153,-7.85833370685577,5.60000006357829,14.3666664759318,20.1000002622604,0.975000008940697,55.6799980401993,261.319997310638,80.7000017166138,1,"26B_2005",0.27
"2182","282-2-A-BENA",2005,0.0945,0.380452368136868,18,1987,23,"282-2","BENA",44,16,6,0,7,0,0,0,0,0,0,NA,NA,NA,0,0,0,0,604.079816,"West","26B","Low Shrub","Low Shrub-Tussock Tundra","Clay Loam","Mesic",0,826.41803,354,3.355184,-149.530916,68.583004,-0.653640505448289,0.520148721481685,"282-2-A-BENA_2005",10.0333331425985,-8.20833344757557,118,88,9.96666685740153,-7.85833370685577,5.60000006357829,14.3666664759318,20.1000002622604,0.975000008940697,55.6799980401993,261.319997310638,80.7000017166138,1,"26B_2005",0.27
"2183","282-2-B-BENA",2005,0.02425,0.124122165898384,14,1991,23,"282-2","BENA",27,18,6,0,5,0,0,0,0,0,0,NA,NA,NA,0,0,0,0,604.079816,"West","26B","Low Shrub","Low Shrub-Tussock Tundra","Clay Loam","Mesic",0,826.41803,354,3.355184,-149.530916,68.583004,-2.07363842306758,0.125727498665441,"282-2-B-BENA_2005",10.0333331425985,-8.20833344757557,118,88,9.96666685740153,-7.85833370685577,5.60000006357829,14.3666664759318,20.1000002622604,0.975000008940697,55.6799980401993,261.319997310638,80.7000017166138,1,"26B_2005",0.27
"2184","282-3-B-BENA",2005,0.12375,0.729044863425978,11,1994,23,"282-3","BENA",31,18,7,0,8,0,0,0,0,0,0,NA,NA,NA,0,0,0,0,571.732475,"West","26B","Low Shrub","Low Shrub-Tussock Tundra","Clay Loam","Mesic",0,823.876221,27,3.830761,-149.53038,68.583298,-0.59095744404592,0.553796801370841,"282-3-B-BENA_2005",10.0333331425985,-8.20833344757557,118,88,9.96666685740153,-7.85833370685577,5.60000006357829,14.3666664759318,20.1000002622604,0.975000008940697,55.6799980401993,261.319997310638,80.7000017166138,1,"26B_2005",0.27
"2185","282-3-D-BENA",2005,0.1575,2.68157316831546,8,1997,23,"282-3","BENA",82,20,10,0,18,0,0,0,0,0,0,NA,NA,NA,0,0,0,0,571.732475,"West","26B","Low Shrub","Low Shrub-Tussock Tundra","Clay Loam","Mesic",0,823.876221,27,3.830761,-149.53038,68.583298,0.331443044431376,1.39297680623285,"282-3-D-BENA_2005",10.0333331425985,-8.20833344757557,118,88,9.96666685740153,-7.85833370685577,5.60000006357829,14.3666664759318,20.1000002622604,0.975000008940697,55.6799980401993,261.319997310638,80.7000017166138,1,"26B_2005",0.27
"2186","282-4-A-BENA",2005,0.04525,0.448185694796886,17,1988,23,"282-4","BENA",52,15,7,0,6,0,0,0,0,0,0,NA,NA,NA,0,0,0,0,597.547448,"West","26B","Tussock Tundra (Low shrub or Herbaceous)","Low Shrub-Tussock Tundra","Clay Loam","Mesic",0,823.620117,358,4.137664,-149.531178,68.583423,-0.558003193028263,0.572350797621442,"282-4-A-BENA_2005",10.0333331425985,-8.20833344757557,118,88,9.96666685740153,-7.85833370685577,5.60000006357829,14.3666664759318,20.1000002622604,0.975000008940697,55.6799980401993,261.319997310638,80.7000017166138,1,"26B_2005",0.27
"2187","60-4-A-BENA",2005,0.19075,2.54130675046936,6,1999,1,"60-4","BENA",92,NA,7,13,13,0,0,0,0,0,0,NA,NA,NA,0,0,1,0,1406.241796,"West","20F","Tall Shrub (Open-Closed)","Black Spruce Woodland","Silt Loam","Mesic",0,110.670654,252,1.181915,-149.840942,65.910317,-0.0655842987643908,0.936520095945031,"60-4-A-BENA_2005",15.3924773534139,-4.67612872521083,114.315948486328,65.225679397583,14.7333335876465,-2.71666661898295,9.53333346048991,20,66.3000020980835,1.05833336152136,108.839995384216,222.799999281764,169.300004005432,1,"20F_2005",0.375
"2188","60-4-B-BENA",2005,0.09,0.815573160835176,15,1990,1,"60-4","BENA",95,NA,9,0,9,0,2,0,0,0.222222222,0,NA,"Hare",NA,1,0,1,0,1406.241796,"West","20F","Tall Shrub (Open-Closed)","Black Spruce Woodland","Silt Loam","Mesic",0,110.670654,252,1.181915,-149.840942,65.910317,-0.108681721697358,0.897015872758142,"60-4-B-BENA_2005",15.3924773534139,-4.67612872521083,114.315948486328,65.225679397583,14.7333335876465,-2.71666661898295,9.53333346048991,20,66.3000020980835,1.05833336152136,108.839995384216,222.799999281764,169.300004005432,1,"20F_2005",0.375
"2189","72-1-C-BENA",2005,0.07275,0.52412427241946,37,1968,2,"72-1","BENA",118,71,9,0,11,0,2,0,0,0.181818182,0,NA,"Hare",NA,1,0,0,0,895.937772,"West","20F","Tussock Tundra (Low shrub or Herbaceous)","Black Spruce Woodland","Clay Loam","Mesic",0,130.808105,148,1.606934,-150.14017,66.022623,0.526582898370136,1.69313679183199,"72-1-C-BENA_2005",15.6653525034587,-4.4054502248764,109.250415802002,64.0575046539307,13.2000001271566,-4.43333355585734,8.23333342870077,18.2333335876465,52.0000007152557,1.1000000325342,107.969996929169,234.449997082353,175.800004005432,1,"20F_2005",0.375
"2190","72-1-D-BENA",2005,0.06675,0.585748183115957,49,1956,2,"72-1","BENA",65,41,8,7,4,0,0,0,0,0,0,NA,NA,NA,0,0,0,0,895.937772,"West","20F","Tussock Tundra (Low shrub or Herbaceous)","Black Spruce Woodland","Clay Loam","Mesic",0,130.808105,148,1.606934,-150.14017,66.022623,0.972955729354476,2.64575304357407,"72-1-D-BENA_2005",15.6653525034587,-4.4054502248764,109.250415802002,64.0575046539307,13.2000001271566,-4.43333355585734,8.23333342870077,18.2333335876465,52.0000007152557,1.1000000325342,107.969996929169,234.449997082353,175.800004005432,1,"20F_2005",0.375
"2191","72-2-A-BENA",2005,0.0765,0.577397240794087,36,1969,2,"72-2","BENA",121,72,12,21,14,0,0,0,0,0,0,NA,NA,NA,0,0,0,0,855.94066,"West","20F","Tussock Tundra (Low shrub or Herbaceous)","Black Spruce Woodland","Clay Loam","Mesic",0,131.055786,179,2.125059,-150.13956,66.022889,0.590688314808503,1.80523055478097,"72-2-A-BENA_2005",15.6653525034587,-4.4054502248764,109.250415802002,64.0575046539307,13.2000001271566,-4.43333355585734,8.23333342870077,18.2333335876465,52.0000007152557,1.1000000325342,107.969996929169,234.449997082353,175.800004005432,1,"20F_2005",0.375
"2192","72-2-B-BENA",2005,0.161,1.94630461349318,6,1999,2,"72-2","BENA",104,67,9,0,5,0,1,0,0,0.2,0,NA,"Hare",NA,1,0,0,0,855.94066,"West","20F","Tussock Tundra (Low shrub or Herbaceous)","Black Spruce Woodland","Clay Loam","Mesic",0,131.055786,179,2.125059,-150.13956,66.022889,-0.332330211534727,0.717250439377397,"72-2-B-BENA_2005",15.6653525034587,-4.4054502248764,109.250415802002,64.0575046539307,13.2000001271566,-4.43333355585734,8.23333342870077,18.2333335876465,52.0000007152557,1.1000000325342,107.969996929169,234.449997082353,175.800004005432,1,"20F_2005",0.375
"2193","72-3-D-BENA",2005,0.0545,0.269752067802324,49,1956,2,"72-3","BENA",104,47,11,0,9,0,0,0,0,0,0,NA,NA,NA,0,0,1,0,885.368743,"West","20F","Tussock Tundra (Low shrub or Herbaceous)","Black Spruce Woodland","Clay Loam","Mesic",0,132.401993,119,2.284806,-150.140609,66.023021,0.197569023513186,1.21843716288082,"72-3-D-BENA_2005",15.6653525034587,-4.4054502248764,109.250415802002,64.0575046539307,13.2000001271566,-4.43333355585734,8.23333342870077,18.2333335876465,52.0000007152557,1.1000000325342,107.969996929169,234.449997082353,175.800004005432,1,"20F_2005",0.375
"2194","72-4-A-BENA",2005,0.226,2.39411979670648,7,1998,2,"72-4","BENA",97,39,7,0,8,0,0,0,0,0,0,NA,NA,NA,0,0,0,0,844.255779,"West","20F","Tussock Tundra (Low shrub or Herbaceous)","Low Shrub-Tussock Tundra","Clay Loam","Mesic",0,132.260803,156,1.029158,-150.139994,66.023305,0.0587068938467903,1.06046436655172,"72-4-A-BENA_2005",15.6653525034587,-4.4054502248764,109.250415802002,64.0575046539307,13.2000001271566,-4.43333355585734,8.23333342870077,18.2333335876465,52.0000007152557,1.1000000325342,107.969996929169,234.449997082353,175.800004005432,1,"20F_2005",0.375
"2195","72-4-D-BENA",2005,0.11075,0.547557019323503,8,1997,2,"72-4","BENA",85,37,8,0,12,0,0,0,0,0,0,NA,NA,NA,0,0,0,0,844.255779,"West","20F","Tussock Tundra (Low shrub or Herbaceous)","Low Shrub-Tussock Tundra","Clay Loam","Mesic",0,132.260803,156,1.029158,-150.139994,66.023305,-1.25724925880632,0.284435359444909,"72-4-D-BENA_2005",15.6653525034587,-4.4054502248764,109.250415802002,64.0575046539307,13.2000001271566,-4.43333355585734,8.23333342870077,18.2333335876465,52.0000007152557,1.1000000325342,107.969996929169,234.449997082353,175.800004005432,1,"20F_2005",0.375
"2196","97-3-D-BENA",2005,0.01475,0.159346488128596,10,1995,4,"97-3","BENA",75,49,7,21,13,0,0,0,0,0,0,NA,NA,NA,0,0,0,0,924.995234,"East","24A","Tussock Tundra (Low shrub or Herbaceous)","Tall Shrub","Gravely Sand Loam","Mesic",2004,557.015015,71,7.919354,-150.432427,66.349149,-2.22534903436895,0.108029705973452,"97-3-D-BENA_2005",13.1711804072062,-5.15457173188527,247.638916015625,137.729187011719,13.2000001271566,-4.43333355585734,8.23333342870077,18.2333335876465,52.0000007152557,1.1000000325342,107.969996929169,234.449997082353,175.800004005432,1,"24A_2005",0.76
"2197","102-3-B-BENA",2004,0.21425,4.87297600491237,24,1980,5,"102-3","BENA",72,NA,16,0,12,0,0,0,0,0,0,NA,NA,NA,0,0,0,0,939.238254,"West","24A","Tussock Tundra (Low shrub or Herbaceous)","Low Shrub","Sandy Loam","Mesic",2004,424.339783,330,3.896938,-150.565669,66.401242,2.23976076133728,9.39108430821999,"102-3-B-BENA_2004",15.1666666666667,-5.00000007947286,88,130,15.1000000635783,-4.35833334922791,9.73333326975504,20.5333334604899,61.2000007629395,1.14166668429971,79.949999332428,242.26999771595,77.5000038146973,1,"24A_2004",0.97
"2198","111-1-A-BENA",2004,0.08925,1.5684155886121,16,1988,6,"111-1","BENA",45,37,7,0,7,0,0,0,0,0,0,NA,NA,NA,0,0,0,0,640.914524,"West","24A","Tall Shrub (Open-Closed)","Low Shrub","Gravely Sand Loam","Mesic",0,512.854736,12,8.158982,-150.736683,66.498494,0.622264668476471,1.8631426681471,"111-1-A-BENA_2004",15.143850962321,-5.0414264301459,90.7895431518555,125.724008560181,15.1000000635783,-4.35833334922791,9.73333326975504,20.5333334604899,61.2000007629395,1.14166668429971,79.949999332428,242.26999771595,77.5000038146973,1,"24A_2004",0.97
"2199","111-1-B-BENA",2004,0.15675,1.72540293700739,8,1996,6,"111-1","BENA",89,51,9,0,12,0,0,0,0,0,0,NA,NA,NA,0,0,0,0,640.914524,"West","24A","Tall Shrub (Open-Closed)","Low Shrub","Gravely Sand Loam","Mesic",0,512.854736,12,8.158982,-150.736683,66.498494,-0.109499971098091,0.896282190266375,"111-1-B-BENA_2004",15.143850962321,-5.0414264301459,90.7895431518555,125.724008560181,15.1000000635783,-4.35833334922791,9.73333326975504,20.5333334604899,61.2000007629395,1.14166668429971,79.949999332428,242.26999771595,77.5000038146973,1,"24A_2004",0.97
"2200","111-2-D-BENA",2004,0.425,6.51366039822857,8,1996,6,"111-2","BENA",75,31,6,0,7,0,0,0,0,0,0,NA,NA,NA,0,0,0,0,685.564701,"West","24A","Tall Shrub (Open-Closed)","Low Shrub","Gravely Sand Loam","Mesic",0,516.430603,8,6.353059,-150.737535,66.498284,1.2189409903823,3.38360256793203,"111-2-D-BENA_2004",15.137547492981,-5.04525938630104,91.06321144104,126.189632415771,15.1000000635783,-4.35833334922791,9.73333326975504,20.5333334604899,61.2000007629395,1.14166668429971,79.949999332428,242.26999771595,77.5000038146973,1,"24A_2004",0.97
"2201","111-3-A-BENA",2004,0.04525,0.422739579700973,17,1987,6,"111-3","BENA",108,46,7,0,11,0,0,0,0,0,0,NA,NA,NA,0,0,0,0,664.632709,"West","24A","Tall Shrub (Open-Closed)","Low Shrub","Gravely Sand Loam","Mesic",0,511.257965,359,9.703425,-150.737553,66.498636,-0.616454498247076,0.539855105678144,"111-3-A-BENA_2004",15.143850962321,-5.0414264301459,90.7895431518555,125.724008560181,15.1000000635783,-4.35833334922791,9.73333326975504,20.5333334604899,61.2000007629395,1.14166668429971,79.949999332428,242.26999771595,77.5000038146973,1,"24A_2004",0.97
"2202","111-3-D-BENA",2004,0.1215,2.86754759942634,7,1997,6,"111-3","BENA",95,38,7,3,16,0,0,0,0,0,0,NA,NA,NA,0,0,0,0,664.632709,"West","24A","Tall Shrub (Open-Closed)","Low Shrub","Gravely Sand Loam","Mesic",0,511.257965,359,9.703425,-150.737553,66.498636,0.239148417076826,1.27016703707387,"111-3-D-BENA_2004",15.143850962321,-5.0414264301459,90.7895431518555,125.724008560181,15.1000000635783,-4.35833334922791,9.73333326975504,20.5333334604899,61.2000007629395,1.14166668429971,79.949999332428,242.26999771595,77.5000038146973,1,"24A_2004",0.97
"2203","111-4-A-BENA",2004,0.08775,1.92896518189031,6,1998,6,"111-4","BENA",112,61,10,0,19,0,0,0,0,0,0,NA,NA,NA,0,0,0,0,707.594422,"West","24A","Tall Shrub (Open-Closed)","Low Shrub","Gravely Sand Loam","Mesic",0,515.006653,353,8.170983,-150.73833,66.498407,-0.341279032252805,0.710860527515969,"111-4-A-BENA_2004",15.137547492981,-5.04525938630104,91.06321144104,126.189632415771,15.1000000635783,-4.35833334922791,9.73333326975504,20.5333334604899,61.2000007629395,1.14166668429971,79.949999332428,242.26999771595,77.5000038146973,1,"24A_2004",0.97
"2204","111-4-C-BENA",2004,0.087,0.560394159598941,12,1992,6,"111-4","BENA",51,30,7,0,13,0,0,0,0,0,0,NA,NA,NA,0,0,0,0,707.594422,"West","24A","Tall Shrub (Open-Closed)","Low Shrub","Gravely Sand Loam","Mesic",0,515.006653,353,8.170983,-150.73833,66.498407,-0.750218283723266,0.472263454063927,"111-4-C-BENA_2004",15.137547492981,-5.04525938630104,91.06321144104,126.189632415771,15.1000000635783,-4.35833334922791,9.73333326975504,20.5333334604899,61.2000007629395,1.14166668429971,79.949999332428,242.26999771595,77.5000038146973,1,"24A_2004",0.97
"2205","121-1-C-BENA",2004,0.0655,0.770213275306319,32,1972,7,"121-1","BENA",60,36,11,0,11,0,0,0,0,0,0,NA,NA,NA,0,0,0,0,1394.51987,"East","24A","Tall Shrub (Open-Closed)","Low Shrub","Clay Loam","Mesic",2005,466.470276,61,7.209129,-150.675843,66.599029,0.738270235222863,2.09231317286892,"121-1-C-BENA_2004",15.6666666666667,-4.80833325783412,81,107,15.1666666666667,-4.70833347241084,9.80000019073486,20.6000003814697,66.7000012397766,1.24166668641071,83.8199987411499,243.089997410774,87.7000026702881,1,"24A_2004",0.97
"2206","121-1-D-BENA",2004,0.1085,2.57624106442773,20,1984,7,"121-1","BENA",73,42,19,0,25,0,0,0,0,0,0,NA,NA,NA,0,0,0,0,1394.51987,"East","24A","Tall Shrub (Open-Closed)","Low Shrub","Clay Loam","Mesic",2005,466.470276,61,7.209129,-150.675843,66.599029,1.38481594638005,3.99409071030748,"121-1-D-BENA_2004",15.6666666666667,-4.80833325783412,81,107,15.1666666666667,-4.70833347241084,9.80000019073486,20.6000003814697,66.7000012397766,1.24166668641071,83.8199987411499,243.089997410774,87.7000026702881,1,"24A_2004",0.97
"2207","129-3-A-BENA",2004,0.0585,0.914413163504256,52,1952,8,"129-3","BENA",51,35,12,0,6,0,0,0,0,0,0,NA,NA,NA,0,0,0,0,1022.673056,"East","24A","Tussock Tundra (Low shrub or Herbaceous)","Low Shrub-Tussock Tundra","Sandy Loam","Mesic - Hydric",2005,301.546051,352,6.265718,-150.646771,66.710061,1.48926052614692,4.43381561573455,"129-3-A-BENA_2004",15.9333330790202,-4.7250000834465,71,94,15.1666666666667,-4.70833347241084,9.80000019073486,20.6000003814697,66.7000012397766,1.24166668641071,83.8199987411499,243.089997410774,87.7000026702881,1,"24A_2004",0.97
"2208","129-4-D-BENA",2004,0.05125,1.36642296195874,43,1961,8,"129-4","BENA",87,41,18,0,9,0,0,0,0,0,0,NA,NA,NA,0,0,0,0,1057.255538,"East","24A","Tussock Tundra (Low shrub or Herbaceous)","Tall Shrub","Sandy Loam","Mesic - Hydric",2005,303.823029,358,6.979915,-150.646167,66.709845,1.66414326957877,5.28114679194494,"129-4-D-BENA_2004",15.9333330790202,-4.7250000834465,71,94,15.1666666666667,-4.70833347241084,9.80000019073486,20.6000003814697,66.7000012397766,1.24166668641071,83.8199987411499,243.089997410774,87.7000026702881,1,"24A_2004",0.97
"2209","147-2-A-BENA",2004,0.09025,0.518219649027037,9,1995,9,"147-2","BENA",89,56,6,61,9,0,0,0,0,0,0,NA,NA,NA,0,2,1,0,986.173835,"West","24A","Low Shrub","Tall Shrub","Clay Loam","Mesic - Hydric",0,428.943481,147,8.698308,-150.484958,66.912025,-1.17176162624937,0.309820672017209,"147-2-A-BENA_2004",15.4348373413086,-5.06629053751628,70.0902709960938,93.0902709960938,13.6333335240682,-5.98333331942558,8.36666679382324,18.9666665395101,43.100001335144,1.15000000844399,76.4299993515015,251.549998238683,85.6000022888184,1,"24A_2004",0.97
"2210","147-3-A-BENA",2004,0.06375,0.746781117450899,14,1990,9,"147-3","BENA",107,63,8,18,8,1,0,0,0.125,0,0,"Moose",NA,NA,1,2,1,0,952.272152,"West","24A","White Spruce or Black Spruce (Woodland)","Black Spruce Woodland","Clay Loam","Mesic - Hydric",0,425.583191,170,6.572863,-150.484233,66.911912,-0.279132585796075,0.756439603419028,"147-3-A-BENA_2004",15.4348373413086,-5.06629053751628,70.0902709960938,93.0902709960938,13.6333335240682,-5.98333331942558,8.36666679382324,18.9666665395101,43.100001335144,1.15000000844399,76.4299993515015,251.549998238683,85.6000022888184,1,"24A_2004",0.97
"2211","147-3-C-BENA",2004,0.149,1.07849619160676,10,1994,9,"147-3","BENA",136,53,12,30,29,2,1,0,0.068965517,0.034482759,0,"Moose","Hare",NA,1,2,1,0,952.272152,"West","24A","White Spruce or Black Spruce (Woodland)","Black Spruce Woodland","Clay Loam","Mesic - Hydric",0,425.583191,170,6.572863,-150.484233,66.911912,-0.313107101632327,0.731171598703453,"147-3-C-BENA_2004",15.4348373413086,-5.06629053751628,70.0902709960938,93.0902709960938,13.6333335240682,-5.98333331942558,8.36666679382324,18.9666665395101,43.100001335144,1.15000000844399,76.4299993515015,251.549998238683,85.6000022888184,1,"24A_2004",0.97
"2212","147-4-D-BENA",2004,0.1,0.651723395987202,18,1986,9,"147-4","BENA",94,47,7,14,7,0,0,0,0,0,0,NA,NA,NA,0,0,1,0,956.341518,"West","24A","Tall Shrub (Open-Closed)","Tall Shrub","Clay Loam","Mesic - Hydric",0,428.39856,129,7.52786,-150.483929,66.912191,-0.115381259991099,0.891026366434633,"147-4-D-BENA_2004",15.4348373413086,-5.06629053751628,70.0902709960938,93.0902709960938,13.6333335240682,-5.98333331942558,8.36666679382324,18.9666665395101,43.100001335144,1.15000000844399,76.4299993515015,251.549998238683,85.6000022888184,1,"24A_2004",0.97
"2213","151-1-C-BENA",2004,0.13025,2.57392276539893,6,1998,10,"151-1","BENA",118,82,11,0,4,0,0,0,0,0,0,NA,NA,NA,0,0,0,0,725.03173,"East","24A","White Spruce or Black Spruce (Open-Closed)","Low Shrub","Clay Loam","Mesic",0,471.29071,296,22.022722,-150.362735,66.958242,-0.0528316131386805,0.94853972066194,"151-1-C-BENA_2004",14.5337127049764,-5.91944838563601,73.8735790252686,97.93678855896,13.6333335240682,-5.98333331942558,8.36666679382324,18.9666665395101,43.100001335144,1.15000000844399,76.4299993515015,251.549998238683,85.6000022888184,1,"24A_2004",0.97
"2214","151-1-D-BENA",2004,0.1195,0.882050046783302,20,1984,10,"151-1","BENA",90,67,12,0,8,0,0,0,0,0,0,NA,NA,NA,0,0,0,0,725.03173,"East","24A","White Spruce or Black Spruce (Open-Closed)","Low Shrub","Clay Loam","Mesic",0,471.29071,296,22.022722,-150.362735,66.958242,0.312978079404543,1.3674915544699,"151-1-D-BENA_2004",14.5337127049764,-5.91944838563601,73.8735790252686,97.93678855896,13.6333335240682,-5.98333331942558,8.36666679382324,18.9666665395101,43.100001335144,1.15000000844399,76.4299993515015,251.549998238683,85.6000022888184,1,"24A_2004",0.97
"2215","151-2-A-BENA",2004,0.20875,4.45440826390583,9,1995,10,"151-2","BENA",119,71,11,0,4,0,0,0,0,0,0,NA,NA,NA,0,1,0,0,737.726474,"East","24A","Low Shrub","Low Shrub","Clay Loam","Mesic",0,482.941345,297,25.566626,-150.361917,66.958285,0.979488694418387,2.66309423881053,"151-2-A-BENA_2004",14.5337127049764,-5.91944838563601,73.8735790252686,97.93678855896,13.6333335240682,-5.98333331942558,8.36666679382324,18.9666665395101,43.100001335144,1.15000000844399,76.4299993515015,251.549998238683,85.6000022888184,1,"24A_2004",0.97
"2216","151-2-B-BENA",2004,0.54775,12.6044838273839,9,1995,10,"151-2","BENA",142,91,14,0,17,0,0,0,0,0,0,NA,NA,NA,0,1,0,0,737.726474,"East","24A","Low Shrub","Low Shrub","Clay Loam","Mesic",0,482.941345,297,25.566626,-150.361917,66.958285,2.01964707744979,7.53566495821231,"151-2-B-BENA_2004",14.5337127049764,-5.91944838563601,73.8735790252686,97.93678855896,13.6333335240682,-5.98333331942558,8.36666679382324,18.9666665395101,43.100001335144,1.15000000844399,76.4299993515015,251.549998238683,85.6000022888184,1,"24A_2004",0.97
"2217","151-3-C-BENA",2004,0.11,1.2172886134497,18,1986,10,"151-3","BENA",86,51,13,0,9,0,0,0,0,0,0,NA,NA,NA,0,0,0,0,698.113665,"East","24A","White Spruce or Black Spruce (Open-Closed)","Low Shrub","Clay Loam","Mesic",0,469.98999,301,21.5443,-150.36215,66.958641,0.509379723813138,1.66425857476143,"151-3-C-BENA_2004",14.5337127049764,-5.91944838563601,73.8735790252686,97.93678855896,13.6333335240682,-5.98333331942558,8.36666679382324,18.9666665395101,43.100001335144,1.15000000844399,76.4299993515015,251.549998238683,85.6000022888184,1,"24A_2004",0.97
"2218","151-4-A-BENA",2004,0.0975,0.929483383463526,18,1986,10,"151-4","BENA",65,36,9,0,8,0,0,0,0,0,0,NA,NA,NA,0,0,0,0,714.907956,"East","24A","Low Shrub","Low Shrub","Clay Loam","Mesic",0,485.466003,301,24.973797,-150.361301,66.958638,0.239627437527598,1.27077561881043,"151-4-A-BENA_2004",14.5337127049764,-5.91944838563601,73.8735790252686,97.93678855896,13.6333335240682,-5.98333331942558,8.36666679382324,18.9666665395101,43.100001335144,1.15000000844399,76.4299993515015,251.549998238683,85.6000022888184,1,"24A_2004",0.97
"2219","151-4-D-BENA",2004,0.16125,1.68121839983006,11,1993,10,"151-4","BENA",83,56,8,0,9,0,0,0,0,0,0,NA,NA,NA,0,0,0,0,714.907956,"East","24A","Low Shrub","Low Shrub","Clay Loam","Mesic",0,485.466003,301,24.973797,-150.361301,66.958638,0.244581332321666,1.27708652641268,"151-4-D-BENA_2004",14.5337127049764,-5.91944838563601,73.8735790252686,97.93678855896,13.6333335240682,-5.98333331942558,8.36666679382324,18.9666665395101,43.100001335144,1.15000000844399,76.4299993515015,251.549998238683,85.6000022888184,1,"24A_2004",0.97
"2220","158-2-C-BENA",2004,0.01975,0.237001946136353,16,1988,11,"158-2","BENA",54,29,8,0,53,0,0,0,0,0,0,NA,NA,NA,0,0,0,1,1283.38641,"East","24A","Tussock Tundra (Low shrub or Herbaceous)","Low Shrub","Sandy Loam","Mesic - Xeric",2005,590.000549,54,15.617359,-150.286104,67.046812,-1.2674881884265,0.281537904549448,"158-2-C-BENA_2004",15.3333336512248,-5.54166652758916,68,96,13.4666668574015,-6.36666668454806,8.16666698455811,18.8000005086263,44.9000005722046,1.20833336003125,82.7199985980988,253.219999074936,97.9000015258789,1,"24A_2004",0.97
"2221","173-1-A-BENA",2004,0.0385,0.211120524108378,36,1968,12,"173-1","BENA",69,40,12,0,9,0,0,0,0,0,0,NA,NA,NA,0,0,0,0,1301.486525,"East","24A","Low Shrub","Low Shrub","Clay Loam","Mesic",0,349.871613,358,2.901099,-150.191497,67.228159,-0.415412999029609,0.660067617118614,"173-1-A-BENA_2004",15.7957051595052,-5.41847823063533,57.9548645019531,96.8223114013672,13.4666668574015,-6.36666668454806,8.16666698455811,18.8000005086263,44.9000005722046,1.20833336003125,82.7199985980988,253.219999074936,97.9000015258789,1,"24A_2004",0.97
"2222","173-1-B-BENA",2004,0.161,1.89496627714454,14,1990,12,"173-1","BENA",101,53,11,0,7,0,0,0,0,0,0,NA,NA,NA,0,0,0,0,1301.486525,"East","24A","Low Shrub","Low Shrub","Clay Loam","Mesic",0,349.871613,358,2.901099,-150.191497,67.228159,0.652051609125261,1.9194748041683,"173-1-B-BENA_2004",15.7957051595052,-5.41847823063533,57.9548645019531,96.8223114013672,13.4666668574015,-6.36666668454806,8.16666698455811,18.8000005086263,44.9000005722046,1.20833336003125,82.7199985980988,253.219999074936,97.9000015258789,1,"24A_2004",0.97
"2223","173-2-A-BENA",2004,0.06975,0.395577369618035,45,1959,12,"173-2","BENA",94,43,12,0,6,0,0,0,0,0,0,NA,NA,NA,0,2,0,0,1323.706943,"East","24A","Tussock Tundra (Low shrub or Herbaceous)","Low Shrub","Clay Loam","Mesic",0,348.371155,13,2.823825,-150.190835,67.228457,0.478790042860878,1.6141202039191,"173-2-A-BENA_2004",15.7957051595052,-5.41847823063533,57.9548645019531,96.8223114013672,13.4666668574015,-6.36666668454806,8.16666698455811,18.8000005086263,44.9000005722046,1.20833336003125,82.7199985980988,253.219999074936,97.9000015258789,1,"24A_2004",0.97
"2224","173-2-C-BENA",2004,0.153,4.18922426817138,7,1997,12,"173-2","BENA",107,64,12,0,13,0,0,0,0,0,0,NA,NA,NA,0,2,0,0,1323.706943,"East","24A","Tussock Tundra (Low shrub or Herbaceous)","Low Shrub","Clay Loam","Mesic",0,348.371155,13,2.823825,-150.190835,67.228457,0.618206825500118,1.85559764636711,"173-2-C-BENA_2004",15.7957051595052,-5.41847823063533,57.9548645019531,96.8223114013672,13.4666668574015,-6.36666668454806,8.16666698455811,18.8000005086263,44.9000005722046,1.20833336003125,82.7199985980988,253.219999074936,97.9000015258789,1,"24A_2004",0.97
"2225","173-3-B-BENA",2004,0.025,0.108738375722374,39,1965,12,"173-3","BENA",70,51,14,0,9,0,0,0,0,0,0,NA,NA,NA,0,0,0,0,1278.311889,"East","24A","Low Shrub","Low Shrub","Clay Loam","Mesic",0,347.24527,24,1.739254,-150.191816,67.228627,-0.983379342881585,0.374044934567708,"173-3-B-BENA_2004",15.7957051595052,-5.41847823063533,57.9548645019531,96.8223114013672,13.4666668574015,-6.36666668454806,8.16666698455811,18.8000005086263,44.9000005722046,1.20833336003125,82.7199985980988,253.219999074936,97.9000015258789,1,"24A_2004",0.97
"2226","173-4-B-BENA",2004,0.18125,1.5517945999792,14,1990,12,"173-4","BENA",124,71,14,0,12,0,0,0,0,0,0,NA,NA,NA,0,1,0,0,1308.377258,"East","24A","Low Shrub","Low Shrub","Clay Loam","Mesic",0,346.165253,355,1.872125,-150.190975,67.22891,0.452262634079684,1.57186471961543,"173-4-B-BENA_2004",15.7957051595052,-5.41847823063533,57.9548645019531,96.8223114013672,13.4666668574015,-6.36666668454806,8.16666698455811,18.8000005086263,44.9000005722046,1.20833336003125,82.7199985980988,253.219999074936,97.9000015258789,1,"24A_2004",0.97
"2227","173-4-C-BENA",2004,0.15875,1.93543804085395,35,1969,12,"173-4","BENA",119,74,14,0,14,0,0,0,0,0,0,NA,NA,NA,0,1,0,0,1308.377258,"East","24A","Low Shrub","Low Shrub","Clay Loam","Mesic",0,346.165253,355,1.872125,-150.190975,67.22891,1.76662938759601,5.85109830224754,"173-4-C-BENA_2004",15.7957051595052,-5.41847823063533,57.9548645019531,96.8223114013672,13.4666668574015,-6.36666668454806,8.16666698455811,18.8000005086263,44.9000005722046,1.20833336003125,82.7199985980988,253.219999074936,97.9000015258789,1,"24A_2004",0.97
"2228","184-1-B-BENA",2004,0.078,1.05430278658146,52,1952,13,"184-1","BENA",128,51,19,0,13,0,1,0,0,0.076923077,0,NA,"Hare",NA,1,2,0,0,692.283244,"East","24A","White Spruce or Black Spruce (Open-Closed)","Tall Shrub","Clay Loam","Mesic",0,423.977753,249,10.469168,-150.109686,67.368938,1.63161297962917,5.11211380744254,"184-1-B-BENA_2004",15.3333333333333,-5.35833331942558,54,69,13.4666668574015,-6.36666668454806,8.16666698455811,18.8000005086263,44.9000005722046,1.20833336003125,82.7199985980988,253.219999074936,97.9000015258789,1,"24A_2004",0.97
"2229","184-1-C-BENA",2004,0.21425,4.6202321270375,13,1991,13,"184-1","BENA",166,49,15,8,26,1,2,0,0.038461538,0.076923077,0,"Moose","Hare",NA,1,2,0,0,692.283244,"East","24A","White Spruce or Black Spruce (Open-Closed)","Tall Shrub","Clay Loam","Mesic",0,423.977753,249,10.469168,-150.109686,67.368938,1.45485960698039,4.28388199625294,"184-1-C-BENA_2004",15.3333333333333,-5.35833331942558,54,69,13.4666668574015,-6.36666668454806,8.16666698455811,18.8000005086263,44.9000005722046,1.20833336003125,82.7199985980988,253.219999074936,97.9000015258789,1,"24A_2004",0.97
"2230","184-2-A-BENA",2004,0.0515,0.330460204240292,19,1985,13,"184-2","BENA",89,39,11,0,12,0,1,0,0,0.083333333,0,NA,"Hare",NA,1,1,0,0,706.210196,"East","24A","White Spruce or Black Spruce (Open-Closed)","Tall Shrub","Clay Loam","Mesic",0,429.192566,258,16.706417,-150.109279,67.369156,-0.729994746650078,0.481911521733408,"184-2-A-BENA_2004",15.3303244908651,-5.35946167508761,53.8645935058594,68.5937790870667,13.4666668574015,-6.36666668454806,8.16666698455811,18.8000005086263,44.9000005722046,1.20833336003125,82.7199985980988,253.219999074936,97.9000015258789,1,"24A_2004",0.97
"2231","184-2-D-BENA",2004,0.05075,0.266217972416576,33,1971,13,"184-2","BENA",84,38,12,10,7,0,0,0,0,0,0,NA,NA,NA,0,1,0,0,706.210196,"East","24A","White Spruce or Black Spruce (Open-Closed)","Tall Shrub","Clay Loam","Mesic",0,429.192566,258,16.706417,-150.109279,67.369156,-0.287360794264149,0.750240997352247,"184-2-D-BENA_2004",15.3303244908651,-5.35946167508761,53.8645935058594,68.5937790870667,13.4666668574015,-6.36666668454806,8.16666698455811,18.8000005086263,44.9000005722046,1.20833336003125,82.7199985980988,253.219999074936,97.9000015258789,1,"24A_2004",0.97
"2232","184-3-B-BENA",2004,0.168666666666667,1.79241404828695,27,1977,13,"184-3","BENA",71,35,17,0,17,0,2,0,0,0.117647059,0,NA,"Hare",NA,1,1,3,0,683.765397,"East","24A","White Spruce or Black Spruce (Open-Closed)","Tall Shrub","Clay Loam","Mesic",0,425.482941,261,10.788996,-150.109693,67.36937,1.38017431162725,3.97559455945691,"184-3-B-BENA_2004",15.3303244908651,-5.35946167508761,53.8645935058594,68.5937790870667,13.4666668574015,-6.36666668454806,8.16666698455811,18.8000005086263,44.9000005722046,1.20833336003125,82.7199985980988,253.219999074936,97.9000015258789,1,"24A_2004",0.97
"2233","184-3-D-BENA",2004,0.1625,1.12286411925525,16,1988,13,"184-3","BENA",103,48,17,7,31,3,1,0,0.096774194,0.032258065,0,"Moose","Hare",NA,1,1,3,0,683.765397,"East","24A","White Spruce or Black Spruce (Open-Closed)","Tall Shrub","Clay Loam","Mesic",0,425.482941,261,10.788996,-150.109693,67.36937,0.288081408352124,1.33386588752738,"184-3-D-BENA_2004",15.3303244908651,-5.35946167508761,53.8645935058594,68.5937790870667,13.4666668574015,-6.36666668454806,8.16666698455811,18.8000005086263,44.9000005722046,1.20833336003125,82.7199985980988,253.219999074936,97.9000015258789,1,"24A_2004",0.97
"2234","191-1-D-BENA",2004,0.24625,3.89496915211782,6,1998,14,"191-1","BENA",135,61,10,9,18,0,0,0,0,0,0,NA,NA,NA,0,1,0,0,1595.806211,"East","24A","Low Shrub","Low Shrub","Clay Loam","Mesic",0,492.755432,293,2.980974,-149.860617,67.475764,0.361423043234379,1.43537055625836,"191-1-D-BENA_2004",14.543864885966,-5.68258102734884,50.8194570541382,65.7743210792542,11.6333335240682,-7.83333359969159,6.5,16.8000005086263,21.4000000953674,1.06666670553386,62.9399983882904,266.029998898506,96.0000019073486,1,"24A_2004",0.97
"2235","191-2-A-BENA",2004,0.10825,1.04497284544893,11,1993,14,"191-2","BENA",82,51,10,0,13,1,0,0,0.076923077,0,0,"Moose",NA,NA,1,0,0,0,1628.072852,"East","24A","Low Shrub","Low Shrub","Clay Loam","Mesic",0,494.812988,260,1.497492,-149.859771,67.475671,-0.230946536366776,0.793781903365347,"191-2-A-BENA_2004",14.543864885966,-5.68258102734884,50.8194570541382,65.7743210792542,11.6333335240682,-7.83333359969159,6.5,16.8000005086263,21.4000000953674,1.06666670553386,62.9399983882904,266.029998898506,96.0000019073486,1,"24A_2004",0.97
"2236","191-2-B-BENA",2004,0.087,1.14329154008705,9,1995,14,"191-2","BENA",92,71,8,0,13,0,0,0,0,0,0,NA,NA,NA,0,0,0,0,1628.072852,"East","24A","Low Shrub","Low Shrub","Clay Loam","Mesic",0,494.812988,260,1.497492,-149.859771,67.475671,-0.380494114539006,0.683523586815751,"191-2-B-BENA_2004",14.543864885966,-5.68258102734884,50.8194570541382,65.7743210792542,11.6333335240682,-7.83333359969159,6.5,16.8000005086263,21.4000000953674,1.06666670553386,62.9399983882904,266.029998898506,96.0000019073486,1,"24A_2004",0.97
"2237","191-3-A-BENA",2004,0.066,0.338248996444406,23,1981,14,"191-3","BENA",102,51,9,0,9,0,1,0,0,0.111111111,0,NA,"Hare",NA,1,2,0,0,1608.343863,"East","24A","Low Shrub","Low Shrub","Clay Loam","Mesic",0,494.475037,298,4.15829,-149.859591,67.475979,-0.47870508996662,0.619585179638198,"191-3-A-BENA_2004",14.543864885966,-5.68258102734884,50.8194570541382,65.7743210792542,11.6333335240682,-7.83333359969159,6.5,16.8000005086263,21.4000000953674,1.06666670553386,62.9399983882904,266.029998898506,96.0000019073486,1,"24A_2004",0.97
"2238","191-3-D-BENA",2004,0.0865,1.17689427690923,18,1986,14,"191-3","BENA",110,71,10,0,16,0,0,0,0,0,0,NA,NA,NA,0,2,0,0,1608.343863,"East","24A","Low Shrub","Low Shrub","Clay Loam","Mesic",0,494.475037,298,4.15829,-149.859591,67.475979,0.475632786400208,1.60903204900863,"191-3-D-BENA_2004",14.543864885966,-5.68258102734884,50.8194570541382,65.7743210792542,11.6333335240682,-7.83333359969159,6.5,16.8000005086263,21.4000000953674,1.06666670553386,62.9399983882904,266.029998898506,96.0000019073486,1,"24A_2004",0.97
"2239","191-4-B-BENA",2004,0.1185,0.807658703542622,21,1983,14,"191-4","BENA",77,59,11,0,12,0,1,0,0,0.083333333,0,NA,"Hare",NA,1,1,0,0,1634.196324,"East","24A","Low Shrub","Low Shrub","Clay Loam","Mesic",0,497.007599,303,3.553675,-149.85875,67.475963,0.283092043819027,1.32722731926633,"191-4-B-BENA_2004",14.543864885966,-5.68258102734884,50.8194570541382,65.7743210792542,11.6333335240682,-7.83333359969159,6.5,16.8000005086263,21.4000000953674,1.06666670553386,62.9399983882904,266.029998898506,96.0000019073486,1,"24A_2004",0.97
"2240","203-1-A-BENA",2004,0.07625,0.948663788361397,14,1990,15,"203-1","BENA",97,41,11,0,17,1,0,0,0.058823529,0,0,"Moose",NA,NA,1,1,0,0,905.036767,"East","24A","Low Shrub","Low Shrub","Loam","Mesic",0,550.644958,299,23.927214,-149.794431,67.571449,-0.0398502566070863,0.960933321795286,"203-1-A-BENA_2004",14.7999998728434,-5.83333334326744,38,58,10.6000000635783,-8.93333348135153,5.59999990463257,15.700000445048,15.7000001072884,1.02500002582868,59.659998357296,274.329998016357,107.800001144409,1,"24A_2004",0.97
"2241","203-1-D-BENA",2004,0.188,3.59096606675927,12,1992,15,"203-1","BENA",143,46,14,0,26,2,0,0,0.076923077,0,0,"Moose",NA,NA,1,1,0,0,905.036767,"East","24A","Low Shrub","Low Shrub","Loam","Mesic",0,550.644958,299,23.927214,-149.794431,67.571449,1.10731786836905,3.02623075038431,"203-1-D-BENA_2004",14.7999998728434,-5.83333334326744,38,58,10.6000000635783,-8.93333348135153,5.59999990463257,15.700000445048,15.7000001072884,1.02500002582868,59.659998357296,274.329998016357,107.800001144409,1,"24A_2004",0.97
"2242","203-2-B-BENA",2004,0.3545,8.56598198280795,6,1998,15,"203-2","BENA",146,44,15,0,20,0,0,0,0,0,0,NA,NA,NA,0,0,1,0,933.944119,"East","24A","Low Shrub","Low Shrub","Loam","Mesic",0,566.911377,300,26.508135,-149.793674,67.571447,1.1495360596632,3.15672803644073,"203-2-B-BENA_2004",14.7999998728434,-5.83333334326744,38,58,10.6000000635783,-8.93333348135153,5.59999990463257,15.700000445048,15.7000001072884,1.02500002582868,59.659998357296,274.329998016357,107.800001144409,1,"24A_2004",0.97
"2243","203-2-C-BENA",2004,0.0605,0.40094497701623,28,1976,15,"203-2","BENA",118,35,14,0,38,0,0,0,0,0,0,NA,NA,NA,0,0,1,0,933.944119,"East","24A","Low Shrub","Low Shrub","Loam","Mesic",0,566.911377,300,26.508135,-149.793674,67.571447,-0.0739211901787137,0.928744885175573,"203-2-C-BENA_2004",14.7999998728434,-5.83333334326744,38,58,10.6000000635783,-8.93333348135153,5.59999990463257,15.700000445048,15.7000001072884,1.02500002582868,59.659998357296,274.329998016357,107.800001144409,1,"24A_2004",0.97
"2244","203-3-B-BENA",2004,0.22775,3.22993561345552,8,1996,15,"203-3","BENA",108,53,11,7,21,0,0,0,0,0,0,NA,NA,NA,0,0,1,0,922.335664,"East","24A","Low Shrub","Low Shrub","Loam","Mesic",0,556.241272,305,23.609533,-149.79364,67.571701,0.51750162214594,1.67783055421731,"203-3-B-BENA_2004",14.7999998728434,-5.83333334326744,38,58,10.6000000635783,-8.93333348135153,5.59999990463257,15.700000445048,15.7000001072884,1.02500002582868,59.659998357296,274.329998016357,107.800001144409,1,"24A_2004",0.97
"2245","203-3-D-BENA",2004,0.16275,2.00107769235989,12,1992,15,"203-3","BENA",108,52,11,0,7,1,0,0,0.14,0,0,"Moose",NA,NA,1,0,1,0,922.335664,"East","24A","Low Shrub","Low Shrub","Loam","Mesic",0,556.241272,305,23.609533,-149.79364,67.571701,0.522582484308179,1.68637707345218,"203-3-D-BENA_2004",14.7999998728434,-5.83333334326744,38,58,10.6000000635783,-8.93333348135153,5.59999990463257,15.700000445048,15.7000001072884,1.02500002582868,59.659998357296,274.329998016357,107.800001144409,1,"24A_2004",0.97
"2246","203-4-A-BENA",2004,0.15925,2.19393456757663,8,1996,15,"203-4","BENA",85,42,10,0,10,0,0,0,0,0,0,NA,NA,NA,0,1,1,0,951.384807,"East","24A","Low Shrub","Low Shrub","Loam","Mesic",0,569.135193,316,29.227108,-149.792864,67.571712,0.130735957086046,1.13966682063221,"203-4-A-BENA_2004",14.7999998728434,-5.83333334326744,38,58,10.6000000635783,-8.93333348135153,5.59999990463257,15.700000445048,15.7000001072884,1.02500002582868,59.659998357296,274.329998016357,107.800001144409,1,"24A_2004",0.97
"2247","203-4-B-BENA",2004,0.13425,2.29067755714943,25,1979,15,"203-4","BENA",99,36,12,0,12,0,0,0,0,0,0,NA,NA,NA,0,1,1,0,951.384807,"East","24A","Low Shrub","Low Shrub","Loam","Mesic",0,569.135193,316,29.227108,-149.792864,67.571712,1.53361803558933,4.63491581327353,"203-4-B-BENA_2004",14.7999998728434,-5.83333334326744,38,58,10.6000000635783,-8.93333348135153,5.59999990463257,15.700000445048,15.7000001072884,1.02500002582868,59.659998357296,274.329998016357,107.800001144409,1,"24A_2004",0.97
"2248","209-1-C-BENA",2004,0.0653333333333333,0.615204765411243,15,1989,16,"209-1","BENA",58,59,14,0,9,0,0,0,0,0,0,NA,NA,NA,0,0,1,0,698.873831,"East","24A","Low Shrub","Black Spruce Woodland","Sandy Loam","Mesic - Xeric",0,553.345276,287,19.679848,-149.692986,67.655886,-0.390617688313289,0.676638793514517,"209-1-C-BENA_2004",14.0561348597209,-6.34047981103261,32,56,10.6000000635783,-8.93333348135153,5.59999990463257,15.700000445048,15.7000001072884,1.02500002582868,59.659998357296,274.329998016357,107.800001144409,1,"24A_2004",0.97
"2249","209-1-D-BENA",2004,0.14275,1.09436025275969,20,1984,16,"209-1","BENA",76,39,10,0,6,0,0,0,0,0,0,NA,NA,NA,0,0,1,0,698.873831,"East","24A","Low Shrub","Black Spruce Woodland","Sandy Loam","Mesic - Xeric",0,553.345276,287,19.679848,-149.692986,67.655886,0.528654510081301,1.69664794946048,"209-1-D-BENA_2004",14.0561348597209,-6.34047981103261,32,56,10.6000000635783,-8.93333348135153,5.59999990463257,15.700000445048,15.7000001072884,1.02500002582868,59.659998357296,274.329998016357,107.800001144409,1,"24A_2004",0.97
"2250","209-2-B-BENA",2004,0.1005,1.33380164559156,36,1968,16,"209-2","BENA",104,57,18,0,18,0,0,0,0,0,0,NA,NA,NA,0,0,0,0,728.528855,"East","24A","Low Shrub","Black Spruce Woodland","Sandy Loam","Mesic - Xeric",0,561.911133,287,21.070175,-149.692261,67.656,1.42794635022359,4.17012641301779,"209-2-B-BENA_2004",14.0561348597209,-6.34047981103261,32,56,10.6000000635783,-8.93333348135153,5.59999990463257,15.700000445048,15.7000001072884,1.02500002582868,59.659998357296,274.329998016357,107.800001144409,1,"24A_2004",0.97
"2251","209-2-D-BENA",2004,0.071,0.36413415049596,43,1961,16,"209-2","BENA",86,47,10,0,6,0,0,0,0,0,0,NA,NA,NA,0,0,0,0,728.528855,"East","24A","Low Shrub","Black Spruce Woodland","Sandy Loam","Mesic - Xeric",0,561.911133,287,21.070175,-149.692261,67.656,0.34171398703264,1.40735771738839,"209-2-D-BENA_2004",14.0561348597209,-6.34047981103261,32,56,10.6000000635783,-8.93333348135153,5.59999990463257,15.700000445048,15.7000001072884,1.02500002582868,59.659998357296,274.329998016357,107.800001144409,1,"24A_2004",0.97
"2252","209-3-A-BENA",2004,0.04,0.327668113769416,44,1960,16,"209-3","BENA",67,52,13,0,10,0,0,0,0,0,0,NA,NA,NA,0,0,1,0,711.058695,"East","24A","Low Shrub","Black Spruce Woodland","Sandy Loam","Mesic - Xeric",0,553.430786,276,18.070417,-149.69261,67.656251,0.263627170411747,1.30164281486952,"209-3-A-BENA_2004",14.0561348597209,-6.34047981103261,32,56,10.6000000635783,-8.93333348135153,5.59999990463257,15.700000445048,15.7000001072884,1.02500002582868,59.659998357296,274.329998016357,107.800001144409,1,"24A_2004",0.97
"2253","209-3-D-BENA",2004,0.1495,1.52501232625781,22,1982,16,"209-3","BENA",84,39,10,0,8,0,0,0,0,0,0,NA,NA,NA,0,0,1,0,711.058695,"East","24A","Low Shrub","Black Spruce Woodland","Sandy Loam","Mesic - Xeric",0,553.430786,276,18.070417,-149.69261,67.656251,0.974224375472797,2.64911169792427,"209-3-D-BENA_2004",14.0561348597209,-6.34047981103261,32,56,10.6000000635783,-8.93333348135153,5.59999990463257,15.700000445048,15.7000001072884,1.02500002582868,59.659998357296,274.329998016357,107.800001144409,1,"24A_2004",0.97
"2254","209-4-C-BENA",2004,0.143,1.2603645611194,13,1991,16,"209-4","BENA",57,38,10,0,7,0,0,0,0,0,0,NA,NA,NA,0,0,0,0,738.024448,"East","24A","Low Shrub","Black Spruce Woodland","Sandy Loam","Mesic - Xeric",0,561.090881,296,18.584587,-149.691928,67.656444,0.155815672537478,1.16861077617688,"209-4-C-BENA_2004",14.0561348597209,-6.34047981103261,32,56,10.6000000635783,-8.93333348135153,5.59999990463257,15.700000445048,15.7000001072884,1.02500002582868,59.659998357296,274.329998016357,107.800001144409,1,"24A_2004",0.97
"2255","209-4-D-BENA",2004,0.0366666666666667,0.143836063969042,32,1972,16,"209-4","BENA",71,50,9,0,8,0,0,0,0,0,0,NA,NA,NA,0,0,0,0,738.024448,"East","24A","Low Shrub","Black Spruce Woodland","Sandy Loam","Mesic - Xeric",0,561.090881,296,18.584587,-149.691928,67.656444,-0.939723015793832,0.390736048085321,"209-4-D-BENA_2004",14.0561348597209,-6.34047981103261,32,56,10.6000000635783,-8.93333348135153,5.59999990463257,15.700000445048,15.7000001072884,1.02500002582868,59.659998357296,274.329998016357,107.800001144409,1,"24A_2004",0.97
"2256","222-1-B-BENA",2004,0.126,1.33022258616096,24,1980,17,"222-1","BENA",63,58,19,0,9,0,2,0,0,0.222222222,0,NA,"Hare",NA,1,2,18,0,769.468544,"East","24A","Low Shrub","Tall Shrub","Clay Loam","Mesic",0,669.484009,287,15.029548,-149.809491,67.826198,0.941402207824062,2.56357356218104,"222-1-B-BENA_2004",13.4000002543132,-6.93333321313063,44,59,10.6000000635783,-8.93333348135153,5.59999990463257,15.700000445048,15.7000001072884,1.02500002582868,59.659998357296,274.329998016357,107.800001144409,1,"24A_2004",0.97
"2257","222-1-D-BENA",2004,0.109,0.687435450476885,23,1981,17,"222-1","BENA",78,38,9,0,9,0,2,0,0,0.222222222,0,NA,"Hare",NA,1,2,18,0,769.468544,"East","24A","Low Shrub","Tall Shrub","Clay Loam","Mesic",0,669.484009,287,15.029548,-149.809491,67.826198,0.230480544809141,1.25920496897436,"222-1-D-BENA_2004",13.4000002543132,-6.93333321313063,44,59,10.6000000635783,-8.93333348135153,5.59999990463257,15.700000445048,15.7000001072884,1.02500002582868,59.659998357296,274.329998016357,107.800001144409,1,"24A_2004",0.97
"2258","222-2-A-BENA",2004,0.04575,0.646667591659873,18,1986,17,"222-2","BENA",81,59,12,0,9,0,0,0,0,0,0,NA,NA,NA,0,3,13,0,794.735172,"East","24A","Low Shrub","Tall Shrub","Clay Loam","Mesic",0,676.198608,282,15.59229,-149.808768,67.826375,-0.123169098829268,0.884114147252506,"222-2-A-BENA_2004",13.4000002543132,-6.93333321313063,44,59,10.6000000635783,-8.93333348135153,5.59999990463257,15.700000445048,15.7000001072884,1.02500002582868,59.659998357296,274.329998016357,107.800001144409,1,"24A_2004",0.97
"2259","222-3-A-BENA",2004,0.05,0.339998864934754,42,1962,17,"222-3","BENA",126,65,16,0,21,0,3,0,0,0.142857143,0,NA,"Hare",NA,1,2,11,1,778.440723,"East","24A","Low Shrub","Low Shrub","Clay Loam","Mesic",0,672.469177,278,13.422374,-149.809021,67.826615,0.245054069199287,1.27769039503387,"222-3-A-BENA_2004",13.4000002543132,-6.93333321313063,44,59,10.6000000635783,-8.93333348135153,5.59999990463257,15.700000445048,15.7000001072884,1.02500002582868,59.659998357296,274.329998016357,107.800001144409,1,"24A_2004",0.97
"2260","222-4-D-BENA",2004,0.25925,3.93932922578468,9,1995,17,"222-4","BENA",107,70,8,0,14,0,0,0,0,0,0,NA,NA,NA,0,0,15,0,805.061274,"East","24A","Low Shrub","Low Shrub","Clay Loam","Mesic",0,678.755371,278,16.631924,-149.808355,67.826658,0.856604929032447,2.35515119953695,"222-4-D-BENA_2004",13.4000002543132,-6.93333321313063,44,59,10.6000000635783,-8.93333348135153,5.59999990463257,15.700000445048,15.7000001072884,1.02500002582868,59.659998357296,274.329998016357,107.800001144409,1,"24A_2004",0.97
"2261","235-1-A-BENA",2004,0.08125,0.775781944634354,25,1979,18,"235-1","BENA",59,29,10,0,18,0,0,0,0,0,0,NA,NA,NA,0,0,5,0,477.732622,"East","24A","Low Shrub","Low Shrub","Sandy Gravel","Mesic",0,813.776917,295,20.303024,-149.727576,68.004859,0.450886587832411,1.56970324854992,"235-1-A-BENA_2004",11.1000000635783,-8.26666655143102,59,72,9.43333371480306,-10.1166665454706,4.53333338101705,14.3333336512248,7.70000022649765,0.925000015646219,41.1399989724159,283.179997444153,91.8999996185303,1,"24A_2004",0.97
"2262","235-1-B-BENA",2004,0.071,0.975745691482129,12,1992,18,"235-1","BENA",42,18,10,0,10,0,1,0,0,0.1,0,NA,"Hare",NA,1,0,5,0,477.732622,"East","24A","Low Shrub","Low Shrub","Sandy Gravel","Mesic",0,813.776917,295,20.303024,-149.727576,68.004859,-0.195656685833478,0.822294491572029,"235-1-B-BENA_2004",11.1000000635783,-8.26666655143102,59,72,9.43333371480306,-10.1166665454706,4.53333338101705,14.3333336512248,7.70000022649765,0.925000015646219,41.1399989724159,283.179997444153,91.8999996185303,1,"24A_2004",0.97
"2263","235-2-B-BENA",2004,0.0245,0.155284997876127,21,1983,18,"235-2","BENA",54,38,8,0,9,0,0,0,0,0,0,NA,NA,NA,NA,0,0,0,510.631222,"East","24A","Dwarf Shrub-Lichen","Low Shrub","Sandy Gravel","Mesic",0,828.022217,289,26.243103,-149.726481,68.004961,-1.36578540429977,0.255180177653511,"235-2-B-BENA_2004",11.1000000635783,-8.26666655143102,59,72,9.43333371480306,-10.1166665454706,4.53333338101705,14.3333336512248,7.70000022649765,0.925000015646219,41.1399989724159,283.179997444153,91.8999996185303,1,"24A_2004",0.97
"2264","235-2-C-BENA",2004,0.1755,1.2333688554471,16,1988,18,"235-2","BENA",58,33,8,0,9,0,2,0,0,0.222222222,0,NA,"Hare",NA,1,0,0,0,510.631222,"East","24A","Dwarf Shrub-Lichen","Low Shrub","Sandy Gravel","Mesic",0,828.022217,289,26.243103,-149.726481,68.004961,0.381948070189607,1.46513599892278,"235-2-C-BENA_2004",11.1000000635783,-8.26666655143102,59,72,9.43333371480306,-10.1166665454706,4.53333338101705,14.3333336512248,7.70000022649765,0.925000015646219,41.1399989724159,283.179997444153,91.8999996185303,1,"24A_2004",0.97
"2265","235-3-B-BENA",2004,0.06525,0.56705060173903,19,1985,18,"235-3","BENA",59,31,10,0,15,0,0,0,0,0,0,NA,NA,NA,0,0,1,0,482.982181,"East","24A","Dwarf Shrub-Lichen","Low Shrub","Sandy Gravel","Mesic",0,817.546387,298,18.704132,-149.726784,68.005244,-0.190032443485859,0.82693230494161,"235-3-B-BENA_2004",11.1000000635783,-8.26666655143102,59,72,9.43333371480306,-10.1166665454706,4.53333338101705,14.3333336512248,7.70000022649765,0.925000015646219,41.1399989724159,283.179997444153,91.8999996185303,1,"24A_2004",0.97
"2266","235-4-A-BENA",2004,0.08775,1.22061889801205,14,1990,18,"235-4","BENA",45,36,11,0,13,0,0,0,0,0,0,NA,NA,NA,0,0,0,0,503.848767,"East","24A","Low Shrub","Low Shrub","Sandy Gravel","Mesic",0,825.290771,293,20.728168,-149.726015,68.005351,0.212208590019151,1.23640576008367,"235-4-A-BENA_2004",11.1000000635783,-8.26666655143102,59,72,9.43333371480306,-10.1166665454706,4.53333338101705,14.3333336512248,7.70000022649765,0.925000015646219,41.1399989724159,283.179997444153,91.8999996185303,1,"24A_2004",0.97
"2267","235-4-C-BENA",2004,0.177,3.79873686770078,8,1996,18,"235-4","BENA",61,45,11,0,10,0,0,0,0,0,0,NA,NA,NA,0,0,0,0,503.848767,"East","24A","Low Shrub","Low Shrub","Sandy Gravel","Mesic",0,825.290771,293,20.728168,-149.726015,68.005351,0.679708027262258,1.97330149787145,"235-4-C-BENA_2004",11.1000000635783,-8.26666655143102,59,72,9.43333371480306,-10.1166665454706,4.53333338101705,14.3333336512248,7.70000022649765,0.925000015646219,41.1399989724159,283.179997444153,91.8999996185303,1,"24A_2004",0.97
"2268","240-2-A-BENA",2004,0.252,4.12347230472805,8,1996,19,"240-2","BENA",90,57,9,0,23,0,0,2,0,0,0.086956522,NA,NA,"Ptarmagin",1,0,0,0,426.292991,"West","24A","Tussock Tundra (Low shrub or Herbaceous)","Low Shrub","Sandy Loam","Mesic",0,1048.270996,87,24.096361,-149.606886,68.069926,0.761735019845808,2.14198939245724,"240-2-A-BENA_2004",10.0516220728556,-8.76623191436132,78.7673063278198,104.812445163727,9.43333371480306,-10.1166665454706,4.53333338101705,14.3333336512248,7.70000022649765,0.925000015646219,41.1399989724159,283.179997444153,91.8999996185303,1,"24A_2004",0.97
"2269","240-2-D-BENA",2004,0.23,3.28261874780944,6,1998,19,"240-2","BENA",84,31,8,0,10,0,0,0,0,0,0,NA,NA,NA,0,0,0,0,426.292991,"West","24A","Tussock Tundra (Low shrub or Herbaceous)","Low Shrub","Sandy Loam","Mesic",0,1048.270996,87,24.096361,-149.606886,68.069926,0.190378786377809,1.2097077316942,"240-2-D-BENA_2004",10.0516220728556,-8.76623191436132,78.7673063278198,104.812445163727,9.43333371480306,-10.1166665454706,4.53333338101705,14.3333336512248,7.70000022649765,0.925000015646219,41.1399989724159,283.179997444153,91.8999996185303,1,"24A_2004",0.97
"2270","240-3-D-BENA",2004,0.09225,1.18409906151132,20,1984,19,"240-3","BENA",97,46,12,0,13,0,0,2,0,0,0.153846154,NA,NA,"Ptarmagin",1,0,1,3,399.798137,"West","24A","Low Shrub","Low Shrub","Sandy Loam","Mesic",0,1034.808228,93,20.584356,-149.606025,68.07014,0.607466761383914,1.8357750472069,"240-3-D-BENA_2004",10.0516220728556,-8.76623191436132,78.7673063278198,104.812445163727,9.43333371480306,-10.1166665454706,4.53333338101705,14.3333336512248,7.70000022649765,0.925000015646219,41.1399989724159,283.179997444153,91.8999996185303,1,"24A_2004",0.97
"2271","240-4-B-BENA",2004,0.12775,1.68933391905244,36,1968,19,"240-4","BENA",102,72,15,0,13,0,0,0,0,0,0,NA,NA,NA,0,0,2,0,431.079046,"West","24A","Low Shrub","Low Shrub","Sandy Loam","Mesic",0,1046.807861,94,24.616484,-149.606605,68.070368,1.66424742575328,5.2816968846391,"240-4-B-BENA_2004",10.0516220728556,-8.76623191436132,78.7673063278198,104.812445163727,9.43333371480306,-10.1166665454706,4.53333338101705,14.3333336512248,7.70000022649765,0.925000015646219,41.1399989724159,283.179997444153,91.8999996185303,1,"24A_2004",0.97
"2272","240-4-D-BENA",2004,0.17425,1.89859815460163,19,1985,19,"240-4","BENA",83,41,16,0,29,0,0,3,0,0,0.103448276,NA,NA,"Ptarmagin",1,0,2,0,431.079046,"West","24A","Low Shrub","Low Shrub","Sandy Loam","Mesic",0,1046.807861,94,24.616484,-149.606605,68.070368,1.01839009154754,2.76873376613604,"240-4-D-BENA_2004",10.0516220728556,-8.76623191436132,78.7673063278198,104.812445163727,9.43333371480306,-10.1166665454706,4.53333338101705,14.3333336512248,7.70000022649765,0.925000015646219,41.1399989724159,283.179997444153,91.8999996185303,1,"24A_2004",0.97
"2273","255-1-A-BENA",2004,0.1315,1.77083645361406,35,1969,20,"255-1","BENA",71,26,15,0,17,0,0,0,0,0,0,NA,NA,NA,0,0,0,0,585.543915,"East","26B","Low Shrub","Low Shrub","Sandy Gravel","Mesic - Xeric",0,991.483582,331,1.701594,-149.392735,68.222633,1.67774771665329,5.35348481769413,"255-1-A-BENA_2004",10.336342493693,-9.24542766809464,96.9548645019531,116,7.53333346048991,-11.6750001509984,2.80000003178914,12.3333336512248,4.39999997615814,0.858333340535561,30.6699996590614,298.429999351501,86.8999996185303,1,"26B_2004",0.27
"2274","255-2-C-BENA",2004,0.0825,0.408858648910627,23,1981,20,"255-2","BENA",65,27,8,0,20,0,0,0,0,0,0,NA,NA,NA,0,0,1,1,631.079496,"East","26B","Low Shrub","Low Shrub","Sandy Gravel","Mesic - Xeric",0,993.382141,286,2.676414,-149.39171,68.222788,-0.289117895484916,0.74892390545069,"255-2-C-BENA_2004",10.336342493693,-9.24542766809464,96.9548645019531,116,7.53333346048991,-11.6750001509984,2.80000003178914,12.3333336512248,4.39999997615814,0.858333340535561,30.6699996590614,298.429999351501,86.8999996185303,1,"26B_2004",0.27
"2275","255-2-D-BENA",2004,0.13025,2.16063839783756,15,1989,20,"255-2","BENA",60,32,10,0,11,0,0,0,0,0,0,NA,NA,NA,0,0,1,1,631.079496,"East","26B","Low Shrub","Low Shrub","Sandy Gravel","Mesic - Xeric",0,993.382141,286,2.676414,-149.39171,68.222788,0.865586158973164,2.37639862519053,"255-2-D-BENA_2004",10.336342493693,-9.24542766809464,96.9548645019531,116,7.53333346048991,-11.6750001509984,2.80000003178914,12.3333336512248,4.39999997615814,0.858333340535561,30.6699996590614,298.429999351501,86.8999996185303,1,"26B_2004",0.27
"2276","255-4-B-BENA",2004,0.08475,1.45219393918887,8,1996,20,"255-4","BENA",49,32,10,0,25,0,0,0,0,0,0,NA,NA,NA,0,0,0,2,644.564014,"East","26B","Low Shrub","Low Shrub","Sandy Gravel","Mesic - Xeric",0,993.003235,239,7.430982,-149.391619,68.223199,-0.281885106557423,0.754360350611937,"255-4-B-BENA_2004",10.336342493693,-9.24542766809464,96.9548645019531,116,7.53333346048991,-11.6750001509984,2.80000003178914,12.3333336512248,4.39999997615814,0.858333340535561,30.6699996590614,298.429999351501,86.8999996185303,1,"26B_2004",0.27
"2277","255-4-D-BENA",2004,0.0605,0.259820708026163,27,1977,20,"255-4","BENA",56,29,5,0,12,0,0,0,0,0,0,NA,NA,NA,0,0,0,2,644.564014,"East","26B","Low Shrub","Low Shrub","Sandy Gravel","Mesic - Xeric",0,993.003235,239,7.430982,-149.391619,68.223199,-0.551152500322364,0.576285258559687,"255-4-D-BENA_2004",10.336342493693,-9.24542766809464,96.9548645019531,116,7.53333346048991,-11.6750001509984,2.80000003178914,12.3333336512248,4.39999997615814,0.858333340535561,30.6699996590614,298.429999351501,86.8999996185303,1,"26B_2004",0.27
"2278","261-1-C-BENA",2004,0.0466666666666667,0.197920353756783,28,1976,21,"261-1","BENA",52,23,10,0,13,0,0,0,0,0,0,NA,NA,NA,0,0,0,0,356.206777,"East","26B","Dwarf Shrub","Low Shrub","Sandy Loam","Mesic",0,883.832947,287,13.943512,-149.352299,68.301689,-0.779880697631984,0.458460703490274,"261-1-C-BENA_2004",10.5294987360636,-9.3998105780532,108.367895126343,118.241471767426,7.53333346048991,-11.6750001509984,2.80000003178914,12.3333336512248,4.39999997615814,0.858333340535561,30.6699996590614,298.429999351501,86.8999996185303,1,"26B_2004",0.27
"2279","261-1-D-BENA",2004,0.06925,0.534152628868797,15,1989,21,"261-1","BENA",59,19,9,0,15,0,0,0,0,0,0,NA,NA,NA,0,0,0,0,356.206777,"East","26B","Dwarf Shrub","Low Shrub","Sandy Loam","Mesic",0,883.832947,287,13.943512,-149.352299,68.301689,-0.531891232619237,0.587492832746163,"261-1-D-BENA_2004",10.5294987360636,-9.3998105780532,108.367895126343,118.241471767426,7.53333346048991,-11.6750001509984,2.80000003178914,12.3333336512248,4.39999997615814,0.858333340535561,30.6699996590614,298.429999351501,86.8999996185303,1,"26B_2004",0.27
"2280","261-2-B-BENA",2004,0.193,2.1667109000874,18,1986,21,"261-2","BENA",66,25,12,0,19,0,0,0,0,0,0,NA,NA,NA,0,0,0,1,388.99561,"East","26B","Dwarf Shrub-Lichen","Low Shrub","Sandy Loam","Mesic",0,888.892761,295,13.025289,-149.351465,68.301786,1.08596408981281,2.96229436031648,"261-2-B-BENA_2004",10.5294987360636,-9.3998105780532,108.367895126343,118.241471767426,7.53333346048991,-11.6750001509984,2.80000003178914,12.3333336512248,4.39999997615814,0.858333340535561,30.6699996590614,298.429999351501,86.8999996185303,1,"26B_2004",0.27
"2281","261-2-C-BENA",2004,0.093,0.72764469485018,13,1991,21,"261-2","BENA",37,18,8,0,13,0,0,0,0,0,0,NA,NA,NA,0,0,0,1,388.99561,"East","26B","Dwarf Shrub-Lichen","Low Shrub","Sandy Loam","Mesic",0,888.892761,295,13.025289,-149.351465,68.301786,-0.393527747246865,0.674672597010049,"261-2-C-BENA_2004",10.5294987360636,-9.3998105780532,108.367895126343,118.241471767426,7.53333346048991,-11.6750001509984,2.80000003178914,12.3333336512248,4.39999997615814,0.858333340535561,30.6699996590614,298.429999351501,86.8999996185303,1,"26B_2004",0.27
"2282","261-3-D-BENA",2004,0.143666666666667,1.82357268904498,24,1980,21,"261-3","BENA",74,41,14,0,26,0,0,0,0,0,0,NA,NA,NA,0,0,0,1,380.53651,"East","26B","Tussock Tundra (Low shrub or Herbaceous)","Low Shrub","Sandy Loam","Mesic",0,884.224731,295,11.657486,-149.351558,68.302088,1.25685351442684,3.51434623271797,"261-3-D-BENA_2004",10.5294987360636,-9.3998105780532,108.367895126343,118.241471767426,7.53333346048991,-11.6750001509984,2.80000003178914,12.3333336512248,4.39999997615814,0.858333340535561,30.6699996590614,298.429999351501,86.8999996185303,1,"26B_2004",0.27
"2283","261-4-A-BENA",2004,0.03625,0.227338407133912,39,1965,21,"261-4","BENA",45,23,13,0,13,0,0,0,0,0,0,NA,NA,NA,0,0,0,0,405.679111,"East","26B","Low Shrub","Low Shrub","Sandy Loam","Mesic",0,886.626587,308,9.946874,-149.350886,68.302265,-0.245884429530876,0.782012597265917,"261-4-A-BENA_2004",10.5294987360636,-9.3998105780532,108.367895126343,118.241471767426,7.53333346048991,-11.6750001509984,2.80000003178914,12.3333336512248,4.39999997615814,0.858333340535561,30.6699996590614,298.429999351501,86.8999996185303,1,"26B_2004",0.27
"2284","261-4-B-BENA",2004,0.2305,3.02725517436056,18,1986,21,"261-4","BENA",71,30,12,0,13,0,0,0,0,0,0,NA,NA,NA,0,0,0,0,405.679111,"East","26B","Low Shrub","Low Shrub","Sandy Loam","Mesic",0,886.626587,308,9.946874,-149.350886,68.302265,1.4204101122747,4.13881747208888,"261-4-B-BENA_2004",10.5294987360636,-9.3998105780532,108.367895126343,118.241471767426,7.53333346048991,-11.6750001509984,2.80000003178914,12.3333336512248,4.39999997615814,0.858333340535561,30.6699996590614,298.429999351501,86.8999996185303,1,"26B_2004",0.27
"2285","268-1-B-BENA",2004,0.05875,0.444948676266442,19,1985,22,"268-1","BENA",63,26,6,0,12,0,0,0,0,0,0,NA,NA,NA,0,0,1,2,212.091228,"West","26B","Low Shrub","Low Shrub","Sandy Gravel","Mesic",0,818.738892,195,1.432166,-149.327109,68.400098,-0.432522046639165,0.648870547561932,"268-1-B-BENA_2004",11.5621528625488,-8.81134229898453,114,100.954864501953,7.53333346048991,-11.6750001509984,2.80000003178914,12.3333336512248,4.39999997615814,0.858333340535561,30.6699996590614,298.429999351501,86.8999996185303,1,"26B_2004",0.27
"2286","268-1-C-BENA",2004,0.041,0.282727630859814,16,1988,22,"268-1","BENA",47,18,6,0,11,0,0,0,0,0,0,NA,NA,NA,0,0,1,2,212.091228,"West","26B","Low Shrub","Low Shrub","Sandy Gravel","Mesic",0,818.738892,195,1.432166,-149.327109,68.400098,-1.09107254199286,0.335856080712126,"268-1-C-BENA_2004",11.5621528625488,-8.81134229898453,114,100.954864501953,7.53333346048991,-11.6750001509984,2.80000003178914,12.3333336512248,4.39999997615814,0.858333340535561,30.6699996590614,298.429999351501,86.8999996185303,1,"26B_2004",0.27
"2287","268-2-A-BENA",2004,0.037,0.64628844069649,14,1990,22,"268-2","BENA",60,23,9,0,24,0,0,0,0,0,0,NA,NA,NA,0,0,0,4,184.615387,"West","26B","Low Shrub","Low Shrub","Sandy Gravel","Mesic",0,819.441162,203,1.359031,-149.326454,68.400307,-0.423658805774718,0.654647205654472,"268-2-A-BENA_2004",11.5621528625488,-8.81134229898453,114,100.954864501953,7.53333346048991,-11.6750001509984,2.80000003178914,12.3333336512248,4.39999997615814,0.858333340535561,30.6699996590614,298.429999351501,86.8999996185303,1,"26B_2004",0.27
"2288","268-4-C-BENA",2004,0.04625,0.350569342466379,25,1979,22,"268-4","BENA",58,32,8,0,18,0,0,0,0,0,0,NA,NA,NA,0,0,0,5,171.881056,"West","26B","Dwarf Shrub-Lichen","Low Shrub","Sandy Gravel","Mesic",0,820.486511,188,1.085947,-149.326166,68.400831,-0.343426368067668,0.709335708980505,"268-4-C-BENA_2004",11.5621528625488,-8.81134229898453,114,100.954864501953,7.53333346048991,-11.6750001509984,2.80000003178914,12.3333336512248,4.39999997615814,0.858333340535561,30.6699996590614,298.429999351501,86.8999996185303,1,"26B_2004",0.27
"2289","268-4-D-BENA",2004,0.11625,0.803553623692084,16,1988,22,"268-4","BENA",57,23,7,0,15,0,0,0,0,0,0,NA,NA,NA,0,0,0,5,171.881056,"West","26B","Dwarf Shrub-Lichen","Low Shrub","Sandy Gravel","Mesic",0,820.486511,188,1.085947,-149.326166,68.400831,-0.0465126204850568,0.954552513578217,"268-4-D-BENA_2004",11.5621528625488,-8.81134229898453,114,100.954864501953,7.53333346048991,-11.6750001509984,2.80000003178914,12.3333336512248,4.39999997615814,0.858333340535561,30.6699996590614,298.429999351501,86.8999996185303,1,"26B_2004",0.27
"2290","282-1-B-BENA",2004,0.076,0.682538227945233,15,1989,23,"282-1","BENA",41,18,8,0,9,0,0,0,0,0,0,NA,NA,NA,0,0,0,0,577.316923,"West","26B","Tussock Tundra (Low shrub or Herbaceous)","Tussock Tundra","Clay Loam","Mesic",0,826.622314,26,2.82316,-149.530032,68.582817,-0.286754315459939,0.750696140618612,"282-1-B-BENA_2004",12,-8.50833316644033,119,82,11.9333333969116,-8.1583335796992,7.03333346048991,16.9000002543132,16.3000003099442,1.08333333830039,47.7799987792969,263.959998011589,75.3000011444092,1,"26B_2004",0.27
"2291","282-1-D-BENA",2004,0.026,0.392438329508479,14,1990,23,"282-1","BENA",74,20,11,0,15,0,0,0,0,0,0,NA,NA,NA,0,0,0,0,577.316923,"West","26B","Tussock Tundra (Low shrub or Herbaceous)","Tussock Tundra","Clay Loam","Mesic",0,826.622314,26,2.82316,-149.530032,68.582817,-0.922525309924756,0.397513926641749,"282-1-D-BENA_2004",12,-8.50833316644033,119,82,11.9333333969116,-8.1583335796992,7.03333346048991,16.9000002543132,16.3000003099442,1.08333333830039,47.7799987792969,263.959998011589,75.3000011444092,1,"26B_2004",0.27
"2292","282-2-A-BENA",2004,0.157,0.756121661458645,17,1987,23,"282-2","BENA",44,16,6,0,7,0,0,0,0,0,0,NA,NA,NA,0,0,0,0,604.079816,"West","26B","Low Shrub","Low Shrub-Tussock Tundra","Clay Loam","Mesic",0,826.41803,354,3.355184,-149.530916,68.583004,-0.035008545790058,0.965597164431659,"282-2-A-BENA_2004",12,-8.50833316644033,119,82,11.9333333969116,-8.1583335796992,7.03333346048991,16.9000002543132,16.3000003099442,1.08333333830039,47.7799987792969,263.959998011589,75.3000011444092,1,"26B_2004",0.27
"2293","282-2-B-BENA",2004,0.01825,0.0958482247151573,13,1991,23,"282-2","BENA",27,18,6,0,5,0,0,0,0,0,0,NA,NA,NA,0,0,0,0,604.079816,"West","26B","Low Shrub","Low Shrub-Tussock Tundra","Clay Loam","Mesic",0,826.41803,354,3.355184,-149.530916,68.583004,-2.42057467195087,0.0888705313802811,"282-2-B-BENA_2004",12,-8.50833316644033,119,82,11.9333333969116,-8.1583335796992,7.03333346048991,16.9000002543132,16.3000003099442,1.08333333830039,47.7799987792969,263.959998011589,75.3000011444092,1,"26B_2004",0.27
"2294","282-3-B-BENA",2004,0.1645,1.11807947364383,10,1994,23,"282-3","BENA",31,18,7,0,8,0,0,0,0,0,0,NA,NA,NA,0,0,0,0,571.732475,"West","26B","Low Shrub","Low Shrub-Tussock Tundra","Clay Loam","Mesic",0,823.876221,27,3.830761,-149.53038,68.583298,-0.277062299523202,0.758007272147839,"282-3-B-BENA_2004",12,-8.50833316644033,119,82,11.9333333969116,-8.1583335796992,7.03333346048991,16.9000002543132,16.3000003099442,1.08333333830039,47.7799987792969,263.959998011589,75.3000011444092,1,"26B_2004",0.27
"2295","282-3-D-BENA",2004,0.17725,3.2042385636464,7,1997,23,"282-3","BENA",82,20,10,0,18,0,0,0,0,0,0,NA,NA,NA,0,0,0,0,571.732475,"West","26B","Low Shrub","Low Shrub-Tussock Tundra","Clay Loam","Mesic",0,823.876221,27,3.830761,-149.53038,68.583298,0.350165732068797,1.41930275308377,"282-3-D-BENA_2004",12,-8.50833316644033,119,82,11.9333333969116,-8.1583335796992,7.03333346048991,16.9000002543132,16.3000003099442,1.08333333830039,47.7799987792969,263.959998011589,75.3000011444092,1,"26B_2004",0.27
"2296","282-4-A-BENA",2004,0.02475,0.250583051177824,16,1988,23,"282-4","BENA",52,15,7,0,6,0,0,0,0,0,0,NA,NA,NA,0,0,0,0,597.547448,"West","26B","Tussock Tundra (Low shrub or Herbaceous)","Low Shrub-Tussock Tundra","Clay Loam","Mesic",0,823.620117,358,4.137664,-149.531178,68.583423,-1.21176613386853,0.297671087914288,"282-4-A-BENA_2004",12,-8.50833316644033,119,82,11.9333333969116,-8.1583335796992,7.03333346048991,16.9000002543132,16.3000003099442,1.08333333830039,47.7799987792969,263.959998011589,75.3000011444092,1,"26B_2004",0.27
"2297","60-4-B-BENA",2004,0.0855,0.821934885958698,14,1990,1,"60-4","BENA",95,NA,9,0,9,0,2,0,0,0.222222222,0,NA,"Hare",NA,1,0,1,0,1406.241796,"West","20F","Tall Shrub (Open-Closed)","Black Spruce Woodland","Silt Loam","Mesic",0,110.670654,252,1.181915,-149.840942,65.910317,-0.183243534774425,0.832565372425531,"60-4-B-BENA_2004",17.190972328186,-4.66854739189148,46.1354064941406,77.1805424690247,16.3000005086263,-2.84166662891706,10.7333335876465,21.8666667938232,69.5,1.09166668479641,73.409997344017,232.909998834133,67.8999996185303,1,"20F_2004",0.375
"2298","72-1-C-BENA",2004,0.06675,0.510150860995372,36,1968,2,"72-1","BENA",118,71,9,0,11,0,2,0,0,0.181818182,0,NA,"Hare",NA,1,0,0,0,895.937772,"West","20F","Tussock Tundra (Low shrub or Herbaceous)","Black Spruce Woodland","Clay Loam","Mesic",0,130.808105,148,1.606934,-150.14017,66.022623,0.466864314114018,1.59498497178495,"72-1-C-BENA_2004",17.4335244496663,-4.41235352555911,45.2081336975098,74.142068862915,14.9000002543132,-4.50833342472712,9.53333346048991,20.3000005086263,53.3000020980835,1.16666668467224,76.6099992990494,243.539998292923,73.5000009536743,1,"20F_2004",0.375
"2299","72-1-D-BENA",2004,0.0955,0.886715311873877,48,1956,2,"72-1","BENA",65,41,8,7,4,0,0,0,0,0,0,NA,NA,NA,0,0,0,0,895.937772,"West","20F","Tussock Tundra (Low shrub or Herbaceous)","Black Spruce Woodland","Clay Loam","Mesic",0,130.808105,148,1.606934,-150.14017,66.022623,1.36298393609734,3.90783665650461,"72-1-D-BENA_2004",17.4335244496663,-4.41235352555911,45.2081336975098,74.142068862915,14.9000002543132,-4.50833342472712,9.53333346048991,20.3000005086263,53.3000020980835,1.16666668467224,76.6099992990494,243.539998292923,73.5000009536743,1,"20F_2004",0.375
"2300","72-2-A-BENA",2004,0.05875,0.468388884453039,35,1969,2,"72-2","BENA",121,72,12,21,14,0,0,0,0,0,0,NA,NA,NA,0,0,0,0,855.94066,"West","20F","Tussock Tundra (Low shrub or Herbaceous)","Black Spruce Woodland","Clay Loam","Mesic",0,131.055786,179,2.125059,-150.13956,66.022889,0.347839330605462,1.41600472284073,"72-2-A-BENA_2004",17.4335244496663,-4.41235352555911,45.2081336975098,74.142068862915,14.9000002543132,-4.50833342472712,9.53333346048991,20.3000005086263,53.3000020980835,1.16666668467224,76.6099992990494,243.539998292923,73.5000009536743,1,"20F_2004",0.375
"2301","72-3-D-BENA",2004,0.12975,0.717312192962064,48,1956,2,"72-3","BENA",104,47,11,0,9,0,0,0,0,0,0,NA,NA,NA,0,0,1,0,885.368743,"West","20F","Tussock Tundra (Low shrub or Herbaceous)","Black Spruce Woodland","Clay Loam","Mesic",0,132.401993,119,2.284806,-150.140609,66.023021,1.15097112288047,3.16126139278124,"72-3-D-BENA_2004",17.4335244496663,-4.41235352555911,45.2081336975098,74.142068862915,14.9000002543132,-4.50833342472712,9.53333346048991,20.3000005086263,53.3000020980835,1.16666668467224,76.6099992990494,243.539998292923,73.5000009536743,1,"20F_2004",0.375
"2302","72-4-A-BENA",2004,0.267,3.24198224683526,6,1998,2,"72-4","BENA",97,39,7,0,8,0,0,0,0,0,0,NA,NA,NA,0,0,0,0,844.255779,"West","20F","Tussock Tundra (Low shrub or Herbaceous)","Low Shrub-Tussock Tundra","Clay Loam","Mesic",0,132.260803,156,1.029158,-150.139994,66.023305,0.177922231116983,1.19473240461723,"72-4-A-BENA_2004",17.4335244496663,-4.41235352555911,45.2081336975098,74.142068862915,14.9000002543132,-4.50833342472712,9.53333346048991,20.3000005086263,53.3000020980835,1.16666668467224,76.6099992990494,243.539998292923,73.5000009536743,1,"20F_2004",0.375
"2303","72-4-D-BENA",2004,0.10375,0.582862630263626,7,1997,2,"72-4","BENA",85,37,8,0,12,0,0,0,0,0,0,NA,NA,NA,0,0,0,0,844.255779,"West","20F","Tussock Tundra (Low shrub or Herbaceous)","Low Shrub-Tussock Tundra","Clay Loam","Mesic",0,132.260803,156,1.029158,-150.139994,66.023305,-1.35411249844794,0.258176324693315,"72-4-D-BENA_2004",17.4335244496663,-4.41235352555911,45.2081336975098,74.142068862915,14.9000002543132,-4.50833342472712,9.53333346048991,20.3000005086263,53.3000020980835,1.16666668467224,76.6099992990494,243.539998292923,73.5000009536743,1,"20F_2004",0.375
"2304","97-3-D-BENA",2004,0.0825,0.916465408905214,9,1995,4,"97-3","BENA",75,49,7,21,13,0,0,0,0,0,0,NA,NA,NA,0,0,0,0,924.995234,"East","24A","Tussock Tundra (Low shrub or Herbaceous)","Tall Shrub","Gravely Sand Loam","Mesic",2004,557.015015,71,7.919354,-150.432427,66.349149,-0.601636487537618,0.547914247174225,"97-3-D-BENA_2004",14.9378471374512,-5.17123853166898,95.8194580078125,165.548645019531,14.9000002543132,-4.50833342472712,9.53333346048991,20.3000005086263,53.3000020980835,1.16666668467224,76.6099992990494,243.539998292923,73.5000009536743,1,"24A_2004",0.97
"2305","102-3-B-BENA",2003,0.18375,4.40902599452932,23,1980,5,"102-3","BENA",72,NA,16,0,12,0,0,0,0,0,0,NA,NA,NA,0,0,0,0,939.238254,"West","24A","Tussock Tundra (Low shrub or Herbaceous)","Low Shrub","Sandy Loam","Mesic",2004,424.339783,330,3.896938,-150.565669,66.401242,2.08892169102038,8.0762018263635,"102-3-B-BENA_2003",12.733333269755,-4.99166671435038,212,127,12.8000001907349,-4.36666685342789,7.56666692097982,18.0333331425985,61.5000019073486,1.0583333466202,81.5699985027313,250.699997648597,132.300003051758,1,"24A_2003",0.92
"2306","111-1-A-BENA",2003,0.129,2.35540280884364,15,1988,6,"111-1","BENA",45,37,7,0,7,0,0,0,0,0,0,NA,NA,NA,0,0,0,0,640.914524,"West","24A","Tall Shrub (Open-Closed)","Low Shrub","Gravely Sand Loam","Mesic",0,512.854736,12,8.158982,-150.736683,66.498494,0.951894183327279,2.59061210904517,"111-1-A-BENA_2003",12.7091080347697,-5.0178359746933,208.778238296509,122.835207462311,12.8000001907349,-4.36666685342789,7.56666692097982,18.0333331425985,61.5000019073486,1.0583333466202,81.5699985027313,250.699997648597,132.300003051758,1,"24A_2003",0.92
"2307","111-1-B-BENA",2003,0.17025,2.04890019383009,7,1996,6,"111-1","BENA",89,51,9,0,12,0,0,0,0,0,0,NA,NA,NA,0,0,0,0,640.914524,"West","24A","Tall Shrub (Open-Closed)","Low Shrub","Gravely Sand Loam","Mesic",0,512.854736,12,8.158982,-150.736683,66.498494,-0.097005594059333,0.907550929225327,"111-1-B-BENA_2003",12.7091080347697,-5.0178359746933,208.778238296509,122.835207462311,12.8000001907349,-4.36666685342789,7.56666692097982,18.0333331425985,61.5000019073486,1.0583333466202,81.5699985027313,250.699997648597,132.300003051758,1,"24A_2003",0.92
"2308","111-2-D-BENA",2003,0.397,7.10973362195008,7,1996,6,"111-2","BENA",75,31,6,0,7,0,0,0,0,0,0,NA,NA,NA,0,0,0,0,685.564701,"West","24A","Tall Shrub (Open-Closed)","Low Shrub","Gravely Sand Loam","Mesic",0,516.430603,8,6.353059,-150.737535,66.498284,1.14715602541372,3.14922384925131,"111-2-D-BENA_2003",12.7042140960693,-5.02025918165843,209.379266738892,123.252840518951,12.8000001907349,-4.36666685342789,7.56666692097982,18.0333331425985,61.5000019073486,1.0583333466202,81.5699985027313,250.699997648597,132.300003051758,1,"24A_2003",0.92
"2309","111-3-A-BENA",2003,0.02375,0.227028174859369,16,1987,6,"111-3","BENA",108,46,7,0,11,0,0,0,0,0,0,NA,NA,NA,0,0,0,0,664.632709,"West","24A","Tall Shrub (Open-Closed)","Low Shrub","Gravely Sand Loam","Mesic",0,511.257965,359,9.703425,-150.737553,66.498636,-1.31048241297113,0.269689923081135,"111-3-A-BENA_2003",12.7091080347697,-5.0178359746933,208.778238296509,122.835207462311,12.8000001907349,-4.36666685342789,7.56666692097982,18.0333331425985,61.5000019073486,1.0583333466202,81.5699985027313,250.699997648597,132.300003051758,1,"24A_2003",0.92
"2310","111-3-D-BENA",2003,0.16775,4.11153916138294,6,1997,6,"111-3","BENA",95,38,7,3,16,0,0,0,0,0,0,NA,NA,NA,0,0,0,0,664.632709,"West","24A","Tall Shrub (Open-Closed)","Low Shrub","Gravely Sand Loam","Mesic",0,511.257965,359,9.703425,-150.737553,66.498636,0.415534734034333,1.51518074281625,"111-3-D-BENA_2003",12.7091080347697,-5.0178359746933,208.778238296509,122.835207462311,12.8000001907349,-4.36666685342789,7.56666692097982,18.0333331425985,61.5000019073486,1.0583333466202,81.5699985027313,250.699997648597,132.300003051758,1,"24A_2003",0.92
"2311","111-4-C-BENA",2003,0.0933333333333333,0.654065607416045,11,1992,6,"111-4","BENA",51,30,7,0,13,0,0,0,0,0,0,NA,NA,NA,0,0,0,0,707.594422,"West","24A","Tall Shrub (Open-Closed)","Low Shrub","Gravely Sand Loam","Mesic",0,515.006653,353,8.170983,-150.73833,66.498407,-0.699485051636044,0.496841085432678,"111-4-C-BENA_2003",12.7042140960693,-5.02025918165843,209.379266738892,123.252840518951,12.8000001907349,-4.36666685342789,7.56666692097982,18.0333331425985,61.5000019073486,1.0583333466202,81.5699985027313,250.699997648597,132.300003051758,1,"24A_2003",0.92
"2312","121-1-C-BENA",2003,0.0305,0.367847513012501,31,1972,7,"121-1","BENA",60,36,11,0,11,0,0,0,0,0,0,NA,NA,NA,0,0,0,0,1394.51987,"East","24A","Tall Shrub (Open-Closed)","Low Shrub","Clay Loam","Mesic",2005,466.470276,61,7.209129,-150.675843,66.599029,-0.0386156854113588,0.962120395007812,"121-1-C-BENA_2003",13.1999998092651,-4.78333344062169,180,106,12.8666667938232,-4.6916667620341,7.73333342870076,18.1000003814697,66,1.16666669833163,85.2699975967407,250.329998668283,129.500001907349,1,"24A_2003",0.92
"2313","121-1-D-BENA",2003,0.0805,1.9592024221325,19,1984,7,"121-1","BENA",73,42,19,0,25,0,0,0,0,0,0,NA,NA,NA,0,0,0,0,1394.51987,"East","24A","Tall Shrub (Open-Closed)","Low Shrub","Clay Loam","Mesic",2005,466.470276,61,7.209129,-150.675843,66.599029,1.0498117540025,2.85711322730742,"121-1-D-BENA_2003",13.1999998092651,-4.78333344062169,180,106,12.8666667938232,-4.6916667620341,7.73333342870076,18.1000003814697,66,1.16666669833163,85.2699975967407,250.329998668283,129.500001907349,1,"24A_2003",0.92
"2314","129-3-A-BENA",2003,0.05175,0.826828112866209,51,1952,8,"129-3","BENA",51,35,12,0,6,0,0,0,0,0,0,NA,NA,NA,0,0,0,0,1022.673056,"East","24A","Tussock Tundra (Low shrub or Herbaceous)","Low Shrub-Tussock Tundra","Sandy Loam","Mesic - Hydric",2005,301.546051,352,6.265718,-150.646771,66.710061,1.36540249492004,3.91729942784979,"129-3-A-BENA_2003",13.4333333969116,-4.72499992450078,151,94,12.8666667938232,-4.6916667620341,7.73333342870076,18.1000003814697,66,1.16666669833163,85.2699975967407,250.329998668283,129.500001907349,1,"24A_2003",0.92
"2315","129-4-D-BENA",2003,0.0475,1.28117682705125,42,1961,8,"129-4","BENA",87,41,18,0,9,0,0,0,0,0,0,NA,NA,NA,0,0,0,0,1057.255538,"East","24A","Tussock Tundra (Low shrub or Herbaceous)","Tall Shrub","Sandy Loam","Mesic - Hydric",2005,303.823029,358,6.979915,-150.646167,66.709845,1.57164612068355,4.8145670326796,"129-4-D-BENA_2003",13.4333333969116,-4.72499992450078,151,94,12.8666667938232,-4.6916667620341,7.73333342870076,18.1000003814697,66,1.16666669833163,85.2699975967407,250.329998668283,129.500001907349,1,"24A_2003",0.92
"2316","147-2-A-BENA",2003,0.15425,1.00419300930992,8,1995,9,"147-2","BENA",89,56,6,61,9,0,0,0,0,0,0,NA,NA,NA,0,2,1,0,986.173835,"West","24A","Low Shrub","Tall Shrub","Clay Loam","Mesic - Hydric",0,428.943481,147,8.698308,-150.484958,66.912025,-0.650776337832985,0.521640650151871,"147-2-A-BENA_2003",12.9363425572713,-5.05720482269923,149.225677490234,95.0902714729309,11.3333333333333,-5.86666679382324,6.30000019073486,16.4666668574015,45.2000017166138,1.10833334922791,81.1699978113174,262.979998648167,128.700000762939,1,"24A_2003",0.92
"2317","147-3-A-BENA",2003,0.11725,1.44016321012195,13,1990,9,"147-3","BENA",107,63,8,18,8,1,0,0,0.125,0,0,"Moose",NA,NA,1,2,1,0,952.272152,"West","24A","White Spruce or Black Spruce (Woodland)","Black Spruce Woodland","Clay Loam","Mesic - Hydric",0,425.583191,170,6.572863,-150.484233,66.911912,0.289171106729256,1.33532019125263,"147-3-A-BENA_2003",12.9363425572713,-5.05720482269923,149.225677490234,95.0902714729309,11.3333333333333,-5.86666679382324,6.30000019073486,16.4666668574015,45.2000017166138,1.10833334922791,81.1699978113174,262.979998648167,128.700000762939,1,"24A_2003",0.92
"2318","147-3-C-BENA",2003,0.21925,1.84063027235576,9,1994,9,"147-3","BENA",136,53,12,30,29,2,1,0,0.068965517,0.034482759,0,"Moose","Hare",NA,1,2,1,0,952.272152,"West","24A","White Spruce or Black Spruce (Woodland)","Black Spruce Woodland","Clay Loam","Mesic - Hydric",0,425.583191,170,6.572863,-150.484233,66.911912,0.0957025197705615,1.10043165863579,"147-3-C-BENA_2003",12.9363425572713,-5.05720482269923,149.225677490234,95.0902714729309,11.3333333333333,-5.86666679382324,6.30000019073486,16.4666668574015,45.2000017166138,1.10833334922791,81.1699978113174,262.979998648167,128.700000762939,1,"24A_2003",0.92
"2319","147-4-D-BENA",2003,0.099,0.707098678895703,17,1986,9,"147-4","BENA",94,47,7,14,7,0,0,0,0,0,0,NA,NA,NA,0,0,1,0,956.341518,"West","24A","Tall Shrub (Open-Closed)","Tall Shrub","Clay Loam","Mesic - Hydric",0,428.39856,129,7.52786,-150.483929,66.912191,-0.102040606610526,0.90299288344407,"147-4-D-BENA_2003",12.9363425572713,-5.05720482269923,149.225677490234,95.0902714729309,11.3333333333333,-5.86666679382324,6.30000019073486,16.4666668574015,45.2000017166138,1.10833334922791,81.1699978113174,262.979998648167,128.700000762939,1,"24A_2003",0.92
"2320","151-1-D-BENA",2003,0.1305,1.06573739844237,19,1984,10,"151-1","BENA",90,67,12,0,8,0,0,0,0,0,0,NA,NA,NA,0,0,0,0,725.03173,"East","24A","White Spruce or Black Spruce (Open-Closed)","Low Shrub","Clay Loam","Mesic",0,471.29071,296,22.022722,-150.362735,66.958242,0.440941243532595,1.55416938215686,"151-1-D-BENA_2003",12.0961656570435,-5.87830824653308,163.49432182312,101.87357711792,11.3333333333333,-5.86666679382324,6.30000019073486,16.4666668574015,45.2000017166138,1.10833334922791,81.1699978113174,262.979998648167,128.700000762939,1,"24A_2003",0.92
"2321","151-2-A-BENA",2003,0.14425,3.23804681298801,8,1995,10,"151-2","BENA",119,71,11,0,4,0,0,0,0,0,0,NA,NA,NA,0,1,0,0,737.726474,"East","24A","Low Shrub","Low Shrub","Clay Loam","Mesic",0,482.941345,297,25.566626,-150.361917,66.958285,0.520009731553089,1.6820440185199,"151-2-A-BENA_2003",12.0961656570435,-5.87830824653308,163.49432182312,101.87357711792,11.3333333333333,-5.86666679382324,6.30000019073486,16.4666668574015,45.2000017166138,1.10833334922791,81.1699978113174,262.979998648167,128.700000762939,1,"24A_2003",0.92
"2322","151-2-B-BENA",2003,0.3865,10.0282889050983,8,1995,10,"151-2","BENA",142,91,14,0,17,0,0,0,0,0,0,NA,NA,NA,0,1,0,0,737.726474,"East","24A","Low Shrub","Low Shrub","Clay Loam","Mesic",0,482.941345,297,25.566626,-150.361917,66.958285,1.65044940874808,5.20932041536625,"151-2-B-BENA_2003",12.0961656570435,-5.87830824653308,163.49432182312,101.87357711792,11.3333333333333,-5.86666679382324,6.30000019073486,16.4666668574015,45.2000017166138,1.10833334922791,81.1699978113174,262.979998648167,128.700000762939,1,"24A_2003",0.92
"2323","151-3-C-BENA",2003,0.05475,0.634215103779209,17,1986,10,"151-3","BENA",86,51,13,0,9,0,0,0,0,0,0,NA,NA,NA,0,0,0,0,698.113665,"East","24A","White Spruce or Black Spruce (Open-Closed)","Low Shrub","Clay Loam","Mesic",0,469.98999,301,21.5443,-150.36215,66.958641,-0.210822659573953,0.809917685293597,"151-3-C-BENA_2003",12.0961656570435,-5.87830824653308,163.49432182312,101.87357711792,11.3333333333333,-5.86666679382324,6.30000019073486,16.4666668574015,45.2000017166138,1.10833334922791,81.1699978113174,262.979998648167,128.700000762939,1,"24A_2003",0.92
"2324","151-4-A-BENA",2003,0.10775,1.09667678464263,17,1986,10,"151-4","BENA",65,36,9,0,8,0,0,0,0,0,0,NA,NA,NA,0,0,0,0,714.907956,"East","24A","Low Shrub","Low Shrub","Clay Loam","Mesic",0,485.466003,301,24.973797,-150.361301,66.958638,0.3368289442892,1.40049947981403,"151-4-A-BENA_2003",12.0961656570435,-5.87830824653308,163.49432182312,101.87357711792,11.3333333333333,-5.86666679382324,6.30000019073486,16.4666668574015,45.2000017166138,1.10833334922791,81.1699978113174,262.979998648167,128.700000762939,1,"24A_2003",0.92
"2325","151-4-D-BENA",2003,0.1525,1.74030488541015,10,1993,10,"151-4","BENA",83,56,8,0,9,0,0,0,0,0,0,NA,NA,NA,0,0,0,0,714.907956,"East","24A","Low Shrub","Low Shrub","Clay Loam","Mesic",0,485.466003,301,24.973797,-150.361301,66.958638,0.165385562098337,1.17984793567146,"151-4-D-BENA_2003",12.0961656570435,-5.87830824653308,163.49432182312,101.87357711792,11.3333333333333,-5.86666679382324,6.30000019073486,16.4666668574015,45.2000017166138,1.10833334922791,81.1699978113174,262.979998648167,128.700000762939,1,"24A_2003",0.92
"2326","158-2-C-BENA",2003,0.02375,0.288247998200796,15,1988,11,"158-2","BENA",54,29,8,0,53,0,0,0,0,0,0,NA,NA,NA,0,0,0,1,1283.38641,"East","24A","Tussock Tundra (Low shrub or Herbaceous)","Low Shrub","Sandy Loam","Mesic - Xeric",2005,590.000549,54,15.617359,-150.286104,67.046812,-1.1487516381301,0.317032293475789,"158-2-C-BENA_2003",12.9333333969116,-5.48333338896434,160,103,11.200000445048,-6.23333329955737,6.20000012715658,16.2333339055379,46.5,1.05833333420257,85.8599967956543,264.469997763634,126.699998855591,1,"24A_2003",0.92
"2327","173-1-A-BENA",2003,0.043,0.246806660458666,35,1968,12,"173-1","BENA",69,40,12,0,9,0,0,0,0,0,0,NA,NA,NA,0,0,0,0,1301.486525,"East","24A","Low Shrub","Low Shrub","Clay Loam","Mesic",0,349.871613,358,2.901099,-150.191497,67.228159,-0.29285429101178,0.746130850748356,"173-1-A-BENA_2003",13.3658879597982,-5.34347863992055,156.686904907227,106.77717590332,11.200000445048,-6.23333329955737,6.20000012715658,16.2333339055379,46.5,1.05833333420257,85.8599967956543,264.469997763634,126.699998855591,1,"24A_2003",0.92
"2328","173-1-B-BENA",2003,0.146,1.85922908991363,13,1990,12,"173-1","BENA",101,53,11,0,7,0,0,0,0,0,0,NA,NA,NA,0,0,0,0,1301.486525,"East","24A","Low Shrub","Low Shrub","Clay Loam","Mesic",0,349.871613,358,2.901099,-150.191497,67.228159,0.544576593222639,1.72387832606535,"173-1-B-BENA_2003",13.3658879597982,-5.34347863992055,156.686904907227,106.77717590332,11.200000445048,-6.23333329955737,6.20000012715658,16.2333339055379,46.5,1.05833333420257,85.8599967956543,264.469997763634,126.699998855591,1,"24A_2003",0.92
"2329","173-2-A-BENA",2003,0.0965,0.597687216947293,44,1959,12,"173-2","BENA",94,43,12,0,6,0,0,0,0,0,0,NA,NA,NA,0,2,0,0,1323.706943,"East","24A","Tussock Tundra (Low shrub or Herbaceous)","Low Shrub","Clay Loam","Mesic",0,348.371155,13,2.823825,-150.190835,67.228457,0.864693491085502,2.37427823699157,"173-2-A-BENA_2003",13.3658879597982,-5.34347863992055,156.686904907227,106.77717590332,11.200000445048,-6.23333329955737,6.20000012715658,16.2333339055379,46.5,1.05833333420257,85.8599967956543,264.469997763634,126.699998855591,1,"24A_2003",0.92
"2330","173-2-C-BENA",2003,0.128,3.61770730342663,6,1997,12,"173-2","BENA",107,64,12,0,13,0,0,0,0,0,0,NA,NA,NA,0,2,0,0,1323.706943,"East","24A","Tussock Tundra (Low shrub or Herbaceous)","Low Shrub","Clay Loam","Mesic",0,348.371155,13,2.823825,-150.190835,67.228457,0.2875777674074,1.3331942671936,"173-2-C-BENA_2003",13.3658879597982,-5.34347863992055,156.686904907227,106.77717590332,11.200000445048,-6.23333329955737,6.20000012715658,16.2333339055379,46.5,1.05833333420257,85.8599967956543,264.469997763634,126.699998855591,1,"24A_2003",0.92
"2331","173-3-B-BENA",2003,0.03575,0.162318827477974,38,1965,12,"173-3","BENA",70,51,14,0,9,0,0,0,0,0,0,NA,NA,NA,0,0,0,0,1278.311889,"East","24A","Low Shrub","Low Shrub","Clay Loam","Mesic",0,347.24527,24,1.739254,-150.191816,67.228627,-0.613759197067643,0.541312140472932,"173-3-B-BENA_2003",13.3658879597982,-5.34347863992055,156.686904907227,106.77717590332,11.200000445048,-6.23333329955737,6.20000012715658,16.2333339055379,46.5,1.05833333420257,85.8599967956543,264.469997763634,126.699998855591,1,"24A_2003",0.92
"2332","173-4-B-BENA",2003,0.19625,1.91296190891293,13,1990,12,"173-4","BENA",124,71,14,0,12,0,0,0,0,0,0,NA,NA,NA,0,1,0,0,1308.377258,"East","24A","Low Shrub","Low Shrub","Clay Loam","Mesic",0,346.165253,355,1.872125,-150.190975,67.22891,0.573067437758691,1.77369942803379,"173-4-B-BENA_2003",13.3658879597982,-5.34347863992055,156.686904907227,106.77717590332,11.200000445048,-6.23333329955737,6.20000012715658,16.2333339055379,46.5,1.05833333420257,85.8599967956543,264.469997763634,126.699998855591,1,"24A_2003",0.92
"2333","173-4-C-BENA",2003,0.139,1.82467314152047,34,1969,12,"173-4","BENA",119,74,14,0,14,0,0,0,0,0,0,NA,NA,NA,0,1,0,0,1308.377258,"East","24A","Low Shrub","Low Shrub","Clay Loam","Mesic",0,346.165253,355,1.872125,-150.190975,67.22891,1.67310463144568,5.32868574817638,"173-4-C-BENA_2003",13.3658879597982,-5.34347863992055,156.686904907227,106.77717590332,11.200000445048,-6.23333329955737,6.20000012715658,16.2333339055379,46.5,1.05833333420257,85.8599967956543,264.469997763634,126.699998855591,1,"24A_2003",0.92
"2334","184-1-B-BENA",2003,0.06,0.837014530695936,51,1952,13,"184-1","BENA",128,51,19,0,13,0,1,0,0,0.076923077,0,NA,"Hare",NA,1,2,0,0,692.283244,"East","24A","White Spruce or Black Spruce (Open-Closed)","Tall Shrub","Clay Loam","Mesic",0,423.977753,249,10.469168,-150.109686,67.368938,1.37764709646316,3.96556006160824,"184-1-B-BENA_2003",12.9000002543132,-5.26666673024495,126,74,11.200000445048,-6.23333329955737,6.20000012715658,16.2333339055379,46.5,1.05833333420257,85.8599967956543,264.469997763634,126.699998855591,1,"24A_2003",0.92
"2335","184-1-C-BENA",2003,0.22,5.04436107608953,12,1991,13,"184-1","BENA",166,49,15,8,26,1,2,0,0.038461538,0.076923077,0,"Moose","Hare",NA,1,2,0,0,692.283244,"East","24A","White Spruce or Black Spruce (Open-Closed)","Tall Shrub","Clay Loam","Mesic",0,423.977753,249,10.469168,-150.109686,67.368938,1.44716760350188,4.25105676876539,"184-1-C-BENA_2003",12.9000002543132,-5.26666673024495,126,74,11.200000445048,-6.23333329955737,6.20000012715658,16.2333339055379,46.5,1.05833333420257,85.8599967956543,264.469997763634,126.699998855591,1,"24A_2003",0.92
"2336","184-2-A-BENA",2003,0.07675,0.52340524040087,18,1985,13,"184-2","BENA",89,39,11,0,12,0,1,0,0,0.083333333,0,NA,"Hare",NA,1,1,0,0,706.210196,"East","24A","White Spruce or Black Spruce (Open-Closed)","Tall Shrub","Clay Loam","Mesic",0,429.192566,258,16.706417,-150.109279,67.369156,-0.334645490344049,0.715591725567561,"184-2-A-BENA_2003",12.8984956741333,-5.26817115147908,125.548645019531,73.5035064220428,11.200000445048,-6.23333329955737,6.20000012715658,16.2333339055379,46.5,1.05833333420257,85.8599967956543,264.469997763634,126.699998855591,1,"24A_2003",0.92
"2337","184-2-D-BENA",2003,0.04425,0.245327559367451,32,1971,13,"184-2","BENA",84,38,12,10,7,0,0,0,0,0,0,NA,NA,NA,0,1,0,0,706.210196,"East","24A","White Spruce or Black Spruce (Open-Closed)","Tall Shrub","Clay Loam","Mesic",0,429.192566,258,16.706417,-150.109279,67.369156,-0.40580292759324,0.666441491713001,"184-2-D-BENA_2003",12.8984956741333,-5.26817115147908,125.548645019531,73.5035064220428,11.200000445048,-6.23333329955737,6.20000012715658,16.2333339055379,46.5,1.05833333420257,85.8599967956543,264.469997763634,126.699998855591,1,"24A_2003",0.92
"2338","184-3-B-BENA",2003,0.176666666666667,2.06909481714498,26,1977,13,"184-3","BENA",71,35,17,0,17,0,2,0,0,0.117647059,0,NA,"Hare",NA,1,1,3,0,683.765397,"East","24A","White Spruce or Black Spruce (Open-Closed)","Tall Shrub","Clay Loam","Mesic",0,425.482941,261,10.788996,-150.109693,67.36937,1.4786852033214,4.38717364588595,"184-3-B-BENA_2003",12.8984956741333,-5.26817115147908,125.548645019531,73.5035064220428,11.200000445048,-6.23333329955737,6.20000012715658,16.2333339055379,46.5,1.05833333420257,85.8599967956543,264.469997763634,126.699998855591,1,"24A_2003",0.92
"2339","184-3-D-BENA",2003,0.2705,2.23710063968557,15,1988,13,"184-3","BENA",103,48,17,7,31,3,1,0,0.096774194,0.032258065,0,"Moose","Hare",NA,1,1,3,0,683.765397,"East","24A","White Spruce or Black Spruce (Open-Closed)","Tall Shrub","Clay Loam","Mesic",0,425.482941,261,10.788996,-150.109693,67.36937,0.900363096570102,2.460496346766,"184-3-D-BENA_2003",12.8984956741333,-5.26817115147908,125.548645019531,73.5035064220428,11.200000445048,-6.23333329955737,6.20000012715658,16.2333339055379,46.5,1.05833333420257,85.8599967956543,264.469997763634,126.699998855591,1,"24A_2003",0.92
"2340","191-2-A-BENA",2003,0.16475,1.73168455151824,10,1993,14,"191-2","BENA",82,51,10,0,13,1,0,0,0.076923077,0,0,"Moose",NA,NA,1,0,0,0,1628.072852,"East","24A","Low Shrub","Low Shrub","Clay Loam","Mesic",0,494.812988,260,1.497492,-149.859771,67.475671,0.160419906665531,1.17400373950076,"191-2-A-BENA_2003",12.1120363871257,-5.5409141878287,128.593780517578,78.774322271347,9.33333349227905,-7.70000021656354,4.50000007947286,14.2000001271566,23.0999999046326,1.01666669795911,67.9099979400635,279.169998407364,125.500001907349,1,"24A_2003",0.92
"2341","191-2-B-BENA",2003,0.098,1.34480271766626,8,1995,14,"191-2","BENA",92,71,8,0,13,0,0,0,0,0,0,NA,NA,NA,0,0,0,0,1628.072852,"East","24A","Low Shrub","Low Shrub","Clay Loam","Mesic",0,494.812988,260,1.497492,-149.859771,67.475671,-0.358713256994802,0.698574634025289,"191-2-B-BENA_2003",12.1120363871257,-5.5409141878287,128.593780517578,78.774322271347,9.33333349227905,-7.70000021656354,4.50000007947286,14.2000001271566,23.0999999046326,1.01666669795911,67.9099979400635,279.169998407364,125.500001907349,1,"24A_2003",0.92
"2342","191-3-A-BENA",2003,0.118666666666667,0.677009045832829,22,1981,14,"191-3","BENA",102,51,9,0,9,0,1,0,0,0.111111111,0,NA,"Hare",NA,1,2,0,0,1608.343863,"East","24A","Low Shrub","Low Shrub","Clay Loam","Mesic",0,494.475037,298,4.15829,-149.859591,67.475979,0.16215123813872,1.17603808968368,"191-3-A-BENA_2003",12.1120363871257,-5.5409141878287,128.593780517578,78.774322271347,9.33333349227905,-7.70000021656354,4.50000007947286,14.2000001271566,23.0999999046326,1.01666669795911,67.9099979400635,279.169998407364,125.500001907349,1,"24A_2003",0.92
"2343","191-3-D-BENA",2003,0.146,2.09307563347869,17,1986,14,"191-3","BENA",110,71,10,0,16,0,0,0,0,0,0,NA,NA,NA,0,2,0,0,1608.343863,"East","24A","Low Shrub","Low Shrub","Clay Loam","Mesic",0,494.475037,298,4.15829,-149.859591,67.475979,0.983179021312541,2.67294008311989,"191-3-D-BENA_2003",12.1120363871257,-5.5409141878287,128.593780517578,78.774322271347,9.33333349227905,-7.70000021656354,4.50000007947286,14.2000001271566,23.0999999046326,1.01666669795911,67.9099979400635,279.169998407364,125.500001907349,1,"24A_2003",0.92
"2344","191-4-B-BENA",2003,0.083,0.618243443077898,20,1983,14,"191-4","BENA",77,59,11,0,12,0,1,0,0,0.083333333,0,NA,"Hare",NA,1,1,0,0,1634.196324,"East","24A","Low Shrub","Low Shrub","Clay Loam","Mesic",0,497.007599,303,3.553675,-149.85875,67.475963,-0.0423884166478872,0.95849741190833,"191-4-B-BENA_2003",12.1120363871257,-5.5409141878287,128.593780517578,78.774322271347,9.33333349227905,-7.70000021656354,4.50000007947286,14.2000001271566,23.0999999046326,1.01666669795911,67.9099979400635,279.169998407364,125.500001907349,1,"24A_2003",0.92
"2345","203-1-A-BENA",2003,0.07975,1.03129356563704,13,1990,15,"203-1","BENA",97,41,11,0,17,1,0,0,0.058823529,0,0,"Moose",NA,NA,1,1,0,0,905.036767,"East","24A","Low Shrub","Low Shrub","Loam","Mesic",0,550.644958,299,23.927214,-149.794431,67.571449,-0.044771437557927,0.956216011925098,"203-1-A-BENA_2003",12.3999999364217,-5.65000013510386,107,75,8.40000009536743,-8.6666667945683,3.70000004768372,13.1666666666667,18.0000004172325,0.866666695723931,64.3499991893768,286.31999874115,125.200002670288,1,"24A_2003",0.92
"2346","203-1-D-BENA",2003,0.15075,3.03988850016834,11,1992,15,"203-1","BENA",143,46,14,0,26,2,0,0,0.076923077,0,0,"Moose",NA,NA,1,1,0,0,905.036767,"East","24A","Low Shrub","Low Shrub","Loam","Mesic",0,550.644958,299,23.927214,-149.794431,67.571449,0.836883400939697,2.30915902761608,"203-1-D-BENA_2003",12.3999999364217,-5.65000013510386,107,75,8.40000009536743,-8.6666667945683,3.70000004768372,13.1666666666667,18.0000004172325,0.866666695723931,64.3499991893768,286.31999874115,125.200002670288,1,"24A_2003",0.92
"2347","203-2-C-BENA",2003,0.0615,0.43114353639887,27,1976,15,"203-2","BENA",118,35,14,0,38,0,0,0,0,0,0,NA,NA,NA,0,0,1,0,933.944119,"East","24A","Low Shrub","Low Shrub","Loam","Mesic",0,566.911377,300,26.508135,-149.793674,67.571447,-0.0447032432013039,0.956281222684301,"203-2-C-BENA_2003",12.3999999364217,-5.65000013510386,107,75,8.40000009536743,-8.6666667945683,3.70000004768372,13.1666666666667,18.0000004172325,0.866666695723931,64.3499991893768,286.31999874115,125.200002670288,1,"24A_2003",0.92
"2348","203-3-B-BENA",2003,0.16925,2.61138311620033,7,1996,15,"203-3","BENA",108,53,11,7,21,0,0,0,0,0,0,NA,NA,NA,0,0,1,0,922.335664,"East","24A","Low Shrub","Low Shrub","Loam","Mesic",0,556.241272,305,23.609533,-149.79364,67.571701,0.145571258117811,1.15670015592154,"203-3-B-BENA_2003",12.3999999364217,-5.65000013510386,107,75,8.40000009536743,-8.6666667945683,3.70000004768372,13.1666666666667,18.0000004172325,0.866666695723931,64.3499991893768,286.31999874115,125.200002670288,1,"24A_2003",0.92
"2349","203-3-D-BENA",2003,0.21675,2.92344654656029,11,1992,15,"203-3","BENA",108,52,11,0,7,1,0,0,0.14,0,0,"Moose",NA,NA,1,0,1,0,922.335664,"East","24A","Low Shrub","Low Shrub","Loam","Mesic",0,556.241272,305,23.609533,-149.79364,67.571701,0.797825808180158,2.22070743198933,"203-3-D-BENA_2003",12.3999999364217,-5.65000013510386,107,75,8.40000009536743,-8.6666667945683,3.70000004768372,13.1666666666667,18.0000004172325,0.866666695723931,64.3499991893768,286.31999874115,125.200002670288,1,"24A_2003",0.92
"2350","203-4-A-BENA",2003,0.15575,2.29984668800802,7,1996,15,"203-4","BENA",85,42,10,0,10,0,0,0,0,0,0,NA,NA,NA,0,1,1,0,951.384807,"East","24A","Low Shrub","Low Shrub","Loam","Mesic",0,569.135193,316,29.227108,-149.792864,67.571712,0.018533710893217,1.01870652609766,"203-4-A-BENA_2003",12.3999999364217,-5.65000013510386,107,75,8.40000009536743,-8.6666667945683,3.70000004768372,13.1666666666667,18.0000004172325,0.866666695723931,64.3499991893768,286.31999874115,125.200002670288,1,"24A_2003",0.92
"2351","203-4-B-BENA",2003,0.0755,1.33799017399695,24,1979,15,"203-4","BENA",99,36,12,0,12,0,0,0,0,0,0,NA,NA,NA,0,1,1,0,951.384807,"East","24A","Low Shrub","Low Shrub","Loam","Mesic",0,569.135193,316,29.227108,-149.792864,67.571712,0.947224539457516,2.57854307406984,"203-4-B-BENA_2003",12.3999999364217,-5.65000013510386,107,75,8.40000009536743,-8.6666667945683,3.70000004768372,13.1666666666667,18.0000004172325,0.866666695723931,64.3499991893768,286.31999874115,125.200002670288,1,"24A_2003",0.92
"2352","209-1-C-BENA",2003,0.098,0.97309362058107,14,1989,16,"209-1","BENA",58,59,14,0,9,0,0,0,0,0,0,NA,NA,NA,0,0,1,0,698.873831,"East","24A","Low Shrub","Black Spruce Woodland","Sandy Loam","Mesic - Xeric",0,553.345276,287,19.679848,-149.692986,67.655886,-0.014424416493496,0.985679117000877,"209-1-C-BENA_2003",11.6894683837891,-6.09085607528687,101,76.0451354980469,8.40000009536743,-8.6666667945683,3.70000004768372,13.1666666666667,18.0000004172325,0.866666695723931,64.3499991893768,286.31999874115,125.200002670288,1,"24A_2003",0.92
"2353","209-1-D-BENA",2003,0.10925,0.924031345762762,19,1984,16,"209-1","BENA",76,39,10,0,6,0,0,0,0,0,0,NA,NA,NA,0,0,1,0,698.873831,"East","24A","Low Shrub","Black Spruce Woodland","Sandy Loam","Mesic - Xeric",0,553.345276,287,19.679848,-149.692986,67.655886,0.298265007130765,1.34751884266858,"209-1-D-BENA_2003",11.6894683837891,-6.09085607528687,101,76.0451354980469,8.40000009536743,-8.6666667945683,3.70000004768372,13.1666666666667,18.0000004172325,0.866666695723931,64.3499991893768,286.31999874115,125.200002670288,1,"24A_2003",0.92
"2354","209-2-B-BENA",2003,0.1485,2.08700633827134,35,1968,16,"209-2","BENA",104,57,18,0,18,0,0,0,0,0,0,NA,NA,NA,0,0,0,0,728.528855,"East","24A","Low Shrub","Black Spruce Woodland","Sandy Loam","Mesic - Xeric",0,561.911133,287,21.070175,-149.692261,67.656,1.84202637414706,6.30931033950921,"209-2-B-BENA_2003",11.6894683837891,-6.09085607528687,101,76.0451354980469,8.40000009536743,-8.6666667945683,3.70000004768372,13.1666666666667,18.0000004172325,0.866666695723931,64.3499991893768,286.31999874115,125.200002670288,1,"24A_2003",0.92
"2355","209-2-D-BENA",2003,0.06675,0.371223743367406,42,1961,16,"209-2","BENA",86,47,10,0,6,0,0,0,0,0,0,NA,NA,NA,0,0,0,0,728.528855,"East","24A","Low Shrub","Black Spruce Woodland","Sandy Loam","Mesic - Xeric",0,561.911133,287,21.070175,-149.692261,67.656,0.33291675270135,1.39503116106012,"209-2-D-BENA_2003",11.6894683837891,-6.09085607528687,101,76.0451354980469,8.40000009536743,-8.6666667945683,3.70000004768372,13.1666666666667,18.0000004172325,0.866666695723931,64.3499991893768,286.31999874115,125.200002670288,1,"24A_2003",0.92
"2356","209-3-A-BENA",2003,0.036,0.303496699892696,43,1960,16,"209-3","BENA",67,52,13,0,10,0,0,0,0,0,0,NA,NA,NA,0,0,1,0,711.058695,"East","24A","Low Shrub","Black Spruce Woodland","Sandy Loam","Mesic - Xeric",0,553.430786,276,18.070417,-149.69261,67.656251,0.159562378913732,1.17299743024414,"209-3-A-BENA_2003",11.6894683837891,-6.09085607528687,101,76.0451354980469,8.40000009536743,-8.6666667945683,3.70000004768372,13.1666666666667,18.0000004172325,0.866666695723931,64.3499991893768,286.31999874115,125.200002670288,1,"24A_2003",0.92
"2357","209-3-D-BENA",2003,0.172,1.92825302210565,21,1982,16,"209-3","BENA",84,39,10,0,8,0,0,0,0,0,0,NA,NA,NA,0,0,1,0,711.058695,"East","24A","Low Shrub","Black Spruce Woodland","Sandy Loam","Mesic - Xeric",0,553.430786,276,18.070417,-149.69261,67.656251,1.15332217323001,3.16870242117242,"209-3-D-BENA_2003",11.6894683837891,-6.09085607528687,101,76.0451354980469,8.40000009536743,-8.6666667945683,3.70000004768372,13.1666666666667,18.0000004172325,0.866666695723931,64.3499991893768,286.31999874115,125.200002670288,1,"24A_2003",0.92
"2358","209-4-C-BENA",2003,0.134,1.29765055352853,12,1991,16,"209-4","BENA",57,38,10,0,7,0,0,0,0,0,0,NA,NA,NA,0,0,0,0,738.024448,"East","24A","Low Shrub","Black Spruce Woodland","Sandy Loam","Mesic - Xeric",0,561.090881,296,18.584587,-149.691928,67.656444,0.0894519655682948,1.09357480280654,"209-4-C-BENA_2003",11.6894683837891,-6.09085607528687,101,76.0451354980469,8.40000009536743,-8.6666667945683,3.70000004768372,13.1666666666667,18.0000004172325,0.866666695723931,64.3499991893768,286.31999874115,125.200002670288,1,"24A_2003",0.92
"2359","209-4-D-BENA",2003,0.0376666666666667,0.156554977288542,31,1972,16,"209-4","BENA",71,50,9,0,8,0,0,0,0,0,0,NA,NA,NA,0,0,0,0,738.024448,"East","24A","Low Shrub","Black Spruce Woodland","Sandy Loam","Mesic - Xeric",0,561.090881,296,18.584587,-149.691928,67.656444,-0.892876930022822,0.4094760227023,"209-4-D-BENA_2003",11.6894683837891,-6.09085607528687,101,76.0451354980469,8.40000009536743,-8.6666667945683,3.70000004768372,13.1666666666667,18.0000004172325,0.866666695723931,64.3499991893768,286.31999874115,125.200002670288,1,"24A_2003",0.92
"2360","222-1-B-BENA",2003,0.04875,0.541432877144413,23,1980,17,"222-1","BENA",63,58,19,0,9,0,2,0,0,0.222222222,0,NA,"Hare",NA,1,2,18,0,769.468544,"East","24A","Low Shrub","Tall Shrub","Clay Loam","Mesic",0,669.484009,287,15.029548,-149.809491,67.826198,-0.00826828860917539,0.991765799673801,"222-1-B-BENA_2003",11.0333331425985,-6.68333349128564,104,82,8.40000009536743,-8.6666667945683,3.70000004768372,13.1666666666667,18.0000004172325,0.866666695723931,64.3499991893768,286.31999874115,125.200002670288,1,"24A_2003",0.92
"2361","222-1-D-BENA",2003,0.11225,0.785954814345756,22,1981,17,"222-1","BENA",78,38,9,0,9,0,2,0,0,0.222222222,0,NA,"Hare",NA,1,2,18,0,769.468544,"East","24A","Low Shrub","Tall Shrub","Clay Loam","Mesic",0,669.484009,287,15.029548,-149.809491,67.826198,0.311365906338922,1.3652886975887,"222-1-D-BENA_2003",11.0333331425985,-6.68333349128564,104,82,8.40000009536743,-8.6666667945683,3.70000004768372,13.1666666666667,18.0000004172325,0.866666695723931,64.3499991893768,286.31999874115,125.200002670288,1,"24A_2003",0.92
"2362","222-2-A-BENA",2003,0.0655,0.948722496874112,17,1986,17,"222-2","BENA",81,59,12,0,9,0,0,0,0,0,0,NA,NA,NA,0,3,13,0,794.735172,"East","24A","Low Shrub","Tall Shrub","Clay Loam","Mesic",0,676.198608,282,15.59229,-149.808768,67.826375,0.191905502610223,1.21155602267357,"222-2-A-BENA_2003",11.0333331425985,-6.68333349128564,104,82,8.40000009536743,-8.6666667945683,3.70000004768372,13.1666666666667,18.0000004172325,0.866666695723931,64.3499991893768,286.31999874115,125.200002670288,1,"24A_2003",0.92
"2363","222-3-A-BENA",2003,0.0465,0.330296056024144,41,1962,17,"222-3","BENA",126,65,16,0,21,0,3,0,0,0.142857143,0,NA,"Hare",NA,1,2,11,1,778.440723,"East","24A","Low Shrub","Low Shrub","Clay Loam","Mesic",0,672.469177,278,13.422374,-149.809021,67.826615,0.187344642153901,1.2060428666436,"222-3-A-BENA_2003",11.0333331425985,-6.68333349128564,104,82,8.40000009536743,-8.6666667945683,3.70000004768372,13.1666666666667,18.0000004172325,0.866666695723931,64.3499991893768,286.31999874115,125.200002670288,1,"24A_2003",0.92
"2364","222-4-D-BENA",2003,0.188,3.12083300933487,8,1995,17,"222-4","BENA",107,70,8,0,14,0,0,0,0,0,0,NA,NA,NA,0,0,15,0,805.061274,"East","24A","Low Shrub","Low Shrub","Clay Loam","Mesic",0,678.755371,278,16.631924,-149.808355,67.826658,0.483139375382047,1.62115583848127,"222-4-D-BENA_2003",11.0333331425985,-6.68333349128564,104,82,8.40000009536743,-8.6666667945683,3.70000004768372,13.1666666666667,18.0000004172325,0.866666695723931,64.3499991893768,286.31999874115,125.200002670288,1,"24A_2003",0.92
"2365","235-1-A-BENA",2003,0.05975,0.596965239685588,24,1979,18,"235-1","BENA",59,29,10,0,18,0,0,0,0,0,0,NA,NA,NA,0,0,5,0,477.732622,"East","24A","Low Shrub","Low Shrub","Sandy Gravel","Mesic",0,813.776917,295,20.303024,-149.727576,68.004859,0.140159529310495,1.15045731588102,"235-1-A-BENA_2003",8.76666657129923,-7.96666672825813,111,97,7.1333335240682,-9.87500009934107,2.53333342075348,11.733333269755,10.5999999046326,0.79166668963929,55.1099988818169,297.169997215271,125.000003814697,1,"24A_2003",0.92
"2366","235-1-B-BENA",2003,0.05925,0.838511303245819,11,1992,18,"235-1","BENA",42,18,10,0,10,0,1,0,0,0.1,0,NA,"Hare",NA,1,0,5,0,477.732622,"East","24A","Low Shrub","Low Shrub","Sandy Gravel","Mesic",0,813.776917,295,20.303024,-149.727576,68.004859,-0.451064653722307,0.636949659680275,"235-1-B-BENA_2003",8.76666657129923,-7.96666672825813,111,97,7.1333335240682,-9.87500009934107,2.53333342075348,11.733333269755,10.5999999046326,0.79166668963929,55.1099988818169,297.169997215271,125.000003814697,1,"24A_2003",0.92
"2367","235-2-B-BENA",2003,0.043,0.281659489357592,20,1983,18,"235-2","BENA",54,38,8,0,9,0,0,0,0,0,0,NA,NA,NA,NA,0,0,0,510.631222,"East","24A","Dwarf Shrub-Lichen","Low Shrub","Sandy Gravel","Mesic",0,828.022217,289,26.243103,-149.726481,68.004961,-0.828571860583433,0.436672470385841,"235-2-B-BENA_2003",8.76666657129923,-7.96666672825813,111,97,7.1333335240682,-9.87500009934107,2.53333342075348,11.733333269755,10.5999999046326,0.79166668963929,55.1099988818169,297.169997215271,125.000003814697,1,"24A_2003",0.92
"2368","235-2-C-BENA",2003,0.15175,1.22247204497859,15,1988,18,"235-2","BENA",58,33,8,0,9,0,2,0,0,0.222222222,0,NA,"Hare",NA,1,0,0,0,510.631222,"East","24A","Dwarf Shrub-Lichen","Low Shrub","Sandy Gravel","Mesic",0,828.022217,289,26.243103,-149.726481,68.004961,0.296057501402563,1.3445474679745,"235-2-C-BENA_2003",8.76666657129923,-7.96666672825813,111,97,7.1333335240682,-9.87500009934107,2.53333342075348,11.733333269755,10.5999999046326,0.79166668963929,55.1099988818169,297.169997215271,125.000003814697,1,"24A_2003",0.92
"2369","235-3-B-BENA",2003,0.0635,0.577526831491045,18,1985,18,"235-3","BENA",59,31,10,0,15,0,0,0,0,0,0,NA,NA,NA,0,0,1,0,482.982181,"East","24A","Dwarf Shrub-Lichen","Low Shrub","Sandy Gravel","Mesic",0,817.546387,298,18.704132,-149.726784,68.005244,-0.236246589846371,0.789585946047697,"235-3-B-BENA_2003",8.76666657129923,-7.96666672825813,111,97,7.1333335240682,-9.87500009934107,2.53333342075348,11.733333269755,10.5999999046326,0.79166668963929,55.1099988818169,297.169997215271,125.000003814697,1,"24A_2003",0.92
"2370","235-4-A-BENA",2003,0.062,0.891599703052054,13,1990,18,"235-4","BENA",45,36,11,0,13,0,0,0,0,0,0,NA,NA,NA,0,0,0,0,503.848767,"East","24A","Low Shrub","Low Shrub","Sandy Gravel","Mesic",0,825.290771,293,20.728168,-149.726015,68.005351,-0.190323351319697,0.826691778843208,"235-4-A-BENA_2003",8.76666657129923,-7.96666672825813,111,97,7.1333335240682,-9.87500009934107,2.53333342075348,11.733333269755,10.5999999046326,0.79166668963929,55.1099988818169,297.169997215271,125.000003814697,1,"24A_2003",0.92
"2371","235-4-C-BENA",2003,0.1575,3.54574284051084,7,1996,18,"235-4","BENA",61,45,11,0,10,0,0,0,0,0,0,NA,NA,NA,0,0,0,0,503.848767,"East","24A","Low Shrub","Low Shrub","Sandy Gravel","Mesic",0,825.290771,293,20.728168,-149.726015,68.005351,0.451438931583342,1.57057050381954,"235-4-C-BENA_2003",8.76666657129923,-7.96666672825813,111,97,7.1333335240682,-9.87500009934107,2.53333342075348,11.733333269755,10.5999999046326,0.79166668963929,55.1099988818169,297.169997215271,125.000003814697,1,"24A_2003",0.92
"2372","240-2-A-BENA",2003,0.1365,2.4001469422124,7,1996,19,"240-2","BENA",90,57,9,0,23,0,0,2,0,0,0.086956522,NA,NA,"Ptarmagin",1,0,0,0,426.292991,"West","24A","Tussock Tundra (Low shrub or Herbaceous)","Low Shrub","Sandy Loam","Mesic",0,1048.270996,87,24.096361,-149.606886,68.069926,0.0612212089691346,1.06313406296785,"240-2-A-BENA_2003",7.68495480219523,-8.49048002064228,139.992984771729,134.947849273682,7.1333335240682,-9.87500009934107,2.53333342075348,11.733333269755,10.5999999046326,0.79166668963929,55.1099988818169,297.169997215271,125.000003814697,1,"24A_2003",0.92
"2373","240-3-D-BENA",2003,0.10975,1.47837243807215,19,1984,19,"240-3","BENA",97,46,12,0,13,0,0,2,0,0,0.153846154,NA,NA,"Ptarmagin",1,0,1,3,399.798137,"West","24A","Low Shrub","Low Shrub","Sandy Loam","Mesic",0,1034.808228,93,20.584356,-149.606025,68.07014,0.768216069713545,2.15591681593838,"240-3-D-BENA_2003",7.68495480219523,-8.49048002064228,139.992984771729,134.947849273682,7.1333335240682,-9.87500009934107,2.53333342075348,11.733333269755,10.5999999046326,0.79166668963929,55.1099988818169,297.169997215271,125.000003814697,1,"24A_2003",0.92
"2374","240-4-B-BENA",2003,0.09475,1.31918086973129,35,1968,19,"240-4","BENA",102,72,15,0,13,0,0,0,0,0,0,NA,NA,NA,0,0,2,0,431.079046,"West","24A","Low Shrub","Low Shrub","Sandy Loam","Mesic",0,1046.807861,94,24.616484,-149.606605,68.070368,1.38330669977309,3.9880671890879,"240-4-B-BENA_2003",7.68495480219523,-8.49048002064228,139.992984771729,134.947849273682,7.1333335240682,-9.87500009934107,2.53333342075348,11.733333269755,10.5999999046326,0.79166668963929,55.1099988818169,297.169997215271,125.000003814697,1,"24A_2003",0.92
"2375","240-4-D-BENA",2003,0.107,1.26039597704594,18,1985,19,"240-4","BENA",83,41,16,0,29,0,0,3,0,0,0.103448276,NA,NA,"Ptarmagin",1,0,2,0,431.079046,"West","24A","Low Shrub","Low Shrub","Sandy Loam","Mesic",0,1046.807861,94,24.616484,-149.606605,68.070368,0.54417972545124,1.72319431005685,"240-4-D-BENA_2003",7.68495480219523,-8.49048002064228,139.992984771729,134.947849273682,7.1333335240682,-9.87500009934107,2.53333342075348,11.733333269755,10.5999999046326,0.79166668963929,55.1099988818169,297.169997215271,125.000003814697,1,"24A_2003",0.92
"2376","255-1-A-BENA",2003,0.162,2.33093608525749,34,1969,20,"255-1","BENA",71,26,15,0,17,0,0,0,0,0,0,NA,NA,NA,0,0,0,0,585.543915,"East","26B","Low Shrub","Low Shrub","Sandy Gravel","Mesic - Xeric",0,991.483582,331,1.701594,-149.392735,68.222633,1.91797370121411,6.80715116301406,"255-1-A-BENA_2003",8.00451342264811,-8.90451346834501,144.909729003906,130,5.23333334922791,-11.4333334565163,0.766666675607363,9.76666673024496,6.5,0.691666676973303,46.3199989795685,314.139998435974,128.400001525879,1,"26B_2003",0.27
"2377","255-2-C-BENA",2003,0.139,0.785589800549317,22,1981,20,"255-2","BENA",65,27,8,0,20,0,0,0,0,0,0,NA,NA,NA,0,0,1,1,631.079496,"East","26B","Low Shrub","Low Shrub","Sandy Gravel","Mesic - Xeric",0,993.382141,286,2.676414,-149.39171,68.222788,0.310901377620434,1.36465462906257,"255-2-C-BENA_2003",8.00451342264811,-8.90451346834501,144.909729003906,130,5.23333334922791,-11.4333334565163,0.766666675607363,9.76666673024496,6.5,0.691666676973303,46.3199989795685,314.139998435974,128.400001525879,1,"26B_2003",0.27
"2378","255-2-D-BENA",2003,0.13625,2.37424195823952,14,1989,20,"255-2","BENA",60,32,10,0,11,0,0,0,0,0,0,NA,NA,NA,0,0,1,1,631.079496,"East","26B","Low Shrub","Low Shrub","Sandy Gravel","Mesic - Xeric",0,993.382141,286,2.676414,-149.39171,68.222788,0.877528777512481,2.40494919239787,"255-2-D-BENA_2003",8.00451342264811,-8.90451346834501,144.909729003906,130,5.23333334922791,-11.4333334565163,0.766666675607363,9.76666673024496,6.5,0.691666676973303,46.3199989795685,314.139998435974,128.400001525879,1,"26B_2003",0.27
"2379","255-4-B-BENA",2003,0.38525,7.1701113021108,7,1996,20,"255-4","BENA",49,32,10,0,25,0,0,0,0,0,0,NA,NA,NA,0,0,0,2,644.564014,"East","26B","Low Shrub","Low Shrub","Sandy Gravel","Mesic - Xeric",0,993.003235,239,7.430982,-149.391619,68.223199,1.15561242536562,3.17596786533338,"255-4-B-BENA_2003",8.00451342264811,-8.90451346834501,144.909729003906,130,5.23333334922791,-11.4333334565163,0.766666675607363,9.76666673024496,6.5,0.691666676973303,46.3199989795685,314.139998435974,128.400001525879,1,"26B_2003",0.27
"2380","255-4-D-BENA",2003,0.085,0.403891005527139,26,1977,20,"255-4","BENA",56,29,5,0,12,0,0,0,0,0,0,NA,NA,NA,0,0,0,2,644.564014,"East","26B","Low Shrub","Low Shrub","Sandy Gravel","Mesic - Xeric",0,993.003235,239,7.430982,-149.391619,68.223199,-0.155036247634469,0.856384135021918,"255-4-D-BENA_2003",8.00451342264811,-8.90451346834501,144.909729003906,130,5.23333334922791,-11.4333334565163,0.766666675607363,9.76666673024496,6.5,0.691666676973303,46.3199989795685,314.139998435974,128.400001525879,1,"26B_2003",0.27
"2381","261-1-C-BENA",2003,0.0416666666666667,0.188277411175407,27,1976,21,"261-1","BENA",52,23,10,0,13,0,0,0,0,0,0,NA,NA,NA,0,0,0,0,356.206777,"East","26B","Dwarf Shrub","Low Shrub","Sandy Loam","Mesic",0,883.832947,287,13.943512,-149.352299,68.301689,-0.87322784237702,0.417601419857735,"261-1-C-BENA_2003",8.19616524378459,-9.05033720533053,159.115050315857,130.304681777954,5.23333334922791,-11.4333334565163,0.766666675607363,9.76666673024496,6.5,0.691666676973303,46.3199989795685,314.139998435974,128.400001525879,1,"26B_2003",0.27
"2382","261-1-D-BENA",2003,0.0595,0.483013587304126,14,1989,21,"261-1","BENA",59,19,9,0,15,0,0,0,0,0,0,NA,NA,NA,0,0,0,0,356.206777,"East","26B","Dwarf Shrub","Low Shrub","Sandy Loam","Mesic",0,883.832947,287,13.943512,-149.352299,68.301689,-0.714859928209485,0.489260638610561,"261-1-D-BENA_2003",8.19616524378459,-9.05033720533053,159.115050315857,130.304681777954,5.23333334922791,-11.4333334565163,0.766666675607363,9.76666673024496,6.5,0.691666676973303,46.3199989795685,314.139998435974,128.400001525879,1,"26B_2003",0.27
"2383","261-2-B-BENA",2003,0.1245,1.52188015838218,17,1986,21,"261-2","BENA",66,25,12,0,19,0,0,0,0,0,0,NA,NA,NA,0,0,0,1,388.99561,"East","26B","Dwarf Shrub-Lichen","Low Shrub","Sandy Loam","Mesic",0,888.892761,295,13.025289,-149.351465,68.301786,0.664490958879138,1.94350094759058,"261-2-B-BENA_2003",8.19616524378459,-9.05033720533053,159.115050315857,130.304681777954,5.23333334922791,-11.4333334565163,0.766666675607363,9.76666673024496,6.5,0.691666676973303,46.3199989795685,314.139998435974,128.400001525879,1,"26B_2003",0.27
"2384","261-2-C-BENA",2003,0.034,0.279586038206222,12,1991,21,"261-2","BENA",37,18,8,0,13,0,0,0,0,0,0,NA,NA,NA,0,0,0,1,388.99561,"East","26B","Dwarf Shrub-Lichen","Low Shrub","Sandy Loam","Mesic",0,888.892761,295,13.025289,-149.351465,68.301786,-1.44554860206027,0.235616781241646,"261-2-C-BENA_2003",8.19616524378459,-9.05033720533053,159.115050315857,130.304681777954,5.23333334922791,-11.4333334565163,0.766666675607363,9.76666673024496,6.5,0.691666676973303,46.3199989795685,314.139998435974,128.400001525879,1,"26B_2003",0.27
"2385","261-3-D-BENA",2003,0.21,2.89887311281062,23,1980,21,"261-3","BENA",74,41,14,0,26,0,0,0,0,0,0,NA,NA,NA,0,0,0,1,380.53651,"East","26B","Tussock Tundra (Low shrub or Herbaceous)","Low Shrub","Sandy Loam","Mesic",0,884.224731,295,11.657486,-149.351558,68.302088,1.66958996855947,5.30999008786213,"261-3-D-BENA_2003",8.19616524378459,-9.05033720533053,159.115050315857,130.304681777954,5.23333334922791,-11.4333334565163,0.766666675607363,9.76666673024496,6.5,0.691666676973303,46.3199989795685,314.139998435974,128.400001525879,1,"26B_2003",0.27
"2386","261-4-A-BENA",2003,0.08025,0.532651340279464,38,1965,21,"261-4","BENA",45,23,13,0,13,0,0,0,0,0,0,NA,NA,NA,0,0,0,0,405.679111,"East","26B","Low Shrub","Low Shrub","Sandy Loam","Mesic",0,886.626587,308,9.946874,-149.350886,68.302265,0.574545395264467,1.77632281856877,"261-4-A-BENA_2003",8.19616524378459,-9.05033720533053,159.115050315857,130.304681777954,5.23333334922791,-11.4333334565163,0.766666675607363,9.76666673024496,6.5,0.691666676973303,46.3199989795685,314.139998435974,128.400001525879,1,"26B_2003",0.27
"2387","261-4-B-BENA",2003,0.16225,2.33109257584153,17,1986,21,"261-4","BENA",71,30,12,0,13,0,0,0,0,0,0,NA,NA,NA,0,0,0,0,405.679111,"East","26B","Low Shrub","Low Shrub","Sandy Loam","Mesic",0,886.626587,308,9.946874,-149.350886,68.302265,1.09088151644542,2.97689710002229,"261-4-B-BENA_2003",8.19616524378459,-9.05033720533053,159.115050315857,130.304681777954,5.23333334922791,-11.4333334565163,0.766666675607363,9.76666673024496,6.5,0.691666676973303,46.3199989795685,314.139998435974,128.400001525879,1,"26B_2003",0.27
"2388","268-1-B-BENA",2003,0.057,0.452422328839794,18,1985,22,"268-1","BENA",63,26,6,0,12,0,0,0,0,0,0,NA,NA,NA,0,0,1,2,212.091228,"West","26B","Low Shrub","Low Shrub","Sandy Gravel","Mesic",0,818.738892,195,1.432166,-149.327109,68.400098,-0.480385393185595,0.618544962850978,"268-1-B-BENA_2003",9.22881984710693,-8.45338525871436,168,113,5.23333334922791,-11.4333334565163,0.766666675607363,9.76666673024496,6.5,0.691666676973303,46.3199989795685,314.139998435974,128.400001525879,1,"26B_2003",0.27
"2389","268-1-C-BENA",2003,0.0165,0.116761217961481,15,1988,22,"268-1","BENA",47,18,6,0,11,0,0,0,0,0,0,NA,NA,NA,0,0,1,2,212.091228,"West","26B","Low Shrub","Low Shrub","Sandy Gravel","Mesic",0,818.738892,195,1.432166,-149.327109,68.400098,-2.05244187533554,0.128420932497052,"268-1-C-BENA_2003",9.22881984710693,-8.45338525871436,168,113,5.23333334922791,-11.4333334565163,0.766666675607363,9.76666673024496,6.5,0.691666676973303,46.3199989795685,314.139998435974,128.400001525879,1,"26B_2003",0.27
"2390","268-2-A-BENA",2003,0.06425,1.14270818560119,13,1990,22,"268-2","BENA",60,23,9,0,24,0,0,0,0,0,0,NA,NA,NA,0,0,0,4,184.615387,"West","26B","Low Shrub","Low Shrub","Sandy Gravel","Mesic",0,819.441162,203,1.359031,-149.326454,68.400307,0.0578157057322928,1.05951971430635,"268-2-A-BENA_2003",9.22881984710693,-8.45338525871436,168,113,5.23333334922791,-11.4333334565163,0.766666675607363,9.76666673024496,6.5,0.691666676973303,46.3199989795685,314.139998435974,128.400001525879,1,"26B_2003",0.27
"2391","268-4-C-BENA",2003,0.0605,0.478872182788529,24,1979,22,"268-4","BENA",58,32,8,0,18,0,0,0,0,0,0,NA,NA,NA,0,0,0,5,171.881056,"West","26B","Dwarf Shrub-Lichen","Low Shrub","Sandy Gravel","Mesic",0,820.486511,188,1.085947,-149.326166,68.400831,-0.0802656373799909,0.922871164745101,"268-4-C-BENA_2003",9.22881984710693,-8.45338525871436,168,113,5.23333334922791,-11.4333334565163,0.766666675607363,9.76666673024496,6.5,0.691666676973303,46.3199989795685,314.139998435974,128.400001525879,1,"26B_2003",0.27
"2392","268-4-D-BENA",2003,0.09775,0.741393678749075,15,1988,22,"268-4","BENA",57,23,7,0,15,0,0,0,0,0,0,NA,NA,NA,0,0,0,5,171.881056,"West","26B","Dwarf Shrub-Lichen","Low Shrub","Sandy Gravel","Mesic",0,820.486511,188,1.085947,-149.326166,68.400831,-0.204041088012062,0.815428866147881,"268-4-D-BENA_2003",9.22881984710693,-8.45338525871436,168,113,5.23333334922791,-11.4333334565163,0.766666675607363,9.76666673024496,6.5,0.691666676973303,46.3199989795685,314.139998435974,128.400001525879,1,"26B_2003",0.27
"2393","282-1-B-BENA",2003,0.133666666666667,1.2884736402538,14,1989,23,"282-1","BENA",41,18,8,0,9,0,0,0,0,0,0,NA,NA,NA,0,0,0,0,577.316923,"West","26B","Tussock Tundra (Low shrub or Herbaceous)","Tussock Tundra","Clay Loam","Mesic",0,826.622314,26,2.82316,-149.530032,68.582817,0.266308859652518,1.30513810094232,"282-1-B-BENA_2003",9.63333320617676,-8.18333315849304,158,99,9.60000022252401,-7.90000001092752,4.93333331743876,14.266666730245,25.400000333786,0.941666676352421,68.8899985551834,275.049999713898,109.400001525879,1,"26B_2003",0.27
"2394","282-1-D-BENA",2003,0.0595,0.914062090525216,13,1990,23,"282-1","BENA",74,20,11,0,15,0,0,0,0,0,0,NA,NA,NA,0,0,0,0,577.316923,"West","26B","Tussock Tundra (Low shrub or Herbaceous)","Tussock Tundra","Clay Loam","Mesic",0,826.622314,26,2.82316,-149.530032,68.582817,-0.165442117892959,0.847518917965942,"282-1-D-BENA_2003",9.63333320617676,-8.18333315849304,158,99,9.60000022252401,-7.90000001092752,4.93333331743876,14.266666730245,25.400000333786,0.941666676352421,68.8899985551834,275.049999713898,109.400001525879,1,"26B_2003",0.27
"2395","282-2-A-BENA",2003,0.176,1.03174929292134,16,1987,23,"282-2","BENA",44,16,6,0,7,0,0,0,0,0,0,NA,NA,NA,0,0,0,0,604.079816,"West","26B","Low Shrub","Low Shrub-Tussock Tundra","Clay Loam","Mesic",0,826.41803,354,3.355184,-149.530916,68.583004,0.203454442238998,1.22562931944167,"282-2-A-BENA_2003",9.63333320617676,-8.18333315849304,158,99,9.60000022252401,-7.90000001092752,4.93333331743876,14.266666730245,25.400000333786,0.941666676352421,68.8899985551834,275.049999713898,109.400001525879,1,"26B_2003",0.27
"2396","282-2-B-BENA",2003,0.048,0.262084225533074,12,1991,23,"282-2","BENA",27,18,6,0,5,0,0,0,0,0,0,NA,NA,NA,0,0,0,0,604.079816,"West","26B","Low Shrub","Low Shrub-Tussock Tundra","Clay Loam","Mesic",0,826.41803,354,3.355184,-149.530916,68.583004,-1.51019275268789,0.220867401070882,"282-2-B-BENA_2003",9.63333320617676,-8.18333315849304,158,99,9.60000022252401,-7.90000001092752,4.93333331743876,14.266666730245,25.400000333786,0.941666676352421,68.8899985551834,275.049999713898,109.400001525879,1,"26B_2003",0.27
"2397","282-3-B-BENA",2003,0.12775,0.985586926819038,9,1994,23,"282-3","BENA",31,18,7,0,8,0,0,0,0,0,0,NA,NA,NA,0,0,0,0,571.732475,"West","26B","Low Shrub","Low Shrub-Tussock Tundra","Clay Loam","Mesic",0,823.876221,27,3.830761,-149.53038,68.583298,-0.528923482996994,0.589238954122559,"282-3-B-BENA_2003",9.63333320617676,-8.18333315849304,158,99,9.60000022252401,-7.90000001092752,4.93333331743876,14.266666730245,25.400000333786,0.941666676352421,68.8899985551834,275.049999713898,109.400001525879,1,"26B_2003",0.27
"2398","282-3-D-BENA",2003,0.11175,2.12162178057538,6,1997,23,"282-3","BENA",82,20,10,0,18,0,0,0,0,0,0,NA,NA,NA,0,0,0,0,571.732475,"West","26B","Low Shrub","Low Shrub-Tussock Tundra","Clay Loam","Mesic",0,823.876221,27,3.830761,-149.53038,68.583298,-0.246081929124901,0.781858165346057,"282-3-D-BENA_2003",9.63333320617676,-8.18333315849304,158,99,9.60000022252401,-7.90000001092752,4.93333331743876,14.266666730245,25.400000333786,0.941666676352421,68.8899985551834,275.049999713898,109.400001525879,1,"26B_2003",0.27
"2399","282-4-A-BENA",2003,0.01575,0.161465885072523,15,1988,23,"282-4","BENA",52,15,7,0,6,0,0,0,0,0,0,NA,NA,NA,0,0,0,0,597.547448,"West","26B","Tussock Tundra (Low shrub or Herbaceous)","Low Shrub-Tussock Tundra","Clay Loam","Mesic",0,823.620117,358,4.137664,-149.531178,68.583423,-1.72827897018402,0.177589784429243,"282-4-A-BENA_2003",9.63333320617676,-8.18333315849304,158,99,9.60000022252401,-7.90000001092752,4.93333331743876,14.266666730245,25.400000333786,0.941666676352421,68.8899985551834,275.049999713898,109.400001525879,1,"26B_2003",0.27
"2400","60-4-B-BENA",2003,0.1765,1.84201944535726,13,1990,1,"60-4","BENA",95,NA,9,0,9,0,2,0,0,0.222222222,0,NA,"Hare",NA,1,0,1,0,1406.241796,"West","20F","Tall Shrub (Open-Closed)","Black Spruce Woodland","Silt Loam","Mesic",0,110.670654,252,1.181915,-149.840942,65.910317,0.535277153633133,1.70792153332208,"60-4-B-BENA_2003",14.7576392491659,-4.68483783801397,122.361083984375,71.3159501552582,14.1666669845581,-2.7916667163372,8.86666679382324,19.466667175293,63.9000010490417,0.966666688521703,75.1399976909161,238.439999103546,131.10000038147,1,"20F_2003",0.375
"2401","72-1-C-BENA",2003,0.0535,0.429096003386889,35,1968,2,"72-1","BENA",118,71,9,0,11,0,2,0,0,0.181818182,0,NA,"Hare",NA,1,0,0,0,895.937772,"West","20F","Tussock Tundra (Low shrub or Herbaceous)","Black Spruce Woodland","Clay Loam","Mesic",0,130.808105,148,1.606934,-150.14017,66.022623,0.260221108060103,1.29721688006632,"72-1-C-BENA_2003",15.0007931391398,-4.39794831474622,117.413417816162,69.2024273872375,12.6000003814697,-4.50833336512248,7.4333332379659,17.8333339691162,54.3000013828278,1.05833334413668,78.0999972820282,252.169998899102,129.000004768372,1,"20F_2003",0.375
"2402","72-1-D-BENA",2003,0.14,1.40347510206471,47,1956,2,"72-1","BENA",65,41,8,7,4,0,0,0,0,0,0,NA,NA,NA,0,0,0,0,895.937772,"West","20F","Tussock Tundra (Low shrub or Herbaceous)","Black Spruce Woodland","Clay Loam","Mesic",0,130.808105,148,1.606934,-150.14017,66.022623,1.79704277037894,6.03178369438766,"72-1-D-BENA_2003",15.0007931391398,-4.39794831474622,117.413417816162,69.2024273872375,12.6000003814697,-4.50833336512248,7.4333332379659,17.8333339691162,54.3000013828278,1.05833334413668,78.0999972820282,252.169998899102,129.000004768372,1,"20F_2003",0.375
"2403","72-2-A-BENA",2003,0.0705,0.59069324630224,34,1969,2,"72-2","BENA",121,72,12,21,14,0,0,0,0,0,0,NA,NA,NA,0,0,0,0,855.94066,"West","20F","Tussock Tundra (Low shrub or Herbaceous)","Black Spruce Woodland","Clay Loam","Mesic",0,131.055786,179,2.125059,-150.13956,66.022889,0.545245322873731,1.72503152016143,"72-2-A-BENA_2003",15.0007931391398,-4.39794831474622,117.413417816162,69.2024273872375,12.6000003814697,-4.50833336512248,7.4333332379659,17.8333339691162,54.3000013828278,1.05833334413668,78.0999972820282,252.169998899102,129.000004768372,1,"20F_2003",0.375
"2404","72-3-D-BENA",2003,0.09625,0.600447695142096,47,1956,2,"72-3","BENA",104,47,11,0,9,0,0,0,0,0,0,NA,NA,NA,0,0,1,0,885.368743,"West","20F","Tussock Tundra (Low shrub or Herbaceous)","Black Spruce Woodland","Clay Loam","Mesic",0,132.401993,119,2.284806,-150.140609,66.023021,0.948011650172521,2.58057347192167,"72-3-D-BENA_2003",15.0007931391398,-4.39794831474622,117.413417816162,69.2024273872375,12.6000003814697,-4.50833336512248,7.4333332379659,17.8333339691162,54.3000013828278,1.05833334413668,78.0999972820282,252.169998899102,129.000004768372,1,"20F_2003",0.375
"2405","72-4-D-BENA",2003,0.226,1.50377987230852,6,1997,2,"72-4","BENA",85,37,8,0,12,0,0,0,0,0,0,NA,NA,NA,0,0,0,0,844.255779,"West","20F","Tussock Tundra (Low shrub or Herbaceous)","Low Shrub-Tussock Tundra","Clay Loam","Mesic",0,132.260803,156,1.029158,-150.139994,66.023305,-0.590280862871151,0.554171616643476,"72-4-D-BENA_2003",15.0007931391398,-4.39794831474622,117.413417816162,69.2024273872375,12.6000003814697,-4.50833336512248,7.4333332379659,17.8333339691162,54.3000013828278,1.05833334413668,78.0999972820282,252.169998899102,129.000004768372,1,"20F_2003",0.375
"2406","97-3-D-BENA",2003,0.046,0.529568848837669,8,1995,4,"97-3","BENA",75,49,7,21,13,0,0,0,0,0,0,NA,NA,NA,0,0,0,0,924.995234,"East","24A","Tussock Tundra (Low shrub or Herbaceous)","Tall Shrub","Gravely Sand Loam","Mesic",2004,557.015015,71,7.919354,-150.432427,66.349149,-1.29065267723512,0.275091178734349,"97-3-D-BENA_2003",12.504514058431,-5.14623872439067,236.503509521484,160.593780517578,12.6000003814697,-4.50833336512248,7.4333332379659,17.8333339691162,54.3000013828278,1.05833334413668,78.0999972820282,252.169998899102,129.000004768372,1,"24A_2003",0.92
"2407","102-3-B-BENA",2002,0.2005,5.052972181553,22,1980,5,"102-3","BENA",72,NA,16,0,12,0,0,0,0,0,0,NA,NA,NA,0,0,0,0,939.238254,"West","24A","Tussock Tundra (Low shrub or Herbaceous)","Low Shrub","Sandy Loam","Mesic",2004,424.339783,330,3.896938,-150.565669,66.401242,2.17219850361583,8.77756034161725,"102-3-B-BENA_2002",12.1000000635783,-4.40833334128062,232,80,12.1000003814697,-3.775000055631,6.76666673024495,17.5000003178914,45.5000009536743,1.01666668678323,88.8199994564056,245.789998292923,192.500001907349,1,"24A_2002",0.31
"2408","111-1-A-BENA",2002,0.38875,7.73048660850957,14,1988,6,"111-1","BENA",45,37,7,0,7,0,0,0,0,0,0,NA,NA,NA,0,0,0,0,640.914524,"West","24A","Tall Shrub (Open-Closed)","Low Shrub","Gravely Sand Loam","Mesic",0,512.854736,12,8.158982,-150.736683,66.498494,2.0580223777174,7.83046877823819,"111-1-A-BENA_2002",12.0756794611613,-4.45116933186849,254.612808227539,79.9948234558105,12.1000003814697,-3.775000055631,6.76666673024495,17.5000003178914,45.5000009536743,1.01666668678323,88.8199994564056,245.789998292923,192.500001907349,1,"24A_2002",0.31
"2409","111-1-B-BENA",2002,0.35,4.78417437251922,6,1996,6,"111-1","BENA",89,51,9,0,12,0,0,0,0,0,0,NA,NA,NA,0,0,0,0,640.914524,"West","24A","Tall Shrub (Open-Closed)","Low Shrub","Gravely Sand Loam","Mesic",0,512.854736,12,8.158982,-150.736683,66.498494,0.56705074889935,1.7630596705974,"111-1-B-BENA_2002",12.0756794611613,-4.45116933186849,254.612808227539,79.9948234558105,12.1000003814697,-3.775000055631,6.76666673024495,17.5000003178914,45.5000009536743,1.01666668678323,88.8199994564056,245.789998292923,192.500001907349,1,"24A_2002",0.31
"2410","111-2-D-BENA",2002,0.39325,8.01887578203024,6,1996,6,"111-2","BENA",75,31,6,0,7,0,0,0,0,0,0,NA,NA,NA,0,0,0,0,685.564701,"West","24A","Tall Shrub (Open-Closed)","Low Shrub","Gravely Sand Loam","Mesic",0,516.430603,8,6.353059,-150.737535,66.498284,1.08353551905861,2.95510894754096,"111-2-D-BENA_2002",12.0708805720011,-4.45359261830648,255.126419067383,80.1896305084229,12.1000003814697,-3.775000055631,6.76666673024495,17.5000003178914,45.5000009536743,1.01666668678323,88.8199994564056,245.789998292923,192.500001907349,1,"24A_2002",0.31
"2411","111-3-A-BENA",2002,0.04475,0.437399036420787,15,1987,6,"111-3","BENA",108,46,7,0,11,0,0,0,0,0,0,NA,NA,NA,0,0,0,0,664.632709,"West","24A","Tall Shrub (Open-Closed)","Low Shrub","Gravely Sand Loam","Mesic",0,511.257965,359,9.703425,-150.737553,66.498636,-0.731726947321896,0.481077476846808,"111-3-A-BENA_2002",12.0756794611613,-4.45116933186849,254.612808227539,79.9948234558105,12.1000003814697,-3.775000055631,6.76666673024495,17.5000003178914,45.5000009536743,1.01666668678323,88.8199994564056,245.789998292923,192.500001907349,1,"24A_2002",0.31
"2412","111-4-C-BENA",2002,0.0993333333333333,0.756237177918256,10,1992,6,"111-4","BENA",51,30,7,0,13,0,0,0,0,0,0,NA,NA,NA,0,0,0,0,707.594422,"West","24A","Tall Shrub (Open-Closed)","Low Shrub","Gravely Sand Loam","Mesic",0,515.006653,353,8.170983,-150.73833,66.498407,-0.668074981878349,0.51269457479836,"111-4-C-BENA_2002",12.0708805720011,-4.45359261830648,255.126419067383,80.1896305084229,12.1000003814697,-3.775000055631,6.76666673024495,17.5000003178914,45.5000009536743,1.01666668678323,88.8199994564056,245.789998292923,192.500001907349,1,"24A_2002",0.31
"2413","121-1-C-BENA",2002,0.0595,0.734427393389285,30,1972,7,"121-1","BENA",60,36,11,0,11,0,0,0,0,0,0,NA,NA,NA,0,0,0,0,1394.51987,"East","24A","Tall Shrub (Open-Closed)","Low Shrub","Clay Loam","Mesic",2005,466.470276,61,7.209129,-150.675843,66.599029,0.613677605269159,1.84721223997753,"121-1-C-BENA_2002",12.5333331425985,-4.23333323001862,248,71,12.1666669845581,-4.10833344856898,6.86666679382324,17.5000003178914,54.2000007629395,1.13333335643013,90.6999981403351,244.949999034405,176.600002288818,1,"24A_2002",0.31
"2414","121-1-D-BENA",2002,0.03725,0.92036707063143,18,1984,7,"121-1","BENA",73,42,19,0,25,0,0,0,0,0,0,NA,NA,NA,0,0,0,0,1394.51987,"East","24A","Tall Shrub (Open-Closed)","Low Shrub","Clay Loam","Mesic",2005,466.470276,61,7.209129,-150.675843,66.599029,0.229771087665212,1.25831193383598,"121-1-D-BENA_2002",12.5333331425985,-4.23333323001862,248,71,12.1666669845581,-4.10833344856898,6.86666679382324,17.5000003178914,54.2000007629395,1.13333335643013,90.6999981403351,244.949999034405,176.600002288818,1,"24A_2002",0.31
"2415","129-3-A-BENA",2002,0.043,0.699825891902637,50,1952,8,"129-3","BENA",51,35,12,0,6,0,0,0,0,0,0,NA,NA,NA,0,0,0,0,1022.673056,"East","24A","Tussock Tundra (Low shrub or Herbaceous)","Low Shrub-Tussock Tundra","Sandy Loam","Mesic - Hydric",2005,301.546051,352,6.265718,-150.646771,66.710061,1.17500600345569,3.238162383944,"129-3-A-BENA_2002",12.7999998728434,-4.13333336512248,239,61,12.1666669845581,-4.10833344856898,6.86666679382324,17.5000003178914,54.2000007629395,1.13333335643013,90.6999981403351,244.949999034405,176.600002288818,1,"24A_2002",0.31
"2416","129-4-D-BENA",2002,0.053,1.44625731082129,41,1961,8,"129-4","BENA",87,41,18,0,9,0,0,0,0,0,0,NA,NA,NA,0,0,0,0,1057.255538,"East","24A","Tussock Tundra (Low shrub or Herbaceous)","Tall Shrub","Sandy Loam","Mesic - Hydric",2005,303.823029,358,6.979915,-150.646167,66.709845,1.66408958392951,5.28086327776094,"129-4-D-BENA_2002",12.7999998728434,-4.13333336512248,239,61,12.1666669845581,-4.10833344856898,6.86666679382324,17.5000003178914,54.2000007629395,1.13333335643013,90.6999981403351,244.949999034405,176.600002288818,1,"24A_2002",0.31
"2417","147-2-A-BENA",2002,0.156,1.16763574155972,7,1995,9,"147-2","BENA",89,56,6,61,9,0,0,0,0,0,0,NA,NA,NA,0,2,1,0,986.173835,"West","24A","Low Shrub","Tall Shrub","Clay Loam","Mesic - Hydric",0,428.943481,147,8.698308,-150.484958,66.912025,-0.659327781769348,0.517198888184158,"147-2-A-BENA_2002",12.3015047709147,-4.46629039446513,249.270812988281,63.1354064941406,10.6333335240682,-5.30833347638448,5.43333347638448,15.8666671117147,33.3000004291534,1.05833334227403,84.2399978637695,259.799998044968,179.200008392334,1,"24A_2002",0.31
"2418","147-3-A-BENA",2002,0.1045,1.356356710048,12,1990,9,"147-3","BENA",107,63,8,18,8,1,0,0,0.125,0,0,"Moose",NA,NA,1,2,1,0,952.272152,"West","24A","White Spruce or Black Spruce (Woodland)","Black Spruce Woodland","Clay Loam","Mesic - Hydric",0,425.583191,170,6.572863,-150.484233,66.911912,0.133698818124989,1.14304850230503,"147-3-A-BENA_2002",12.3015047709147,-4.46629039446513,249.270812988281,63.1354064941406,10.6333335240682,-5.30833347638448,5.43333347638448,15.8666671117147,33.3000004291534,1.05833334227403,84.2399978637695,259.799998044968,179.200008392334,1,"24A_2002",0.31
"2419","147-3-C-BENA",2002,0.226,2.21342481204996,8,1994,9,"147-3","BENA",136,53,12,30,29,2,1,0,0.068965517,0.034482759,0,"Moose","Hare",NA,1,2,1,0,952.272152,"West","24A","White Spruce or Black Spruce (Woodland)","Black Spruce Woodland","Clay Loam","Mesic - Hydric",0,425.583191,170,6.572863,-150.484233,66.911912,0.13958042373636,1.14979127250992,"147-3-C-BENA_2002",12.3015047709147,-4.46629039446513,249.270812988281,63.1354064941406,10.6333335240682,-5.30833347638448,5.43333347638448,15.8666671117147,33.3000004291534,1.05833334227403,84.2399978637695,259.799998044968,179.200008392334,1,"24A_2002",0.31
"2420","147-4-D-BENA",2002,0.07525,0.578659964691287,16,1986,9,"147-4","BENA",94,47,7,14,7,0,0,0,0,0,0,NA,NA,NA,0,0,1,0,956.341518,"West","24A","Tall Shrub (Open-Closed)","Tall Shrub","Clay Loam","Mesic - Hydric",0,428.39856,129,7.52786,-150.483929,66.912191,-0.374841516343277,0.687398211540904,"147-4-D-BENA_2002",12.3015047709147,-4.46629039446513,249.270812988281,63.1354064941406,10.6333335240682,-5.30833347638448,5.43333347638448,15.8666671117147,33.3000004291534,1.05833334227403,84.2399978637695,259.799998044968,179.200008392334,1,"24A_2002",0.31
"2421","151-1-D-BENA",2002,0.099,0.879868996083549,18,1984,10,"151-1","BENA",90,67,12,0,8,0,0,0,0,0,0,NA,NA,NA,0,0,0,0,725.03173,"East","24A","White Spruce or Black Spruce (Open-Closed)","Low Shrub","Clay Loam","Mesic",0,471.29071,296,22.022722,-150.362735,66.958242,0.184771535684047,1.202943579049,"151-1-D-BENA_2002",11.3982725143433,-5.29602829615275,271.178256988525,71,10.6333335240682,-5.30833347638448,5.43333347638448,15.8666671117147,33.3000004291534,1.05833334227403,84.2399978637695,259.799998044968,179.200008392334,1,"24A_2002",0.31
"2422","151-2-A-BENA",2002,0.096,2.22741432413639,7,1995,10,"151-2","BENA",119,71,11,0,4,0,0,0,0,0,0,NA,NA,NA,0,1,0,0,737.726474,"East","24A","Low Shrub","Low Shrub","Clay Loam","Mesic",0,482.941345,297,25.566626,-150.361917,66.958285,-0.0134673355987504,0.986622943239093,"151-2-A-BENA_2002",11.3982725143433,-5.29602829615275,271.178256988525,71,10.6333335240682,-5.30833347638448,5.43333347638448,15.8666671117147,33.3000004291534,1.05833334227403,84.2399978637695,259.799998044968,179.200008392334,1,"24A_2002",0.31
"2423","151-2-B-BENA",2002,0.4015,11.4114284779163,7,1995,10,"151-2","BENA",142,91,14,0,17,0,0,0,0,0,0,NA,NA,NA,0,1,0,0,737.726474,"East","24A","Low Shrub","Low Shrub","Clay Loam","Mesic",0,482.941345,297,25.566626,-150.361917,66.958285,1.62030659886532,5.05463982584803,"151-2-B-BENA_2002",11.3982725143433,-5.29602829615275,271.178256988525,71,10.6333335240682,-5.30833347638448,5.43333347638448,15.8666671117147,33.3000004291534,1.05833334227403,84.2399978637695,259.799998044968,179.200008392334,1,"24A_2002",0.31
"2424","151-3-C-BENA",2002,0.1595,1.9549793362079,16,1986,10,"151-3","BENA",86,51,13,0,9,0,0,0,0,0,0,NA,NA,NA,0,0,0,0,698.113665,"East","24A","White Spruce or Black Spruce (Open-Closed)","Low Shrub","Clay Loam","Mesic",0,469.98999,301,21.5443,-150.36215,66.958641,0.842578361575272,2.32234711455401,"151-3-C-BENA_2002",11.3982725143433,-5.29602829615275,271.178256988525,71,10.6333335240682,-5.30833347638448,5.43333347638448,15.8666671117147,33.3000004291534,1.05833334227403,84.2399978637695,259.799998044968,179.200008392334,1,"24A_2002",0.31
"2425","151-4-A-BENA",2002,0.078,0.839398999520005,16,1986,10,"151-4","BENA",65,36,9,0,8,0,0,0,0,0,0,NA,NA,NA,0,0,0,0,714.907956,"East","24A","Low Shrub","Low Shrub","Clay Loam","Mesic",0,485.466003,301,24.973797,-150.361301,66.958638,-0.00287038207389531,0.997133733533999,"151-4-A-BENA_2002",11.3982725143433,-5.29602829615275,271.178256988525,71,10.6333335240682,-5.30833347638448,5.43333347638448,15.8666671117147,33.3000004291534,1.05833334227403,84.2399978637695,259.799998044968,179.200008392334,1,"24A_2002",0.31
"2426","151-4-D-BENA",2002,0.09275,1.12990933713046,9,1993,10,"151-4","BENA",83,56,8,0,9,0,0,0,0,0,0,NA,NA,NA,0,0,0,0,714.907956,"East","24A","Low Shrub","Low Shrub","Clay Loam","Mesic",0,485.466003,301,24.973797,-150.361301,66.958638,-0.392268135643383,0.675522957891578,"151-4-D-BENA_2002",11.3982725143433,-5.29602829615275,271.178256988525,71,10.6333335240682,-5.30833347638448,5.43333347638448,15.8666671117147,33.3000004291534,1.05833334227403,84.2399978637695,259.799998044968,179.200008392334,1,"24A_2002",0.31
"2427","158-2-C-BENA",2002,0.05175,0.640351812328911,14,1988,11,"158-2","BENA",54,29,8,0,53,0,0,0,0,0,0,NA,NA,NA,0,0,0,1,1283.38641,"East","24A","Tussock Tundra (Low shrub or Herbaceous)","Low Shrub","Sandy Loam","Mesic - Xeric",2005,590.000549,54,15.617359,-150.286104,67.046812,-0.432886980446606,0.648633795964432,"158-2-C-BENA_2002",12.2333335876465,-4.93333319822947,262,75,10.5000003178914,-5.68333339691162,5.40000017484029,15.6666673024495,39.1000003814697,1.04166669150194,89.1799969673157,261.019997358322,159.400007247925,1,"24A_2002",0.31
"2428","173-1-A-BENA",2002,0.074,0.451936952774815,34,1968,12,"173-1","BENA",69,40,12,0,9,0,0,0,0,0,0,NA,NA,NA,0,0,0,0,1301.486525,"East","24A","Low Shrub","Low Shrub","Clay Loam","Mesic",0,349.871613,358,2.901099,-150.191497,67.228159,0.277491167098052,1.31981446130055,"173-1-A-BENA_2002",12.665888150533,-4.77751648426056,252.599487304688,87.8674468994141,10.5000003178914,-5.68333339691162,5.40000017484029,15.6666673024495,39.1000003814697,1.04166669150194,89.1799969673157,261.019997358322,159.400007247925,1,"24A_2002",0.31
"2429","173-1-B-BENA",2002,0.1135,1.53788971454487,12,1990,12,"173-1","BENA",101,53,11,0,7,0,0,0,0,0,0,NA,NA,NA,0,0,0,0,1301.486525,"East","24A","Low Shrub","Low Shrub","Clay Loam","Mesic",0,349.871613,358,2.901099,-150.191497,67.228159,0.259307764148188,1.29603261582907,"173-1-B-BENA_2002",12.665888150533,-4.77751648426056,252.599487304688,87.8674468994141,10.5000003178914,-5.68333339691162,5.40000017484029,15.6666673024495,39.1000003814697,1.04166669150194,89.1799969673157,261.019997358322,159.400007247925,1,"24A_2002",0.31
"2430","173-2-A-BENA",2002,0.07,0.470170756536247,43,1959,12,"173-2","BENA",94,43,12,0,6,0,0,0,0,0,0,NA,NA,NA,0,2,0,0,1323.706943,"East","24A","Tussock Tundra (Low shrub or Herbaceous)","Low Shrub","Clay Loam","Mesic",0,348.371155,13,2.823825,-150.190835,67.228457,0.597287582475084,1.81718315022191,"173-2-A-BENA_2002",12.665888150533,-4.77751648426056,252.599487304688,87.8674468994141,10.5000003178914,-5.68333339691162,5.40000017484029,15.6666673024495,39.1000003814697,1.04166669150194,89.1799969673157,261.019997358322,159.400007247925,1,"24A_2002",0.31
"2431","173-3-B-BENA",2002,0.03975,0.189908686860879,37,1965,12,"173-3","BENA",70,51,14,0,9,0,0,0,0,0,0,NA,NA,NA,0,0,0,0,1278.311889,"East","24A","Low Shrub","Low Shrub","Clay Loam","Mesic",0,347.24527,24,1.739254,-150.191816,67.228627,-0.488602557770083,0.61348310263968,"173-3-B-BENA_2002",12.665888150533,-4.77751648426056,252.599487304688,87.8674468994141,10.5000003178914,-5.68333339691162,5.40000017484029,15.6666673024495,39.1000003814697,1.04166669150194,89.1799969673157,261.019997358322,159.400007247925,1,"24A_2002",0.31
"2432","173-4-B-BENA",2002,0.10975,1.17530220938218,12,1990,12,"173-4","BENA",124,71,14,0,12,0,0,0,0,0,0,NA,NA,NA,0,1,0,0,1308.377258,"East","24A","Low Shrub","Low Shrub","Clay Loam","Mesic",0,346.165253,355,1.872125,-150.190975,67.22891,-0.00957808330603566,0.990467640435493,"173-4-B-BENA_2002",12.665888150533,-4.77751648426056,252.599487304688,87.8674468994141,10.5000003178914,-5.68333339691162,5.40000017484029,15.6666673024495,39.1000003814697,1.04166669150194,89.1799969673157,261.019997358322,159.400007247925,1,"24A_2002",0.31
"2433","173-4-C-BENA",2002,0.14225,1.99302461229149,33,1969,12,"173-4","BENA",119,74,14,0,14,0,0,0,0,0,0,NA,NA,NA,0,1,0,0,1308.377258,"East","24A","Low Shrub","Low Shrub","Clay Loam","Mesic",0,346.165253,355,1.872125,-150.190975,67.22891,1.72573245684603,5.61663346505167,"173-4-C-BENA_2002",12.665888150533,-4.77751648426056,252.599487304688,87.8674468994141,10.5000003178914,-5.68333339691162,5.40000017484029,15.6666673024495,39.1000003814697,1.04166669150194,89.1799969673157,261.019997358322,159.400007247925,1,"24A_2002",0.31
"2434","184-1-B-BENA",2002,0.0485,0.693118591587225,50,1952,13,"184-1","BENA",128,51,19,0,13,0,1,0,0,0.076923077,0,NA,"Hare",NA,1,2,0,0,692.283244,"East","24A","White Spruce or Black Spruce (Open-Closed)","Tall Shrub","Clay Loam","Mesic",0,423.977753,249,10.469168,-150.109686,67.368938,1.16537553758377,3.20712705382763,"184-1-B-BENA_2002",12.266666730245,-4.69999992847443,199,59,10.5000003178914,-5.68333339691162,5.40000017484029,15.6666673024495,39.1000003814697,1.04166669150194,89.1799969673157,261.019997358322,159.400007247925,1,"24A_2002",0.31
"2435","184-1-C-BENA",2002,0.07125,1.69887807753405,11,1991,13,"184-1","BENA",166,49,15,8,26,1,2,0,0.038461538,0.076923077,0,"Moose","Hare",NA,1,2,0,0,692.283244,"East","24A","White Spruce or Black Spruce (Open-Closed)","Tall Shrub","Clay Loam","Mesic",0,423.977753,249,10.469168,-150.109686,67.368938,0.255030642575085,1.29050116454586,"184-1-C-BENA_2002",12.266666730245,-4.69999992847443,199,59,10.5000003178914,-5.68333339691162,5.40000017484029,15.6666673024495,39.1000003814697,1.04166669150194,89.1799969673157,261.019997358322,159.400007247925,1,"24A_2002",0.31
"2436","184-2-A-BENA",2002,0.07225,0.526537015577415,17,1985,13,"184-2","BENA",89,39,11,0,12,0,1,0,0,0.083333333,0,NA,"Hare",NA,1,1,0,0,706.210196,"East","24A","White Spruce or Black Spruce (Open-Closed)","Tall Shrub","Clay Loam","Mesic",0,429.192566,258,16.706417,-150.109279,67.369156,-0.396889202784352,0.672408522497629,"184-2-A-BENA_2002",12.2621529897054,-4.70225671927134,198.322967529297,58.6840510368347,10.5000003178914,-5.68333339691162,5.40000017484029,15.6666673024495,39.1000003814697,1.04166669150194,89.1799969673157,261.019997358322,159.400007247925,1,"24A_2002",0.31
"2437","184-2-D-BENA",2002,0.068,0.400980319933585,31,1971,13,"184-2","BENA",84,38,12,10,7,0,0,0,0,0,0,NA,NA,NA,0,1,0,0,706.210196,"East","24A","White Spruce or Black Spruce (Open-Closed)","Tall Shrub","Clay Loam","Mesic",0,429.192566,258,16.706417,-150.109279,67.369156,0.0476281777370908,1.04878062283311,"184-2-D-BENA_2002",12.2621529897054,-4.70225671927134,198.322967529297,58.6840510368347,10.5000003178914,-5.68333339691162,5.40000017484029,15.6666673024495,39.1000003814697,1.04166669150194,89.1799969673157,261.019997358322,159.400007247925,1,"24A_2002",0.31
"2438","184-3-B-BENA",2002,0.217666666666667,2.81893399281742,25,1977,13,"184-3","BENA",71,35,17,0,17,0,2,0,0,0.117647059,0,NA,"Hare",NA,1,1,3,0,683.765397,"East","24A","White Spruce or Black Spruce (Open-Closed)","Tall Shrub","Clay Loam","Mesic",0,425.482941,261,10.788996,-150.109693,67.36937,1.74112918205381,5.70378039419165,"184-3-B-BENA_2002",12.2621529897054,-4.70225671927134,198.322967529297,58.6840510368347,10.5000003178914,-5.68333339691162,5.40000017484029,15.6666673024495,39.1000003814697,1.04166669150194,89.1799969673157,261.019997358322,159.400007247925,1,"24A_2002",0.31
"2439","184-3-D-BENA",2002,0.1965,1.91339250345601,14,1988,13,"184-3","BENA",103,48,17,7,31,3,1,0,0.096774194,0.032258065,0,"Moose","Hare",NA,1,1,3,0,683.765397,"East","24A","White Spruce or Black Spruce (Open-Closed)","Tall Shrub","Clay Loam","Mesic",0,425.482941,261,10.788996,-150.109693,67.36937,0.661728412787722,1.93813934588988,"184-3-D-BENA_2002",12.2621529897054,-4.70225671927134,198.322967529297,58.6840510368347,10.5000003178914,-5.68333339691162,5.40000017484029,15.6666673024495,39.1000003814697,1.04166669150194,89.1799969673157,261.019997358322,159.400007247925,1,"24A_2002",0.31
"2440","191-2-A-BENA",2002,0.29525,3.53004332027316,9,1993,14,"191-2","BENA",82,51,10,0,13,1,0,0,0.076923077,0,0,"Moose",NA,NA,1,0,0,0,1628.072852,"East","24A","Low Shrub","Low Shrub","Clay Loam","Mesic",0,494.812988,260,1.497492,-149.859771,67.475671,0.746904610381049,2.11045720823263,"191-2-A-BENA_2002",11.4120359420776,-5.00645277897517,206.27783203125,59.7743220329285,8.63333336512248,-7.16666668653488,3.70000004768372,13.6333335240682,18.0000002384186,0.950000027815501,71.7499979734421,279.96999835968,160.200004577637,1,"24A_2002",0.31
"2441","191-2-B-BENA",2002,0.09925,1.42345896928373,7,1995,14,"191-2","BENA",92,71,8,0,13,0,0,0,0,0,0,NA,NA,NA,0,0,0,0,1628.072852,"East","24A","Low Shrub","Low Shrub","Clay Loam","Mesic",0,494.812988,260,1.497492,-149.859771,67.475671,-0.461218948937797,0.630514611779431,"191-2-B-BENA_2002",11.4120359420776,-5.00645277897517,206.27783203125,59.7743220329285,8.63333336512248,-7.16666668653488,3.70000004768372,13.6333335240682,18.0000002384186,0.950000027815501,71.7499979734421,279.96999835968,160.200004577637,1,"24A_2002",0.31
"2442","191-3-A-BENA",2002,0.21,1.41491049932377,21,1981,14,"191-3","BENA",102,51,9,0,9,0,1,0,0,0.111111111,0,NA,"Hare",NA,1,2,0,0,1608.343863,"East","24A","Low Shrub","Low Shrub","Clay Loam","Mesic",0,494.475037,298,4.15829,-149.859591,67.475979,0.843774027853766,2.32512552738209,"191-3-A-BENA_2002",11.4120359420776,-5.00645277897517,206.27783203125,59.7743220329285,8.63333336512248,-7.16666668653488,3.70000004768372,13.6333335240682,18.0000002384186,0.950000027815501,71.7499979734421,279.96999835968,160.200004577637,1,"24A_2002",0.31
"2443","191-3-D-BENA",2002,0.08375,1.26110041374865,16,1986,14,"191-3","BENA",110,71,10,0,16,0,0,0,0,0,0,NA,NA,NA,0,2,0,0,1608.343863,"East","24A","Low Shrub","Low Shrub","Clay Loam","Mesic",0,494.475037,298,4.15829,-149.859591,67.475979,0.404183421973593,1.49807870231146,"191-3-D-BENA_2002",11.4120359420776,-5.00645277897517,206.27783203125,59.7743220329285,8.63333336512248,-7.16666668653488,3.70000004768372,13.6333335240682,18.0000002384186,0.950000027815501,71.7499979734421,279.96999835968,160.200004577637,1,"24A_2002",0.31
"2444","191-4-B-BENA",2002,0.1055,0.848315624869052,19,1983,14,"191-4","BENA",77,59,11,0,12,0,1,0,0,0.083333333,0,NA,"Hare",NA,1,1,0,0,1634.196324,"East","24A","Low Shrub","Low Shrub","Clay Loam","Mesic",0,497.007599,303,3.553675,-149.85875,67.475963,0.212771777759832,1.23710228476893,"191-4-B-BENA_2002",11.4120359420776,-5.00645277897517,206.27783203125,59.7743220329285,8.63333336512248,-7.16666668653488,3.70000004768372,13.6333335240682,18.0000002384186,0.950000027815501,71.7499979734421,279.96999835968,160.200004577637,1,"24A_2002",0.31
"2445","203-1-A-BENA",2002,0.148,2.01976761610472,12,1990,15,"203-1","BENA",97,41,11,0,17,1,0,0,0.058823529,0,0,"Moose",NA,NA,1,1,0,0,905.036767,"East","24A","Low Shrub","Low Shrub","Loam","Mesic",0,550.644958,299,23.927214,-149.794431,67.571449,0.531879065956769,1.70212771573267,"203-1-A-BENA_2002",11.7000001271566,-5.11666655540466,171,52,7.70000028610229,-8.15000012516975,2.86666675408681,12.6333335240682,15.2000000476837,0.866666672130426,67.919999063015,289.149998188019,142.400001525879,1,"24A_2002",0.31
"2446","203-1-D-BENA",2002,0.10875,2.28161209884842,10,1992,15,"203-1","BENA",143,46,14,0,26,2,0,0,0.076923077,0,0,"Moose",NA,NA,1,1,0,0,905.036767,"East","24A","Low Shrub","Low Shrub","Loam","Mesic",0,550.644958,299,23.927214,-149.794431,67.571449,0.436207496736295,1.54682972357163,"203-1-D-BENA_2002",11.7000001271566,-5.11666655540466,171,52,7.70000028610229,-8.15000012516975,2.86666675408681,12.6333335240682,15.2000000476837,0.866666672130426,67.919999063015,289.149998188019,142.400001525879,1,"24A_2002",0.31
"2447","203-2-C-BENA",2002,0.08525,0.636944755096089,26,1976,15,"203-2","BENA",118,35,14,0,38,0,0,0,0,0,0,NA,NA,NA,0,0,1,0,933.944119,"East","24A","Low Shrub","Low Shrub","Loam","Mesic",0,566.911377,300,26.508135,-149.793674,67.571447,0.300501624220402,1.35053609930677,"203-2-C-BENA_2002",11.7000001271566,-5.11666655540466,171,52,7.70000028610229,-8.15000012516975,2.86666675408681,12.6333335240682,15.2000000476837,0.866666672130426,67.919999063015,289.149998188019,142.400001525879,1,"24A_2002",0.31
"2448","203-3-B-BENA",2002,0.259,4.34460429922527,6,1996,15,"203-3","BENA",108,53,11,7,21,0,0,0,0,0,0,NA,NA,NA,0,0,1,0,922.335664,"East","24A","Low Shrub","Low Shrub","Loam","Mesic",0,556.241272,305,23.609533,-149.79364,67.571701,0.47067196800635,1.60106969943796,"203-3-B-BENA_2002",11.7000001271566,-5.11666655540466,171,52,7.70000028610229,-8.15000012516975,2.86666675408681,12.6333335240682,15.2000000476837,0.866666672130426,67.919999063015,289.149998188019,142.400001525879,1,"24A_2002",0.31
"2449","203-3-D-BENA",2002,0.2145,3.18370648850933,10,1992,15,"203-3","BENA",108,52,11,0,7,1,0,0,0.14,0,0,"Moose",NA,NA,1,0,1,0,922.335664,"East","24A","Low Shrub","Low Shrub","Loam","Mesic",0,556.241272,305,23.609533,-149.79364,67.571701,0.769371323197185,2.15840888555932,"203-3-D-BENA_2002",11.7000001271566,-5.11666655540466,171,52,7.70000028610229,-8.15000012516975,2.86666675408681,12.6333335240682,15.2000000476837,0.866666672130426,67.919999063015,289.149998188019,142.400001525879,1,"24A_2002",0.31
"2450","203-4-A-BENA",2002,0.12,1.87590780531153,6,1996,15,"203-4","BENA",85,42,10,0,10,0,0,0,0,0,0,NA,NA,NA,0,1,1,0,951.384807,"East","24A","Low Shrub","Low Shrub","Loam","Mesic",0,569.135193,316,29.227108,-149.792864,67.571712,-0.36917001110373,0.691307870444967,"203-4-A-BENA_2002",11.7000001271566,-5.11666655540466,171,52,7.70000028610229,-8.15000012516975,2.86666675408681,12.6333335240682,15.2000000476837,0.866666672130426,67.919999063015,289.149998188019,142.400001525879,1,"24A_2002",0.31
"2451","203-4-B-BENA",2002,0.04725,0.855572507549305,23,1979,15,"203-4","BENA",99,36,12,0,12,0,0,0,0,0,0,NA,NA,NA,0,1,1,0,951.384807,"East","24A","Low Shrub","Low Shrub","Loam","Mesic",0,569.135193,316,29.227108,-149.792864,67.571712,0.449283454219747,1.56718882053081,"203-4-B-BENA_2002",11.7000001271566,-5.11666655540466,171,52,7.70000028610229,-8.15000012516975,2.86666675408681,12.6333335240682,15.2000000476837,0.866666672130426,67.919999063015,289.149998188019,142.400001525879,1,"24A_2002",0.31
"2452","209-1-C-BENA",2002,0.103333333333333,1.09141015007086,13,1989,16,"209-1","BENA",58,59,14,0,9,0,0,0,0,0,0,NA,NA,NA,0,0,1,0,698.873831,"East","24A","Low Shrub","Black Spruce Woodland","Sandy Loam","Mesic - Xeric",0,553.345276,287,19.679848,-149.692986,67.655886,0.0118852349747633,1.01195614502906,"209-1-C-BENA_2002",11.022801399231,-5.5654797355334,163,52,7.70000028610229,-8.15000012516975,2.86666675408681,12.6333335240682,15.2000000476837,0.866666672130426,67.919999063015,289.149998188019,142.400001525879,1,"24A_2002",0.31
"2453","209-1-D-BENA",2002,0.1105,1.01088911770151,18,1984,16,"209-1","BENA",76,39,10,0,6,0,0,0,0,0,0,NA,NA,NA,0,0,1,0,698.873831,"East","24A","Low Shrub","Black Spruce Woodland","Sandy Loam","Mesic - Xeric",0,553.345276,287,19.679848,-149.692986,67.655886,0.323584044522273,1.38207230699384,"209-1-D-BENA_2002",11.022801399231,-5.5654797355334,163,52,7.70000028610229,-8.15000012516975,2.86666675408681,12.6333335240682,15.2000000476837,0.866666672130426,67.919999063015,289.149998188019,142.400001525879,1,"24A_2002",0.31
"2454","209-2-B-BENA",2002,0.13225,1.97527500649779,34,1968,16,"209-2","BENA",104,57,18,0,18,0,0,0,0,0,0,NA,NA,NA,0,0,0,0,728.528855,"East","24A","Low Shrub","Black Spruce Woodland","Sandy Loam","Mesic - Xeric",0,561.911133,287,21.070175,-149.692261,67.656,1.75241139344429,5.76849603161417,"209-2-B-BENA_2002",11.022801399231,-5.5654797355334,163,52,7.70000028610229,-8.15000012516975,2.86666675408681,12.6333335240682,15.2000000476837,0.866666672130426,67.919999063015,289.149998188019,142.400001525879,1,"24A_2002",0.31
"2455","209-2-D-BENA",2002,0.071,0.425585273596503,41,1961,16,"209-2","BENA",86,47,10,0,6,0,0,0,0,0,0,NA,NA,NA,0,0,0,0,728.528855,"East","24A","Low Shrub","Black Spruce Woodland","Sandy Loam","Mesic - Xeric",0,561.911133,287,21.070175,-149.692261,67.656,0.440820586332168,1.55398187174269,"209-2-D-BENA_2002",11.022801399231,-5.5654797355334,163,52,7.70000028610229,-8.15000012516975,2.86666675408681,12.6333335240682,15.2000000476837,0.866666672130426,67.919999063015,289.149998188019,142.400001525879,1,"24A_2002",0.31
"2456","209-3-A-BENA",2002,0.05775,0.503868068387275,42,1960,16,"209-3","BENA",67,52,13,0,10,0,0,0,0,0,0,NA,NA,NA,0,0,1,0,711.058695,"East","24A","Low Shrub","Black Spruce Woodland","Sandy Loam","Mesic - Xeric",0,553.430786,276,18.070417,-149.69261,67.656251,0.638426254752844,1.89349864878588,"209-3-A-BENA_2002",11.022801399231,-5.5654797355334,163,52,7.70000028610229,-8.15000012516975,2.86666675408681,12.6333335240682,15.2000000476837,0.866666672130426,67.919999063015,289.149998188019,142.400001525879,1,"24A_2002",0.31
"2457","209-3-D-BENA",2002,0.1625,1.99251587063116,20,1982,16,"209-3","BENA",84,39,10,0,8,0,0,0,0,0,0,NA,NA,NA,0,0,1,0,711.058695,"East","24A","Low Shrub","Black Spruce Woodland","Sandy Loam","Mesic - Xeric",0,553.430786,276,18.070417,-149.69261,67.656251,1.12788265844051,3.08910887219163,"209-3-D-BENA_2002",11.022801399231,-5.5654797355334,163,52,7.70000028610229,-8.15000012516975,2.86666675408681,12.6333335240682,15.2000000476837,0.866666672130426,67.919999063015,289.149998188019,142.400001525879,1,"24A_2002",0.31
"2458","209-4-C-BENA",2002,0.137,1.44334034204243,11,1991,16,"209-4","BENA",57,38,10,0,7,0,0,0,0,0,0,NA,NA,NA,0,0,0,0,738.024448,"East","24A","Low Shrub","Black Spruce Woodland","Sandy Loam","Mesic - Xeric",0,561.090881,296,18.584587,-149.691928,67.656444,0.0920226730234513,1.09638968026794,"209-4-C-BENA_2002",11.022801399231,-5.5654797355334,163,52,7.70000028610229,-8.15000012516975,2.86666675408681,12.6333335240682,15.2000000476837,0.866666672130426,67.919999063015,289.149998188019,142.400001525879,1,"24A_2002",0.31
"2459","209-4-D-BENA",2002,0.0363333333333333,0.159459875635586,30,1972,16,"209-4","BENA",71,50,9,0,8,0,0,0,0,0,0,NA,NA,NA,0,0,0,0,738.024448,"East","24A","Low Shrub","Black Spruce Woodland","Sandy Loam","Mesic - Xeric",0,561.090881,296,18.584587,-149.691928,67.656444,-0.913621206543893,0.401069236674317,"209-4-D-BENA_2002",11.022801399231,-5.5654797355334,163,52,7.70000028610229,-8.15000012516975,2.86666675408681,12.6333335240682,15.2000000476837,0.866666672130426,67.919999063015,289.149998188019,142.400001525879,1,"24A_2002",0.31
"2460","222-1-B-BENA",2002,0.08925,1.02993207792078,22,1980,17,"222-1","BENA",63,58,19,0,9,0,2,0,0,0.222222222,0,NA,"Hare",NA,1,2,18,0,769.468544,"East","24A","Low Shrub","Tall Shrub","Clay Loam","Mesic",0,669.484009,287,15.029548,-149.809491,67.826198,0.581714738955012,1.78910364769482,"222-1-B-BENA_2002",10.3666667938232,-6.14999997615814,160,54,7.70000028610229,-8.15000012516975,2.86666675408681,12.6333335240682,15.2000000476837,0.866666672130426,67.919999063015,289.149998188019,142.400001525879,1,"24A_2002",0.31
"2461","222-1-D-BENA",2002,0.14075,1.09737814520254,21,1981,17,"222-1","BENA",78,38,9,0,9,0,2,0,0,0.222222222,0,NA,"Hare",NA,1,2,18,0,769.468544,"East","24A","Low Shrub","Tall Shrub","Clay Loam","Mesic",0,669.484009,287,15.029548,-149.809491,67.826198,0.589631580495068,1.80332391329424,"222-1-D-BENA_2002",10.3666667938232,-6.14999997615814,160,54,7.70000028610229,-8.15000012516975,2.86666675408681,12.6333335240682,15.2000000476837,0.866666672130426,67.919999063015,289.149998188019,142.400001525879,1,"24A_2002",0.31
"2462","222-2-A-BENA",2002,0.11125,1.67315432418737,16,1986,17,"222-2","BENA",81,59,12,0,9,0,0,0,0,0,0,NA,NA,NA,0,3,13,0,794.735172,"East","24A","Low Shrub","Tall Shrub","Clay Loam","Mesic",0,676.198608,282,15.59229,-149.808768,67.826375,0.68690939964418,1.9875632673014,"222-2-A-BENA_2002",10.3666667938232,-6.14999997615814,160,54,7.70000028610229,-8.15000012516975,2.86666675408681,12.6333335240682,15.2000000476837,0.866666672130426,67.919999063015,289.149998188019,142.400001525879,1,"24A_2002",0.31
"2463","222-3-A-BENA",2002,0.0615,0.457709629275782,40,1962,17,"222-3","BENA",126,65,16,0,21,0,3,0,0,0.142857143,0,NA,"Hare",NA,1,2,11,1,778.440723,"East","24A","Low Shrub","Low Shrub","Clay Loam","Mesic",0,672.469177,278,13.422374,-149.809021,67.826615,0.484123587345034,1.62275218489413,"222-3-A-BENA_2002",10.3666667938232,-6.14999997615814,160,54,7.70000028610229,-8.15000012516975,2.86666675408681,12.6333335240682,15.2000000476837,0.866666672130426,67.919999063015,289.149998188019,142.400001525879,1,"24A_2002",0.31
"2464","222-4-D-BENA",2002,0.31025,5.63583834610837,7,1995,17,"222-4","BENA",107,70,8,0,14,0,0,0,0,0,0,NA,NA,NA,0,0,15,0,805.061274,"East","24A","Low Shrub","Low Shrub","Clay Loam","Mesic",0,678.755371,278,16.631924,-149.808355,67.826658,0.914837158813082,2.49636870716141,"222-4-D-BENA_2002",10.3666667938232,-6.14999997615814,160,54,7.70000028610229,-8.15000012516975,2.86666675408681,12.6333335240682,15.2000000476837,0.866666672130426,67.919999063015,289.149998188019,142.400001525879,1,"24A_2002",0.31
"2465","235-1-A-BENA",2002,0.0415,0.42782915614933,23,1979,18,"235-1","BENA",59,29,10,0,18,0,0,0,0,0,0,NA,NA,NA,0,0,5,0,477.732622,"East","24A","Low Shrub","Low Shrub","Sandy Gravel","Mesic",0,813.776917,295,20.303024,-149.727576,68.004859,-0.243763442090486,0.783672996383328,"235-1-A-BENA_2002",8.10000022252401,-7.45833325386047,162,66,6.50000031789144,-9.37500010803342,1.76666669050852,11.3000001907349,10.3000003695488,0.816666690011819,57.4299983382225,300.149998664856,129.400001525879,1,"24A_2002",0.31
"2466","235-1-B-BENA",2002,0.098,1.43531828520149,10,1992,18,"235-1","BENA",42,18,10,0,10,0,1,0,0,0.1,0,NA,"Hare",NA,1,0,5,0,477.732622,"East","24A","Low Shrub","Low Shrub","Sandy Gravel","Mesic",0,813.776917,295,20.303024,-149.727576,68.004859,-0.0272881311272905,0.97308082625268,"235-1-B-BENA_2002",8.10000022252401,-7.45833325386047,162,66,6.50000031789144,-9.37500010803342,1.76666669050852,11.3000001907349,10.3000003695488,0.816666690011819,57.4299983382225,300.149998664856,129.400001525879,1,"24A_2002",0.31
"2467","235-2-B-BENA",2002,0.12675,0.897834390022642,19,1983,18,"235-2","BENA",54,38,8,0,9,0,0,0,0,0,0,NA,NA,NA,NA,0,0,0,510.631222,"East","24A","Dwarf Shrub-Lichen","Low Shrub","Sandy Gravel","Mesic",0,828.022217,289,26.243103,-149.726481,68.004961,0.269504642463187,1.30931571066203,"235-2-B-BENA_2002",8.10000022252401,-7.45833325386047,162,66,6.50000031789144,-9.37500010803342,1.76666669050852,11.3000001907349,10.3000003695488,0.816666690011819,57.4299983382225,300.149998664856,129.400001525879,1,"24A_2002",0.31
"2468","235-2-C-BENA",2002,0.092,0.811586479757771,14,1988,18,"235-2","BENA",58,33,8,0,9,0,2,0,0,0.222222222,0,NA,"Hare",NA,1,0,0,0,510.631222,"East","24A","Dwarf Shrub-Lichen","Low Shrub","Sandy Gravel","Mesic",0,828.022217,289,26.243103,-149.726481,68.004961,-0.195913763468827,0.82208312521852,"235-2-C-BENA_2002",8.10000022252401,-7.45833325386047,162,66,6.50000031789144,-9.37500010803342,1.76666669050852,11.3000001907349,10.3000003695488,0.816666690011819,57.4299983382225,300.149998664856,129.400001525879,1,"24A_2002",0.31
"2469","235-3-B-BENA",2002,0.111,1.07038617017152,17,1985,18,"235-3","BENA",59,31,10,0,15,0,0,0,0,0,0,NA,NA,NA,0,0,1,0,482.982181,"East","24A","Dwarf Shrub-Lichen","Low Shrub","Sandy Gravel","Mesic",0,817.546387,298,18.704132,-149.726784,68.005244,0.312563932169703,1.36692532888242,"235-3-B-BENA_2002",8.10000022252401,-7.45833325386047,162,66,6.50000031789144,-9.37500010803342,1.76666669050852,11.3000001907349,10.3000003695488,0.816666690011819,57.4299983382225,300.149998664856,129.400001525879,1,"24A_2002",0.31
"2470","235-4-A-BENA",2002,0.06475,0.956929711332068,12,1990,18,"235-4","BENA",45,36,11,0,13,0,0,0,0,0,0,NA,NA,NA,0,0,0,0,503.848767,"East","24A","Low Shrub","Low Shrub","Sandy Gravel","Mesic",0,825.290771,293,20.728168,-149.726015,68.005351,-0.215128734416719,0.806437617218403,"235-4-A-BENA_2002",8.10000022252401,-7.45833325386047,162,66,6.50000031789144,-9.37500010803342,1.76666669050852,11.3000001907349,10.3000003695488,0.816666690011819,57.4299983382225,300.149998664856,129.400001525879,1,"24A_2002",0.31
"2471","235-4-C-BENA",2002,0.0665,1.5438885857169,6,1996,18,"235-4","BENA",61,45,11,0,10,0,0,0,0,0,0,NA,NA,NA,0,0,0,0,503.848767,"East","24A","Low Shrub","Low Shrub","Sandy Gravel","Mesic",0,825.290771,293,20.728168,-149.726015,68.005351,-0.563958426700732,0.568952443917678,"235-4-C-BENA_2002",8.10000022252401,-7.45833325386047,162,66,6.50000031789144,-9.37500010803342,1.76666669050852,11.3000001907349,10.3000003695488,0.816666690011819,57.4299983382225,300.149998664856,129.400001525879,1,"24A_2002",0.31
"2472","240-2-A-BENA",2002,0.1335,2.46063516716461,6,1996,19,"240-2","BENA",90,57,9,0,23,0,0,2,0,0,0.086956522,NA,NA,"Ptarmagin",1,0,0,0,426.292991,"West","24A","Tussock Tundra (Low shrub or Herbaceous)","Low Shrub","Sandy Loam","Mesic",0,1048.270996,87,24.096361,-149.606886,68.069926,-0.0978432015386248,0.906791076052945,"240-2-A-BENA_2002",7.05312617619832,-7.9480608055989,201.39920425415,96.8124444484711,6.50000031789144,-9.37500010803342,1.76666669050852,11.3000001907349,10.3000003695488,0.816666690011819,57.4299983382225,300.149998664856,129.400001525879,1,"24A_2002",0.31
"2473","240-3-D-BENA",2002,0.0895,1.26162119818084,18,1984,19,"240-3","BENA",97,46,12,0,13,0,0,2,0,0,0.153846154,NA,NA,"Ptarmagin",1,0,1,3,399.798137,"West","24A","Low Shrub","Low Shrub","Sandy Loam","Mesic",0,1034.808228,93,20.584356,-149.606025,68.07014,0.545151345504682,1.72486941385492,"240-3-D-BENA_2002",7.05312617619832,-7.9480608055989,201.39920425415,96.8124444484711,6.50000031789144,-9.37500010803342,1.76666669050852,11.3000001907349,10.3000003695488,0.816666690011819,57.4299983382225,300.149998664856,129.400001525879,1,"24A_2002",0.31
"2474","240-4-B-BENA",2002,0.06525,0.941257876379637,34,1968,19,"240-4","BENA",102,72,15,0,13,0,0,0,0,0,0,NA,NA,NA,0,0,2,0,431.079046,"West","24A","Low Shrub","Low Shrub","Sandy Loam","Mesic",0,1046.807861,94,24.616484,-149.606605,68.070368,1.01116562908494,2.7488032333525,"240-4-B-BENA_2002",7.05312617619832,-7.9480608055989,201.39920425415,96.8124444484711,6.50000031789144,-9.37500010803342,1.76666669050852,11.3000001907349,10.3000003695488,0.816666690011819,57.4299983382225,300.149998664856,129.400001525879,1,"24A_2002",0.31
"2475","240-4-D-BENA",2002,0.07075,0.872900747228343,17,1985,19,"240-4","BENA",83,41,16,0,29,0,0,3,0,0,0.103448276,NA,NA,"Ptarmagin",1,0,2,0,431.079046,"West","24A","Low Shrub","Low Shrub","Sandy Loam","Mesic",0,1046.807861,94,24.616484,-149.606605,68.070368,0.108611020893214,1.11472865984023,"240-4-D-BENA_2002",7.05312617619832,-7.9480608055989,201.39920425415,96.8124444484711,6.50000031789144,-9.37500010803342,1.76666669050852,11.3000001907349,10.3000003695488,0.816666690011819,57.4299983382225,300.149998664856,129.400001525879,1,"24A_2002",0.31
"2476","255-1-A-BENA",2002,0.1485,2.28154789254856,33,1969,20,"255-1","BENA",71,26,15,0,17,0,0,0,0,0,0,NA,NA,NA,0,0,0,0,585.543915,"East","26B","Low Shrub","Low Shrub","Sandy Gravel","Mesic - Xeric",0,991.483582,331,1.701594,-149.392735,68.222633,1.86093317918151,6.42973406669207,"255-1-A-BENA_2002",7.37118021647135,-8.4033849115173,196.819458007812,108,4.5666667620341,-10.9083333859841,-0.0666666626930237,9.23333342870077,6.60000032186508,0.700000010430813,47.4699992537498,317.899996757507,133.800003051758,1,"26B_2002",0.27
"2477","255-2-C-BENA",2002,0.1035,0.66380360513842,21,1981,20,"255-2","BENA",65,27,8,0,20,0,0,0,0,0,0,NA,NA,NA,0,0,1,1,631.079496,"East","26B","Low Shrub","Low Shrub","Sandy Gravel","Mesic - Xeric",0,993.382141,286,2.676414,-149.39171,68.222788,0.0869388014704908,1.09082992048844,"255-2-C-BENA_2002",7.37118021647135,-8.4033849115173,196.819458007812,108,4.5666667620341,-10.9083333859841,-0.0666666626930237,9.23333342870077,6.60000032186508,0.700000010430813,47.4699992537498,317.899996757507,133.800003051758,1,"26B_2002",0.27
"2478","255-2-D-BENA",2002,0.09375,1.70139331515233,13,1989,20,"255-2","BENA",60,32,10,0,11,0,0,0,0,0,0,NA,NA,NA,0,0,1,1,631.079496,"East","26B","Low Shrub","Low Shrub","Sandy Gravel","Mesic - Xeric",0,993.382141,286,2.676414,-149.39171,68.222788,0.455862171725676,1.57753290114443,"255-2-D-BENA_2002",7.37118021647135,-8.4033849115173,196.819458007812,108,4.5666667620341,-10.9083333859841,-0.0666666626930237,9.23333342870077,6.60000032186508,0.700000010430813,47.4699992537498,317.899996757507,133.800003051758,1,"26B_2002",0.27
"2479","255-4-B-BENA",2002,0.23625,4.8582639265156,6,1996,20,"255-4","BENA",49,32,10,0,25,0,0,0,0,0,0,NA,NA,NA,0,0,0,2,644.564014,"East","26B","Low Shrub","Low Shrub","Sandy Gravel","Mesic - Xeric",0,993.003235,239,7.430982,-149.391619,68.223199,0.582418441139043,1.79036308692225,"255-4-B-BENA_2002",7.37118021647135,-8.4033849115173,196.819458007812,108,4.5666667620341,-10.9083333859841,-0.0666666626930237,9.23333342870077,6.60000032186508,0.700000010430813,47.4699992537498,317.899996757507,133.800003051758,1,"26B_2002",0.27
"2480","255-4-D-BENA",2002,0.0715,0.374897246927157,25,1977,20,"255-4","BENA",56,29,5,0,12,0,0,0,0,0,0,NA,NA,NA,0,0,0,2,644.564014,"East","26B","Low Shrub","Low Shrub","Sandy Gravel","Mesic - Xeric",0,993.003235,239,7.430982,-149.391619,68.223199,-0.276332913451548,0.758560353774854,"255-4-D-BENA_2002",7.37118021647135,-8.4033849115173,196.819458007812,108,4.5666667620341,-10.9083333859841,-0.0666666626930237,9.23333342870077,6.60000032186508,0.700000010430813,47.4699992537498,317.899996757507,133.800003051758,1,"26B_2002",0.27
"2481","261-1-C-BENA",2002,0.0333333333333333,0.158475882676956,26,1976,21,"261-1","BENA",52,23,10,0,13,0,0,0,0,0,0,NA,NA,NA,0,0,0,0,356.206777,"East","26B","Dwarf Shrub","Low Shrub","Sandy Loam","Mesic",0,883.832947,287,13.943512,-149.352299,68.301689,-1.09057887892402,0.336021921386959,"261-1-C-BENA_2002",7.56283187866211,-8.54981052751342,206.735786437988,109.241470813751,4.5666667620341,-10.9083333859841,-0.0666666626930237,9.23333342870077,6.60000032186508,0.700000010430813,47.4699992537498,317.899996757507,133.800003051758,1,"26B_2002",0.27
"2482","261-1-D-BENA",2002,0.046,0.388668418324167,13,1989,21,"261-1","BENA",59,19,9,0,15,0,0,0,0,0,0,NA,NA,NA,0,0,0,0,356.206777,"East","26B","Dwarf Shrub","Low Shrub","Sandy Loam","Mesic",0,883.832947,287,13.943512,-149.352299,68.301689,-1.02061403471107,0.360373590328375,"261-1-D-BENA_2002",7.56283187866211,-8.54981052751342,206.735786437988,109.241470813751,4.5666667620341,-10.9083333859841,-0.0666666626930237,9.23333342870077,6.60000032186508,0.700000010430813,47.4699992537498,317.899996757507,133.800003051758,1,"26B_2002",0.27
"2483","261-2-B-BENA",2002,0.07475,0.960529976513086,16,1986,21,"261-2","BENA",66,25,12,0,19,0,0,0,0,0,0,NA,NA,NA,0,0,0,1,388.99561,"East","26B","Dwarf Shrub-Lichen","Low Shrub","Sandy Loam","Mesic",0,888.892761,295,13.025289,-149.351465,68.301786,0.131928649927538,1.14102690401049,"261-2-B-BENA_2002",7.56283187866211,-8.54981052751342,206.735786437988,109.241470813751,4.5666667620341,-10.9083333859841,-0.0666666626930237,9.23333342870077,6.60000032186508,0.700000010430813,47.4699992537498,317.899996757507,133.800003051758,1,"26B_2002",0.27
"2484","261-2-C-BENA",2002,0.07675,0.657828099561751,11,1991,21,"261-2","BENA",37,18,8,0,13,0,0,0,0,0,0,NA,NA,NA,0,0,0,1,388.99561,"East","26B","Dwarf Shrub-Lichen","Low Shrub","Sandy Loam","Mesic",0,888.892761,295,13.025289,-149.351465,68.301786,-0.693749064883958,0.499699148386011,"261-2-C-BENA_2002",7.56283187866211,-8.54981052751342,206.735786437988,109.241470813751,4.5666667620341,-10.9083333859841,-0.0666666626930237,9.23333342870077,6.60000032186508,0.700000010430813,47.4699992537498,317.899996757507,133.800003051758,1,"26B_2002",0.27
"2485","261-3-D-BENA",2002,0.201333333333333,3.03940837182671,22,1980,21,"261-3","BENA",74,41,14,0,26,0,0,0,0,0,0,NA,NA,NA,0,0,0,1,380.53651,"East","26B","Tussock Tundra (Low shrub or Herbaceous)","Low Shrub","Sandy Loam","Mesic",0,884.224731,295,11.657486,-149.351558,68.302088,1.66388476460166,5.27978176565502,"261-3-D-BENA_2002",7.56283187866211,-8.54981052751342,206.735786437988,109.241470813751,4.5666667620341,-10.9083333859841,-0.0666666626930237,9.23333342870077,6.60000032186508,0.700000010430813,47.4699992537498,317.899996757507,133.800003051758,1,"26B_2002",0.27
"2486","261-4-A-BENA",2002,0.05175,0.36494566314829,37,1965,21,"261-4","BENA",45,23,13,0,13,0,0,0,0,0,0,NA,NA,NA,0,0,0,0,405.679111,"East","26B","Low Shrub","Low Shrub","Sandy Loam","Mesic",0,886.626587,308,9.946874,-149.350886,68.302265,0.164602555475166,1.17892446851113,"261-4-A-BENA_2002",7.56283187866211,-8.54981052751342,206.735786437988,109.241470813751,4.5666667620341,-10.9083333859841,-0.0666666626930237,9.23333342870077,6.60000032186508,0.700000010430813,47.4699992537498,317.899996757507,133.800003051758,1,"26B_2002",0.27
"2487","261-4-B-BENA",2002,0.11975,1.82657282332819,16,1986,21,"261-4","BENA",71,30,12,0,13,0,0,0,0,0,0,NA,NA,NA,0,0,0,0,405.679111,"East","26B","Low Shrub","Low Shrub","Sandy Loam","Mesic",0,886.626587,308,9.946874,-149.350886,68.302265,0.774640174790145,2.16981123391674,"261-4-B-BENA_2002",7.56283187866211,-8.54981052751342,206.735786437988,109.241470813751,4.5666667620341,-10.9083333859841,-0.0666666626930237,9.23333342870077,6.60000032186508,0.700000010430813,47.4699992537498,317.899996757507,133.800003051758,1,"26B_2002",0.27
"2488","268-1-B-BENA",2002,0.03175,0.260859593446797,17,1985,22,"268-1","BENA",63,26,6,0,12,0,0,0,0,0,0,NA,NA,NA,0,0,1,2,212.091228,"West","26B","Low Shrub","Low Shrub","Sandy Gravel","Mesic",0,818.738892,195,1.432166,-149.327109,68.400098,-1.09922853044761,0.333127982686155,"268-1-B-BENA_2002",8.59699074427287,-7.95263310273488,205.864593505859,90.9548645019531,4.5666667620341,-10.9083333859841,-0.0666666626930237,9.23333342870077,6.60000032186508,0.700000010430813,47.4699992537498,317.899996757507,133.800003051758,1,"26B_2002",0.27
"2489","268-1-C-BENA",2002,0.0295,0.213018046071147,14,1988,22,"268-1","BENA",47,18,6,0,11,0,0,0,0,0,0,NA,NA,NA,0,0,1,2,212.091228,"West","26B","Low Shrub","Low Shrub","Sandy Gravel","Mesic",0,818.738892,195,1.432166,-149.327109,68.400098,-1.53352782707151,0.215773112798007,"268-1-C-BENA_2002",8.59699074427287,-7.95263310273488,205.864593505859,90.9548645019531,4.5666667620341,-10.9083333859841,-0.0666666626930237,9.23333342870077,6.60000032186508,0.700000010430813,47.4699992537498,317.899996757507,133.800003051758,1,"26B_2002",0.27
"2490","268-2-A-BENA",2002,0.1005,1.83944333938133,12,1990,22,"268-2","BENA",60,23,9,0,24,0,0,0,0,0,0,NA,NA,NA,0,0,0,4,184.615387,"West","26B","Low Shrub","Low Shrub","Sandy Gravel","Mesic",0,819.441162,203,1.359031,-149.326454,68.400307,0.4383595955974,1.55016223872286,"268-2-A-BENA_2002",8.59699074427287,-7.95263310273488,205.864593505859,90.9548645019531,4.5666667620341,-10.9083333859841,-0.0666666626930237,9.23333342870077,6.60000032186508,0.700000010430813,47.4699992537498,317.899996757507,133.800003051758,1,"26B_2002",0.27
"2491","268-4-C-BENA",2002,0.03275,0.268818425735586,23,1979,22,"268-4","BENA",58,32,8,0,18,0,0,0,0,0,0,NA,NA,NA,0,0,0,5,171.881056,"West","26B","Dwarf Shrub-Lichen","Low Shrub","Sandy Gravel","Mesic",0,820.486511,188,1.085947,-149.326166,68.400831,-0.708451235685045,0.492406228400489,"268-4-C-BENA_2002",8.59699074427287,-7.95263310273488,205.864593505859,90.9548645019531,4.5666667620341,-10.9083333859841,-0.0666666626930237,9.23333342870077,6.60000032186508,0.700000010430813,47.4699992537498,317.899996757507,133.800003051758,1,"26B_2002",0.27
"2492","268-4-D-BENA",2002,0.145,1.21034569368527,14,1988,22,"268-4","BENA",57,23,7,0,15,0,0,0,0,0,0,NA,NA,NA,0,0,0,5,171.881056,"West","26B","Dwarf Shrub-Lichen","Low Shrub","Sandy Gravel","Mesic",0,820.486511,188,1.085947,-149.326166,68.400831,0.203756582516821,1.22599968737347,"268-4-D-BENA_2002",8.59699074427287,-7.95263310273488,205.864593505859,90.9548645019531,4.5666667620341,-10.9083333859841,-0.0666666626930237,9.23333342870077,6.60000032186508,0.700000010430813,47.4699992537498,317.899996757507,133.800003051758,1,"26B_2002",0.27
"2493","282-1-B-BENA",2002,0.159333333333333,1.68255041672639,13,1989,23,"282-1","BENA",41,18,8,0,9,0,0,0,0,0,0,NA,NA,NA,0,0,0,0,577.316923,"West","26B","Tussock Tundra (Low shrub or Herbaceous)","Tussock Tundra","Clay Loam","Mesic",0,826.622314,26,2.82316,-149.530032,68.582817,0.444725406654076,1.56006175443478,"282-1-B-BENA_2002",9.03333346048991,-7.68333324790001,172,69,8.96666685740153,-7.39166676998138,4.20000004768372,13.8000001907349,24.2999999523163,0.941666682561239,75.6599979400635,275.1399974823,110.000001907349,1,"26B_2002",0.27
"2494","282-1-D-BENA",2002,0.05775,0.908450224298203,12,1990,23,"282-1","BENA",74,20,11,0,15,0,0,0,0,0,0,NA,NA,NA,0,0,0,0,577.316923,"West","26B","Tussock Tundra (Low shrub or Herbaceous)","Tussock Tundra","Clay Loam","Mesic",0,826.622314,26,2.82316,-149.530032,68.582817,-0.267118578837869,0.765582284225201,"282-1-D-BENA_2002",9.03333346048991,-7.68333324790001,172,69,8.96666685740153,-7.39166676998138,4.20000004768372,13.8000001907349,24.2999999523163,0.941666682561239,75.6599979400635,275.1399974823,110.000001907349,1,"26B_2002",0.27
"2495","282-2-A-BENA",2002,0.083,0.5540984042769,15,1987,23,"282-2","BENA",44,16,6,0,7,0,0,0,0,0,0,NA,NA,NA,0,0,0,0,604.079816,"West","26B","Low Shrub","Low Shrub-Tussock Tundra","Clay Loam","Mesic",0,826.41803,354,3.355184,-149.530916,68.583004,-0.49523055656945,0.609430382919118,"282-2-A-BENA_2002",9.03333346048991,-7.68333324790001,172,69,8.96666685740153,-7.39166676998138,4.20000004768372,13.8000001907349,24.2999999523163,0.941666682561239,75.6599979400635,275.1399974823,110.000001907349,1,"26B_2002",0.27
"2496","282-2-B-BENA",2002,0.0885,0.521169015480135,11,1991,23,"282-2","BENA",27,18,6,0,5,0,0,0,0,0,0,NA,NA,NA,0,0,0,0,604.079816,"West","26B","Low Shrub","Low Shrub-Tussock Tundra","Clay Loam","Mesic",0,826.41803,354,3.355184,-149.530916,68.583004,-0.926618320154615,0.395890223257562,"282-2-B-BENA_2002",9.03333346048991,-7.68333324790001,172,69,8.96666685740153,-7.39166676998138,4.20000004768372,13.8000001907349,24.2999999523163,0.941666682561239,75.6599979400635,275.1399974823,110.000001907349,1,"26B_2002",0.27
"2497","282-3-B-BENA",2002,0.19525,1.70447403944825,8,1994,23,"282-3","BENA",31,18,7,0,8,0,0,0,0,0,0,NA,NA,NA,0,0,0,0,571.732475,"West","26B","Low Shrub","Low Shrub-Tussock Tundra","Clay Loam","Mesic",0,823.876221,27,3.830761,-149.53038,68.583298,-0.121703999091916,0.885410412004137,"282-3-B-BENA_2002",9.03333346048991,-7.68333324790001,172,69,8.96666685740153,-7.39166676998138,4.20000004768372,13.8000001907349,24.2999999523163,0.941666682561239,75.6599979400635,275.1399974823,110.000001907349,1,"26B_2002",0.27
"2498","282-4-A-BENA",2002,0.0485,0.507002003408772,14,1988,23,"282-4","BENA",52,15,7,0,6,0,0,0,0,0,0,NA,NA,NA,0,0,0,0,597.547448,"West","26B","Tussock Tundra (Low shrub or Herbaceous)","Low Shrub-Tussock Tundra","Clay Loam","Mesic",0,823.620117,358,4.137664,-149.531178,68.583423,-0.666389757450862,0.513559308650303,"282-4-A-BENA_2002",9.03333346048991,-7.68333324790001,172,69,8.96666685740153,-7.39166676998138,4.20000004768372,13.8000001907349,24.2999999523163,0.941666682561239,75.6599979400635,275.1399974823,110.000001907349,1,"26B_2002",0.27
"2499","60-4-B-BENA",2002,0.205,2.38515212047681,12,1990,1,"60-4","BENA",95,NA,9,0,9,0,2,0,0,0.222222222,0,NA,"Hare",NA,1,0,1,0,1406.241796,"West","20F","Tall Shrub (Open-Closed)","Black Spruce Woodland","Silt Loam","Mesic",0,110.670654,252,1.181915,-149.840942,65.910317,0.698159507170637,2.01004981866768,"60-4-B-BENA_2002",14.092477162679,-4.0765046676,116.451354980469,47.0451354980469,13.5333337783813,-2.24166682362556,8.1333335240682,19.0000006357829,44.9000012874603,0.950000014156103,83.0599985718727,233.66999745369,200.400001525879,1,"20F_2002",0.375
"2500","72-1-C-BENA",2002,0.055,0.459874186614105,34,1968,2,"72-1","BENA",118,71,9,0,11,0,2,0,0,0.181818182,0,NA,"Hare",NA,1,0,0,0,895.937772,"West","20F","Tussock Tundra (Low shrub or Herbaceous)","Black Spruce Woodland","Clay Loam","Mesic",0,130.808105,148,1.606934,-150.14017,66.022623,0.294901426718771,1.34299396883915,"72-1-C-BENA_2002",14.3639424641927,-3.80661034584045,111.41056060791,45.0394296646118,11.8666664759318,-3.93333359559377,6.5666667620341,17.2333335876465,37.9000012874603,1.01666668492059,85.669998884201,247.549998879433,193.300006866455,1,"20F_2002",0.375
"2501","72-1-D-BENA",2002,0.10175,1.09730274697885,46,1956,2,"72-1","BENA",65,41,8,7,4,0,0,0,0,0,0,NA,NA,NA,0,0,0,0,895.937772,"West","20F","Tussock Tundra (Low shrub or Herbaceous)","Black Spruce Woodland","Clay Loam","Mesic",0,130.808105,148,1.606934,-150.14017,66.022623,1.52528232816732,4.596441090924,"72-1-D-BENA_2002",14.3639424641927,-3.80661034584045,111.41056060791,45.0394296646118,11.8666664759318,-3.93333359559377,6.5666667620341,17.2333335876465,37.9000012874603,1.01666668492059,85.669998884201,247.549998879433,193.300006866455,1,"20F_2002",0.375
"2502","72-2-A-BENA",2002,0.06175,0.543035874795905,33,1969,2,"72-2","BENA",121,72,12,21,14,0,0,0,0,0,0,NA,NA,NA,0,0,0,0,855.94066,"West","20F","Tussock Tundra (Low shrub or Herbaceous)","Black Spruce Woodland","Clay Loam","Mesic",0,131.055786,179,2.125059,-150.13956,66.022889,0.425499172856602,1.53035414028104,"72-2-A-BENA_2002",14.3639424641927,-3.80661034584045,111.41056060791,45.0394296646118,11.8666664759318,-3.93333359559377,6.5666667620341,17.2333335876465,37.9000012874603,1.01666668492059,85.669998884201,247.549998879433,193.300006866455,1,"20F_2002",0.375
"2503","72-3-D-BENA",2002,0.1055,0.725020679586271,46,1956,2,"72-3","BENA",104,47,11,0,9,0,0,0,0,0,0,NA,NA,NA,0,0,1,0,885.368743,"West","20F","Tussock Tundra (Low shrub or Herbaceous)","Black Spruce Woodland","Clay Loam","Mesic",0,132.401993,119,2.284806,-150.140609,66.023021,1.11087210679065,3.03700583325361,"72-3-D-BENA_2002",14.3639424641927,-3.80661034584045,111.41056060791,45.0394296646118,11.8666664759318,-3.93333359559377,6.5666667620341,17.2333335876465,37.9000012874603,1.01666668492059,85.669998884201,247.549998879433,193.300006866455,1,"20F_2002",0.375
"2504","97-3-D-BENA",2002,0.0675,0.801153250555202,7,1995,4,"97-3","BENA",75,49,7,21,13,0,0,0,0,0,0,NA,NA,NA,0,0,0,0,924.995234,"East","24A","Tussock Tundra (Low shrub or Herbaceous)","Tall Shrub","Gravely Sand Loam","Mesic",2004,557.015015,71,7.919354,-150.432427,66.349149,-1.0360117786073,0.35486715223258,"97-3-D-BENA_2002",11.8378470738729,-4.56328133742015,241.774322509766,97.8645935058594,11.8666664759318,-3.93333359559377,6.5666667620341,17.2333335876465,37.9000012874603,1.01666668492059,85.669998884201,247.549998879433,193.300006866455,1,"24A_2002",0.31
"2505","102-3-B-BENA",2001,0.09475,2.47576173944209,21,1980,5,"102-3","BENA",72,NA,16,0,12,0,0,0,0,0,0,NA,NA,NA,0,0,0,0,939.238254,"West","24A","Tussock Tundra (Low shrub or Herbaceous)","Low Shrub","Sandy Loam","Mesic",2004,424.339783,330,3.896938,-150.565669,66.401242,1.40325587230037,4.06842469742354,"102-3-B-BENA_2001",12.3333336512248,-5.94166654348373,191,78,12.4000002543132,-5.25833333532016,7.46666669845581,17.3666671117147,46.7000017166138,0.900000020861626,86.4499975442886,258.979996412992,160.700000762939,2,"24A_2001",0.44
"2506","111-1-A-BENA",2001,0.43075,9.67465847329005,13,1988,6,"111-1","BENA",45,37,7,0,7,0,0,0,0,0,0,NA,NA,NA,0,0,0,0,640.914524,"West","24A","Tall Shrub (Open-Closed)","Low Shrub","Gravely Sand Loam","Mesic",0,512.854736,12,8.158982,-150.736683,66.498494,2.19392459757586,8.97034913269561,"111-1-A-BENA_2001",12.2770891189575,-6.00932451089223,209.600440979004,77.7291867733002,12.4000002543132,-5.25833333532016,7.46666669845581,17.3666671117147,46.7000017166138,0.900000020861626,86.4499975442886,258.979996412992,160.700000762939,2,"24A_2001",0.44
"2507","111-3-A-BENA",2001,0.031,0.31037992939671,14,1987,6,"111-3","BENA",108,46,7,0,11,0,0,0,0,0,0,NA,NA,NA,0,0,0,0,664.632709,"West","24A","Tall Shrub (Open-Closed)","Low Shrub","Gravely Sand Loam","Mesic",0,511.257965,359,9.703425,-150.737553,66.498636,-1.15710758676109,0.314394225048828,"111-3-A-BENA_2001",12.2770891189575,-6.00932451089223,209.600440979004,77.7291867733002,12.4000002543132,-5.25833333532016,7.46666669845581,17.3666671117147,46.7000017166138,0.900000020861626,86.4499975442886,258.979996412992,160.700000762939,2,"24A_2001",0.44
"2508","111-4-C-BENA",2001,0.150333333333333,1.2624207039453,9,1992,6,"111-4","BENA",51,30,7,0,13,0,0,0,0,0,0,NA,NA,NA,0,0,0,0,707.594422,"West","24A","Tall Shrub (Open-Closed)","Low Shrub","Gravely Sand Loam","Mesic",0,515.006653,353,8.170983,-150.73833,66.498407,-0.281374461082286,0.754745659681393,"111-4-C-BENA_2001",12.2708806991577,-6.01245266199112,210.063209533691,78.0000009536743,12.4000002543132,-5.25833333532016,7.46666669845581,17.3666671117147,46.7000017166138,0.900000020861626,86.4499975442886,258.979996412992,160.700000762939,2,"24A_2001",0.44
"2509","121-1-C-BENA",2001,0.072,0.918463461832892,29,1972,7,"121-1","BENA",60,36,11,0,11,0,0,0,0,0,0,NA,NA,NA,0,0,0,0,1394.51987,"East","24A","Tall Shrub (Open-Closed)","Low Shrub","Clay Loam","Mesic",2005,466.470276,61,7.209129,-150.675843,66.599029,0.796832558076932,2.21850280915545,"121-1-C-BENA_2001",12.8333336512248,-5.74166671435038,201,67,12.5000003178914,-5.56666653354963,7.60000022252401,17.4333340326945,55.4000010490417,1.10833337468406,88.699999332428,258.629995524883,151.800001144409,2,"24A_2001",0.44
"2510","121-1-D-BENA",2001,0.048,1.19883175660986,17,1984,7,"121-1","BENA",73,42,19,0,25,0,0,0,0,0,0,NA,NA,NA,0,0,0,0,1394.51987,"East","24A","Tall Shrub (Open-Closed)","Low Shrub","Clay Loam","Mesic",2005,466.470276,61,7.209129,-150.675843,66.599029,0.425891988546085,1.53095540548327,"121-1-D-BENA_2001",12.8333336512248,-5.74166671435038,201,67,12.5000003178914,-5.56666653354963,7.60000022252401,17.4333340326945,55.4000010490417,1.10833337468406,88.699999332428,258.629995524883,151.800001144409,2,"24A_2001",0.44
"2511","129-3-A-BENA",2001,0.0455,0.753163851975292,49,1952,8,"129-3","BENA",51,35,12,0,6,0,0,0,0,0,0,NA,NA,NA,0,0,0,0,1022.673056,"East","24A","Tussock Tundra (Low shrub or Herbaceous)","Low Shrub-Tussock Tundra","Sandy Loam","Mesic - Hydric",2005,301.546051,352,6.265718,-150.646771,66.710061,1.22434855681285,3.40194918415841,"129-3-A-BENA_2001",13.0666666030884,-5.65833336114883,192,60,12.5000003178914,-5.56666653354963,7.60000022252401,17.4333340326945,55.4000010490417,1.10833337468406,88.699999332428,258.629995524883,151.800001144409,2,"24A_2001",0.44
"2512","129-4-D-BENA",2001,0.032,0.881757093268352,40,1961,8,"129-4","BENA",87,41,18,0,9,0,0,0,0,0,0,NA,NA,NA,0,0,0,0,1057.255538,"East","24A","Tussock Tundra (Low shrub or Herbaceous)","Tall Shrub","Sandy Loam","Mesic - Hydric",2005,303.823029,358,6.979915,-150.646167,66.709845,1.13980521512489,3.12615937731337,"129-4-D-BENA_2001",13.0666666030884,-5.65833336114883,192,60,12.5000003178914,-5.56666653354963,7.60000022252401,17.4333340326945,55.4000010490417,1.10833337468406,88.699999332428,258.629995524883,151.800001144409,2,"24A_2001",0.44
"2513","147-2-A-BENA",2001,0.174,1.48275319267804,6,1995,9,"147-2","BENA",89,56,6,61,9,0,0,0,0,0,0,NA,NA,NA,0,2,1,0,986.173835,"West","24A","Low Shrub","Tall Shrub","Clay Loam","Mesic - Hydric",0,428.943481,147,8.698308,-150.484958,66.912025,-0.604362091241545,0.546422883429234,"147-2-A-BENA_2001",12.6333335240682,-5.94999996821086,199.270812988281,60.0902709960938,10.966667175293,-6.77500003948808,6.16666682561239,15.766666730245,36.4999997615814,1.03333335369825,84.9599978923798,269.399997353554,153.800003051758,2,"24A_2001",0.44
"2514","147-3-A-BENA",2001,0.1035,1.41100942664617,11,1990,9,"147-3","BENA",107,63,8,18,8,1,0,0,0.125,0,0,"Moose",NA,NA,1,2,1,0,952.272152,"West","24A","White Spruce or Black Spruce (Woodland)","Black Spruce Woodland","Clay Loam","Mesic - Hydric",0,425.583191,170,6.572863,-150.484233,66.911912,0.0693679174452549,1.07183048174661,"147-3-A-BENA_2001",12.6333335240682,-5.94999996821086,199.270812988281,60.0902709960938,10.966667175293,-6.77500003948808,6.16666682561239,15.766666730245,36.4999997615814,1.03333335369825,84.9599978923798,269.399997353554,153.800003051758,2,"24A_2001",0.44
"2515","147-3-C-BENA",2001,0.3465,4.0167932429901,7,1994,9,"147-3","BENA",136,53,12,30,29,2,1,0,0.068965517,0.034482759,0,"Moose","Hare",NA,1,2,1,0,952.272152,"West","24A","White Spruce or Black Spruce (Woodland)","Black Spruce Woodland","Clay Loam","Mesic - Hydric",0,425.583191,170,6.572863,-150.484233,66.911912,0.576175131117288,1.77922011582571,"147-3-C-BENA_2001",12.6333335240682,-5.94999996821086,199.270812988281,60.0902709960938,10.966667175293,-6.77500003948808,6.16666682561239,15.766666730245,36.4999997615814,1.03333335369825,84.9599978923798,269.399997353554,153.800003051758,2,"24A_2001",0.44
"2516","147-4-D-BENA",2001,0.09975,0.821901310187213,15,1986,9,"147-4","BENA",94,47,7,14,7,0,0,0,0,0,0,NA,NA,NA,0,0,1,0,956.341518,"West","24A","Tall Shrub (Open-Closed)","Tall Shrub","Clay Loam","Mesic - Hydric",0,428.39856,129,7.52786,-150.483929,66.912191,-0.100952525342996,0.903975947815232,"147-4-D-BENA_2001",12.6333335240682,-5.94999996821086,199.270812988281,60.0902709960938,10.966667175293,-6.77500003948808,6.16666682561239,15.766666730245,36.4999997615814,1.03333335369825,84.9599978923798,269.399997353554,153.800003051758,2,"24A_2001",0.44
"2517","151-1-D-BENA",2001,0.08925,0.845998111238408,17,1984,10,"151-1","BENA",90,67,12,0,8,0,0,0,0,0,0,NA,NA,NA,0,0,0,0,725.03173,"East","24A","White Spruce or Black Spruce (Open-Closed)","Low Shrub","Clay Loam","Mesic",0,471.29071,296,22.022722,-150.362735,66.958242,0.0773062901475733,1.08037293330608,"151-1-D-BENA_2001",11.7628320058187,-6.78769511977832,217.304683685303,63.0000007152557,10.966667175293,-6.77500003948808,6.16666682561239,15.766666730245,36.4999997615814,1.03333335369825,84.9599978923798,269.399997353554,153.800003051758,2,"24A_2001",0.44
"2518","151-2-A-BENA",2001,0.093,2.21302740057928,6,1995,10,"151-2","BENA",119,71,11,0,4,0,0,0,0,0,0,NA,NA,NA,0,1,0,0,737.726474,"East","24A","Low Shrub","Low Shrub","Clay Loam","Mesic",0,482.941345,297,25.566626,-150.361917,66.958285,-0.203901273553154,0.815542882863987,"151-2-A-BENA_2001",11.7628320058187,-6.78769511977832,217.304683685303,63.0000007152557,10.966667175293,-6.77500003948808,6.16666682561239,15.766666730245,36.4999997615814,1.03333335369825,84.9599978923798,269.399997353554,153.800003051758,2,"24A_2001",0.44
"2519","151-2-B-BENA",2001,0.31375,9.62240279188655,6,1995,10,"151-2","BENA",142,91,14,0,17,0,0,0,0,0,0,NA,NA,NA,0,1,0,0,737.726474,"East","24A","Low Shrub","Low Shrub","Clay Loam","Mesic",0,482.941345,297,25.566626,-150.361917,66.958285,1.26583128776663,3.54603929030408,"151-2-B-BENA_2001",11.7628320058187,-6.78769511977832,217.304683685303,63.0000007152557,10.966667175293,-6.77500003948808,6.16666682561239,15.766666730245,36.4999997615814,1.03333335369825,84.9599978923798,269.399997353554,153.800003051758,2,"24A_2001",0.44
"2520","151-3-C-BENA",2001,0.05475,0.707918045529667,15,1986,10,"151-3","BENA",86,51,13,0,9,0,0,0,0,0,0,NA,NA,NA,0,0,0,0,698.113665,"East","24A","White Spruce or Black Spruce (Open-Closed)","Low Shrub","Clay Loam","Mesic",0,469.98999,301,21.5443,-150.36215,66.958641,-0.250244520499824,0.778610373595124,"151-3-C-BENA_2001",11.7628320058187,-6.78769511977832,217.304683685303,63.0000007152557,10.966667175293,-6.77500003948808,6.16666682561239,15.766666730245,36.4999997615814,1.03333335369825,84.9599978923798,269.399997353554,153.800003051758,2,"24A_2001",0.44
"2521","151-4-A-BENA",2001,0.0595,0.666012930172054,15,1986,10,"151-4","BENA",65,36,9,0,8,0,0,0,0,0,0,NA,NA,NA,0,0,0,0,714.907956,"East","24A","Low Shrub","Low Shrub","Clay Loam","Mesic",0,485.466003,301,24.973797,-150.361301,66.958638,-0.311263767567147,0.732520635199311,"151-4-A-BENA_2001",11.7628320058187,-6.78769511977832,217.304683685303,63.0000007152557,10.966667175293,-6.77500003948808,6.16666682561239,15.766666730245,36.4999997615814,1.03333335369825,84.9599978923798,269.399997353554,153.800003051758,2,"24A_2001",0.44
"2522","151-4-D-BENA",2001,0.092,1.17417025427919,8,1993,10,"151-4","BENA",83,56,8,0,9,0,0,0,0,0,0,NA,NA,NA,0,0,0,0,714.907956,"East","24A","Low Shrub","Low Shrub","Clay Loam","Mesic",0,485.466003,301,24.973797,-150.361301,66.958638,-0.49439884940308,0.609937461377159,"151-4-D-BENA_2001",11.7628320058187,-6.78769511977832,217.304683685303,63.0000007152557,10.966667175293,-6.77500003948808,6.16666682561239,15.766666730245,36.4999997615814,1.03333335369825,84.9599978923798,269.399997353554,153.800003051758,2,"24A_2001",0.44
"2523","158-2-C-BENA",2001,0.0155,0.195070912639348,13,1988,11,"158-2","BENA",54,29,8,0,53,0,0,0,0,0,0,NA,NA,NA,0,0,0,1,1283.38641,"East","24A","Tussock Tundra (Low shrub or Herbaceous)","Low Shrub","Sandy Loam","Mesic - Xeric",2005,590.000549,54,15.617359,-150.286104,67.046812,-1.70997747276251,0.180869867069679,"158-2-C-BENA_2001",12.5666666030884,-6.41666659712791,209,62,10.8333336512248,-7.14166663897534,6.16666682561239,15.6000000635783,40.4000010490417,0.975000011424224,88.6499972343445,269.689998269081,142.700000762939,2,"24A_2001",0.44
"2524","173-1-A-BENA",2001,0.05,0.324840680381184,33,1968,12,"173-1","BENA",69,40,12,0,9,0,0,0,0,0,0,NA,NA,NA,0,0,0,0,1301.486525,"East","24A","Low Shrub","Low Shrub","Clay Loam","Mesic",0,349.871613,358,2.901099,-150.191497,67.228159,-0.0883413647353262,0.915448321604704,"173-1-A-BENA_2001",12.9957046508789,-6.26162602504094,200.686904907227,65.8703002929688,10.8333336512248,-7.14166663897534,6.16666682561239,15.6000000635783,40.4000010490417,0.975000011424224,88.6499972343445,269.689998269081,142.700000762939,2,"24A_2001",0.44
"2525","173-1-B-BENA",2001,0.087,1.23362332445205,11,1990,12,"173-1","BENA",101,53,11,0,7,0,0,0,0,0,0,NA,NA,NA,0,0,0,0,1301.486525,"East","24A","Low Shrub","Low Shrub","Clay Loam","Mesic",0,349.871613,358,2.901099,-150.191497,67.228159,-0.0649818049516704,0.937084513520301,"173-1-B-BENA_2001",12.9957046508789,-6.26162602504094,200.686904907227,65.8703002929688,10.8333336512248,-7.14166663897534,6.16666682561239,15.6000000635783,40.4000010490417,0.975000011424224,88.6499972343445,269.689998269081,142.700000762939,2,"24A_2001",0.44
"2526","173-2-A-BENA",2001,0.06775,0.484377234865323,42,1959,12,"173-2","BENA",94,43,12,0,6,0,0,0,0,0,0,NA,NA,NA,0,2,0,0,1323.706943,"East","24A","Tussock Tundra (Low shrub or Herbaceous)","Low Shrub","Clay Loam","Mesic",0,348.371155,13,2.823825,-150.190835,67.228457,0.59897580403432,1.82025354902067,"173-2-A-BENA_2001",12.9957046508789,-6.26162602504094,200.686904907227,65.8703002929688,10.8333336512248,-7.14166663897534,6.16666682561239,15.6000000635783,40.4000010490417,0.975000011424224,88.6499972343445,269.689998269081,142.700000762939,2,"24A_2001",0.44
"2527","173-3-B-BENA",2001,0.0555,0.281763161915163,36,1965,12,"173-3","BENA",70,51,14,0,9,0,0,0,0,0,0,NA,NA,NA,0,0,0,0,1278.311889,"East","24A","Low Shrub","Low Shrub","Clay Loam","Mesic",0,347.24527,24,1.739254,-150.191816,67.228627,-0.126775307035002,0.880931589491861,"173-3-B-BENA_2001",12.9957046508789,-6.26162602504094,200.686904907227,65.8703002929688,10.8333336512248,-7.14166663897534,6.16666682561239,15.6000000635783,40.4000010490417,0.975000011424224,88.6499972343445,269.689998269081,142.700000762939,2,"24A_2001",0.44
"2528","173-4-B-BENA",2001,0.14375,1.65388654374382,11,1990,12,"173-4","BENA",124,71,14,0,12,0,0,0,0,0,0,NA,NA,NA,0,1,0,0,1308.377258,"East","24A","Low Shrub","Low Shrub","Clay Loam","Mesic",0,346.165253,355,1.872125,-150.190975,67.22891,0.228190562942872,1.25632471155679,"173-4-B-BENA_2001",12.9957046508789,-6.26162602504094,200.686904907227,65.8703002929688,10.8333336512248,-7.14166663897534,6.16666682561239,15.6000000635783,40.4000010490417,0.975000011424224,88.6499972343445,269.689998269081,142.700000762939,2,"24A_2001",0.44
"2529","173-4-C-BENA",2001,0.12325,1.82962291709574,32,1969,12,"173-4","BENA",119,74,14,0,14,0,0,0,0,0,0,NA,NA,NA,0,1,0,0,1308.377258,"East","24A","Low Shrub","Low Shrub","Clay Loam","Mesic",0,346.165253,355,1.872125,-150.190975,67.22891,1.6034679461811,4.97023909293149,"173-4-C-BENA_2001",12.9957046508789,-6.26162602504094,200.686904907227,65.8703002929688,10.8333336512248,-7.14166663897534,6.16666682561239,15.6000000635783,40.4000010490417,0.975000011424224,88.6499972343445,269.689998269081,142.700000762939,2,"24A_2001",0.44
"2530","184-1-B-BENA",2001,0.0515,0.752171108696753,49,1952,13,"184-1","BENA",128,51,19,0,13,0,1,0,0,0.076923077,0,NA,"Hare",NA,1,2,0,0,692.283244,"East","24A","White Spruce or Black Spruce (Open-Closed)","Tall Shrub","Clay Loam","Mesic",0,423.977753,249,10.469168,-150.109686,67.368938,1.22302959000693,3.39746508394881,"184-1-B-BENA_2001",12.5333334604899,-6.19166670242945,163,46,10.8333336512248,-7.14166663897534,6.16666682561239,15.6000000635783,40.4000010490417,0.975000011424224,88.6499972343445,269.689998269081,142.700000762939,2,"24A_2001",0.44
"2531","184-1-C-BENA",2001,0.202,4.98987329310566,10,1991,13,"184-1","BENA",166,49,15,8,26,1,2,0,0.038461538,0.076923077,0,"Moose","Hare",NA,1,2,0,0,692.283244,"East","24A","White Spruce or Black Spruce (Open-Closed)","Tall Shrub","Clay Loam","Mesic",0,423.977753,249,10.469168,-150.109686,67.368938,1.21873575999915,3.38290822113355,"184-1-C-BENA_2001",12.5333334604899,-6.19166670242945,163,46,10.8333336512248,-7.14166663897534,6.16666682561239,15.6000000635783,40.4000010490417,0.975000011424224,88.6499972343445,269.689998269081,142.700000762939,2,"24A_2001",0.44
"2532","184-2-A-BENA",2001,0.0675,0.521555431376526,16,1985,13,"184-2","BENA",89,39,11,0,12,0,1,0,0,0.083333333,0,NA,"Hare",NA,1,1,0,0,706.210196,"East","24A","White Spruce or Black Spruce (Open-Closed)","Tall Shrub","Clay Loam","Mesic",0,429.192566,258,16.706417,-150.109279,67.369156,-0.478740980092566,0.619562943047106,"184-2-A-BENA_2001",12.5318288803101,-6.19279512763023,162.368103027344,45.7743210792542,10.8333336512248,-7.14166663897534,6.16666682561239,15.6000000635783,40.4000010490417,0.975000011424224,88.6499972343445,269.689998269081,142.700000762939,2,"24A_2001",0.44
"2533","184-2-D-BENA",2001,0.0655,0.41370926796777,30,1971,13,"184-2","BENA",84,38,12,10,7,0,0,0,0,0,0,NA,NA,NA,0,1,0,0,706.210196,"East","24A","White Spruce or Black Spruce (Open-Closed)","Tall Shrub","Clay Loam","Mesic",0,429.192566,258,16.706417,-150.109279,67.369156,0.0397499421376459,1.04055054381276,"184-2-D-BENA_2001",12.5318288803101,-6.19279512763023,162.368103027344,45.7743210792542,10.8333336512248,-7.14166663897534,6.16666682561239,15.6000000635783,40.4000010490417,0.975000011424224,88.6499972343445,269.689998269081,142.700000762939,2,"24A_2001",0.44
"2534","184-3-B-BENA",2001,0.229,3.2870515014705,24,1977,13,"184-3","BENA",71,35,17,0,17,0,2,0,0,0.117647059,0,NA,"Hare",NA,1,1,3,0,683.765397,"East","24A","White Spruce or Black Spruce (Open-Closed)","Tall Shrub","Clay Loam","Mesic",0,425.482941,261,10.788996,-150.109693,67.36937,1.84604688436631,6.3347280480454,"184-3-B-BENA_2001",12.5318288803101,-6.19279512763023,162.368103027344,45.7743210792542,10.8333336512248,-7.14166663897534,6.16666682561239,15.6000000635783,40.4000010490417,0.975000011424224,88.6499972343445,269.689998269081,142.700000762939,2,"24A_2001",0.44
"2535","184-3-D-BENA",2001,0.22975,2.54481905105607,13,1988,13,"184-3","BENA",103,48,17,7,31,3,1,0,0.096774194,0.032258065,0,"Moose","Hare",NA,1,1,3,0,683.765397,"East","24A","White Spruce or Black Spruce (Open-Closed)","Tall Shrub","Clay Loam","Mesic",0,425.482941,261,10.788996,-150.109693,67.36937,0.858474206894688,2.35955774878584,"184-3-D-BENA_2001",12.5318288803101,-6.19279512763023,162.368103027344,45.7743210792542,10.8333336512248,-7.14166663897534,6.16666682561239,15.6000000635783,40.4000010490417,0.975000011424224,88.6499972343445,269.689998269081,142.700000762939,2,"24A_2001",0.44
"2536","191-2-A-BENA",2001,0.3065,4.24397358874364,8,1993,14,"191-2","BENA",82,51,10,0,13,1,0,0,0.076923077,0,0,"Moose",NA,NA,1,0,0,0,1628.072852,"East","24A","Low Shrub","Low Shrub","Clay Loam","Mesic",0,494.812988,260,1.497492,-149.859771,67.475671,0.790539416558175,2.2045852953915,"191-2-A-BENA_2001",11.7771984736125,-6.46629053105911,166.413238525391,47.8645930290222,9.00000015894572,-8.58333347241084,4.46666669845581,13.5666669209798,20.0000004768372,0.933333355933428,74.6499985456467,282.829998970032,143.800004959106,2,"24A_2001",0.44
"2537","191-2-B-BENA",2001,0.15975,2.42114358036312,6,1995,14,"191-2","BENA",92,71,8,0,13,0,0,0,0,0,0,NA,NA,NA,0,0,0,0,1628.072852,"East","24A","Low Shrub","Low Shrub","Clay Loam","Mesic",0,494.812988,260,1.497492,-149.859771,67.475671,-0.114022733770681,0.892237671725219,"191-2-B-BENA_2001",11.7771984736125,-6.46629053105911,166.413238525391,47.8645930290222,9.00000015894572,-8.58333347241084,4.46666669845581,13.5666669209798,20.0000004768372,0.933333355933428,74.6499985456467,282.829998970032,143.800004959106,2,"24A_2001",0.44
"2538","191-3-A-BENA",2001,0.151333333333333,1.19142175891007,20,1981,14,"191-3","BENA",102,51,9,0,9,0,1,0,0,0.111111111,0,NA,"Hare",NA,1,2,0,0,1608.343863,"East","24A","Low Shrub","Low Shrub","Clay Loam","Mesic",0,494.475037,298,4.15829,-149.859591,67.475979,0.613631910962785,1.84712783482393,"191-3-A-BENA_2001",11.7771984736125,-6.46629053105911,166.413238525391,47.8645930290222,9.00000015894572,-8.58333347241084,4.46666669845581,13.5666669209798,20.0000004768372,0.933333355933428,74.6499985456467,282.829998970032,143.800004959106,2,"24A_2001",0.44
"2539","191-3-D-BENA",2001,0.15625,2.47060900389144,15,1986,14,"191-3","BENA",110,71,10,0,16,0,0,0,0,0,0,NA,NA,NA,0,2,0,0,1608.343863,"East","24A","Low Shrub","Low Shrub","Clay Loam","Mesic",0,494.475037,298,4.15829,-149.859591,67.475979,0.99964710691914,2.71732273484866,"191-3-D-BENA_2001",11.7771984736125,-6.46629053105911,166.413238525391,47.8645930290222,9.00000015894572,-8.58333347241084,4.46666669845581,13.5666669209798,20.0000004768372,0.933333355933428,74.6499985456467,282.829998970032,143.800004959106,2,"24A_2001",0.44
"2540","191-4-B-BENA",2001,0.11925,1.04307728698157,18,1983,14,"191-4","BENA",77,59,11,0,12,0,1,0,0,0.083333333,0,NA,"Hare",NA,1,1,0,0,1634.196324,"East","24A","Low Shrub","Low Shrub","Clay Loam","Mesic",0,497.007599,303,3.553675,-149.85875,67.475963,0.35492906028955,1.42607948502732,"191-4-B-BENA_2001",11.7771984736125,-6.46629053105911,166.413238525391,47.8645930290222,9.00000015894572,-8.58333347241084,4.46666669845581,13.5666669209798,20.0000004768372,0.933333355933428,74.6499985456467,282.829998970032,143.800004959106,2,"24A_2001",0.44
"2541","203-1-A-BENA",2001,0.08425,1.21123810234843,11,1990,15,"203-1","BENA",97,41,11,0,17,1,0,0,0.058823529,0,0,"Moose",NA,NA,1,1,0,0,905.036767,"East","24A","Low Shrub","Low Shrub","Loam","Mesic",0,550.644958,299,23.927214,-149.794431,67.571449,-0.0832943746775489,0.920080259021199,"203-1-A-BENA_2001",12.0666666030884,-6.58333340783914,138,45,8.10000038146973,-9.53333348035812,3.70000012715658,12.6000000635783,15.6999998688698,0.783333346247673,68.5699977874756,289.219998836517,134.300003051758,2,"24A_2001",0.44
"2542","203-1-D-BENA",2001,0.19425,4.26033834122573,9,1992,15,"203-1","BENA",143,46,14,0,26,2,0,0,0.076923077,0,0,"Moose",NA,NA,1,1,0,0,905.036767,"East","24A","Low Shrub","Low Shrub","Loam","Mesic",0,550.644958,299,23.927214,-149.794431,67.571449,0.934943047429482,2.54706839151592,"203-1-D-BENA_2001",12.0666666030884,-6.58333340783914,138,45,8.10000038146973,-9.53333348035812,3.70000012715658,12.6000000635783,15.6999998688698,0.783333346247673,68.5699977874756,289.219998836517,134.300003051758,2,"24A_2001",0.44
"2543","203-2-C-BENA",2001,0.12675,1.03142943951931,25,1976,15,"203-2","BENA",118,35,14,0,38,0,0,0,0,0,0,NA,NA,NA,0,0,1,0,933.944119,"East","24A","Low Shrub","Low Shrub","Loam","Mesic",0,566.911377,300,26.508135,-149.793674,67.571447,0.735716030789814,2.08697579656429,"203-2-C-BENA_2001",12.0666666030884,-6.58333340783914,138,45,8.10000038146973,-9.53333348035812,3.70000012715658,12.6000000635783,15.6999998688698,0.783333346247673,68.5699977874756,289.219998836517,134.300003051758,2,"24A_2001",0.44
"2544","203-3-D-BENA",2001,0.357,5.93972126554792,9,1992,15,"203-3","BENA",108,52,11,0,7,1,0,0,0.14,0,0,"Moose",NA,NA,1,0,1,0,922.335664,"East","24A","Low Shrub","Low Shrub","Loam","Mesic",0,556.241272,305,23.609533,-149.79364,67.571701,1.2672566747607,3.5510973725949,"203-3-D-BENA_2001",12.0666666030884,-6.58333340783914,138,45,8.10000038146973,-9.53333348035812,3.70000012715658,12.6000000635783,15.6999998688698,0.783333346247673,68.5699977874756,289.219998836517,134.300003051758,2,"24A_2001",0.44
"2545","203-4-B-BENA",2001,0.05375,0.990325233938811,22,1979,15,"203-4","BENA",99,36,12,0,12,0,0,0,0,0,0,NA,NA,NA,0,1,1,0,951.384807,"East","24A","Low Shrub","Low Shrub","Loam","Mesic",0,569.135193,316,29.227108,-149.792864,67.571712,0.5425000119801,1.72030226694272,"203-4-B-BENA_2001",12.0666666030884,-6.58333340783914,138,45,8.10000038146973,-9.53333348035812,3.70000012715658,12.6000000635783,15.6999998688698,0.783333346247673,68.5699977874756,289.219998836517,134.300003051758,2,"24A_2001",0.44
"2546","209-1-C-BENA",2001,0.176,2.01336706357683,12,1989,16,"209-1","BENA",58,59,14,0,9,0,0,0,0,0,0,NA,NA,NA,0,0,1,0,698.873831,"East","24A","Low Shrub","Black Spruce Woodland","Sandy Loam","Mesic - Xeric",0,553.345276,287,19.679848,-149.692986,67.655886,0.528705079264237,1.69673374973042,"209-1-C-BENA_2001",11.3228019078573,-7.05639424423377,129,43.0451354980469,8.10000038146973,-9.53333348035812,3.70000012715658,12.6000000635783,15.6999998688698,0.783333346247673,68.5699977874756,289.219998836517,134.300003051758,2,"24A_2001",0.44
"2547","209-1-D-BENA",2001,0.14275,1.41949545745215,17,1984,16,"209-1","BENA",76,39,10,0,6,0,0,0,0,0,0,NA,NA,NA,0,0,1,0,698.873831,"East","24A","Low Shrub","Black Spruce Woodland","Sandy Loam","Mesic - Xeric",0,553.345276,287,19.679848,-149.692986,67.655886,0.594845938926302,1.812751648981,"209-1-D-BENA_2001",11.3228019078573,-7.05639424423377,129,43.0451354980469,8.10000038146973,-9.53333348035812,3.70000012715658,12.6000000635783,15.6999998688698,0.783333346247673,68.5699977874756,289.219998836517,134.300003051758,2,"24A_2001",0.44
"2548","209-2-B-BENA",2001,0.18975,3.02603996705224,33,1968,16,"209-2","BENA",104,57,18,0,18,0,0,0,0,0,0,NA,NA,NA,0,0,0,0,728.528855,"East","24A","Low Shrub","Black Spruce Woodland","Sandy Loam","Mesic - Xeric",0,561.911133,287,21.070175,-149.692261,67.656,2.14333388948446,8.52782110201241,"209-2-B-BENA_2001",11.3228019078573,-7.05639424423377,129,43.0451354980469,8.10000038146973,-9.53333348035812,3.70000012715658,12.6000000635783,15.6999998688698,0.783333346247673,68.5699977874756,289.219998836517,134.300003051758,2,"24A_2001",0.44
"2549","209-2-D-BENA",2001,0.02375,0.149430836315704,40,1961,16,"209-2","BENA",86,47,10,0,6,0,0,0,0,0,0,NA,NA,NA,0,0,0,0,728.528855,"East","24A","Low Shrub","Black Spruce Woodland","Sandy Loam","Mesic - Xeric",0,561.911133,287,21.070175,-149.692261,67.656,-0.635277746050336,0.529788321267235,"209-2-D-BENA_2001",11.3228019078573,-7.05639424423377,129,43.0451354980469,8.10000038146973,-9.53333348035812,3.70000012715658,12.6000000635783,15.6999998688698,0.783333346247673,68.5699977874756,289.219998836517,134.300003051758,2,"24A_2001",0.44
"2550","209-3-A-BENA",2001,0.0495,0.448565238459349,41,1960,16,"209-3","BENA",67,52,13,0,10,0,0,0,0,0,0,NA,NA,NA,0,0,1,0,711.058695,"East","24A","Low Shrub","Black Spruce Woodland","Sandy Loam","Mesic - Xeric",0,553.430786,276,18.070417,-149.69261,67.656251,0.49340938055421,1.63789090484519,"209-3-A-BENA_2001",11.3228019078573,-7.05639424423377,129,43.0451354980469,8.10000038146973,-9.53333348035812,3.70000012715658,12.6000000635783,15.6999998688698,0.783333346247673,68.5699977874756,289.219998836517,134.300003051758,2,"24A_2001",0.44
"2551","209-3-D-BENA",2001,0.1975,2.64504037274503,19,1982,16,"209-3","BENA",84,39,10,0,8,0,0,0,0,0,0,NA,NA,NA,0,0,1,0,711.058695,"East","24A","Low Shrub","Black Spruce Woodland","Sandy Loam","Mesic - Xeric",0,553.430786,276,18.070417,-149.69261,67.656251,1.34996062005246,3.85727362847292,"209-3-D-BENA_2001",11.3228019078573,-7.05639424423377,129,43.0451354980469,8.10000038146973,-9.53333348035812,3.70000012715658,12.6000000635783,15.6999998688698,0.783333346247673,68.5699977874756,289.219998836517,134.300003051758,2,"24A_2001",0.44
"2552","209-4-C-BENA",2001,0.13925,1.58789503386068,10,1991,16,"209-4","BENA",57,38,10,0,7,0,0,0,0,0,0,NA,NA,NA,0,0,0,0,738.024448,"East","24A","Low Shrub","Black Spruce Woodland","Sandy Loam","Mesic - Xeric",0,561.090881,296,18.584587,-149.691928,67.656444,0.0737345037776221,1.07652095530488,"209-4-C-BENA_2001",11.3228019078573,-7.05639424423377,129,43.0451354980469,8.10000038146973,-9.53333348035812,3.70000012715658,12.6000000635783,15.6999998688698,0.783333346247673,68.5699977874756,289.219998836517,134.300003051758,2,"24A_2001",0.44
"2553","209-4-D-BENA",2001,0.056,0.262017169703961,29,1972,16,"209-4","BENA",71,50,9,0,8,0,0,0,0,0,0,NA,NA,NA,0,0,0,0,738.024448,"East","24A","Low Shrub","Black Spruce Woodland","Sandy Loam","Mesic - Xeric",0,561.090881,296,18.584587,-149.691928,67.656444,-0.457459530693732,0.632889441105452,"209-4-D-BENA_2001",11.3228019078573,-7.05639424423377,129,43.0451354980469,8.10000038146973,-9.53333348035812,3.70000012715658,12.6000000635783,15.6999998688698,0.783333346247673,68.5699977874756,289.219998836517,134.300003051758,2,"24A_2001",0.44
"2554","222-1-B-BENA",2001,0.06025,0.723573779819749,21,1980,17,"222-1","BENA",63,58,19,0,9,0,2,0,0,0.222222222,0,NA,"Hare",NA,1,2,18,0,769.468544,"East","24A","Low Shrub","Tall Shrub","Clay Loam","Mesic",0,669.484009,287,15.029548,-149.809491,67.826198,0.173154988264458,1.18905037965816,"222-1-B-BENA_2001",10.7000001271566,-7.63333321611087,134,50,8.10000038146973,-9.53333348035812,3.70000012715658,12.6000000635783,15.6999998688698,0.783333346247673,68.5699977874756,289.219998836517,134.300003051758,2,"24A_2001",0.44
"2555","222-1-D-BENA",2001,0.1695,1.48673987375545,20,1981,17,"222-1","BENA",78,38,9,0,9,0,2,0,0,0.222222222,0,NA,"Hare",NA,1,2,18,0,769.468544,"East","24A","Low Shrub","Tall Shrub","Clay Loam","Mesic",0,669.484009,287,15.029548,-149.809491,67.826198,0.835070280192877,2.3049760367551,"222-1-D-BENA_2001",10.7000001271566,-7.63333321611087,134,50,8.10000038146973,-9.53333348035812,3.70000012715658,12.6000000635783,15.6999998688698,0.783333346247673,68.5699977874756,289.219998836517,134.300003051758,2,"24A_2001",0.44
"2556","222-2-A-BENA",2001,0.121,1.90807614328797,15,1986,17,"222-2","BENA",81,59,12,0,9,0,0,0,0,0,0,NA,NA,NA,0,3,13,0,794.735172,"East","24A","Low Shrub","Tall Shrub","Clay Loam","Mesic",0,676.198608,282,15.59229,-149.808768,67.826375,0.741277906003757,2.09861563517825,"222-2-A-BENA_2001",10.7000001271566,-7.63333321611087,134,50,8.10000038146973,-9.53333348035812,3.70000012715658,12.6000000635783,15.6999998688698,0.783333346247673,68.5699977874756,289.219998836517,134.300003051758,2,"24A_2001",0.44
"2557","222-3-A-BENA",2001,0.094,0.745509361474821,39,1962,17,"222-3","BENA",126,65,16,0,21,0,3,0,0,0.142857143,0,NA,"Hare",NA,1,2,11,1,778.440723,"East","24A","Low Shrub","Low Shrub","Clay Loam","Mesic",0,672.469177,278,13.422374,-149.809021,67.826615,0.941743574208196,2.56444882940333,"222-3-A-BENA_2001",10.7000001271566,-7.63333321611087,134,50,8.10000038146973,-9.53333348035812,3.70000012715658,12.6000000635783,15.6999998688698,0.783333346247673,68.5699977874756,289.219998836517,134.300003051758,2,"24A_2001",0.44
"2558","222-4-D-BENA",2001,0.2475,4.92963011238043,6,1995,17,"222-4","BENA",107,70,8,0,14,0,0,0,0,0,0,NA,NA,NA,0,0,15,0,805.061274,"East","24A","Low Shrub","Low Shrub","Clay Loam","Mesic",0,678.755371,278,16.631924,-149.808355,67.826658,0.597001241135228,1.81666289005346,"222-4-D-BENA_2001",10.7000001271566,-7.63333321611087,134,50,8.10000038146973,-9.53333348035812,3.70000012715658,12.6000000635783,15.6999998688698,0.783333346247673,68.5699977874756,289.219998836517,134.300003051758,2,"24A_2001",0.44
"2559","235-1-A-BENA",2001,0.034,0.358575102295435,22,1979,18,"235-1","BENA",59,29,10,0,18,0,0,0,0,0,0,NA,NA,NA,0,0,5,0,477.732622,"East","24A","Low Shrub","Low Shrub","Sandy Gravel","Mesic",0,813.776917,295,20.303024,-149.727576,68.004859,-0.473395267864587,0.622883816556539,"235-1-A-BENA_2001",8.43333339691162,-8.9500000278155,148,68,6.83333333333333,-10.7083334525426,2.43333339691162,11.2333335876465,7.90000003576279,0.725000003973643,53.9799991250038,300.149998188019,127.600002288818,2,"24A_2001",0.44
"2560","235-1-B-BENA",2001,0.25275,3.98031169464984,9,1992,18,"235-1","BENA",42,18,10,0,10,0,1,0,0,0.1,0,NA,"Hare",NA,1,0,5,0,477.732622,"East","24A","Low Shrub","Low Shrub","Sandy Gravel","Mesic",0,813.776917,295,20.303024,-149.727576,68.004859,0.866954598947608,2.37965281013502,"235-1-B-BENA_2001",8.43333339691162,-8.9500000278155,148,68,6.83333333333333,-10.7083334525426,2.43333339691162,11.2333335876465,7.90000003576279,0.725000003973643,53.9799991250038,300.149998188019,127.600002288818,2,"24A_2001",0.44
"2561","235-2-B-BENA",2001,0.133,1.05063811875105,18,1983,18,"235-2","BENA",54,38,8,0,9,0,0,0,0,0,0,NA,NA,NA,NA,0,0,0,510.631222,"East","24A","Dwarf Shrub-Lichen","Low Shrub","Sandy Gravel","Mesic",0,828.022217,289,26.243103,-149.726481,68.004961,0.362151498081661,1.43641653982736,"235-2-B-BENA_2001",8.43333339691162,-8.9500000278155,148,68,6.83333333333333,-10.7083334525426,2.43333339691162,11.2333335876465,7.90000003576279,0.725000003973643,53.9799991250038,300.149998188019,127.600002288818,2,"24A_2001",0.44
"2562","235-2-C-BENA",2001,0.0715,0.667469843765159,13,1988,18,"235-2","BENA",58,33,8,0,9,0,2,0,0,0.222222222,0,NA,"Hare",NA,1,0,0,0,510.631222,"East","24A","Dwarf Shrub-Lichen","Low Shrub","Sandy Gravel","Mesic",0,828.022217,289,26.243103,-149.726481,68.004961,-0.47984640840678,0.618878439032187,"235-2-C-BENA_2001",8.43333339691162,-8.9500000278155,148,68,6.83333333333333,-10.7083334525426,2.43333339691162,11.2333335876465,7.90000003576279,0.725000003973643,53.9799991250038,300.149998188019,127.600002288818,2,"24A_2001",0.44
"2563","235-3-B-BENA",2001,0.129,1.34122601443015,16,1985,18,"235-3","BENA",59,31,10,0,15,0,0,0,0,0,0,NA,NA,NA,0,0,1,0,482.982181,"East","24A","Dwarf Shrub-Lichen","Low Shrub","Sandy Gravel","Mesic",0,817.546387,298,18.704132,-149.726784,68.005244,0.465782869714206,1.5932610165683,"235-3-B-BENA_2001",8.43333339691162,-8.9500000278155,148,68,6.83333333333333,-10.7083334525426,2.43333339691162,11.2333335876465,7.90000003576279,0.725000003973643,53.9799991250038,300.149998188019,127.600002288818,2,"24A_2001",0.44
"2564","235-4-A-BENA",2001,0.0855,1.30394866140082,11,1990,18,"235-4","BENA",45,36,11,0,13,0,0,0,0,0,0,NA,NA,NA,0,0,0,0,503.848767,"East","24A","Low Shrub","Low Shrub","Sandy Gravel","Mesic",0,825.290771,293,20.728168,-149.726015,68.005351,-0.00954034359155143,0.990505021106813,"235-4-A-BENA_2001",8.43333339691162,-8.9500000278155,148,68,6.83333333333333,-10.7083334525426,2.43333339691162,11.2333335876465,7.90000003576279,0.725000003973643,53.9799991250038,300.149998188019,127.600002288818,2,"24A_2001",0.44
"2565","240-3-D-BENA",2001,0.17975,2.68586046053991,17,1984,19,"240-3","BENA",97,46,12,0,13,0,0,2,0,0,0.153846154,NA,NA,"Ptarmagin",1,0,1,3,399.798137,"West","24A","Low Shrub","Low Shrub","Sandy Loam","Mesic",0,1034.808228,93,20.584356,-149.606025,68.07014,1.23254558820097,3.42994967205855,"240-3-D-BENA_2001",7.38645935058594,-9.43214639027913,185.48948097229,100.767308235168,6.83333333333333,-10.7083334525426,2.43333339691162,11.2333335876465,7.90000003576279,0.725000003973643,53.9799991250038,300.149998188019,127.600002288818,2,"24A_2001",0.44
"2566","240-4-B-BENA",2001,0.0945,1.41062772313877,33,1968,19,"240-4","BENA",102,72,15,0,13,0,0,0,0,0,0,NA,NA,NA,0,0,2,0,431.079046,"West","24A","Low Shrub","Low Shrub","Sandy Loam","Mesic",0,1046.807861,94,24.616484,-149.606605,68.070368,1.38011386535928,3.97535425686557,"240-4-B-BENA_2001",7.38645935058594,-9.43214639027913,185.48948097229,100.767308235168,6.83333333333333,-10.7083334525426,2.43333339691162,11.2333335876465,7.90000003576279,0.725000003973643,53.9799991250038,300.149998188019,127.600002288818,2,"24A_2001",0.44
"2567","240-4-D-BENA",2001,0.05225,0.664841312461805,16,1985,19,"240-4","BENA",83,41,16,0,29,0,0,3,0,0,0.103448276,NA,NA,"Ptarmagin",1,0,2,0,431.079046,"West","24A","Low Shrub","Low Shrub","Sandy Loam","Mesic",0,1046.807861,94,24.616484,-149.606605,68.070368,-0.236008156770999,0.789774231898979,"240-4-D-BENA_2001",7.38645935058594,-9.43214639027913,185.48948097229,100.767308235168,6.83333333333333,-10.7083334525426,2.43333339691162,11.2333335876465,7.90000003576279,0.725000003973643,53.9799991250038,300.149998188019,127.600002288818,2,"24A_2001",0.44
"2568","255-1-A-BENA",2001,0.12575,2.04036173769671,32,1969,20,"255-1","BENA",71,26,15,0,17,0,0,0,0,0,0,NA,NA,NA,0,0,0,0,585.543915,"East","26B","Low Shrub","Low Shrub","Sandy Gravel","Mesic - Xeric",0,991.483582,331,1.701594,-149.392735,68.222633,1.71248517132882,5.5427189819634,"255-1-A-BENA_2001",7.70451370875041,-9.86247050762177,196.864593505859,115,5.03333330154419,-12.1250001986821,0.733333349227905,9.36666679382324,4.40000003576279,0.650000010927518,44.9199987649918,315.529996871948,131.500003814697,2,"26B_2001",0.27
"2569","255-2-C-BENA",2001,0.1215,0.865130999547394,20,1981,20,"255-2","BENA",65,27,8,0,20,0,0,0,0,0,0,NA,NA,NA,0,0,1,1,631.079496,"East","26B","Low Shrub","Low Shrub","Sandy Gravel","Mesic - Xeric",0,993.382141,286,2.676414,-149.39171,68.222788,0.293610222651614,1.34126100860784,"255-2-C-BENA_2001",7.70451370875041,-9.86247050762177,196.864593505859,115,5.03333330154419,-12.1250001986821,0.733333349227905,9.36666679382324,4.40000003576279,0.650000010927518,44.9199987649918,315.529996871948,131.500003814697,2,"26B_2001",0.27
"2570","255-2-D-BENA",2001,0.04825,0.897175048264459,12,1989,20,"255-2","BENA",60,32,10,0,11,0,0,0,0,0,0,NA,NA,NA,0,0,1,1,631.079496,"East","26B","Low Shrub","Low Shrub","Sandy Gravel","Mesic - Xeric",0,993.382141,286,2.676414,-149.39171,68.222788,-0.279607684701743,0.756080305149106,"255-2-D-BENA_2001",7.70451370875041,-9.86247050762177,196.864593505859,115,5.03333330154419,-12.1250001986821,0.733333349227905,9.36666679382324,4.40000003576279,0.650000010927518,44.9199987649918,315.529996871948,131.500003814697,2,"26B_2001",0.27
"2571","255-4-D-BENA",2001,0.0925,0.532664888397784,24,1977,20,"255-4","BENA",56,29,5,0,12,0,0,0,0,0,0,NA,NA,NA,0,0,0,2,644.564014,"East","26B","Low Shrub","Low Shrub","Sandy Gravel","Mesic - Xeric",0,993.003235,239,7.430982,-149.391619,68.223199,0.0261931418206454,1.02653919697726,"255-4-D-BENA_2001",7.70451370875041,-9.86247050762177,196.864593505859,115,5.03333330154419,-12.1250001986821,0.733333349227905,9.36666679382324,4.40000003576279,0.650000010927518,44.9199987649918,315.529996871948,131.500003814697,2,"26B_2001",0.27
"2572","261-1-C-BENA",2001,0.076,0.387429588396324,25,1976,21,"261-1","BENA",52,23,10,0,13,0,0,0,0,0,0,NA,NA,NA,0,0,0,0,356.206777,"East","26B","Dwarf Shrub","Low Shrub","Sandy Loam","Mesic",0,883.832947,287,13.943512,-149.352299,68.301689,-0.243450768762313,0.783918068339041,"261-1-C-BENA_2001",7.89616505304972,-10.0086705933015,219.609363555908,116.241472005844,5.03333330154419,-12.1250001986821,0.733333349227905,9.36666679382324,4.40000003576279,0.650000010927518,44.9199987649918,315.529996871948,131.500003814697,2,"26B_2001",0.27
"2573","261-1-D-BENA",2001,0.1115,0.99726874275187,12,1989,21,"261-1","BENA",59,19,9,0,15,0,0,0,0,0,0,NA,NA,NA,0,0,0,0,356.206777,"East","26B","Dwarf Shrub","Low Shrub","Sandy Loam","Mesic",0,883.832947,287,13.943512,-149.352299,68.301689,-0.173838391242904,0.840432707969425,"261-1-D-BENA_2001",7.89616505304972,-10.0086705933015,219.609363555908,116.241472005844,5.03333330154419,-12.1250001986821,0.733333349227905,9.36666679382324,4.40000003576279,0.650000010927518,44.9199987649918,315.529996871948,131.500003814697,2,"26B_2001",0.27
"2574","261-2-B-BENA",2001,0.1055,1.41540608556488,15,1986,21,"261-2","BENA",66,25,12,0,19,0,0,0,0,0,0,NA,NA,NA,0,0,0,1,388.99561,"East","26B","Dwarf Shrub-Lichen","Low Shrub","Sandy Loam","Mesic",0,888.892761,295,13.025289,-149.351465,68.301786,0.442598902577759,1.55674780157062,"261-2-B-BENA_2001",7.89616505304972,-10.0086705933015,219.609363555908,116.241472005844,5.03333330154419,-12.1250001986821,0.733333349227905,9.36666679382324,4.40000003576279,0.650000010927518,44.9199987649918,315.529996871948,131.500003814697,2,"26B_2001",0.27
"2575","261-2-C-BENA",2001,0.2195,2.08563346228172,10,1991,21,"261-2","BENA",37,18,8,0,13,0,0,0,0,0,0,NA,NA,NA,0,0,0,1,388.99561,"East","26B","Dwarf Shrub-Lichen","Low Shrub","Sandy Loam","Mesic",0,888.892761,295,13.025289,-149.351465,68.301786,0.346397870668627,1.41396507914788,"261-2-C-BENA_2001",7.89616505304972,-10.0086705933015,219.609363555908,116.241472005844,5.03333330154419,-12.1250001986821,0.733333349227905,9.36666679382324,4.40000003576279,0.650000010927518,44.9199987649918,315.529996871948,131.500003814697,2,"26B_2001",0.27
"2576","261-3-D-BENA",2001,0.209333333333333,3.4302504109142,21,1980,21,"261-3","BENA",74,41,14,0,26,0,0,0,0,0,0,NA,NA,NA,0,0,0,1,380.53651,"East","26B","Tussock Tundra (Low shrub or Herbaceous)","Low Shrub","Sandy Loam","Mesic",0,884.224731,295,11.657486,-149.351558,68.302088,1.72934101473078,5.63693802508455,"261-3-D-BENA_2001",7.89616505304972,-10.0086705933015,219.609363555908,116.241472005844,5.03333330154419,-12.1250001986821,0.733333349227905,9.36666679382324,4.40000003576279,0.650000010927518,44.9199987649918,315.529996871948,131.500003814697,2,"26B_2001",0.27
"2577","261-4-A-BENA",2001,0.03825,0.280557379384807,36,1965,21,"261-4","BENA",45,23,13,0,13,0,0,0,0,0,0,NA,NA,NA,0,0,0,0,405.679111,"East","26B","Low Shrub","Low Shrub","Sandy Loam","Mesic",0,886.626587,308,9.946874,-149.350886,68.302265,-0.13106390860606,0.877161714417247,"261-4-A-BENA_2001",7.89616505304972,-10.0086705933015,219.609363555908,116.241472005844,5.03333330154419,-12.1250001986821,0.733333349227905,9.36666679382324,4.40000003576279,0.650000010927518,44.9199987649918,315.529996871948,131.500003814697,2,"26B_2001",0.27
"2578","261-4-B-BENA",2001,0.1125,1.79807092032803,15,1986,21,"261-4","BENA",71,30,12,0,13,0,0,0,0,0,0,NA,NA,NA,0,0,0,0,405.679111,"East","26B","Low Shrub","Low Shrub","Sandy Loam","Mesic",0,886.626587,308,9.946874,-149.350886,68.302265,0.681896805670759,1.97762534783197,"261-4-B-BENA_2001",7.89616505304972,-10.0086705933015,219.609363555908,116.241472005844,5.03333330154419,-12.1250001986821,0.733333349227905,9.36666679382324,4.40000003576279,0.650000010927518,44.9199987649918,315.529996871948,131.500003814697,2,"26B_2001",0.27
"2579","268-1-B-BENA",2001,0.02725,0.228938263192753,16,1985,22,"268-1","BENA",63,26,6,0,12,0,0,0,0,0,0,NA,NA,NA,0,0,1,2,212.091228,"West","26B","Low Shrub","Low Shrub","Sandy Gravel","Mesic",0,818.738892,195,1.432166,-149.327109,68.400098,-1.30210416691095,0.271958943549752,"268-1-B-BENA_2001",8.92881965637207,-9.41967590649923,234.045135498047,97.9097285270691,5.03333330154419,-12.1250001986821,0.733333349227905,9.36666679382324,4.40000003576279,0.650000010927518,44.9199987649918,315.529996871948,131.500003814697,2,"26B_2001",0.27
"2580","268-1-C-BENA",2001,0.0795,0.601289052924635,13,1988,22,"268-1","BENA",47,18,6,0,11,0,0,0,0,0,0,NA,NA,NA,0,0,1,2,212.091228,"West","26B","Low Shrub","Low Shrub","Sandy Gravel","Mesic",0,818.738892,195,1.432166,-149.327109,68.400098,-0.584264847580893,0.557515570114757,"268-1-C-BENA_2001",8.92881965637207,-9.41967590649923,234.045135498047,97.9097285270691,5.03333330154419,-12.1250001986821,0.733333349227905,9.36666679382324,4.40000003576279,0.650000010927518,44.9199987649918,315.529996871948,131.500003814697,2,"26B_2001",0.27
"2581","268-2-A-BENA",2001,0.0805,1.51915953914416,11,1990,22,"268-2","BENA",60,23,9,0,24,0,0,0,0,0,0,NA,NA,NA,0,0,0,4,184.615387,"West","26B","Low Shrub","Low Shrub","Sandy Gravel","Mesic",0,819.441162,203,1.359031,-149.326454,68.400307,0.143219810930207,1.15398343196126,"268-2-A-BENA_2001",8.92881965637207,-9.41967590649923,234.045135498047,97.9097285270691,5.03333330154419,-12.1250001986821,0.733333349227905,9.36666679382324,4.40000003576279,0.650000010927518,44.9199987649918,315.529996871948,131.500003814697,2,"26B_2001",0.27
"2582","268-4-C-BENA",2001,0.065,0.553493647691083,22,1979,22,"268-4","BENA",58,32,8,0,18,0,0,0,0,0,0,NA,NA,NA,0,0,0,5,171.881056,"West","26B","Dwarf Shrub-Lichen","Low Shrub","Sandy Gravel","Mesic",0,820.486511,188,1.085947,-149.326166,68.400831,-0.0392831208647619,0.961478455996,"268-4-C-BENA_2001",8.92881965637207,-9.41967590649923,234.045135498047,97.9097285270691,5.03333330154419,-12.1250001986821,0.733333349227905,9.36666679382324,4.40000003576279,0.650000010927518,44.9199987649918,315.529996871948,131.500003814697,2,"26B_2001",0.27
"2583","268-4-D-BENA",2001,0.1015,0.925843848374346,13,1988,22,"268-4","BENA",57,23,7,0,15,0,0,0,0,0,0,NA,NA,NA,0,0,0,5,171.881056,"West","26B","Dwarf Shrub-Lichen","Low Shrub","Sandy Gravel","Mesic",0,820.486511,188,1.085947,-149.326166,68.400831,-0.152635029619509,0.858442970902316,"268-4-D-BENA_2001",8.92881965637207,-9.41967590649923,234.045135498047,97.9097285270691,5.03333330154419,-12.1250001986821,0.733333349227905,9.36666679382324,4.40000003576279,0.650000010927518,44.9199987649918,315.529996871948,131.500003814697,2,"26B_2001",0.27
"2584","282-1-B-BENA",2001,0.142,1.63393814439376,12,1989,23,"282-1","BENA",41,18,8,0,9,0,0,0,0,0,0,NA,NA,NA,0,0,0,0,577.316923,"West","26B","Tussock Tundra (Low shrub or Herbaceous)","Tussock Tundra","Clay Loam","Mesic",0,826.622314,26,2.82316,-149.530032,68.582817,0.319889743086865,1.37697593484995,"282-1-B-BENA_2001",9.33333333333333,-9.14166684138278,228,78,9.30000034968058,-8.6916669011116,4.79999995231628,13.8333333333333,19.3000003099442,0.858333349227905,68.4899985790253,279.339999675751,113.500005722046,2,"26B_2001",0.27
"2585","282-1-D-BENA",2001,0.0915,1.48226546041857,11,1990,23,"282-1","BENA",74,20,11,0,15,0,0,0,0,0,0,NA,NA,NA,0,0,0,0,577.316923,"West","26B","Tussock Tundra (Low shrub or Herbaceous)","Tussock Tundra","Clay Loam","Mesic",0,826.622314,26,2.82316,-149.530032,68.582817,0.118634197693133,1.1259579649252,"282-1-D-BENA_2001",9.33333333333333,-9.14166684138278,228,78,9.30000034968058,-8.6916669011116,4.79999995231628,13.8333333333333,19.3000003099442,0.858333349227905,68.4899985790253,279.339999675751,113.500005722046,2,"26B_2001",0.27
"2586","282-2-A-BENA",2001,0.05825,0.414718700957277,14,1987,23,"282-2","BENA",44,16,6,0,7,0,0,0,0,0,0,NA,NA,NA,0,0,0,0,604.079816,"West","26B","Low Shrub","Low Shrub-Tussock Tundra","Clay Loam","Mesic",0,826.41803,354,3.355184,-149.530916,68.583004,-0.867304251148694,0.420082461047502,"282-2-A-BENA_2001",9.33333333333333,-9.14166684138278,228,78,9.30000034968058,-8.6916669011116,4.79999995231628,13.8333333333333,19.3000003099442,0.858333349227905,68.4899985790253,279.339999675751,113.500005722046,2,"26B_2001",0.27
"2587","282-2-B-BENA",2001,0.04275,0.269378414626089,10,1991,23,"282-2","BENA",27,18,6,0,5,0,0,0,0,0,0,NA,NA,NA,0,0,0,0,604.079816,"West","26B","Low Shrub","Low Shrub-Tussock Tundra","Clay Loam","Mesic",0,826.41803,354,3.355184,-149.530916,68.583004,-1.70031289937703,0.182626371433841,"282-2-B-BENA_2001",9.33333333333333,-9.14166684138278,228,78,9.30000034968058,-8.6916669011116,4.79999995231628,13.8333333333333,19.3000003099442,0.858333349227905,68.4899985790253,279.339999675751,113.500005722046,2,"26B_2001",0.27
"2588","282-3-B-BENA",2001,0.18625,1.84913063667821,7,1994,23,"282-3","BENA",31,18,7,0,8,0,0,0,0,0,0,NA,NA,NA,0,0,0,0,571.732475,"West","26B","Low Shrub","Low Shrub-Tussock Tundra","Clay Loam","Mesic",0,823.876221,27,3.830761,-149.53038,68.583298,-0.199593149911905,0.819063921527209,"282-3-B-BENA_2001",9.33333333333333,-9.14166684138278,228,78,9.30000034968058,-8.6916669011116,4.79999995231628,13.8333333333333,19.3000003099442,0.858333349227905,68.4899985790253,279.339999675751,113.500005722046,2,"26B_2001",0.27
"2589","282-4-A-BENA",2001,0.085,0.924209434796312,13,1988,23,"282-4","BENA",52,15,7,0,6,0,0,0,0,0,0,NA,NA,NA,0,0,0,0,597.547448,"West","26B","Tussock Tundra (Low shrub or Herbaceous)","Low Shrub-Tussock Tundra","Clay Loam","Mesic",0,823.620117,358,4.137664,-149.531178,68.583423,-0.154401912787799,0.856927541653558,"282-4-A-BENA_2001",9.33333333333333,-9.14166684138278,228,78,9.30000034968058,-8.6916669011116,4.79999995231628,13.8333333333333,19.3000003099442,0.858333349227905,68.4899985790253,279.339999675751,113.500005722046,2,"26B_2001",0.27
"2590","60-4-B-BENA",2001,0.14325,1.82342180589664,11,1990,1,"60-4","BENA",95,NA,9,0,9,0,2,0,0,0.222222222,0,NA,"Hare",NA,1,0,1,0,1406.241796,"West","20F","Tall Shrub (Open-Closed)","Black Spruce Woodland","Silt Loam","Mesic",0,110.670654,252,1.181915,-149.840942,65.910317,0.325777412788613,1.38510702744692,"60-4-B-BENA_2001",14.4591439565023,-5.53483812014262,99.2708129882812,45.0902714729309,13.8000001907349,-3.65833336114883,8.80000034968058,18.8333333333333,43.4000008106232,0.808333351587256,80.3699988722801,247.349998652935,163.600004196167,2,"20F_2001",0.375
"2591","72-1-C-BENA",2001,0.047,0.408044191015185,33,1968,2,"72-1","BENA",118,71,9,0,11,0,2,0,0,0.181818182,0,NA,"Hare",NA,1,0,0,0,895.937772,"West","20F","Tussock Tundra (Low shrub or Herbaceous)","Black Spruce Woodland","Clay Loam","Mesic",0,130.808105,148,1.606934,-150.14017,66.022623,0.13969926719159,1.14992792579755,"72-1-C-BENA_2001",14.6688687006632,-5.29709299405416,94.2475643157959,44.0394291877747,12.2333335876465,-5.40000019470851,7.30000019073486,17.1666663487752,40.4000005722046,0.891666687404116,83.7099993228912,260.059995949268,160.60000038147,2,"20F_2001",0.375
"2592","72-1-D-BENA",2001,0.10025,1.14474511573796,45,1956,2,"72-1","BENA",65,41,8,7,4,0,0,0,0,0,0,NA,NA,NA,0,0,0,0,895.937772,"West","20F","Tussock Tundra (Low shrub or Herbaceous)","Black Spruce Woodland","Clay Loam","Mesic",0,130.808105,148,1.606934,-150.14017,66.022623,1.54138093482633,4.67103621583438,"72-1-D-BENA_2001",14.6688687006632,-5.29709299405416,94.2475643157959,44.0394291877747,12.2333335876465,-5.40000019470851,7.30000019073486,17.1666663487752,40.4000005722046,0.891666687404116,83.7099993228912,260.059995949268,160.60000038147,2,"20F_2001",0.375
"2593","72-2-A-BENA",2001,0.1205,1.1286823488497,32,1969,2,"72-2","BENA",121,72,12,21,14,0,0,0,0,0,0,NA,NA,NA,0,0,0,0,855.94066,"West","20F","Tussock Tundra (Low shrub or Herbaceous)","Black Spruce Woodland","Clay Loam","Mesic",0,131.055786,179,2.125059,-150.13956,66.022889,1.1204089461711,3.06610781999784,"72-2-A-BENA_2001",14.6688687006632,-5.29709299405416,94.2475643157959,44.0394291877747,12.2333335876465,-5.40000019470851,7.30000019073486,17.1666663487752,40.4000005722046,0.891666687404116,83.7099993228912,260.059995949268,160.60000038147,2,"20F_2001",0.375
"2594","72-3-D-BENA",2001,0.082,0.611825169286611,45,1956,2,"72-3","BENA",104,47,11,0,9,0,0,0,0,0,0,NA,NA,NA,0,0,1,0,885.368743,"West","20F","Tussock Tundra (Low shrub or Herbaceous)","Black Spruce Woodland","Clay Loam","Mesic",0,132.401993,119,2.284806,-150.140609,66.023021,0.914890220561105,2.49650117236311,"72-3-D-BENA_2001",14.6688687006632,-5.29709299405416,94.2475643157959,44.0394291877747,12.2333335876465,-5.40000019470851,7.30000019073486,17.1666663487752,40.4000005722046,0.891666687404116,83.7099993228912,260.059995949268,160.60000038147,2,"20F_2001",0.375
"2595","97-3-D-BENA",2001,0.145,1.81779619520176,6,1995,4,"97-3","BENA",75,49,7,21,13,0,0,0,0,0,0,NA,NA,NA,0,0,0,0,924.995234,"East","24A","Tussock Tundra (Low shrub or Herbaceous)","Tall Shrub","Gravely Sand Loam","Mesic",2004,557.015015,71,7.919354,-150.432427,66.349149,-0.400637830568151,0.669892631743274,"97-3-D-BENA_2001",12.1378472646077,-6.07957198222478,202.774322509766,95.8194575309753,12.2333335876465,-5.40000019470851,7.30000019073486,17.1666663487752,40.4000005722046,0.891666687404116,83.7099993228912,260.059995949268,160.60000038147,2,"24A_2001",0.44
"2596","102-3-B-BENA",2000,0.12375,3.31846137474379,20,1980,5,"102-3","BENA",72,NA,16,0,12,0,0,0,0,0,0,NA,NA,NA,0,0,0,0,939.238254,"West","24A","Tussock Tundra (Low shrub or Herbaceous)","Low Shrub","Sandy Loam","Mesic",2004,424.339783,330,3.896938,-150.565669,66.401242,1.63798579576902,5.14479639828371,"102-3-B-BENA_2000",11.6000000635783,-5.61666681369146,199,169,11.8333336512248,-4.80000019073486,6.80000019073486,16.8999999364217,75.300000667572,1.10833335109055,109.729998588562,262.389998674393,157.599998474121,3,"24A_2000",0.81
"2597","111-1-A-BENA",2000,0.2535,6.23855034415554,12,1988,6,"111-1","BENA",45,37,7,0,7,0,0,0,0,0,0,NA,NA,NA,0,0,0,0,640.914524,"West","24A","Tall Shrub (Open-Closed)","Low Shrub","Gravely Sand Loam","Mesic",0,512.854736,12,8.158982,-150.736683,66.498494,1.65964444144366,5.25744118388233,"111-1-A-BENA_2000",11.5453551610311,-5.67521528402964,217.663650512695,172.889860153198,11.8333336512248,-4.80000019073486,6.80000019073486,16.8999999364217,75.300000667572,1.10833335109055,109.729998588562,262.389998674393,157.599998474121,3,"24A_2000",0.81
"2598","111-3-A-BENA",2000,0.04025,0.412002794108246,13,1987,6,"111-3","BENA",108,46,7,0,11,0,0,0,0,0,0,NA,NA,NA,0,0,0,0,664.632709,"West","24A","Tall Shrub (Open-Closed)","Low Shrub","Gravely Sand Loam","Mesic",0,511.257965,359,9.703425,-150.737553,66.498636,-0.962310488638061,0.382009237535415,"111-3-A-BENA_2000",11.5453551610311,-5.67521528402964,217.663650512695,172.889860153198,11.8333336512248,-4.80000019073486,6.80000019073486,16.8999999364217,75.300000667572,1.10833335109055,109.729998588562,262.389998674393,157.599998474121,3,"24A_2000",0.81
"2599","111-4-C-BENA",2000,0.103666666666667,0.953260818827486,8,1992,6,"111-4","BENA",51,30,7,0,13,0,0,0,0,0,0,NA,NA,NA,0,0,0,0,707.594422,"West","24A","Tall Shrub (Open-Closed)","Low Shrub","Gravely Sand Loam","Mesic",0,515.006653,353,8.170983,-150.73833,66.498407,-0.70282731187159,0.495183285172628,"111-4-C-BENA_2000",11.5375471115112,-5.67911924918493,218.126419067383,173.316052436829,11.8333336512248,-4.80000019073486,6.80000019073486,16.8999999364217,75.300000667572,1.10833335109055,109.729998588562,262.389998674393,157.599998474121,3,"24A_2000",0.81
"2600","121-1-C-BENA",2000,0.05125,0.673611461053392,28,1972,7,"121-1","BENA",60,36,11,0,11,0,0,0,0,0,0,NA,NA,NA,0,0,0,0,1394.51987,"East","24A","Tall Shrub (Open-Closed)","Low Shrub","Clay Loam","Mesic",2005,466.470276,61,7.209129,-150.675843,66.599029,0.444908083764172,1.56034676803959,"121-1-C-BENA_2000",12.1333332061768,-5.44166670242945,210,160,12.1333335240682,-5.19166678190231,7.20000012715658,17.1666669845581,79.3000020980835,1.11666668951511,101.999998569489,260.729996860027,150.500001907349,3,"24A_2000",0.81
"2601","121-1-D-BENA",2000,0.04125,1.04181201054035,16,1984,7,"121-1","BENA",73,42,19,0,25,0,0,0,0,0,0,NA,NA,NA,0,0,0,0,1394.51987,"East","24A","Tall Shrub (Open-Closed)","Low Shrub","Clay Loam","Mesic",2005,466.470276,61,7.209129,-150.675843,66.599029,0.213160252814001,1.23758296150543,"121-1-D-BENA_2000",12.1333332061768,-5.44166670242945,210,160,12.1333335240682,-5.19166678190231,7.20000012715658,17.1666669845581,79.3000020980835,1.11666668951511,101.999998569489,260.729996860027,150.500001907349,3,"24A_2000",0.81
"2602","129-3-A-BENA",2000,0.03675,0.617820702516447,48,1952,8,"129-3","BENA",51,35,12,0,6,0,0,0,0,0,0,NA,NA,NA,0,0,0,0,1022.673056,"East","24A","Tussock Tundra (Low shrub or Herbaceous)","Low Shrub-Tussock Tundra","Sandy Loam","Mesic - Hydric",2005,301.546051,352,6.265718,-150.646771,66.710061,1.00165825146424,2.72279316271084,"129-3-A-BENA_2000",12.3999999364217,-5.35833336909612,202,152,12.1333335240682,-5.19166678190231,7.20000012715658,17.1666669845581,79.3000020980835,1.11666668951511,101.999998569489,260.729996860027,150.500001907349,3,"24A_2000",0.81
"2603","129-4-D-BENA",2000,0.02725,0.755943572425082,39,1961,8,"129-4","BENA",87,41,18,0,9,0,0,0,0,0,0,NA,NA,NA,0,0,0,0,1057.255538,"East","24A","Tussock Tundra (Low shrub or Herbaceous)","Tall Shrub","Sandy Loam","Mesic - Hydric",2005,303.823029,358,6.979915,-150.646167,66.709845,0.95564261651645,2.60034106824016,"129-4-D-BENA_2000",12.3999999364217,-5.35833336909612,202,152,12.1333335240682,-5.19166678190231,7.20000012715658,17.1666669845581,79.3000020980835,1.11666668951511,101.999998569489,260.729996860027,150.500001907349,3,"24A_2000",0.81
"2604","147-3-A-BENA",2000,0.07075,1.00326074168998,10,1990,9,"147-3","BENA",107,63,8,18,8,1,0,0,0.125,0,0,"Moose",NA,NA,1,2,1,0,952.272152,"West","24A","White Spruce or Black Spruce (Woodland)","Black Spruce Woodland","Clay Loam","Mesic - Hydric",0,425.583191,170,6.572863,-150.484233,66.911912,-0.385419320278547,0.680165369267563,"147-3-A-BENA_2000",12.0333334604899,-5.69924781719844,210.270812988281,159.270812988281,10.5666669209798,-6.41666675607363,5.76666673024495,15.4666668574015,55.0000007152557,1.07500000918905,97.4099972248077,271.599996447563,152.100004196167,3,"24A_2000",0.81
"2605","147-3-C-BENA",2000,0.54375,7.82417086493503,6,1994,9,"147-3","BENA",136,53,12,30,29,2,1,0,0.068965517,0.034482759,0,"Moose","Hare",NA,1,2,1,0,952.272152,"West","24A","White Spruce or Black Spruce (Woodland)","Black Spruce Woodland","Clay Loam","Mesic - Hydric",0,425.583191,170,6.572863,-150.484233,66.911912,1.05895505486946,2.88335646523819,"147-3-C-BENA_2000",12.0333334604899,-5.69924781719844,210.270812988281,159.270812988281,10.5666669209798,-6.41666675607363,5.76666673024495,15.4666668574015,55.0000007152557,1.07500000918905,97.4099972248077,271.599996447563,152.100004196167,3,"24A_2000",0.81
"2606","147-4-D-BENA",2000,0.088,0.776991261456443,14,1986,9,"147-4","BENA",94,47,7,14,7,0,0,0,0,0,0,NA,NA,NA,0,0,1,0,956.341518,"West","24A","Tall Shrub (Open-Closed)","Tall Shrub","Clay Loam","Mesic - Hydric",0,428.39856,129,7.52786,-150.483929,66.912191,-0.23947560874323,0.787040470014036,"147-4-D-BENA_2000",12.0333334604899,-5.69924781719844,210.270812988281,159.270812988281,10.5666669209798,-6.41666675607363,5.76666673024495,15.4666668574015,55.0000007152557,1.07500000918905,97.4099972248077,271.599996447563,152.100004196167,3,"24A_2000",0.81
"2607","151-1-D-BENA",2000,0.101,1.01774250207532,16,1984,10,"151-1","BENA",90,67,12,0,8,0,0,0,0,0,0,NA,NA,NA,0,0,0,0,725.03173,"East","24A","White Spruce or Black Spruce (Open-Closed)","Low Shrub","Clay Loam","Mesic",0,471.29071,296,22.022722,-150.362735,66.958242,0.189785679124608,1.20899045799543,"151-1-D-BENA_2000",11.1628322601318,-6.52988829215368,228.367893218994,172.936790466309,10.5666669209798,-6.41666675607363,5.76666673024495,15.4666668574015,55.0000007152557,1.07500000918905,97.4099972248077,271.599996447563,152.100004196167,3,"24A_2000",0.81
"2608","151-3-C-BENA",2000,0.07525,1.00371587992566,14,1986,10,"151-3","BENA",86,51,13,0,9,0,0,0,0,0,0,NA,NA,NA,0,0,0,0,698.113665,"East","24A","White Spruce or Black Spruce (Open-Closed)","Low Shrub","Clay Loam","Mesic",0,469.98999,301,21.5443,-150.36215,66.958641,0.0165595595502978,1.01669742902447,"151-3-C-BENA_2000",11.1628322601318,-6.52988829215368,228.367893218994,172.936790466309,10.5666669209798,-6.41666675607363,5.76666673024495,15.4666668574015,55.0000007152557,1.07500000918905,97.4099972248077,271.599996447563,152.100004196167,3,"24A_2000",0.81
"2609","151-4-A-BENA",2000,0.045,0.518480597566824,14,1986,10,"151-4","BENA",65,36,9,0,8,0,0,0,0,0,0,NA,NA,NA,0,0,0,0,714.907956,"East","24A","Low Shrub","Low Shrub","Clay Loam","Mesic",0,485.466003,301,24.973797,-150.361301,66.958638,-0.644002105876114,0.525186361088859,"151-4-A-BENA_2000",11.1628322601318,-6.52988829215368,228.367893218994,172.936790466309,10.5666669209798,-6.41666675607363,5.76666673024495,15.4666668574015,55.0000007152557,1.07500000918905,97.4099972248077,271.599996447563,152.100004196167,3,"24A_2000",0.81
"2610","151-4-D-BENA",2000,0.177,2.40858211848728,7,1993,10,"151-4","BENA",83,56,8,0,9,0,0,0,0,0,0,NA,NA,NA,0,0,0,0,714.907956,"East","24A","Low Shrub","Low Shrub","Clay Loam","Mesic",0,485.466003,301,24.973797,-150.361301,66.958638,0.0647294893567797,1.06687038555179,"151-4-D-BENA_2000",11.1628322601318,-6.52988829215368,228.367893218994,172.936790466309,10.5666669209798,-6.41666675607363,5.76666673024495,15.4666668574015,55.0000007152557,1.07500000918905,97.4099972248077,271.599996447563,152.100004196167,3,"24A_2000",0.81
"2611","158-2-C-BENA",2000,0.03675,0.468539288201334,12,1988,11,"158-2","BENA",54,29,8,0,53,0,0,0,0,0,0,NA,NA,NA,0,0,0,1,1283.38641,"East","24A","Tussock Tundra (Low shrub or Herbaceous)","Low Shrub","Sandy Loam","Mesic - Xeric",2005,590.000549,54,15.617359,-150.286104,67.046812,-0.929238718571308,0.394854191144633,"158-2-C-BENA_2000",12.0333334604899,-6.15833319226901,219,182,10.5333334604899,-6.78333361446857,5.69999996821086,15.4333337148031,52.8000011444092,1.10833335543672,102.409998416901,272.039997816086,139.099998474121,3,"24A_2000",0.81
"2612","173-1-A-BENA",2000,0.0585,0.400004070016484,32,1968,12,"173-1","BENA",69,40,12,0,9,0,0,0,0,0,0,NA,NA,NA,0,0,0,0,1301.486525,"East","24A","Low Shrub","Low Shrub","Clay Loam","Mesic",0,349.871613,358,2.901099,-150.191497,67.228159,0.0830774999073948,1.08662601870088,"173-1-A-BENA_2000",12.5658880869548,-5.99295163154602,203.686904907227,207.64176940918,10.5333334604899,-6.78333361446857,5.69999996821086,15.4333337148031,52.8000011444092,1.10833335543672,102.409998416901,272.039997816086,139.099998474121,3,"24A_2000",0.81
"2613","173-1-B-BENA",2000,0.05125,0.748962560849729,10,1990,12,"173-1","BENA",101,53,11,0,7,0,0,0,0,0,0,NA,NA,NA,0,0,0,0,1301.486525,"East","24A","Low Shrub","Low Shrub","Clay Loam","Mesic",0,349.871613,358,2.901099,-150.191497,67.228159,-0.677741039507309,0.507762713718697,"173-1-B-BENA_2000",12.5658880869548,-5.99295163154602,203.686904907227,207.64176940918,10.5333334604899,-6.78333361446857,5.69999996821086,15.4333337148031,52.8000011444092,1.10833335543672,102.409998416901,272.039997816086,139.099998474121,3,"24A_2000",0.81
"2614","173-2-A-BENA",2000,0.12075,0.934806615865496,41,1959,12,"173-2","BENA",94,43,12,0,6,0,0,0,0,0,0,NA,NA,NA,0,2,0,0,1323.706943,"East","24A","Tussock Tundra (Low shrub or Herbaceous)","Low Shrub","Clay Loam","Mesic",0,348.371155,13,2.823825,-150.190835,67.228457,1.22769493036085,3.41335244606558,"173-2-A-BENA_2000",12.5658880869548,-5.99295163154602,203.686904907227,207.64176940918,10.5333334604899,-6.78333361446857,5.69999996821086,15.4333337148031,52.8000011444092,1.10833335543672,102.409998416901,272.039997816086,139.099998474121,3,"24A_2000",0.81
"2615","173-3-B-BENA",2000,0.03375,0.18080552944802,35,1965,12,"173-3","BENA",70,51,14,0,9,0,0,0,0,0,0,NA,NA,NA,0,0,0,0,1278.311889,"East","24A","Low Shrub","Low Shrub","Clay Loam","Mesic",0,347.24527,24,1.739254,-150.191816,67.228627,-0.604037539229991,0.54660025485678,"173-3-B-BENA_2000",12.5658880869548,-5.99295163154602,203.686904907227,207.64176940918,10.5333334604899,-6.78333361446857,5.69999996821086,15.4333337148031,52.8000011444092,1.10833335543672,102.409998416901,272.039997816086,139.099998474121,3,"24A_2000",0.81
"2616","173-4-B-BENA",2000,0.294,3.78687578463714,10,1990,12,"173-4","BENA",124,71,14,0,12,0,0,0,0,0,0,NA,NA,NA,0,1,0,0,1308.377258,"East","24A","Low Shrub","Low Shrub","Clay Loam","Mesic",0,346.165253,355,1.872125,-150.190975,67.22891,0.942866590637513,2.56733036527412,"173-4-B-BENA_2000",12.5658880869548,-5.99295163154602,203.686904907227,207.64176940918,10.5333334604899,-6.78333361446857,5.69999996821086,15.4333337148031,52.8000011444092,1.10833335543672,102.409998416901,272.039997816086,139.099998474121,3,"24A_2000",0.81
"2617","173-4-C-BENA",2000,0.16675,2.62729174869903,31,1969,12,"173-4","BENA",119,74,14,0,14,0,0,0,0,0,0,NA,NA,NA,0,1,0,0,1308.377258,"East","24A","Low Shrub","Low Shrub","Clay Loam","Mesic",0,346.165253,355,1.872125,-150.190975,67.22891,1.92742467037241,6.87179030886413,"173-4-C-BENA_2000",12.5658880869548,-5.99295163154602,203.686904907227,207.64176940918,10.5333334604899,-6.78333361446857,5.69999996821086,15.4333337148031,52.8000011444092,1.10833335543672,102.409998416901,272.039997816086,139.099998474121,3,"24A_2000",0.81
"2618","184-1-B-BENA",2000,0.1495,2.27789029330161,48,1952,13,"184-1","BENA",128,51,19,0,13,0,1,0,0,0.076923077,0,NA,"Hare",NA,1,2,0,0,692.283244,"East","24A","White Spruce or Black Spruce (Open-Closed)","Tall Shrub","Clay Loam","Mesic",0,423.977753,249,10.469168,-150.109686,67.368938,2.3064649451085,10.0388738848419,"184-1-B-BENA_2000",12.1666666666667,-5.90833322207133,164,137,10.5333334604899,-6.78333361446857,5.69999996821086,15.4333337148031,52.8000011444092,1.10833335543672,102.409998416901,272.039997816086,139.099998474121,3,"24A_2000",0.81
"2619","184-1-C-BENA",2000,0.15775,4.07508176403618,9,1991,13,"184-1","BENA",166,49,15,8,26,1,2,0,0.038461538,0.076923077,0,"Moose","Hare",NA,1,2,0,0,692.283244,"East","24A","White Spruce or Black Spruce (Open-Closed)","Tall Shrub","Clay Loam","Mesic",0,423.977753,249,10.469168,-150.109686,67.368938,0.890485278764773,2.43631165477651,"184-1-C-BENA_2000",12.1666666666667,-5.90833322207133,164,137,10.5333334604899,-6.78333361446857,5.69999996821086,15.4333337148031,52.8000011444092,1.10833335543672,102.409998416901,272.039997816086,139.099998474121,3,"24A_2000",0.81
"2620","184-2-A-BENA",2000,0.0915,0.752702823253379,15,1985,13,"184-2","BENA",89,39,11,0,12,0,1,0,0,0.083333333,0,NA,"Hare",NA,1,1,0,0,706.210196,"East","24A","White Spruce or Black Spruce (Open-Closed)","Tall Shrub","Clay Loam","Mesic",0,429.192566,258,16.706417,-150.109279,67.369156,-0.188902359723543,0.827867335944126,"184-2-A-BENA_2000",12.163657506307,-5.90983780225118,163.368103027344,136.142418384552,10.5333334604899,-6.78333361446857,5.69999996821086,15.4333337148031,52.8000011444092,1.10833335543672,102.409998416901,272.039997816086,139.099998474121,3,"24A_2000",0.81
"2621","184-2-D-BENA",2000,0.1295,0.897277346375253,29,1971,13,"184-2","BENA",84,38,12,10,7,0,0,0,0,0,0,NA,NA,NA,0,1,0,0,706.210196,"East","24A","White Spruce or Black Spruce (Open-Closed)","Tall Shrub","Clay Loam","Mesic",0,429.192566,258,16.706417,-150.109279,67.369156,0.773495442023006,2.16732880103098,"184-2-D-BENA_2000",12.163657506307,-5.90983780225118,163.368103027344,136.142418384552,10.5333334604899,-6.78333361446857,5.69999996821086,15.4333337148031,52.8000011444092,1.10833335543672,102.409998416901,272.039997816086,139.099998474121,3,"24A_2000",0.81
"2622","184-3-B-BENA",2000,0.158666666666667,2.47073000733111,23,1977,13,"184-3","BENA",71,35,17,0,17,0,2,0,0,0.117647059,0,NA,"Hare",NA,1,1,3,0,683.765397,"East","24A","White Spruce or Black Spruce (Open-Closed)","Tall Shrub","Clay Loam","Mesic",0,425.482941,261,10.788996,-150.109693,67.36937,1.50978154537445,4.52574201703902,"184-3-B-BENA_2000",12.163657506307,-5.90983780225118,163.368103027344,136.142418384552,10.5333334604899,-6.78333361446857,5.69999996821086,15.4333337148031,52.8000011444092,1.10833335543672,102.409998416901,272.039997816086,139.099998474121,3,"24A_2000",0.81
"2623","184-3-D-BENA",2000,0.19625,2.43640229588161,12,1988,13,"184-3","BENA",103,48,17,7,31,3,1,0,0.096774194,0.032258065,0,"Moose","Hare",NA,1,1,3,0,683.765397,"East","24A","White Spruce or Black Spruce (Open-Closed)","Tall Shrub","Clay Loam","Mesic",0,425.482941,261,10.788996,-150.109693,67.36937,0.719419084998908,2.05324010615278,"184-3-D-BENA_2000",12.163657506307,-5.90983780225118,163.368103027344,136.142418384552,10.5333334604899,-6.78333361446857,5.69999996821086,15.4333337148031,52.8000011444092,1.10833335543672,102.409998416901,272.039997816086,139.099998474121,3,"24A_2000",0.81
"2624","191-2-A-BENA",2000,0.26875,4.20695090106878,7,1993,14,"191-2","BENA",82,51,10,0,13,1,0,0,0.076923077,0,0,"Moose",NA,NA,1,0,0,0,1628.072852,"East","24A","Low Shrub","Low Shrub","Clay Loam","Mesic",0,494.812988,260,1.497492,-149.859771,67.475671,0.622429381337477,1.86344957698165,"191-2-A-BENA_2000",11.3453693389893,-6.19924772779147,164.458374023438,131.729187011719,8.73333342870077,-8.16666688521703,4.06666668256124,13.4333333969116,26.7000002861023,1.00000001862645,81.0399973392487,285.570000171661,138.000003814697,3,"24A_2000",0.81
"2625","191-3-A-BENA",2000,0.143333333333333,1.26112601444058,19,1981,14,"191-3","BENA",102,51,9,0,9,0,1,0,0,0.111111111,0,NA,"Hare",NA,1,2,0,0,1608.343863,"East","24A","Low Shrub","Low Shrub","Clay Loam","Mesic",0,494.475037,298,4.15829,-149.859591,67.475979,0.609279275200399,1.8391054321165,"191-3-A-BENA_2000",11.3453693389893,-6.19924772779147,164.458374023438,131.729187011719,8.73333342870077,-8.16666688521703,4.06666668256124,13.4333333969116,26.7000002861023,1.00000001862645,81.0399973392487,285.570000171661,138.000003814697,3,"24A_2000",0.81
"2626","191-3-D-BENA",2000,0.194,3.28097464765406,14,1986,14,"191-3","BENA",110,71,10,0,16,0,0,0,0,0,0,NA,NA,NA,0,2,0,0,1608.343863,"East","24A","Low Shrub","Low Shrub","Clay Loam","Mesic",0,494.475037,298,4.15829,-149.859591,67.475979,1.20099109338245,3.32340909980561,"191-3-D-BENA_2000",11.3453693389893,-6.19924772779147,164.458374023438,131.729187011719,8.73333342870077,-8.16666688521703,4.06666668256124,13.4333333969116,26.7000002861023,1.00000001862645,81.0399973392487,285.570000171661,138.000003814697,3,"24A_2000",0.81
"2627","191-4-B-BENA",2000,0.10825,1.02422812375911,17,1983,14,"191-4","BENA",77,59,11,0,12,0,1,0,0,0.083333333,0,NA,"Hare",NA,1,1,0,0,1634.196324,"East","24A","Low Shrub","Low Shrub","Clay Loam","Mesic",0,497.007599,303,3.553675,-149.85875,67.475963,0.26848372101938,1.30797968428133,"191-4-B-BENA_2000",11.3453693389893,-6.19924772779147,164.458374023438,131.729187011719,8.73333342870077,-8.16666688521703,4.06666668256124,13.4333333969116,26.7000002861023,1.00000001862645,81.0399973392487,285.570000171661,138.000003814697,3,"24A_2000",0.81
"2628","203-1-A-BENA",2000,0.13975,2.10749011142137,10,1990,15,"203-1","BENA",97,41,11,0,17,1,0,0,0.058823529,0,0,"Moose",NA,NA,1,1,0,0,905.036767,"East","24A","Low Shrub","Low Shrub","Loam","Mesic",0,550.644958,299,23.927214,-149.794431,67.571449,0.356822961514668,1.42878289790154,"203-1-A-BENA_2000",11.7000001271566,-6.31666647394498,134,119,7.90000009536743,-9.14166696121295,3.26666680971781,12.5666666030884,17.6000003814697,0.983333338052034,64.3099987506866,293.179998874664,116.700002670288,3,"24A_2000",0.81
"2629","203-1-D-BENA",2000,0.2835,6.64329507748629,8,1992,15,"203-1","BENA",143,46,14,0,26,2,0,0,0.076923077,0,0,"Moose",NA,NA,1,1,0,0,905.036767,"East","24A","Low Shrub","Low Shrub","Loam","Mesic",0,550.644958,299,23.927214,-149.794431,67.571449,1.23864750603285,3.45094292754745,"203-1-D-BENA_2000",11.7000001271566,-6.31666647394498,134,119,7.90000009536743,-9.14166696121295,3.26666680971781,12.5666666030884,17.6000003814697,0.983333338052034,64.3099987506866,293.179998874664,116.700002670288,3,"24A_2000",0.81
"2630","203-2-C-BENA",2000,0.183,1.6672432212601,24,1976,15,"203-2","BENA",118,35,14,0,38,0,0,0,0,0,0,NA,NA,NA,0,0,1,0,933.944119,"East","24A","Low Shrub","Low Shrub","Loam","Mesic",0,566.911377,300,26.508135,-149.793674,67.571447,1.16722741827855,3.21307177326096,"203-2-C-BENA_2000",11.7000001271566,-6.31666647394498,134,119,7.90000009536743,-9.14166696121295,3.26666680971781,12.5666666030884,17.6000003814697,0.983333338052034,64.3099987506866,293.179998874664,116.700002670288,3,"24A_2000",0.81
"2631","203-3-D-BENA",2000,0.282,5.25798937653363,8,1992,15,"203-3","BENA",108,52,11,0,7,1,0,0,0.14,0,0,"Moose",NA,NA,1,0,1,0,922.335664,"East","24A","Low Shrub","Low Shrub","Loam","Mesic",0,556.241272,305,23.609533,-149.79364,67.571701,1.00478812489177,2.73132851099159,"203-3-D-BENA_2000",11.7000001271566,-6.31666647394498,134,119,7.90000009536743,-9.14166696121295,3.26666680971781,12.5666666030884,17.6000003814697,0.983333338052034,64.3099987506866,293.179998874664,116.700002670288,3,"24A_2000",0.81
"2632","203-4-B-BENA",2000,0.0805,1.51713635347526,21,1979,15,"203-4","BENA",99,36,12,0,12,0,0,0,0,0,0,NA,NA,NA,0,1,1,0,951.384807,"East","24A","Low Shrub","Low Shrub","Loam","Mesic",0,569.135193,316,29.227108,-149.792864,67.571712,0.913532330083049,2.49311349775878,"203-4-B-BENA_2000",11.7000001271566,-6.31666647394498,134,119,7.90000009536743,-9.14166696121295,3.26666680971781,12.5666666030884,17.6000003814697,0.983333338052034,64.3099987506866,293.179998874664,116.700002670288,3,"24A_2000",0.81
"2633","209-1-C-BENA",2000,0.197666666666667,2.4932673666929,11,1989,16,"209-1","BENA",58,59,14,0,9,0,0,0,0,0,0,NA,NA,NA,0,0,1,0,698.873831,"East","24A","Low Shrub","Black Spruce Woodland","Sandy Loam","Mesic - Xeric",0,553.345276,287,19.679848,-149.692986,67.655886,0.638656609529956,1.8939348754866,"209-1-C-BENA_2000",10.9909728368123,-6.75714679559072,124,114,7.90000009536743,-9.14166696121295,3.26666680971781,12.5666666030884,17.6000003814697,0.983333338052034,64.3099987506866,293.179998874664,116.700002670288,3,"24A_2000",0.81
"2634","209-1-D-BENA",2000,0.1105,1.18671856073579,16,1984,16,"209-1","BENA",76,39,10,0,6,0,0,0,0,0,0,NA,NA,NA,0,0,1,0,698.873831,"East","24A","Low Shrub","Black Spruce Woodland","Sandy Loam","Mesic - Xeric",0,553.345276,287,19.679848,-149.692986,67.655886,0.343390724105214,1.40971946570966,"209-1-D-BENA_2000",10.9909728368123,-6.75714679559072,124,114,7.90000009536743,-9.14166696121295,3.26666680971781,12.5666666030884,17.6000003814697,0.983333338052034,64.3099987506866,293.179998874664,116.700002670288,3,"24A_2000",0.81
"2635","209-2-B-BENA",2000,0.18975,3.25226644673632,32,1968,16,"209-2","BENA",104,57,18,0,18,0,0,0,0,0,0,NA,NA,NA,0,0,0,0,728.528855,"East","24A","Low Shrub","Black Spruce Woodland","Sandy Loam","Mesic - Xeric",0,561.911133,287,21.070175,-149.692261,67.656,2.17871017831208,8.8349034564221,"209-2-B-BENA_2000",10.9909728368123,-6.75714679559072,124,114,7.90000009536743,-9.14166696121295,3.26666680971781,12.5666666030884,17.6000003814697,0.983333338052034,64.3099987506866,293.179998874664,116.700002670288,3,"24A_2000",0.81
"2636","209-2-D-BENA",2000,0.06675,0.438957266376965,39,1961,16,"209-2","BENA",86,47,10,0,6,0,0,0,0,0,0,NA,NA,NA,0,0,0,0,728.528855,"East","24A","Low Shrub","Black Spruce Woodland","Sandy Loam","Mesic - Xeric",0,561.911133,287,21.070175,-149.692261,67.656,0.412077948004117,1.50995212949652,"209-2-D-BENA_2000",10.9909728368123,-6.75714679559072,124,114,7.90000009536743,-9.14166696121295,3.26666680971781,12.5666666030884,17.6000003814697,0.983333338052034,64.3099987506866,293.179998874664,116.700002670288,3,"24A_2000",0.81
"2637","209-3-A-BENA",2000,0.075,0.708978922098875,40,1960,16,"209-3","BENA",67,52,13,0,10,0,0,0,0,0,0,NA,NA,NA,0,0,1,0,711.058695,"East","24A","Low Shrub","Black Spruce Woodland","Sandy Loam","Mesic - Xeric",0,553.430786,276,18.070417,-149.69261,67.656251,0.921714398540134,2.51359600343175,"209-3-A-BENA_2000",10.9909728368123,-6.75714679559072,124,114,7.90000009536743,-9.14166696121295,3.26666680971781,12.5666666030884,17.6000003814697,0.983333338052034,64.3099987506866,293.179998874664,116.700002670288,3,"24A_2000",0.81
"2638","209-3-D-BENA",2000,0.20925,3.06979214254062,18,1982,16,"209-3","BENA",84,39,10,0,8,0,0,0,0,0,0,NA,NA,NA,0,0,1,0,711.058695,"East","24A","Low Shrub","Black Spruce Woodland","Sandy Loam","Mesic - Xeric",0,553.430786,276,18.070417,-149.69261,67.656251,1.43436363965688,4.19697337140137,"209-3-D-BENA_2000",10.9909728368123,-6.75714679559072,124,114,7.90000009536743,-9.14166696121295,3.26666680971781,12.5666666030884,17.6000003814697,0.983333338052034,64.3099987506866,293.179998874664,116.700002670288,3,"24A_2000",0.81
"2639","209-4-C-BENA",2000,0.2445,3.08284722716216,9,1991,16,"209-4","BENA",57,38,10,0,7,0,0,0,0,0,0,NA,NA,NA,0,0,0,0,738.024448,"East","24A","Low Shrub","Black Spruce Woodland","Sandy Loam","Mesic - Xeric",0,561.090881,296,18.584587,-149.691928,67.656444,0.611448061850772,1.84309838779567,"209-4-C-BENA_2000",10.9909728368123,-6.75714679559072,124,114,7.90000009536743,-9.14166696121295,3.26666680971781,12.5666666030884,17.6000003814697,0.983333338052034,64.3099987506866,293.179998874664,116.700002670288,3,"24A_2000",0.81
"2640","209-4-D-BENA",2000,0.028,0.138397610773224,28,1972,16,"209-4","BENA",71,50,9,0,8,0,0,0,0,0,0,NA,NA,NA,0,0,0,0,738.024448,"East","24A","Low Shrub","Black Spruce Woodland","Sandy Loam","Mesic - Xeric",0,561.090881,296,18.584587,-149.691928,67.656444,-1.13761461381185,0.320582824313442,"209-4-D-BENA_2000",10.9909728368123,-6.75714679559072,124,114,7.90000009536743,-9.14166696121295,3.26666680971781,12.5666666030884,17.6000003814697,0.983333338052034,64.3099987506866,293.179998874664,116.700002670288,3,"24A_2000",0.81
"2641","222-1-B-BENA",2000,0.20475,2.62940878944846,20,1980,17,"222-1","BENA",63,58,19,0,9,0,2,0,0,0.222222222,0,NA,"Hare",NA,1,2,18,0,769.468544,"East","24A","Low Shrub","Tall Shrub","Clay Loam","Mesic",0,669.484009,287,15.029548,-149.809491,67.826198,1.40524358763798,4.07651961012034,"222-1-B-BENA_2000",10.4000000953674,-7.3416666885217,127,112,7.90000009536743,-9.14166696121295,3.26666680971781,12.5666666030884,17.6000003814697,0.983333338052034,64.3099987506866,293.179998874664,116.700002670288,3,"24A_2000",0.81
"2642","222-1-D-BENA",2000,0.1135,1.096455106011,19,1981,17,"222-1","BENA",78,38,9,0,9,0,2,0,0,0.222222222,0,NA,"Hare",NA,1,2,18,0,769.468544,"East","24A","Low Shrub","Tall Shrub","Clay Loam","Mesic",0,669.484009,287,15.029548,-149.809491,67.826198,0.469356636108149,1.59896514578775,"222-1-D-BENA_2000",10.4000000953674,-7.3416666885217,127,112,7.90000009536743,-9.14166696121295,3.26666680971781,12.5666666030884,17.6000003814697,0.983333338052034,64.3099987506866,293.179998874664,116.700002670288,3,"24A_2000",0.81
"2643","222-2-A-BENA",2000,0.14825,2.46318830024428,14,1986,17,"222-2","BENA",81,59,12,0,9,0,0,0,0,0,0,NA,NA,NA,0,3,13,0,794.735172,"East","24A","Low Shrub","Tall Shrub","Clay Loam","Mesic",0,676.198608,282,15.59229,-149.808768,67.826375,0.914307134248545,2.49504592101002,"222-2-A-BENA_2000",10.4000000953674,-7.3416666885217,127,112,7.90000009536743,-9.14166696121295,3.26666680971781,12.5666666030884,17.6000003814697,0.983333338052034,64.3099987506866,293.179998874664,116.700002670288,3,"24A_2000",0.81
"2644","222-3-A-BENA",2000,0.0875,0.743850600553719,38,1962,17,"222-3","BENA",126,65,16,0,21,0,3,0,0,0.142857143,0,NA,"Hare",NA,1,2,11,1,778.440723,"East","24A","Low Shrub","Low Shrub","Clay Loam","Mesic",0,672.469177,278,13.422374,-149.809021,67.826615,0.908518539924048,2.48064483359115,"222-3-A-BENA_2000",10.4000000953674,-7.3416666885217,127,112,7.90000009536743,-9.14166696121295,3.26666680971781,12.5666666030884,17.6000003814697,0.983333338052034,64.3099987506866,293.179998874664,116.700002670288,3,"24A_2000",0.81
"2645","235-1-A-BENA",2000,0.043,0.463893854414372,21,1979,18,"235-1","BENA",59,29,10,0,18,0,0,0,0,0,0,NA,NA,NA,0,0,5,0,477.732622,"East","24A","Low Shrub","Low Shrub","Sandy Gravel","Mesic",0,813.776917,295,20.303024,-149.727576,68.004859,-0.271391764843591,0.762317788588063,"235-1-A-BENA_2000",8.16666650772095,-8.65000004569689,135,116,6.73333326975505,-10.3166666726271,2.16666672627131,11.3666667938232,7.90000033378601,0.941666685044765,41.4599993824959,303.559998512268,105.600002288818,3,"24A_2000",0.81
"2646","235-1-B-BENA",2000,0.33275,5.85221436202713,8,1992,18,"235-1","BENA",42,18,10,0,10,0,1,0,0,0.1,0,NA,"Hare",NA,1,0,5,0,477.732622,"East","24A","Low Shrub","Low Shrub","Sandy Gravel","Mesic",0,813.776917,295,20.303024,-149.727576,68.004859,1.11185953207004,3.040006130628,"235-1-B-BENA_2000",8.16666650772095,-8.65000004569689,135,116,6.73333326975505,-10.3166666726271,2.16666672627131,11.3666667938232,7.90000033378601,0.941666685044765,41.4599993824959,303.559998512268,105.600002288818,3,"24A_2000",0.81
"2647","235-2-B-BENA",2000,0.0855,0.734100667753309,17,1983,18,"235-2","BENA",54,38,8,0,9,0,0,0,0,0,0,NA,NA,NA,NA,0,0,0,510.631222,"East","24A","Dwarf Shrub-Lichen","Low Shrub","Sandy Gravel","Mesic",0,828.022217,289,26.243103,-149.726481,68.004961,-0.0645646681393962,0.937475487506255,"235-2-B-BENA_2000",8.16666650772095,-8.65000004569689,135,116,6.73333326975505,-10.3166666726271,2.16666672627131,11.3666667938232,7.90000033378601,0.941666685044765,41.4599993824959,303.559998512268,105.600002288818,3,"24A_2000",0.81
"2648","235-2-C-BENA",2000,0.04175,0.404600416418227,12,1988,18,"235-2","BENA",58,33,8,0,9,0,2,0,0,0.222222222,0,NA,"Hare",NA,1,0,0,0,510.631222,"East","24A","Dwarf Shrub-Lichen","Low Shrub","Sandy Gravel","Mesic",0,828.022217,289,26.243103,-149.726481,68.004961,-1.07595872234561,0.340970702318034,"235-2-C-BENA_2000",8.16666650772095,-8.65000004569689,135,116,6.73333326975505,-10.3166666726271,2.16666672627131,11.3666667938232,7.90000033378601,0.941666685044765,41.4599993824959,303.559998512268,105.600002288818,3,"24A_2000",0.81
"2649","235-3-B-BENA",2000,0.0865,0.957910869987698,15,1985,18,"235-3","BENA",59,31,10,0,15,0,0,0,0,0,0,NA,NA,NA,0,0,1,0,482.982181,"East","24A","Dwarf Shrub-Lichen","Low Shrub","Sandy Gravel","Mesic",0,817.546387,298,18.704132,-149.726784,68.005244,0.0521818834596376,1.05356735156244,"235-3-B-BENA_2000",8.16666650772095,-8.65000004569689,135,116,6.73333326975505,-10.3166666726271,2.16666672627131,11.3666667938232,7.90000033378601,0.941666685044765,41.4599993824959,303.559998512268,105.600002288818,3,"24A_2000",0.81
"2650","235-4-A-BENA",2000,0.12775,2.03388298824684,10,1990,18,"235-4","BENA",45,36,11,0,13,0,0,0,0,0,0,NA,NA,NA,0,0,0,0,503.848767,"East","24A","Low Shrub","Low Shrub","Sandy Gravel","Mesic",0,825.290771,293,20.728168,-149.726015,68.005351,0.321272010790638,1.37888060028906,"235-4-A-BENA_2000",8.16666650772095,-8.65000004569689,135,116,6.73333326975505,-10.3166666726271,2.16666672627131,11.3666667938232,7.90000033378601,0.941666685044765,41.4599993824959,303.559998512268,105.600002288818,3,"24A_2000",0.81
"2651","240-3-D-BENA",2000,0.07775,1.22465270297926,16,1984,19,"240-3","BENA",97,46,12,0,13,0,0,2,0,0,0.153846154,NA,NA,"Ptarmagin",1,0,1,3,399.798137,"West","24A","Low Shrub","Low Shrub","Sandy Loam","Mesic",0,1034.808228,93,20.584356,-149.606025,68.07014,0.374856033937163,1.4547819603103,"240-3-D-BENA_2000",7.15162150065104,-9.13177035252253,168.263807296753,156.038120269775,6.73333326975505,-10.3166666726271,2.16666672627131,11.3666667938232,7.90000033378601,0.941666685044765,41.4599993824959,303.559998512268,105.600002288818,3,"24A_2000",0.81
"2652","240-4-B-BENA",2000,0.16775,2.64225711800348,32,1968,19,"240-4","BENA",102,72,15,0,13,0,0,0,0,0,0,NA,NA,NA,0,0,2,0,431.079046,"West","24A","Low Shrub","Low Shrub","Sandy Loam","Mesic",0,1046.807861,94,24.616484,-149.606605,68.070368,1.97099157761329,7.17779029698839,"240-4-B-BENA_2000",7.15162150065104,-9.13177035252253,168.263807296753,156.038120269775,6.73333326975505,-10.3166666726271,2.16666672627131,11.3666667938232,7.90000033378601,0.941666685044765,41.4599993824959,303.559998512268,105.600002288818,3,"24A_2000",0.81
"2653","240-4-D-BENA",2000,0.02225,0.288321825628156,15,1985,19,"240-4","BENA",83,41,16,0,29,0,0,3,0,0,0.103448276,NA,NA,"Ptarmagin",1,0,2,0,431.079046,"West","24A","Low Shrub","Low Shrub","Sandy Loam","Mesic",0,1046.807861,94,24.616484,-149.606605,68.070368,-1.14849554624075,0.317113493271671,"240-4-D-BENA_2000",7.15162150065104,-9.13177035252253,168.263807296753,156.038120269775,6.73333326975505,-10.3166666726271,2.16666672627131,11.3666667938232,7.90000033378601,0.941666685044765,41.4599993824959,303.559998512268,105.600002288818,3,"24A_2000",0.81
"2654","255-1-A-BENA",2000,0.14225,2.42785009528037,31,1969,20,"255-1","BENA",71,26,15,0,17,0,0,0,0,0,0,NA,NA,NA,0,0,0,0,585.543915,"East","26B","Low Shrub","Low Shrub","Sandy Gravel","Mesic - Xeric",0,991.483582,331,1.701594,-149.392735,68.222633,1.84847723938077,6.35014240972051,"255-1-A-BENA_2000",7.50451358159383,-9.54542779922485,170.909729003906,134.819458007812,4.76666665077209,-12.0333333214124,0.266666683057944,9.30000019073486,4.60000002384186,0.816666677594185,31.0399990677834,320.839999198914,105.39999961853,3,"26B_2000",0.27
"2655","255-2-C-BENA",2000,0.0975,0.761321782698499,19,1981,20,"255-2","BENA",65,27,8,0,20,0,0,0,0,0,0,NA,NA,NA,0,0,1,1,631.079496,"East","26B","Low Shrub","Low Shrub","Sandy Gravel","Mesic - Xeric",0,993.382141,286,2.676414,-149.39171,68.222788,0.104575122484605,1.1102387946303,"255-2-C-BENA_2000",7.50451358159383,-9.54542779922485,170.909729003906,134.819458007812,4.76666665077209,-12.0333333214124,0.266666683057944,9.30000019073486,4.60000002384186,0.816666677594185,31.0399990677834,320.839999198914,105.39999961853,3,"26B_2000",0.27
"2656","255-2-D-BENA",2000,0.09375,1.78503821955416,11,1989,20,"255-2","BENA",60,32,10,0,11,0,0,0,0,0,0,NA,NA,NA,0,0,1,1,631.079496,"East","26B","Low Shrub","Low Shrub","Sandy Gravel","Mesic - Xeric",0,993.382141,286,2.676414,-149.39171,68.222788,0.304502390287722,1.35595010116159,"255-2-D-BENA_2000",7.50451358159383,-9.54542779922485,170.909729003906,134.819458007812,4.76666665077209,-12.0333333214124,0.266666683057944,9.30000019073486,4.60000002384186,0.816666677594185,31.0399990677834,320.839999198914,105.39999961853,3,"26B_2000",0.27
"2657","255-4-D-BENA",2000,0.03975,0.245417094758076,23,1977,20,"255-4","BENA",56,29,5,0,12,0,0,0,0,0,0,NA,NA,NA,0,0,0,2,644.564014,"East","26B","Low Shrub","Low Shrub","Sandy Gravel","Mesic - Xeric",0,993.003235,239,7.430982,-149.391619,68.223199,-0.799528199466715,0.449541007779336,"255-4-D-BENA_2000",7.50451358159383,-9.54542779922485,170.909729003906,134.819458007812,4.76666665077209,-12.0333333214124,0.266666683057944,9.30000019073486,4.60000002384186,0.816666677594185,31.0399990677834,320.839999198914,105.39999961853,3,"26B_2000",0.27
"2658","261-1-C-BENA",2000,0.0463333333333333,0.254002986182901,24,1976,21,"261-1","BENA",52,23,10,0,13,0,0,0,0,0,0,NA,NA,NA,0,0,0,0,356.206777,"East","26B","Dwarf Shrub","Low Shrub","Sandy Loam","Mesic",0,883.832947,287,13.943512,-149.352299,68.301689,-0.714353333829681,0.489508558092347,"261-1-C-BENA_2000",7.7294987042745,-9.69981050491333,185.9886302948,138.051839828491,4.76666665077209,-12.0333333214124,0.266666683057944,9.30000019073486,4.60000002384186,0.816666677594185,31.0399990677834,320.839999198914,105.39999961853,3,"26B_2000",0.27
"2659","261-1-D-BENA",2000,0.14125,1.37551394570005,11,1989,21,"261-1","BENA",59,19,9,0,15,0,0,0,0,0,0,NA,NA,NA,0,0,0,0,356.206777,"East","26B","Dwarf Shrub","Low Shrub","Sandy Loam","Mesic",0,883.832947,287,13.943512,-149.352299,68.301689,0.0438900037420366,1.04486741706125,"261-1-D-BENA_2000",7.7294987042745,-9.69981050491333,185.9886302948,138.051839828491,4.76666665077209,-12.0333333214124,0.266666683057944,9.30000019073486,4.60000002384186,0.816666677594185,31.0399990677834,320.839999198914,105.39999961853,3,"26B_2000",0.27
"2660","261-2-B-BENA",2000,0.17275,2.46865270796611,14,1986,21,"261-2","BENA",66,25,12,0,19,0,0,0,0,0,0,NA,NA,NA,0,0,0,1,388.99561,"East","26B","Dwarf Shrub-Lichen","Low Shrub","Sandy Loam","Mesic",0,888.892761,295,13.025289,-149.351465,68.301786,0.91652310591058,2.50058100259341,"261-2-B-BENA_2000",7.7294987042745,-9.69981050491333,185.9886302948,138.051839828491,4.76666665077209,-12.0333333214124,0.266666683057944,9.30000019073486,4.60000002384186,0.816666677594185,31.0399990677834,320.839999198914,105.39999961853,3,"26B_2000",0.27
"2661","261-2-C-BENA",2000,0.172,1.84584904680199,9,1991,21,"261-2","BENA",37,18,8,0,13,0,0,0,0,0,0,NA,NA,NA,0,0,0,1,388.99561,"East","26B","Dwarf Shrub-Lichen","Low Shrub","Sandy Loam","Mesic",0,888.892761,295,13.025289,-149.351465,68.301786,0.0985338270861262,1.10355173370256,"261-2-C-BENA_2000",7.7294987042745,-9.69981050491333,185.9886302948,138.051839828491,4.76666665077209,-12.0333333214124,0.266666683057944,9.30000019073486,4.60000002384186,0.816666677594185,31.0399990677834,320.839999198914,105.39999961853,3,"26B_2000",0.27
"2662","261-3-D-BENA",2000,0.0323333333333333,0.554379678285862,20,1980,21,"261-3","BENA",74,41,14,0,26,0,0,0,0,0,0,NA,NA,NA,0,0,0,1,380.53651,"East","26B","Tussock Tundra (Low shrub or Herbaceous)","Low Shrub","Sandy Loam","Mesic",0,884.224731,295,11.657486,-149.351558,68.302088,-0.151420925501816,0.859485842997642,"261-3-D-BENA_2000",7.7294987042745,-9.69981050491333,185.9886302948,138.051839828491,4.76666665077209,-12.0333333214124,0.266666683057944,9.30000019073486,4.60000002384186,0.816666677594185,31.0399990677834,320.839999198914,105.39999961853,3,"26B_2000",0.27
"2663","261-4-A-BENA",2000,0.043,0.326373777596134,35,1965,21,"261-4","BENA",45,23,13,0,13,0,0,0,0,0,0,NA,NA,NA,0,0,0,0,405.679111,"East","26B","Low Shrub","Low Shrub","Sandy Loam","Mesic",0,886.626587,308,9.946874,-149.350886,68.302265,-0.0134162883350841,0.98667330892612,"261-4-A-BENA_2000",7.7294987042745,-9.69981050491333,185.9886302948,138.051839828491,4.76666665077209,-12.0333333214124,0.266666683057944,9.30000019073486,4.60000002384186,0.816666677594185,31.0399990677834,320.839999198914,105.39999961853,3,"26B_2000",0.27
"2664","261-4-B-BENA",2000,0.13875,2.32713966688516,14,1986,21,"261-4","BENA",71,30,12,0,13,0,0,0,0,0,0,NA,NA,NA,0,0,0,0,405.679111,"East","26B","Low Shrub","Low Shrub","Sandy Loam","Mesic",0,886.626587,308,9.946874,-149.350886,68.302265,0.857490469118652,2.35723770403855,"261-4-B-BENA_2000",7.7294987042745,-9.69981050491333,185.9886302948,138.051839828491,4.76666665077209,-12.0333333214124,0.266666683057944,9.30000019073486,4.60000002384186,0.816666677594185,31.0399990677834,320.839999198914,105.39999961853,3,"26B_2000",0.27
"2665","268-1-B-BENA",2000,0.033,0.283492608670962,15,1985,22,"268-1","BENA",63,26,6,0,12,0,0,0,0,0,0,NA,NA,NA,0,0,1,2,212.091228,"West","26B","Low Shrub","Low Shrub","Sandy Gravel","Mesic",0,818.738892,195,1.432166,-149.327109,68.400098,-1.16538680147126,0.311802033219259,"268-1-B-BENA_2000",8.7621529897054,-9.11134241024653,193,125.045135498047,4.76666665077209,-12.0333333214124,0.266666683057944,9.30000019073486,4.60000002384186,0.816666677594185,31.0399990677834,320.839999198914,105.39999961853,3,"26B_2000",0.27
"2666","268-1-C-BENA",2000,0.078,0.62853844220371,12,1988,22,"268-1","BENA",47,18,6,0,11,0,0,0,0,0,0,NA,NA,NA,0,0,1,2,212.091228,"West","26B","Low Shrub","Low Shrub","Sandy Gravel","Mesic",0,818.738892,195,1.432166,-149.327109,68.400098,-0.635461485126652,0.529690987392734,"268-1-C-BENA_2000",8.7621529897054,-9.11134241024653,193,125.045135498047,4.76666665077209,-12.0333333214124,0.266666683057944,9.30000019073486,4.60000002384186,0.816666677594185,31.0399990677834,320.839999198914,105.39999961853,3,"26B_2000",0.27
"2667","268-2-A-BENA",2000,0.07475,1.44710612988638,10,1990,22,"268-2","BENA",60,23,9,0,24,0,0,0,0,0,0,NA,NA,NA,0,0,0,4,184.615387,"West","26B","Low Shrub","Low Shrub","Sandy Gravel","Mesic",0,819.441162,203,1.359031,-149.326454,68.400307,-0.0191089675460476,0.981072451360484,"268-2-A-BENA_2000",8.7621529897054,-9.11134241024653,193,125.045135498047,4.76666665077209,-12.0333333214124,0.266666683057944,9.30000019073486,4.60000002384186,0.816666677594185,31.0399990677834,320.839999198914,105.39999961853,3,"26B_2000",0.27
"2668","268-4-C-BENA",2000,0.08175,0.733813801074126,21,1979,22,"268-4","BENA",58,32,8,0,18,0,0,0,0,0,0,NA,NA,NA,0,0,0,5,171.881056,"West","26B","Dwarf Shrub-Lichen","Low Shrub","Sandy Gravel","Mesic",0,820.486511,188,1.085947,-149.326166,68.400831,0.187207790560505,1.20587782904868,"268-4-C-BENA_2000",8.7621529897054,-9.11134241024653,193,125.045135498047,4.76666665077209,-12.0333333214124,0.266666683057944,9.30000019073486,4.60000002384186,0.816666677594185,31.0399990677834,320.839999198914,105.39999961853,3,"26B_2000",0.27
"2669","268-4-D-BENA",2000,0.11725,1.15008621594814,12,1988,22,"268-4","BENA",57,23,7,0,15,0,0,0,0,0,0,NA,NA,NA,0,0,0,5,171.881056,"West","26B","Dwarf Shrub-Lichen","Low Shrub","Sandy Gravel","Mesic",0,820.486511,188,1.085947,-149.326166,68.400831,-0.031266487351533,0.969217254519024,"268-4-D-BENA_2000",8.7621529897054,-9.11134241024653,193,125.045135498047,4.76666665077209,-12.0333333214124,0.266666683057944,9.30000019073486,4.60000002384186,0.816666677594185,31.0399990677834,320.839999198914,105.39999961853,3,"26B_2000",0.27
"2670","282-1-B-BENA",2000,0.135333333333333,1.67513904245051,11,1989,23,"282-1","BENA",41,18,8,0,9,0,0,0,0,0,0,NA,NA,NA,0,0,0,0,577.316923,"West","26B","Tussock Tundra (Low shrub or Herbaceous)","Tussock Tundra","Clay Loam","Mesic",0,826.622314,26,2.82316,-149.530032,68.582817,0.240958736020477,1.27246852710964,"282-1-B-BENA_2000",9.23333326975504,-8.88333340485891,181,118,9.13333336512248,-8.55000027517478,4.43333347638448,13.8999999364217,28.1000001430511,1.00000001241763,46.4599990844727,283.809998035431,93.5000019073486,3,"26B_2000",0.27
"2671","282-1-D-BENA",2000,0.05425,0.903669898376686,10,1990,23,"282-1","BENA",74,20,11,0,15,0,0,0,0,0,0,NA,NA,NA,0,0,0,0,577.316923,"West","26B","Tussock Tundra (Low shrub or Herbaceous)","Tussock Tundra","Clay Loam","Mesic",0,826.622314,26,2.82316,-149.530032,68.582817,-0.489965899217541,0.612647285580017,"282-1-D-BENA_2000",9.23333326975504,-8.88333340485891,181,118,9.13333336512248,-8.55000027517478,4.43333347638448,13.8999999364217,28.1000001430511,1.00000001241763,46.4599990844727,283.809998035431,93.5000019073486,3,"26B_2000",0.27
"2672","282-2-A-BENA",2000,0.08875,0.672853551825706,13,1987,23,"282-2","BENA",44,16,6,0,7,0,0,0,0,0,0,NA,NA,NA,0,0,0,0,604.079816,"West","26B","Low Shrub","Low Shrub-Tussock Tundra","Clay Loam","Mesic",0,826.41803,354,3.355184,-149.530916,68.583004,-0.471812918829209,0.623870216371403,"282-2-A-BENA_2000",9.23333326975504,-8.88333340485891,181,118,9.13333336512248,-8.55000027517478,4.43333347638448,13.8999999364217,28.1000001430511,1.00000001241763,46.4599990844727,283.809998035431,93.5000019073486,3,"26B_2000",0.27
"2673","282-2-B-BENA",2000,0.1035,0.699733214919361,9,1991,23,"282-2","BENA",27,18,6,0,5,0,0,0,0,0,0,NA,NA,NA,0,0,0,0,604.079816,"West","26B","Low Shrub","Low Shrub-Tussock Tundra","Clay Loam","Mesic",0,826.41803,354,3.355184,-149.530916,68.583004,-0.871461670648689,0.418339627387938,"282-2-B-BENA_2000",9.23333326975504,-8.88333340485891,181,118,9.13333336512248,-8.55000027517478,4.43333347638448,13.8999999364217,28.1000001430511,1.00000001241763,46.4599990844727,283.809998035431,93.5000019073486,3,"26B_2000",0.27
"2674","282-3-B-BENA",2000,0.13525,1.4793969899763,6,1994,23,"282-3","BENA",31,18,7,0,8,0,0,0,0,0,0,NA,NA,NA,0,0,0,0,571.732475,"West","26B","Low Shrub","Low Shrub-Tussock Tundra","Clay Loam","Mesic",0,823.876221,27,3.830761,-149.53038,68.583298,-0.606628150644997,0.5451860586045,"282-3-B-BENA_2000",9.23333326975504,-8.88333340485891,181,118,9.13333336512248,-8.55000027517478,4.43333347638448,13.8999999364217,28.1000001430511,1.00000001241763,46.4599990844727,283.809998035431,93.5000019073486,3,"26B_2000",0.27
"2675","282-4-A-BENA",2000,0.1025,1.17486533165379,12,1988,23,"282-4","BENA",52,15,7,0,6,0,0,0,0,0,0,NA,NA,NA,0,0,0,0,597.547448,"West","26B","Tussock Tundra (Low shrub or Herbaceous)","Low Shrub-Tussock Tundra","Clay Loam","Mesic",0,823.620117,358,4.137664,-149.531178,68.583423,-0.00994986763697625,0.990099468530989,"282-4-A-BENA_2000",9.23333326975504,-8.88333340485891,181,118,9.13333336512248,-8.55000027517478,4.43333347638448,13.8999999364217,28.1000001430511,1.00000001241763,46.4599990844727,283.809998035431,93.5000019073486,3,"26B_2000",0.27
"2676","60-4-B-BENA",2000,0.118,1.59886331556207,10,1990,1,"60-4","BENA",95,NA,9,0,9,0,2,0,0,0.222222222,0,NA,"Hare",NA,1,0,1,0,1406.241796,"West","20F","Tall Shrub (Open-Closed)","Black Spruce Woodland","Silt Loam","Mesic",0,110.670654,252,1.181915,-149.840942,65.910317,0.0806181917199387,1.08395695380821,"60-4-B-BENA_2000",13.4939816792806,-5.25946166117986,93.361083984375,80.2708144187927,13.0000003178914,-3.25833336512248,7.96666685740153,18.0333337783813,77.1000008583069,1.17500002495944,106.879997491837,250.239998854697,159.800001144409,3,"20F_2000",0.375
"2677","72-1-C-BENA",2000,0.046,0.412802133089043,32,1968,2,"72-1","BENA",118,71,9,0,11,0,2,0,0,0.181818182,0,NA,"Hare",NA,1,0,0,0,895.937772,"West","20F","Tussock Tundra (Low shrub or Herbaceous)","Black Spruce Woodland","Clay Loam","Mesic",0,130.808105,148,1.606934,-150.14017,66.022623,0.11457115933084,1.1213924357602,"72-1-C-BENA_2000",13.8001899719238,-4.99014188845952,91.3107757568359,80.1026401519775,11.6333338419596,-4.96666653951009,6.73333342870076,16.6333338419596,64.5000014305115,1.1250000204891,106.999997377396,263.369998335838,157.400005340576,3,"20F_2000",0.375
"2678","72-1-D-BENA",2000,0.16825,2.06315242160217,44,1956,2,"72-1","BENA",65,41,8,7,4,0,0,0,0,0,0,NA,NA,NA,0,0,0,0,895.937772,"West","20F","Tussock Tundra (Low shrub or Herbaceous)","Black Spruce Woodland","Clay Loam","Mesic",0,130.808105,148,1.606934,-150.14017,66.022623,2.10361631636935,8.19575482846319,"72-1-D-BENA_2000",13.8001899719238,-4.99014188845952,91.3107757568359,80.1026401519775,11.6333338419596,-4.96666653951009,6.73333342870076,16.6333338419596,64.5000014305115,1.1250000204891,106.999997377396,263.369998335838,157.400005340576,3,"20F_2000",0.375
"2679","72-2-A-BENA",2000,0.0995,1.00075198360654,31,1969,2,"72-2","BENA",121,72,12,21,14,0,0,0,0,0,0,NA,NA,NA,0,0,0,0,855.94066,"West","20F","Tussock Tundra (Low shrub or Herbaceous)","Black Spruce Woodland","Clay Loam","Mesic",0,131.055786,179,2.125059,-150.13956,66.022889,0.962222809097884,2.61750823292817,"72-2-A-BENA_2000",13.8001899719238,-4.99014188845952,91.3107757568359,80.1026401519775,11.6333338419596,-4.96666653951009,6.73333342870076,16.6333338419596,64.5000014305115,1.1250000204891,106.999997377396,263.369998335838,157.400005340576,3,"20F_2000",0.375
"2680","72-3-D-BENA",2000,0.1305,1.06081766434685,44,1956,2,"72-3","BENA",104,47,11,0,9,0,0,0,0,0,0,NA,NA,NA,0,0,1,0,885.368743,"West","20F","Tussock Tundra (Low shrub or Herbaceous)","Black Spruce Woodland","Clay Loam","Mesic",0,132.401993,119,2.284806,-150.140609,66.023021,1.43842119375926,4.21403741364785,"72-3-D-BENA_2000",13.8001899719238,-4.99014188845952,91.3107757568359,80.1026401519775,11.6333338419596,-4.96666653951009,6.73333342870076,16.6333338419596,64.5000014305115,1.1250000204891,106.999997377396,263.369998335838,157.400005340576,3,"20F_2000",0.375
"2681","102-3-B-BENA",1999,0.098,2.69622477105364,19,1980,5,"102-3","BENA",72,NA,16,0,12,0,0,0,0,0,0,NA,NA,NA,0,0,0,0,939.238254,"West","24A","Tussock Tundra (Low shrub or Herbaceous)","Low Shrub","Sandy Loam","Mesic",2004,424.339783,330,3.896938,-150.565669,66.401242,1.36912685268829,3.93191605428216,"102-3-B-BENA_1999",13.233333269755,-7.63333348433177,241,97,13.1666666666667,-6.82500000794729,7.76666673024495,18.6333338419596,49.1000008583069,1.18333335903784,114.919998645782,251.489997386932,186.100002288818,3,"24A_1999",0.85
"2682","111-1-A-BENA",1999,0.20275,5.28022183869445,11,1988,6,"111-1","BENA",45,37,7,0,7,0,0,0,0,0,0,NA,NA,NA,0,0,0,0,640.914524,"West","24A","Tall Shrub (Open-Closed)","Low Shrub","Gravely Sand Loam","Mesic",0,512.854736,12,8.158982,-150.736683,66.498494,1.38903067551023,4.0109602460622,"111-1-A-BENA_1999",13.243755976359,-7.65008838971456,260.54061126709,99.012900352478,13.1666666666667,-6.82500000794729,7.76666673024495,18.6333338419596,49.1000008583069,1.18333335903784,114.919998645782,251.489997386932,186.100002288818,3,"24A_1999",0.85
"2683","111-3-A-BENA",1999,0.039,0.408917553772884,12,1987,6,"111-3","BENA",108,46,7,0,11,0,0,0,0,0,0,NA,NA,NA,0,0,0,0,664.632709,"West","24A","Tall Shrub (Open-Closed)","Low Shrub","Gravely Sand Loam","Mesic",0,511.257965,359,9.703425,-150.737553,66.498636,-1.06534512058296,0.34460890261662,"111-3-A-BENA_1999",13.243755976359,-7.65008838971456,260.54061126709,99.012900352478,13.1666666666667,-6.82500000794729,7.76666673024495,18.6333338419596,49.1000008583069,1.18333335903784,114.919998645782,251.489997386932,186.100002288818,3,"24A_1999",0.85
"2684","111-4-C-BENA",1999,0.167,1.67764294014104,7,1992,6,"111-4","BENA",51,30,7,0,13,0,0,0,0,0,0,NA,NA,NA,0,0,0,0,707.594422,"West","24A","Tall Shrub (Open-Closed)","Low Shrub","Gravely Sand Loam","Mesic",0,515.006653,353,8.170983,-150.73833,66.498407,-0.296918955980649,0.743104234075528,"111-4-C-BENA_1999",13.2375475565592,-7.65359250704447,261.189628601074,99.2528438568115,13.1666666666667,-6.82500000794729,7.76666673024495,18.6333338419596,49.1000008583069,1.18333335903784,114.919998645782,251.489997386932,186.100002288818,3,"24A_1999",0.85
"2685","121-1-C-BENA",1999,0.01225,0.163453335125,27,1972,7,"121-1","BENA",60,36,11,0,11,0,0,0,0,0,0,NA,NA,NA,0,0,0,0,1394.51987,"East","24A","Tall Shrub (Open-Closed)","Low Shrub","Clay Loam","Mesic",2005,466.470276,61,7.209129,-150.675843,66.599029,-1.01461677143036,0.362541339412671,"121-1-C-BENA_1999",13.766666730245,-7.38333332538605,243,92,13.3999999364217,-6.99166683355967,8.03333346048991,18.8000005086263,51.5000009536743,1.16666668467224,107.069998264313,249.13999825716,176.800003051758,3,"24A_1999",0.85
"2686","121-1-D-BENA",1999,0.045,1.14871549980348,15,1984,7,"121-1","BENA",73,42,19,0,25,0,0,0,0,0,0,NA,NA,NA,0,0,0,0,1394.51987,"East","24A","Tall Shrub (Open-Closed)","Low Shrub","Clay Loam","Mesic",2005,466.470276,61,7.209129,-150.675843,66.599029,0.233826787811822,1.26342563253533,"121-1-D-BENA_1999",13.766666730245,-7.38333332538605,243,92,13.3999999364217,-6.99166683355967,8.03333346048991,18.8000005086263,51.5000009536743,1.16666668467224,107.069998264313,249.13999825716,176.800003051758,3,"24A_1999",0.85
"2687","129-3-A-BENA",1999,0.05575,0.953439009194858,47,1952,8,"129-3","BENA",51,35,12,0,6,0,0,0,0,0,0,NA,NA,NA,0,0,0,0,1022.673056,"East","24A","Tussock Tundra (Low shrub or Herbaceous)","Low Shrub-Tussock Tundra","Sandy Loam","Mesic - Hydric",2005,301.546051,352,6.265718,-150.646771,66.710061,1.41041157243243,4.09764153335833,"129-3-A-BENA_1999",14.0666666030884,-7.27499993642171,225,86,13.3999999364217,-6.99166683355967,8.03333346048991,18.8000005086263,51.5000009536743,1.16666668467224,107.069998264313,249.13999825716,176.800003051758,3,"24A_1999",0.85
"2688","129-4-D-BENA",1999,0.09975,2.80696807193764,38,1961,8,"129-4","BENA",87,41,18,0,9,0,0,0,0,0,0,NA,NA,NA,0,0,0,0,1057.255538,"East","24A","Tussock Tundra (Low shrub or Herbaceous)","Tall Shrub","Sandy Loam","Mesic - Hydric",2005,303.823029,358,6.979915,-150.646167,66.709845,2.23653853281637,9.36087278886934,"129-4-D-BENA_1999",14.0666666030884,-7.27499993642171,225,86,13.3999999364217,-6.99166683355967,8.03333346048991,18.8000005086263,51.5000009536743,1.16666668467224,107.069998264313,249.13999825716,176.800003051758,3,"24A_1999",0.85
"2689","147-3-A-BENA",1999,0.0845,1.23945412041711,9,1990,9,"147-3","BENA",107,63,8,18,8,1,0,0,0.125,0,0,"Moose",NA,NA,1,2,1,0,952.272152,"West","24A","White Spruce or Black Spruce (Woodland)","Black Spruce Woodland","Clay Loam","Mesic - Hydric",0,425.583191,170,6.572863,-150.484233,66.911912,-0.299734475301723,0.741014952333643,"147-3-A-BENA_1999",13.6666663487752,-7.52424768606822,226.270812988281,92.1354064941406,11.766666730245,-8.30833353598913,6.50000015894572,17.0666669209798,34.4000008106232,1.09166668355465,102.979999065399,263.039999246597,178.200004577637,3,"24A_1999",0.85
"2690","147-4-D-BENA",1999,0.05125,0.474929287658732,13,1986,9,"147-4","BENA",94,47,7,14,7,0,0,0,0,0,0,NA,NA,NA,0,0,1,0,956.341518,"West","24A","Tall Shrub (Open-Closed)","Tall Shrub","Clay Loam","Mesic - Hydric",0,428.39856,129,7.52786,-150.483929,66.912191,-0.820174694914914,0.440354720055814,"147-4-D-BENA_1999",13.6666663487752,-7.52424768606822,226.270812988281,92.1354064941406,11.766666730245,-8.30833353598913,6.50000015894572,17.0666669209798,34.4000008106232,1.09166668355465,102.979999065399,263.039999246597,178.200004577637,3,"24A_1999",0.85
"2691","151-1-D-BENA",1999,0.05925,0.626870845553277,15,1984,10,"151-1","BENA",90,67,12,0,8,0,0,0,0,0,0,NA,NA,NA,0,0,0,0,725.03173,"East","24A","White Spruce or Black Spruce (Open-Closed)","Low Shrub","Clay Loam","Mesic",0,471.29071,296,22.022722,-150.362735,66.958242,-0.371832321130646,0.689469842355747,"151-1-D-BENA_1999",12.7961651484172,-8.32208204269409,243.241474151611,98.93678855896,11.766666730245,-8.30833353598913,6.50000015894572,17.0666669209798,34.4000008106232,1.09166668355465,102.979999065399,263.039999246597,178.200004577637,3,"24A_1999",0.85
"2692","151-3-C-BENA",1999,0.03525,0.482416095651319,13,1986,10,"151-3","BENA",86,51,13,0,9,0,0,0,0,0,0,NA,NA,NA,0,0,0,0,698.113665,"East","24A","White Spruce or Black Spruce (Open-Closed)","Low Shrub","Clay Loam","Mesic",0,469.98999,301,21.5443,-150.36215,66.958641,-0.804533609146347,0.447296492912021,"151-3-C-BENA_1999",12.7961651484172,-8.32208204269409,243.241474151611,98.93678855896,11.766666730245,-8.30833353598913,6.50000015894572,17.0666669209798,34.4000008106232,1.09166668355465,102.979999065399,263.039999246597,178.200004577637,3,"24A_1999",0.85
"2693","151-4-A-BENA",1999,0.05975,0.708089655028373,13,1986,10,"151-4","BENA",65,36,9,0,8,0,0,0,0,0,0,NA,NA,NA,0,0,0,0,714.907956,"East","24A","Low Shrub","Low Shrub","Clay Loam","Mesic",0,485.466003,301,24.973797,-150.361301,66.958638,-0.420769902708074,0.656541152371495,"151-4-A-BENA_1999",12.7961651484172,-8.32208204269409,243.241474151611,98.93678855896,11.766666730245,-8.30833353598913,6.50000015894572,17.0666669209798,34.4000008106232,1.09166668355465,102.979999065399,263.039999246597,178.200004577637,3,"24A_1999",0.85
"2694","151-4-D-BENA",1999,0.1625,2.38458663379916,6,1993,10,"151-4","BENA",83,56,8,0,9,0,0,0,0,0,0,NA,NA,NA,0,0,0,0,714.907956,"East","24A","Low Shrub","Low Shrub","Clay Loam","Mesic",0,485.466003,301,24.973797,-150.361301,66.958638,-0.129236926032889,0.878765738399103,"151-4-D-BENA_1999",12.7961651484172,-8.32208204269409,243.241474151611,98.93678855896,11.766666730245,-8.30833353598913,6.50000015894572,17.0666669209798,34.4000008106232,1.09166668355465,102.979999065399,263.039999246597,178.200004577637,3,"24A_1999",0.85
"2695","158-2-C-BENA",1999,0.07725,1.01255514355561,11,1988,11,"158-2","BENA",54,29,8,0,53,0,0,0,0,0,0,NA,NA,NA,0,0,0,1,1283.38641,"East","24A","Tussock Tundra (Low shrub or Herbaceous)","Low Shrub","Sandy Loam","Mesic - Xeric",2005,590.000549,54,15.617359,-150.286104,67.046812,-0.262460454943103,0.769156780115802,"158-2-C-BENA_1999",13.6000000635783,-7.91666650772095,228,105,11.8000001907349,-8.48333362738291,6.6333335240682,17.0000006357829,33.0000002384186,1.1916666974624,99.4599974155426,261.519999265671,163.700008392334,3,"24A_1999",0.85
"2696","173-1-A-BENA",1999,0.07675,0.557402770699854,31,1968,12,"173-1","BENA",69,40,12,0,9,0,0,0,0,0,0,NA,NA,NA,0,0,0,0,1301.486525,"East","24A","Low Shrub","Low Shrub","Clay Loam","Mesic",0,349.871613,358,2.901099,-150.191497,67.228159,0.377003914899537,1.4579100169313,"173-1-A-BENA_1999",14.0971142450968,-7.6943576335907,207.686904907227,123.774322509766,11.8000001907349,-8.48333362738291,6.6333335240682,17.0000006357829,33.0000002384186,1.1916666974624,99.4599974155426,261.519999265671,163.700008392334,3,"24A_1999",0.85
"2697","173-1-B-BENA",1999,0.1405,2.13789071448154,9,1990,12,"173-1","BENA",101,53,11,0,7,0,0,0,0,0,0,NA,NA,NA,0,0,0,0,1301.486525,"East","24A","Low Shrub","Low Shrub","Clay Loam","Mesic",0,349.871613,358,2.901099,-150.191497,67.228159,0.245414163004456,1.27815056627748,"173-1-B-BENA_1999",14.0971142450968,-7.6943576335907,207.686904907227,123.774322509766,11.8000001907349,-8.48333362738291,6.6333335240682,17.0000006357829,33.0000002384186,1.1916666974624,99.4599974155426,261.519999265671,163.700008392334,3,"24A_1999",0.85
"2698","173-2-A-BENA",1999,0.127,1.08203990812001,40,1959,12,"173-2","BENA",94,43,12,0,6,0,0,0,0,0,0,NA,NA,NA,0,2,0,0,1323.706943,"East","24A","Tussock Tundra (Low shrub or Herbaceous)","Low Shrub","Clay Loam","Mesic",0,348.371155,13,2.823825,-150.190835,67.228457,1.34449194389266,3.83623702176128,"173-2-A-BENA_1999",14.0971142450968,-7.6943576335907,207.686904907227,123.774322509766,11.8000001907349,-8.48333362738291,6.6333335240682,17.0000006357829,33.0000002384186,1.1916666974624,99.4599974155426,261.519999265671,163.700008392334,3,"24A_1999",0.85
"2699","173-3-B-BENA",1999,0.03825,0.213564879542415,34,1965,12,"173-3","BENA",70,51,14,0,9,0,0,0,0,0,0,NA,NA,NA,0,0,0,0,1278.311889,"East","24A","Low Shrub","Low Shrub","Clay Loam","Mesic",0,347.24527,24,1.739254,-150.191816,67.228627,-0.472110846044355,0.623684376140033,"173-3-B-BENA_1999",14.0971142450968,-7.6943576335907,207.686904907227,123.774322509766,11.8000001907349,-8.48333362738291,6.6333335240682,17.0000006357829,33.0000002384186,1.1916666974624,99.4599974155426,261.519999265671,163.700008392334,3,"24A_1999",0.85
"2700","173-4-B-BENA",1999,0.23575,3.42893390961094,9,1990,12,"173-4","BENA",124,71,14,0,12,0,0,0,0,0,0,NA,NA,NA,0,1,0,0,1308.377258,"East","24A","Low Shrub","Low Shrub","Clay Loam","Mesic",0,346.165253,355,1.872125,-150.190975,67.22891,0.717843866819895,2.05000835103964,"173-4-B-BENA_1999",14.0971142450968,-7.6943576335907,207.686904907227,123.774322509766,11.8000001907349,-8.48333362738291,6.6333335240682,17.0000006357829,33.0000002384186,1.1916666974624,99.4599974155426,261.519999265671,163.700008392334,3,"24A_1999",0.85
"2701","173-4-C-BENA",1999,0.1565,2.6247229076561,30,1969,12,"173-4","BENA",119,74,14,0,14,0,0,0,0,0,0,NA,NA,NA,0,1,0,0,1308.377258,"East","24A","Low Shrub","Low Shrub","Clay Loam","Mesic",0,346.165253,355,1.872125,-150.190975,67.22891,1.88731707675768,6.6016332250312,"173-4-C-BENA_1999",14.0971142450968,-7.6943576335907,207.686904907227,123.774322509766,11.8000001907349,-8.48333362738291,6.6333335240682,17.0000006357829,33.0000002384186,1.1916666974624,99.4599974155426,261.519999265671,163.700008392334,3,"24A_1999",0.85
"2702","184-1-B-BENA",1999,0.1255,2.0206331248808,47,1952,13,"184-1","BENA",128,51,19,0,13,0,1,0,0,0.076923077,0,NA,"Hare",NA,1,2,0,0,692.283244,"East","24A","White Spruce or Black Spruce (Open-Closed)","Tall Shrub","Clay Loam","Mesic",0,423.977753,249,10.469168,-150.109686,67.368938,2.16150228406984,8.68417396009752,"184-1-B-BENA_1999",13.6666663487752,-7.60833340883255,165,83,11.8000001907349,-8.48333362738291,6.6333335240682,17.0000006357829,33.0000002384186,1.1916666974624,99.4599974155426,261.519999265671,163.700008392334,3,"24A_1999",0.85
"2703","184-1-C-BENA",1999,0.251,6.80628090435455,8,1991,13,"184-1","BENA",166,49,15,8,26,1,2,0,0.038461538,0.076923077,0,"Moose","Hare",NA,1,2,0,0,692.283244,"East","24A","White Spruce or Black Spruce (Open-Closed)","Tall Shrub","Clay Loam","Mesic",0,423.977753,249,10.469168,-150.109686,67.368938,1.26288526729827,3.53560795897555,"184-1-C-BENA_1999",13.6666663487752,-7.60833340883255,165,83,11.8000001907349,-8.48333362738291,6.6333335240682,17.0000006357829,33.0000002384186,1.1916666974624,99.4599974155426,261.519999265671,163.700008392334,3,"24A_1999",0.85
"2704","184-2-A-BENA",1999,0.0875,0.769002976736526,14,1985,13,"184-2","BENA",89,39,11,0,12,0,1,0,0,0.083333333,0,NA,"Hare",NA,1,1,0,0,706.210196,"East","24A","White Spruce or Black Spruce (Open-Closed)","Tall Shrub","Clay Loam","Mesic",0,429.192566,258,16.706417,-150.109279,67.369156,-0.249809872113919,0.778948868895145,"184-2-A-BENA_1999",13.6621526082357,-7.6098379890124,164.458374023438,82.4583687782288,11.8000001907349,-8.48333362738291,6.6333335240682,17.0000006357829,33.0000002384186,1.1916666974624,99.4599974155426,261.519999265671,163.700008392334,3,"24A_1999",0.85
"2705","184-2-D-BENA",1999,0.194,1.54134703726015,28,1971,13,"184-2","BENA",84,38,12,10,7,0,0,0,0,0,0,NA,NA,NA,0,1,0,0,706.210196,"East","24A","White Spruce or Black Spruce (Open-Closed)","Tall Shrub","Clay Loam","Mesic",0,429.192566,258,16.706417,-150.109279,67.369156,1.2726666189534,3.57036067090556,"184-2-D-BENA_1999",13.6621526082357,-7.6098379890124,164.458374023438,82.4583687782288,11.8000001907349,-8.48333362738291,6.6333335240682,17.0000006357829,33.0000002384186,1.1916666974624,99.4599974155426,261.519999265671,163.700008392334,3,"24A_1999",0.85
"2706","184-3-B-BENA",1999,0.0756666666666667,1.23397261047922,22,1977,13,"184-3","BENA",71,35,17,0,17,0,2,0,0,0.117647059,0,NA,"Hare",NA,1,1,3,0,683.765397,"East","24A","White Spruce or Black Spruce (Open-Closed)","Tall Shrub","Clay Loam","Mesic",0,425.482941,261,10.788996,-150.109693,67.36937,0.762460612169085,2.14354416751516,"184-3-B-BENA_1999",13.6621526082357,-7.6098379890124,164.458374023438,82.4583687782288,11.8000001907349,-8.48333362738291,6.6333335240682,17.0000006357829,33.0000002384186,1.1916666974624,99.4599974155426,261.519999265671,163.700008392334,3,"24A_1999",0.85
"2707","184-3-D-BENA",1999,0.171,2.32022011271608,11,1988,13,"184-3","BENA",103,48,17,7,31,3,1,0,0.096774194,0.032258065,0,"Moose","Hare",NA,1,1,3,0,683.765397,"East","24A","White Spruce or Black Spruce (Open-Closed)","Tall Shrub","Clay Loam","Mesic",0,425.482941,261,10.788996,-150.109693,67.36937,0.566724621118894,1.76248478160895,"184-3-D-BENA_1999",13.6621526082357,-7.6098379890124,164.458374023438,82.4583687782288,11.8000001907349,-8.48333362738291,6.6333335240682,17.0000006357829,33.0000002384186,1.1916666974624,99.4599974155426,261.519999265671,163.700008392334,3,"24A_1999",0.85
"2708","191-2-A-BENA",1999,0.21725,3.73248205308334,6,1993,14,"191-2","BENA",82,51,10,0,13,1,0,0,0.076923077,0,0,"Moose",NA,NA,1,0,0,0,1628.072852,"East","24A","Low Shrub","Low Shrub","Clay Loam","Mesic",0,494.812988,260,1.497492,-149.859771,67.475671,0.318810725946636,1.37549095551772,"191-2-A-BENA_1999",12.9120362599691,-7.8568288286527,167.368103027344,82.7743215560913,9.96666685740153,-9.90000021457672,4.96666685740153,15.0333334604899,15.5999999046326,1.02500001341105,80.0199992656708,275.599997520447,162.100006103516,3,"24A_1999",0.85
"2709","191-3-A-BENA",1999,0.132,1.27558714279317,18,1981,14,"191-3","BENA",102,51,9,0,9,0,1,0,0,0.111111111,0,NA,"Hare",NA,1,2,0,0,1608.343863,"East","24A","Low Shrub","Low Shrub","Clay Loam","Mesic",0,494.475037,298,4.15829,-149.859591,67.475979,0.556160363125161,1.74396344202449,"191-3-A-BENA_1999",12.9120362599691,-7.8568288286527,167.368103027344,82.7743215560913,9.96666685740153,-9.90000021457672,4.96666685740153,15.0333334604899,15.5999999046326,1.02500001341105,80.0199992656708,275.599997520447,162.100006103516,3,"24A_1999",0.85
"2710","191-3-D-BENA",1999,0.1965,3.56431986326969,13,1986,14,"191-3","BENA",110,71,10,0,16,0,0,0,0,0,0,NA,NA,NA,0,2,0,0,1608.343863,"East","24A","Low Shrub","Low Shrub","Clay Loam","Mesic",0,494.475037,298,4.15829,-149.859591,67.475979,1.195387913175,3.30483951267149,"191-3-D-BENA_1999",12.9120362599691,-7.8568288286527,167.368103027344,82.7743215560913,9.96666685740153,-9.90000021457672,4.96666685740153,15.0333334604899,15.5999999046326,1.02500001341105,80.0199992656708,275.599997520447,162.100006103516,3,"24A_1999",0.85
"2711","191-4-B-BENA",1999,0.18175,1.8852479566202,16,1983,14,"191-4","BENA",77,59,11,0,12,0,1,0,0,0.083333333,0,NA,"Hare",NA,1,1,0,0,1634.196324,"East","24A","Low Shrub","Low Shrub","Clay Loam","Mesic",0,497.007599,303,3.553675,-149.85875,67.475963,0.8062580921311,2.23951223994429,"191-4-B-BENA_1999",12.9120362599691,-7.8568288286527,167.368103027344,82.7743215560913,9.96666685740153,-9.90000021457672,4.96666685740153,15.0333334604899,15.5999999046326,1.02500001341105,80.0199992656708,275.599997520447,162.100006103516,3,"24A_1999",0.85
"2712","203-1-A-BENA",1999,0.10975,1.74110226089554,9,1990,15,"203-1","BENA",97,41,11,0,17,1,0,0,0.058823529,0,0,"Moose",NA,NA,1,1,0,0,905.036767,"East","24A","Low Shrub","Low Shrub","Loam","Mesic",0,550.644958,299,23.927214,-149.794431,67.571449,0.0401128634129944,1.0409282502779,"203-1-A-BENA_1999",13.2000001271566,-7.94999990860621,136,75,9.06666660308838,-10.816666841507,4.20000004768372,14,9.00000011920929,1.01666668926676,60.6499984264374,282.14999961853,130.600004196167,3,"24A_1999",0.85
"2713","203-1-D-BENA",1999,0.3195,8.09214263145047,7,1992,15,"203-1","BENA",143,46,14,0,26,2,0,0,0.076923077,0,0,"Moose",NA,NA,1,1,0,0,905.036767,"East","24A","Low Shrub","Low Shrub","Loam","Mesic",0,550.644958,299,23.927214,-149.794431,67.571449,1.27658479294746,3.58437740730957,"203-1-D-BENA_1999",13.2000001271566,-7.94999990860621,136,75,9.06666660308838,-10.816666841507,4.20000004768372,14,9.00000011920929,1.01666668926676,60.6499984264374,282.14999961853,130.600004196167,3,"24A_1999",0.85
"2714","203-2-C-BENA",1999,0.188,1.93191611913974,23,1976,15,"203-2","BENA",118,35,14,0,38,0,0,0,0,0,0,NA,NA,NA,0,0,1,0,933.944119,"East","24A","Low Shrub","Low Shrub","Loam","Mesic",0,566.911377,300,26.508135,-149.793674,67.571447,1.26378020712742,3.53877353164553,"203-2-C-BENA_1999",13.2000001271566,-7.94999990860621,136,75,9.06666660308838,-10.816666841507,4.20000004768372,14,9.00000011920929,1.01666668926676,60.6499984264374,282.14999961853,130.600004196167,3,"24A_1999",0.85
"2715","203-3-D-BENA",1999,0.34975,7.21536123189677,7,1992,15,"203-3","BENA",108,52,11,0,7,1,0,0,0.14,0,0,"Moose",NA,NA,1,0,1,0,922.335664,"East","24A","Low Shrub","Low Shrub","Loam","Mesic",0,556.241272,305,23.609533,-149.79364,67.571701,1.16190350533113,3.19601111387633,"203-3-D-BENA_1999",13.2000001271566,-7.94999990860621,136,75,9.06666660308838,-10.816666841507,4.20000004768372,14,9.00000011920929,1.01666668926676,60.6499984264374,282.14999961853,130.600004196167,3,"24A_1999",0.85
"2716","203-4-B-BENA",1999,0.14325,2.80044376939428,20,1979,15,"203-4","BENA",99,36,12,0,12,0,0,0,0,0,0,NA,NA,NA,0,1,1,0,951.384807,"East","24A","Low Shrub","Low Shrub","Loam","Mesic",0,569.135193,316,29.227108,-149.792864,67.571712,1.46826245529746,4.34168471208681,"203-4-B-BENA_1999",13.2000001271566,-7.94999990860621,136,75,9.06666660308838,-10.816666841507,4.20000004768372,14,9.00000011920929,1.01666668926676,60.6499984264374,282.14999961853,130.600004196167,3,"24A_1999",0.85
"2717","209-1-C-BENA",1999,0.217666666666667,3.02955049706526,10,1989,16,"209-1","BENA",58,59,14,0,9,0,0,0,0,0,0,NA,NA,NA,0,0,1,0,698.873831,"East","24A","Low Shrub","Black Spruce Woodland","Sandy Loam","Mesic - Xeric",0,553.345276,287,19.679848,-149.692986,67.655886,0.719739500433971,2.05389810138497,"209-1-C-BENA_1999",12.4909728368123,-8.38972747325897,126.954864501953,74.0451354980469,9.06666660308838,-10.816666841507,4.20000004768372,14,9.00000011920929,1.01666668926676,60.6499984264374,282.14999961853,130.600004196167,3,"24A_1999",0.85
"2718","209-1-D-BENA",1999,0.06475,0.73103388427478,15,1984,16,"209-1","BENA",76,39,10,0,6,0,0,0,0,0,0,NA,NA,NA,0,0,1,0,698.873831,"East","24A","Low Shrub","Black Spruce Woodland","Sandy Loam","Mesic - Xeric",0,553.345276,287,19.679848,-149.692986,67.655886,-0.218113040599258,0.80403454798219,"209-1-D-BENA_1999",12.4909728368123,-8.38972747325897,126.954864501953,74.0451354980469,9.06666660308838,-10.816666841507,4.20000004768372,14,9.00000011920929,1.01666668926676,60.6499984264374,282.14999961853,130.600004196167,3,"24A_1999",0.85
"2719","209-2-B-BENA",1999,0.23625,4.36544228694698,31,1968,16,"209-2","BENA",104,57,18,0,18,0,0,0,0,0,0,NA,NA,NA,0,0,0,0,728.528855,"East","24A","Low Shrub","Black Spruce Woodland","Sandy Loam","Mesic - Xeric",0,561.911133,287,21.070175,-149.692261,67.656,2.43519061800886,11.4179949814109,"209-2-B-BENA_1999",12.4909728368123,-8.38972747325897,126.954864501953,74.0451354980469,9.06666660308838,-10.816666841507,4.20000004768372,14,9.00000011920929,1.01666668926676,60.6499984264374,282.14999961853,130.600004196167,3,"24A_1999",0.85
"2720","209-2-D-BENA",1999,0.03625,0.250114953872438,38,1961,16,"209-2","BENA",86,47,10,0,6,0,0,0,0,0,0,NA,NA,NA,0,0,0,0,728.528855,"East","24A","Low Shrub","Black Spruce Woodland","Sandy Loam","Mesic - Xeric",0,561.911133,287,21.070175,-149.692261,67.656,-0.181401041368259,0.834100782691708,"209-2-D-BENA_1999",12.4909728368123,-8.38972747325897,126.954864501953,74.0451354980469,9.06666660308838,-10.816666841507,4.20000004768372,14,9.00000011920929,1.01666668926676,60.6499984264374,282.14999961853,130.600004196167,3,"24A_1999",0.85
"2721","209-3-A-BENA",1999,0.077,0.764654227105794,39,1960,16,"209-3","BENA",67,52,13,0,10,0,0,0,0,0,0,NA,NA,NA,0,0,1,0,711.058695,"East","24A","Low Shrub","Black Spruce Woodland","Sandy Loam","Mesic - Xeric",0,553.430786,276,18.070417,-149.69261,67.656251,0.96709962370852,2.63030451250208,"209-3-A-BENA_1999",12.4909728368123,-8.38972747325897,126.954864501953,74.0451354980469,9.06666660308838,-10.816666841507,4.20000004768372,14,9.00000011920929,1.01666668926676,60.6499984264374,282.14999961853,130.600004196167,3,"24A_1999",0.85
"2722","209-3-D-BENA",1999,0.15125,2.39020321241515,17,1982,16,"209-3","BENA",84,39,10,0,8,0,0,0,0,0,0,NA,NA,NA,0,0,1,0,711.058695,"East","24A","Low Shrub","Black Spruce Woodland","Sandy Loam","Mesic - Xeric",0,553.430786,276,18.070417,-149.69261,67.656251,1.11592283054872,3.05238371278925,"209-3-D-BENA_1999",12.4909728368123,-8.38972747325897,126.954864501953,74.0451354980469,9.06666660308838,-10.816666841507,4.20000004768372,14,9.00000011920929,1.01666668926676,60.6499984264374,282.14999961853,130.600004196167,3,"24A_1999",0.85
"2723","209-4-C-BENA",1999,0.2875,4.10553145448157,8,1991,16,"209-4","BENA",57,38,10,0,7,0,0,0,0,0,0,NA,NA,NA,0,0,0,0,738.024448,"East","24A","Low Shrub","Black Spruce Woodland","Sandy Loam","Mesic - Xeric",0,561.090881,296,18.584587,-149.691928,67.656444,0.757374618709201,2.13266979283836,"209-4-C-BENA_1999",12.4909728368123,-8.38972747325897,126.954864501953,74.0451354980469,9.06666660308838,-10.816666841507,4.20000004768372,14,9.00000011920929,1.01666668926676,60.6499984264374,282.14999961853,130.600004196167,3,"24A_1999",0.85
"2724","209-4-D-BENA",1999,0.038,0.195704443281722,27,1972,16,"209-4","BENA",71,50,9,0,8,0,0,0,0,0,0,NA,NA,NA,0,0,0,0,738.024448,"East","24A","Low Shrub","Black Spruce Woodland","Sandy Loam","Mesic - Xeric",0,561.090881,296,18.584587,-149.691928,67.656444,-0.83453873024951,0.434074660771573,"209-4-D-BENA_1999",12.4909728368123,-8.38972747325897,126.954864501953,74.0451354980469,9.06666660308838,-10.816666841507,4.20000004768372,14,9.00000011920929,1.01666668926676,60.6499984264374,282.14999961853,130.600004196167,3,"24A_1999",0.85
"2725","222-1-B-BENA",1999,0.14,1.94951532118515,19,1980,17,"222-1","BENA",63,58,19,0,9,0,2,0,0,0.222222222,0,NA,"Hare",NA,1,2,18,0,769.468544,"East","24A","Low Shrub","Tall Shrub","Clay Loam","Mesic",0,669.484009,287,15.029548,-149.809491,67.826198,1.04485507950375,2.84298648678369,"222-1-B-BENA_1999",11.8666664759318,-8.94166664282481,128,75,9.06666660308838,-10.816666841507,4.20000004768372,14,9.00000011920929,1.01666668926676,60.6499984264374,282.14999961853,130.600004196167,3,"24A_1999",0.85
"2726","222-1-D-BENA",1999,0.1155,1.19886945572171,18,1981,17,"222-1","BENA",78,38,9,0,9,0,2,0,0,0.222222222,0,NA,"Hare",NA,1,2,18,0,769.468544,"East","24A","Low Shrub","Tall Shrub","Clay Loam","Mesic",0,669.484009,287,15.029548,-149.809491,67.826198,0.494132778850605,1.63907618099713,"222-1-D-BENA_1999",11.8666664759318,-8.94166664282481,128,75,9.06666660308838,-10.816666841507,4.20000004768372,14,9.00000011920929,1.01666668926676,60.6499984264374,282.14999961853,130.600004196167,3,"24A_1999",0.85
"2727","222-2-A-BENA",1999,0.1745,3.07626873214554,13,1986,17,"222-2","BENA",81,59,12,0,9,0,0,0,0,0,0,NA,NA,NA,0,3,13,0,794.735172,"East","24A","Low Shrub","Tall Shrub","Clay Loam","Mesic",0,676.198608,282,15.59229,-149.808768,67.826375,1.04813207118534,2.85231821149301,"222-2-A-BENA_1999",11.8666664759318,-8.94166664282481,128,75,9.06666660308838,-10.816666841507,4.20000004768372,14,9.00000011920929,1.01666668926676,60.6499984264374,282.14999961853,130.600004196167,3,"24A_1999",0.85
"2728","222-3-A-BENA",1999,0.112,1.02232451496058,37,1962,17,"222-3","BENA",126,65,16,0,21,0,3,0,0,0.142857143,0,NA,"Hare",NA,1,2,11,1,778.440723,"East","24A","Low Shrub","Low Shrub","Clay Loam","Mesic",0,672.469177,278,13.422374,-149.809021,67.826615,1.19468833073902,3.30252831352612,"222-3-A-BENA_1999",11.8666664759318,-8.94166664282481,128,75,9.06666660308838,-10.816666841507,4.20000004768372,14,9.00000011920929,1.01666668926676,60.6499984264374,282.14999961853,130.600004196167,3,"24A_1999",0.85
"2729","235-1-A-BENA",1999,0.0555,0.61592102070873,20,1979,18,"235-1","BENA",59,29,10,0,18,0,0,0,0,0,0,NA,NA,NA,0,0,5,0,477.732622,"East","24A","Low Shrub","Low Shrub","Sandy Gravel","Mesic",0,813.776917,295,20.303024,-149.727576,68.004859,-0.046151975198822,0.954896830527113,"235-1-A-BENA_1999",9.60000006357829,-10.2333334765087,132,84,7.90000009536743,-12.0166669289271,3.10000006357829,12.7000001271566,5.19999998807907,0.941666681319475,42.4899986982346,292.129997253418,105.700000762939,3,"24A_1999",0.85
"2730","235-1-B-BENA",1999,0.229,4.43165626085991,7,1992,18,"235-1","BENA",42,18,10,0,10,0,1,0,0,0.1,0,NA,"Hare",NA,1,0,5,0,477.732622,"East","24A","Low Shrub","Low Shrub","Sandy Gravel","Mesic",0,813.776917,295,20.303024,-149.727576,68.004859,0.674464635534564,1.96298178391611,"235-1-B-BENA_1999",9.60000006357829,-10.2333334765087,132,84,7.90000009536743,-12.0166669289271,3.10000006357829,12.7000001271566,5.19999998807907,0.941666681319475,42.4899986982346,292.129997253418,105.700000762939,3,"24A_1999",0.85
"2731","235-2-B-BENA",1999,0.12125,1.11980401166111,16,1983,18,"235-2","BENA",54,38,8,0,9,0,0,0,0,0,0,NA,NA,NA,NA,0,0,0,510.631222,"East","24A","Dwarf Shrub-Lichen","Low Shrub","Sandy Gravel","Mesic",0,828.022217,289,26.243103,-149.726481,68.004961,0.285352418314674,1.33023074320138,"235-2-B-BENA_1999",9.60000006357829,-10.2333334765087,132,84,7.90000009536743,-12.0166669289271,3.10000006357829,12.7000001271566,5.19999998807907,0.941666681319475,42.4899986982346,292.129997253418,105.700000762939,3,"24A_1999",0.85
"2732","235-2-C-BENA",1999,0.0445,0.443308568551728,11,1988,18,"235-2","BENA",58,33,8,0,9,0,2,0,0,0.222222222,0,NA,"Hare",NA,1,0,0,0,510.631222,"East","24A","Dwarf Shrub-Lichen","Low Shrub","Sandy Gravel","Mesic",0,828.022217,289,26.243103,-149.726481,68.004961,-1.08842664463393,0.336745898092676,"235-2-C-BENA_1999",9.60000006357829,-10.2333334765087,132,84,7.90000009536743,-12.0166669289271,3.10000006357829,12.7000001271566,5.19999998807907,0.941666681319475,42.4899986982346,292.129997253418,105.700000762939,3,"24A_1999",0.85
"2733","235-3-B-BENA",1999,0.091,1.05848895879238,14,1985,18,"235-3","BENA",59,31,10,0,15,0,0,0,0,0,0,NA,NA,NA,0,0,1,0,482.982181,"East","24A","Dwarf Shrub-Lichen","Low Shrub","Sandy Gravel","Mesic",0,817.546387,298,18.704132,-149.726784,68.005244,0.0696929469952387,1.07217891494822,"235-3-B-BENA_1999",9.60000006357829,-10.2333334765087,132,84,7.90000009536743,-12.0166669289271,3.10000006357829,12.7000001271566,5.19999998807907,0.941666681319475,42.4899986982346,292.129997253418,105.700000762939,3,"24A_1999",0.85
"2734","235-4-A-BENA",1999,0.129,2.15783590084102,9,1990,18,"235-4","BENA",45,36,11,0,13,0,0,0,0,0,0,NA,NA,NA,0,0,0,0,503.848767,"East","24A","Low Shrub","Low Shrub","Sandy Gravel","Mesic",0,825.290771,293,20.728168,-149.726015,68.005351,0.254700289181328,1.29007491351712,"235-4-A-BENA_1999",9.60000006357829,-10.2333334765087,132,84,7.90000009536743,-12.0166669289271,3.10000006357829,12.7000001271566,5.19999998807907,0.941666681319475,42.4899986982346,292.129997253418,105.700000762939,3,"24A_1999",0.85
"2735","240-3-D-BENA",1999,0.07375,1.19674946972916,15,1984,19,"240-3","BENA",97,46,12,0,13,0,0,2,0,0,0.153846154,NA,NA,"Ptarmagin",1,0,1,3,399.798137,"West","24A","Low Shrub","Low Shrub","Sandy Loam","Mesic",0,1034.808228,93,20.584356,-149.606025,68.07014,0.274791532588281,1.31625624973073,"240-3-D-BENA_1999",8.51828813552856,-10.7078986763954,163.218662261963,118.767307281494,7.90000009536743,-12.0166669289271,3.10000006357829,12.7000001271566,5.19999998807907,0.941666681319475,42.4899986982346,292.129997253418,105.700000762939,3,"24A_1999",0.85
"2736","240-4-B-BENA",1999,0.1355,2.26337142285306,31,1968,19,"240-4","BENA",102,72,15,0,13,0,0,0,0,0,0,NA,NA,NA,0,0,2,0,431.079046,"West","24A","Low Shrub","Low Shrub","Sandy Loam","Mesic",0,1046.807861,94,24.616484,-149.606605,68.070368,1.77832658979858,5.91994163443148,"240-4-B-BENA_1999",8.51828813552856,-10.7078986763954,163.218662261963,118.767307281494,7.90000009536743,-12.0166669289271,3.10000006357829,12.7000001271566,5.19999998807907,0.941666681319475,42.4899986982346,292.129997253418,105.700000762939,3,"24A_1999",0.85
"2737","240-4-D-BENA",1999,0.10425,1.3923312838738,14,1985,19,"240-4","BENA",83,41,16,0,29,0,0,3,0,0,0.103448276,NA,NA,"Ptarmagin",1,0,2,0,431.079046,"West","24A","Low Shrub","Low Shrub","Sandy Loam","Mesic",0,1046.807861,94,24.616484,-149.606605,68.070368,0.343830091336748,1.41033898633712,"240-4-D-BENA_1999",8.51828813552856,-10.7078986763954,163.218662261963,118.767307281494,7.90000009536743,-12.0166669289271,3.10000006357829,12.7000001271566,5.19999998807907,0.941666681319475,42.4899986982346,292.129997253418,105.700000762939,3,"24A_1999",0.85
"2738","255-1-A-BENA",1999,0.12575,2.25211136573397,30,1969,20,"255-1","BENA",71,26,15,0,17,0,0,0,0,0,0,NA,NA,NA,0,0,0,0,585.543915,"East","26B","Low Shrub","Low Shrub","Sandy Gravel","Mesic - Xeric",0,991.483582,331,1.701594,-149.392735,68.222633,1.73420990625322,5.66445058833911,"255-1-A-BENA_1999",8.87118053436279,-11.1287612020969,162.864593505859,119.909729003906,6.06666660308838,-13.4916672209899,1.43333333730698,10.7333335876465,3.40000009536743,0.86666668082277,32.0799995660782,308.039999008179,104.400003433228,3,"26B_1999",0.27
"2739","255-2-C-BENA",1999,0.09525,0.801430692456422,18,1981,20,"255-2","BENA",65,27,8,0,20,0,0,0,0,0,0,NA,NA,NA,0,0,1,1,631.079496,"East","26B","Low Shrub","Low Shrub","Sandy Gravel","Mesic - Xeric",0,993.382141,286,2.676414,-149.39171,68.222788,0.0913970033973665,1.09570391709961,"255-2-C-BENA_1999",8.87118053436279,-11.1287612020969,162.864593505859,119.909729003906,6.06666660308838,-13.4916672209899,1.43333333730698,10.7333335876465,3.40000009536743,0.86666668082277,32.0799995660782,308.039999008179,104.400003433228,3,"26B_1999",0.27
"2740","255-2-D-BENA",1999,0.14925,2.95571934249245,10,1989,20,"255-2","BENA",60,32,10,0,11,0,0,0,0,0,0,NA,NA,NA,0,0,1,1,631.079496,"East","26B","Low Shrub","Low Shrub","Sandy Gravel","Mesic - Xeric",0,993.382141,286,2.676414,-149.39171,68.222788,0.69506729627008,2.00384392062546,"255-2-D-BENA_1999",8.87118053436279,-11.1287612020969,162.864593505859,119.909729003906,6.06666660308838,-13.4916672209899,1.43333333730698,10.7333335876465,3.40000009536743,0.86666668082277,32.0799995660782,308.039999008179,104.400003433228,3,"26B_1999",0.27
"2741","255-4-D-BENA",1999,0.03925,0.252071380697461,22,1977,20,"255-4","BENA",56,29,5,0,12,0,0,0,0,0,0,NA,NA,NA,0,0,0,2,644.564014,"East","26B","Low Shrub","Low Shrub","Sandy Gravel","Mesic - Xeric",0,993.003235,239,7.430982,-149.391619,68.223199,-0.825821092190288,0.437875308822048,"255-4-D-BENA_1999",8.87118053436279,-11.1287612020969,162.864593505859,119.909729003906,6.06666660308838,-13.4916672209899,1.43333333730698,10.7333335876465,3.40000009536743,0.86666668082277,32.0799995660782,308.039999008179,104.400003433228,3,"26B_1999",0.27
"2742","261-1-C-BENA",1999,0.0596666666666667,0.346966939948183,23,1976,21,"261-1","BENA",52,23,10,0,13,0,0,0,0,0,0,NA,NA,NA,0,0,0,0,356.206777,"East","26B","Dwarf Shrub","Low Shrub","Sandy Loam","Mesic",0,883.832947,287,13.943512,-149.352299,68.301689,-0.453257888624716,0.635554210289117,"261-1-C-BENA_1999",9.03160603841146,-11.2503371785084,175.988628387451,119.115051269531,6.06666660308838,-13.4916672209899,1.43333333730698,10.7333335876465,3.40000009536743,0.86666668082277,32.0799995660782,308.039999008179,104.400003433228,3,"26B_1999",0.27
"2743","261-1-D-BENA",1999,0.0835,0.872092768867748,10,1989,21,"261-1","BENA",59,19,9,0,15,0,0,0,0,0,0,NA,NA,NA,0,0,0,0,356.206777,"East","26B","Dwarf Shrub","Low Shrub","Sandy Loam","Mesic",0,883.832947,287,13.943512,-149.352299,68.301689,-0.525534231694249,0.591239421143223,"261-1-D-BENA_1999",9.03160603841146,-11.2503371785084,175.988628387451,119.115051269531,6.06666660308838,-13.4916672209899,1.43333333730698,10.7333335876465,3.40000009536743,0.86666668082277,32.0799995660782,308.039999008179,104.400003433228,3,"26B_1999",0.27
"2744","261-2-B-BENA",1999,0.157,2.40622278240444,13,1986,21,"261-2","BENA",66,25,12,0,19,0,0,0,0,0,0,NA,NA,NA,0,0,0,1,388.99561,"East","26B","Dwarf Shrub-Lichen","Low Shrub","Sandy Loam","Mesic",0,888.892761,295,13.025289,-149.351465,68.301786,0.802472866982855,2.23105120545654,"261-2-B-BENA_1999",9.03160603841146,-11.2503371785084,175.988628387451,119.115051269531,6.06666660308838,-13.4916672209899,1.43333333730698,10.7333335876465,3.40000009536743,0.86666668082277,32.0799995660782,308.039999008179,104.400003433228,3,"26B_1999",0.27
"2745","261-2-C-BENA",1999,0.295,3.59864726079731,8,1991,21,"261-2","BENA",37,18,8,0,13,0,0,0,0,0,0,NA,NA,NA,0,0,0,1,388.99561,"East","26B","Dwarf Shrub-Lichen","Low Shrub","Sandy Loam","Mesic",0,888.892761,295,13.025289,-149.351465,68.301786,0.62559743298137,1.86936244266385,"261-2-C-BENA_1999",9.03160603841146,-11.2503371785084,175.988628387451,119.115051269531,6.06666660308838,-13.4916672209899,1.43333333730698,10.7333335876465,3.40000009536743,0.86666668082277,32.0799995660782,308.039999008179,104.400003433228,3,"26B_1999",0.27
"2746","261-3-D-BENA",1999,0.019,0.328833635093451,19,1980,21,"261-3","BENA",74,41,14,0,26,0,0,0,0,0,0,NA,NA,NA,0,0,0,1,380.53651,"East","26B","Tussock Tundra (Low shrub or Herbaceous)","Low Shrub","Sandy Loam","Mesic",0,884.224731,295,11.657486,-149.351558,68.302088,-0.734929033458164,0.479539489026592,"261-3-D-BENA_1999",9.03160603841146,-11.2503371785084,175.988628387451,119.115051269531,6.06666660308838,-13.4916672209899,1.43333333730698,10.7333335876465,3.40000009536743,0.86666668082277,32.0799995660782,308.039999008179,104.400003433228,3,"26B_1999",0.27
"2747","261-4-A-BENA",1999,0.0405,0.318022638924733,34,1965,21,"261-4","BENA",45,23,13,0,13,0,0,0,0,0,0,NA,NA,NA,0,0,0,0,405.679111,"East","26B","Low Shrub","Low Shrub","Sandy Loam","Mesic",0,886.626587,308,9.946874,-149.350886,68.302265,-0.073928946160382,0.928737681875203,"261-4-A-BENA_1999",9.03160603841146,-11.2503371785084,175.988628387451,119.115051269531,6.06666660308838,-13.4916672209899,1.43333333730698,10.7333335876465,3.40000009536743,0.86666668082277,32.0799995660782,308.039999008179,104.400003433228,3,"26B_1999",0.27
"2748","261-4-B-BENA",1999,0.0495,0.859497338521345,13,1986,21,"261-4","BENA",71,30,12,0,13,0,0,0,0,0,0,NA,NA,NA,0,0,0,0,405.679111,"East","26B","Low Shrub","Low Shrub","Sandy Loam","Mesic",0,886.626587,308,9.946874,-149.350886,68.302265,-0.226992891505549,0.796926447217233,"261-4-B-BENA_1999",9.03160603841146,-11.2503371785084,175.988628387451,119.115051269531,6.06666660308838,-13.4916672209899,1.43333333730698,10.7333335876465,3.40000009536743,0.86666668082277,32.0799995660782,308.039999008179,104.400003433228,3,"26B_1999",0.27
"2749","268-1-B-BENA",1999,0.015,0.131122223379205,14,1985,22,"268-1","BENA",63,26,6,0,12,0,0,0,0,0,0,NA,NA,NA,0,0,1,2,212.091228,"West","26B","Low Shrub","Low Shrub","Sandy Gravel","Mesic",0,818.738892,195,1.432166,-149.327109,68.400098,-2.01877482141165,0.132818091318315,"268-1-B-BENA_1999",10.0969909032186,-10.6363423050692,180.954864501953,100.909729003906,6.06666660308838,-13.4916672209899,1.43333333730698,10.7333335876465,3.40000009536743,0.86666668082277,32.0799995660782,308.039999008179,104.400003433228,3,"26B_1999",0.27
"2750","268-1-C-BENA",1999,0.0955,0.821610516517214,11,1988,22,"268-1","BENA",47,18,6,0,11,0,0,0,0,0,0,NA,NA,NA,0,0,1,2,212.091228,"West","26B","Low Shrub","Low Shrub","Sandy Gravel","Mesic",0,818.738892,195,1.432166,-149.327109,68.400098,-0.471426256634006,0.624111490041484,"268-1-C-BENA_1999",10.0969909032186,-10.6363423050692,180.954864501953,100.909729003906,6.06666660308838,-13.4916672209899,1.43333333730698,10.7333335876465,3.40000009536743,0.86666668082277,32.0799995660782,308.039999008179,104.400003433228,3,"26B_1999",0.27
"2751","268-2-A-BENA",1999,0.037,0.72928303541903,9,1990,22,"268-2","BENA",60,23,9,0,24,0,0,0,0,0,0,NA,NA,NA,0,0,0,4,184.615387,"West","26B","Low Shrub","Low Shrub","Sandy Gravel","Mesic",0,819.441162,203,1.359031,-149.326454,68.400307,-0.830098903240935,0.436006161766525,"268-2-A-BENA_1999",10.0969909032186,-10.6363423050692,180.954864501953,100.909729003906,6.06666660308838,-13.4916672209899,1.43333333730698,10.7333335876465,3.40000009536743,0.86666668082277,32.0799995660782,308.039999008179,104.400003433228,3,"26B_1999",0.27
"2752","268-4-C-BENA",1999,0.06425,0.606197987795412,20,1979,22,"268-4","BENA",58,32,8,0,18,0,0,0,0,0,0,NA,NA,NA,0,0,0,5,171.881056,"West","26B","Dwarf Shrub-Lichen","Low Shrub","Sandy Gravel","Mesic",0,820.486511,188,1.085947,-149.326166,68.400831,-0.0620640721330763,0.939822668418871,"268-4-C-BENA_1999",10.0969909032186,-10.6363423050692,180.954864501953,100.909729003906,6.06666660308838,-13.4916672209899,1.43333333730698,10.7333335876465,3.40000009536743,0.86666668082277,32.0799995660782,308.039999008179,104.400003433228,3,"26B_1999",0.27
"2753","268-4-D-BENA",1999,0.17575,1.88567874751282,11,1988,22,"268-4","BENA",57,23,7,0,15,0,0,0,0,0,0,NA,NA,NA,0,0,0,5,171.881056,"West","26B","Dwarf Shrub-Lichen","Low Shrub","Sandy Gravel","Mesic",0,820.486511,188,1.085947,-149.326166,68.400831,0.359350398113905,1.43239862342382,"268-4-D-BENA_1999",10.0969909032186,-10.6363423050692,180.954864501953,100.909729003906,6.06666660308838,-13.4916672209899,1.43333333730698,10.7333335876465,3.40000009536743,0.86666668082277,32.0799995660782,308.039999008179,104.400003433228,3,"26B_1999",0.27
"2754","282-1-B-BENA",1999,0.135333333333333,1.79021627381437,10,1989,23,"282-1","BENA",41,18,8,0,9,0,0,0,0,0,0,NA,NA,NA,0,0,0,0,577.316923,"West","26B","Tussock Tundra (Low shrub or Herbaceous)","Tussock Tundra","Clay Loam","Mesic",0,826.622314,26,2.82316,-149.530032,68.582817,0.193661678635398,1.21368559772074,"282-1-B-BENA_1999",10.4666668574015,-10.3500000952433,167,78,10.266666730245,-9.99166685342789,5.50000015894572,15.1000000635783,15.8000004887581,1.05833335717519,43.6099985837936,270.919998168945,86.0000019073486,3,"26B_1999",0.27
"2755","282-1-D-BENA",1999,0.0635,1.081241943586,9,1990,23,"282-1","BENA",74,20,11,0,15,0,0,0,0,0,0,NA,NA,NA,0,0,0,0,577.316923,"West","26B","Tussock Tundra (Low shrub or Herbaceous)","Tussock Tundra","Clay Loam","Mesic",0,826.622314,26,2.82316,-149.530032,68.582817,-0.436295204303451,0.646426869772222,"282-1-D-BENA_1999",10.4666668574015,-10.3500000952433,167,78,10.266666730245,-9.99166685342789,5.50000015894572,15.1000000635783,15.8000004887581,1.05833335717519,43.6099985837936,270.919998168945,86.0000019073486,3,"26B_1999",0.27
"2756","282-2-A-BENA",1999,0.09325,0.760287609666846,12,1987,23,"282-2","BENA",44,16,6,0,7,0,0,0,0,0,0,NA,NA,NA,0,0,0,0,604.079816,"West","26B","Low Shrub","Low Shrub-Tussock Tundra","Clay Loam","Mesic",0,826.41803,354,3.355184,-149.530916,68.583004,-0.445161880823834,0.640720547266657,"282-2-A-BENA_1999",10.4666668574015,-10.3500000952433,167,78,10.266666730245,-9.99166685342789,5.50000015894572,15.1000000635783,15.8000004887581,1.05833335717519,43.6099985837936,270.919998168945,86.0000019073486,3,"26B_1999",0.27
"2757","282-2-B-BENA",1999,0.137,1.02972767804876,8,1991,23,"282-2","BENA",27,18,6,0,5,0,0,0,0,0,0,NA,NA,NA,0,0,0,0,604.079816,"West","26B","Low Shrub","Low Shrub-Tussock Tundra","Clay Loam","Mesic",0,826.41803,354,3.355184,-149.530916,68.583004,-0.625666203934883,0.534904954004666,"282-2-B-BENA_1999",10.4666668574015,-10.3500000952433,167,78,10.266666730245,-9.99166685342789,5.50000015894572,15.1000000635783,15.8000004887581,1.05833335717519,43.6099985837936,270.919998168945,86.0000019073486,3,"26B_1999",0.27
"2758","282-4-A-BENA",1999,0.0875,1.05516279757039,11,1988,23,"282-4","BENA",52,15,7,0,6,0,0,0,0,0,0,NA,NA,NA,0,0,0,0,597.547448,"West","26B","Tussock Tundra (Low shrub or Herbaceous)","Low Shrub-Tussock Tundra","Clay Loam","Mesic",0,823.620117,358,4.137664,-149.531178,68.583423,-0.221242370712946,0.801522391192758,"282-4-A-BENA_1999",10.4666668574015,-10.3500000952433,167,78,10.266666730245,-9.99166685342789,5.50000015894572,15.1000000635783,15.8000004887581,1.05833335717519,43.6099985837936,270.919998168945,86.0000019073486,3,"26B_1999",0.27
"2759","60-4-B-BENA",1999,0.14575,2.09563491884397,9,1990,1,"60-4","BENA",95,NA,9,0,9,0,2,0,0,0.222222222,0,NA,"Hare",NA,1,0,1,0,1406.241796,"West","20F","Tall Shrub (Open-Closed)","Black Spruce Woodland","Silt Loam","Mesic",0,110.670654,252,1.181915,-149.840942,65.910317,0.22545103882594,1.2528876897624,"60-4-B-BENA_1999",15.2924769719442,-7.29354782899221,129.406219482422,51.180543422699,14.5333334604899,-5.19166674216588,9.10000022252401,20,54.4000000953674,1.2666667016844,113.57999753952,240.079997166991,185.700008392334,3,"20F_1999",0.375
"2760","72-1-C-BENA",1999,0.04125,0.381482614177707,31,1968,2,"72-1","BENA",118,71,9,0,11,0,2,0,0,0.181818182,0,NA,"Hare",NA,1,0,0,0,895.937772,"West","20F","Tussock Tundra (Low shrub or Herbaceous)","Black Spruce Woodland","Clay Loam","Mesic",0,130.808105,148,1.606934,-150.14017,66.022623,-0.00221889348009352,0.997783566444271,"72-1-C-BENA_1999",15.5285968780518,-7.06647656361262,122.473773956299,49.1449236869812,13.1000003814697,-6.84999986489614,7.70000012715658,18.5000006357829,42.9000010490417,1.20000002533197,112.559998512268,252.189996182919,184.5,3,"20F_1999",0.375
"2761","72-1-D-BENA",1999,0.15025,1.99276857249023,43,1956,2,"72-1","BENA",65,41,8,7,4,0,0,0,0,0,0,NA,NA,NA,0,0,0,0,895.937772,"West","20F","Tussock Tundra (Low shrub or Herbaceous)","Black Spruce Woodland","Clay Loam","Mesic",0,130.808105,148,1.606934,-150.14017,66.022623,2.0414718352683,7.7019368429007,"72-1-D-BENA_1999",15.5285968780518,-7.06647656361262,122.473773956299,49.1449236869812,13.1000003814697,-6.84999986489614,7.70000012715658,18.5000006357829,42.9000010490417,1.20000002533197,112.559998512268,252.189996182919,184.5,3,"20F_1999",0.375
"2762","72-2-A-BENA",1999,0.06025,0.63622061798944,30,1969,2,"72-2","BENA",121,72,12,21,14,0,0,0,0,0,0,NA,NA,NA,0,0,0,0,855.94066,"West","20F","Tussock Tundra (Low shrub or Herbaceous)","Black Spruce Woodland","Clay Loam","Mesic",0,131.055786,179,2.125059,-150.13956,66.022889,0.470131853112946,1.60020517134119,"72-2-A-BENA_1999",15.5285968780518,-7.06647656361262,122.473773956299,49.1449236869812,13.1000003814697,-6.84999986489614,7.70000012715658,18.5000006357829,42.9000010490417,1.20000002533197,112.559998512268,252.189996182919,184.5,3,"20F_1999",0.375
"2763","72-3-D-BENA",1999,0.214,1.97118602730961,43,1956,2,"72-3","BENA",104,47,11,0,9,0,0,0,0,0,0,NA,NA,NA,0,0,1,0,885.368743,"West","20F","Tussock Tundra (Low shrub or Herbaceous)","Black Spruce Woodland","Clay Loam","Mesic",0,132.401993,119,2.284806,-150.140609,66.023021,2.03058232686913,7.61852153708698,"72-3-D-BENA_1999",15.5285968780518,-7.06647656361262,122.473773956299,49.1449236869812,13.1000003814697,-6.84999986489614,7.70000012715658,18.5000006357829,42.9000010490417,1.20000002533197,112.559998512268,252.189996182919,184.5,3,"20F_1999",0.375
"2764","102-3-B-BENA",1998,0.039,1.08977293843681,18,1980,5,"102-3","BENA",72,NA,16,0,12,0,0,0,0,0,0,NA,NA,NA,0,0,0,0,939.238254,"West","24A","Tussock Tundra (Low shrub or Herbaceous)","Low Shrub","Sandy Loam","Mesic",2004,424.339783,330,3.896938,-150.565669,66.401242,0.398723147542846,1.48992107319285,"102-3-B-BENA_1998",12.6666666666667,-4.41666665176551,369,48,12.9333333969116,-4.05000013609727,8.5666667620341,17.3666667938232,24.5000002384186,0.975000021358331,92.6699962615967,237.609997034073,276.000007629395,3,"24A_1998",0.89
"2765","111-1-A-BENA",1998,0.1705,4.64026272544727,10,1988,6,"111-1","BENA",45,37,7,0,7,0,0,0,0,0,0,NA,NA,NA,0,0,0,0,640.914524,"West","24A","Tall Shrub (Open-Closed)","Low Shrub","Gravely Sand Loam","Mesic",0,512.854736,12,8.158982,-150.736683,66.498494,1.14609622922015,3.14588808173224,"111-1-A-BENA_1998",12.743755976359,-4.37383323907852,403.432800292969,46.8769617080688,12.9333333969116,-4.05000013609727,8.5666667620341,17.3666667938232,24.5000002384186,0.975000021358331,92.6699962615967,237.609997034073,276.000007629395,3,"24A_1998",0.89
"2766","111-3-A-BENA",1998,0.10975,1.20202341839637,11,1987,6,"111-3","BENA",108,46,7,0,11,0,0,0,0,0,0,NA,NA,NA,0,0,0,0,664.632709,"West","24A","Tall Shrub (Open-Closed)","Low Shrub","Gravely Sand Loam","Mesic",0,511.257965,359,9.703425,-150.737553,66.498636,-0.0909311174474871,0.913080604055778,"111-3-A-BENA_1998",12.743755976359,-4.37383323907852,403.432800292969,46.8769617080688,12.9333333969116,-4.05000013609727,8.5666667620341,17.3666667938232,24.5000002384186,0.975000021358331,92.6699962615967,237.609997034073,276.000007629395,3,"24A_1998",0.89
"2767","111-4-C-BENA",1998,0.18,2.00446177669643,6,1992,6,"111-4","BENA",51,30,7,0,13,0,0,0,0,0,0,NA,NA,NA,0,0,0,0,707.594422,"West","24A","Tall Shrub (Open-Closed)","Low Shrub","Gravely Sand Loam","Mesic",0,515.006653,353,8.170983,-150.73833,66.498407,-0.302887132018405,0.738682465264448,"111-4-C-BENA_1998",12.7375475565592,-4.37806580464045,404.316055297852,47.0632104873657,12.9333333969116,-4.05000013609727,8.5666667620341,17.3666667938232,24.5000002384186,0.975000021358331,92.6699962615967,237.609997034073,276.000007629395,3,"24A_1998",0.89
"2768","121-1-C-BENA",1998,0.0255,0.343273975276124,26,1972,7,"121-1","BENA",60,36,11,0,11,0,0,0,0,0,0,NA,NA,NA,0,0,0,0,1394.51987,"East","24A","Tall Shrub (Open-Closed)","Low Shrub","Clay Loam","Mesic",2005,466.470276,61,7.209129,-150.675843,66.599029,-0.317652410833518,0.727855739220283,"121-1-C-BENA_1998",13.3666667938232,-4.03333339095116,385,42,13.233333269755,-4.06666672229767,8.90000009536743,17.6000006993612,30.5000002384186,1.18333334041138,97.2499969005585,235.45999622345,252.700008392334,3,"24A_1998",0.89
"2769","121-1-D-BENA",1998,0.11225,2.9208602304082,14,1984,7,"121-1","BENA",73,42,19,0,25,0,0,0,0,0,0,NA,NA,NA,0,0,0,0,1394.51987,"East","24A","Tall Shrub (Open-Closed)","Low Shrub","Clay Loam","Mesic",2005,466.470276,61,7.209129,-150.675843,66.599029,1.08472873880046,2.95863714641615,"121-1-D-BENA_1998",13.3666667938232,-4.03333339095116,385,42,13.233333269755,-4.06666672229767,8.90000009536743,17.6000006993612,30.5000002384186,1.18333334041138,97.2499969005585,235.45999622345,252.700008392334,3,"24A_1998",0.89
"2770","129-3-A-BENA",1998,0.048,0.83654329179789,46,1952,8,"129-3","BENA",51,35,12,0,6,0,0,0,0,0,0,NA,NA,NA,0,0,0,0,1022.673056,"East","24A","Tussock Tundra (Low shrub or Herbaceous)","Low Shrub-Tussock Tundra","Sandy Loam","Mesic - Hydric",2005,301.546051,352,6.265718,-150.646771,66.710061,1.2539502013574,3.50415778265682,"129-3-A-BENA_1998",13.7333335876465,-3.84999968111515,363,37,13.233333269755,-4.06666672229767,8.90000009536743,17.6000006993612,30.5000002384186,1.18333334041138,97.2499969005585,235.45999622345,252.700008392334,3,"24A_1998",0.89
"2771","129-4-D-BENA",1998,0.069,1.9782420444096,37,1961,8,"129-4","BENA",87,41,18,0,9,0,0,0,0,0,0,NA,NA,NA,0,0,0,0,1057.255538,"East","24A","Tussock Tundra (Low shrub or Herbaceous)","Tall Shrub","Sandy Loam","Mesic - Hydric",2005,303.823029,358,6.979915,-150.646167,66.709845,1.85481795401339,6.39053477351311,"129-4-D-BENA_1998",13.7333335876465,-3.84999968111515,363,37,13.233333269755,-4.06666672229767,8.90000009536743,17.6000006993612,30.5000002384186,1.18333334041138,97.2499969005585,235.45999622345,252.700008392334,3,"24A_1998",0.89
"2772","147-3-A-BENA",1998,0.06775,1.02616884262087,8,1990,9,"147-3","BENA",107,63,8,18,8,1,0,0,0.125,0,0,"Moose",NA,NA,1,2,1,0,952.272152,"West","24A","White Spruce or Black Spruce (Woodland)","Black Spruce Woodland","Clay Loam","Mesic - Hydric",0,425.583191,170,6.572863,-150.484233,66.911912,-0.629128283807869,0.5330562723178,"147-3-A-BENA_1998",13.3030090332031,-4.10682867467403,366.361083984375,37,11.7333335876465,-5.30000023047129,7.5,16.0000003178914,20.8000005483627,1.08333336624006,94.659997344017,247.50999718532,252.500011444092,3,"24A_1998",0.89
"2773","147-4-D-BENA",1998,0.064,0.616254814928175,12,1986,9,"147-4","BENA",94,47,7,14,7,0,0,0,0,0,0,NA,NA,NA,0,0,1,0,956.341518,"West","24A","Tall Shrub (Open-Closed)","Tall Shrub","Clay Loam","Mesic - Hydric",0,428.39856,129,7.52786,-150.483929,66.912191,-0.655198137691129,0.519339151731688,"147-4-D-BENA_1998",13.3030090332031,-4.10682867467403,366.361083984375,37,11.7333335876465,-5.30000023047129,7.5,16.0000003178914,20.8000005483627,1.08333336624006,94.659997344017,247.50999718532,252.500011444092,3,"24A_1998",0.89
"2774","151-1-D-BENA",1998,0.08825,0.974587425540655,14,1984,10,"151-1","BENA",90,67,12,0,8,0,0,0,0,0,0,NA,NA,NA,0,0,0,0,725.03173,"East","24A","White Spruce or Black Spruce (Open-Closed)","Low Shrub","Clay Loam","Mesic",0,471.29071,296,22.022722,-150.362735,66.958242,-0.0128904843792379,0.987192242071676,"151-1-D-BENA_1998",12.4961652755737,-4.90383499860764,385.925422668457,38,11.7333335876465,-5.30000023047129,7.5,16.0000003178914,20.8000005483627,1.08333336624006,94.659997344017,247.50999718532,252.500011444092,3,"24A_1998",0.89
"2775","151-3-C-BENA",1998,0.3925,5.89903135749863,12,1986,10,"151-3","BENA",86,51,13,0,9,0,0,0,0,0,0,NA,NA,NA,0,0,0,0,698.113665,"East","24A","White Spruce or Black Spruce (Open-Closed)","Low Shrub","Clay Loam","Mesic",0,469.98999,301,21.5443,-150.36215,66.958641,1.60368476343182,4.97131684334025,"151-3-C-BENA_1998",12.4961652755737,-4.90383499860764,385.925422668457,38,11.7333335876465,-5.30000023047129,7.5,16.0000003178914,20.8000005483627,1.08333336624006,94.659997344017,247.50999718532,252.500011444092,3,"24A_1998",0.89
"2776","151-4-A-BENA",1998,0.07375,0.904932818623427,12,1986,10,"151-4","BENA",65,36,9,0,8,0,0,0,0,0,0,NA,NA,NA,0,0,0,0,714.907956,"East","24A","Low Shrub","Low Shrub","Clay Loam","Mesic",0,485.466003,301,24.973797,-150.361301,66.958638,-0.270997968909174,0.762618045350008,"151-4-A-BENA_1998",12.4961652755737,-4.90383499860764,385.925422668457,38,11.7333335876465,-5.30000023047129,7.5,16.0000003178914,20.8000005483627,1.08333336624006,94.659997344017,247.50999718532,252.500011444092,3,"24A_1998",0.89
"2777","158-2-C-BENA",1998,0.0565,0.764314935099212,10,1988,11,"158-2","BENA",54,29,8,0,53,0,0,0,0,0,0,NA,NA,NA,0,0,0,1,1283.38641,"East","24A","Tussock Tundra (Low shrub or Herbaceous)","Low Shrub","Sandy Loam","Mesic - Xeric",2005,590.000549,54,15.617359,-150.286104,67.046812,-0.657450113316857,0.518170928519312,"158-2-C-BENA_1998",13.3333333333333,-4.50833315650622,353,39,11.7000001271566,-5.60000014305115,7.50000015894572,15.9666668574015,26.5000002384186,1.20833334699273,91.5099971294403,247.829996421933,210.800006866455,3,"24A_1998",0.89
"2778","173-1-A-BENA",1998,0.03775,0.287741416385402,30,1968,12,"173-1","BENA",69,40,12,0,9,0,0,0,0,0,0,NA,NA,NA,0,0,0,0,1301.486525,"East","24A","Low Shrub","Low Shrub","Clay Loam","Mesic",0,349.871613,358,2.901099,-150.191497,67.228159,-0.323351316662638,0.723719554961987,"173-1-A-BENA_1998",13.8658882776896,-4.3004296819369,306.4189453125,39.9729399681091,11.7000001271566,-5.60000014305115,7.50000015894572,15.9666668574015,26.5000002384186,1.20833334699273,91.5099971294403,247.829996421933,210.800006866455,3,"24A_1998",0.89
"2779","173-1-B-BENA",1998,0.17475,2.83211927002318,8,1990,12,"173-1","BENA",101,53,11,0,7,0,0,0,0,0,0,NA,NA,NA,0,0,0,0,1301.486525,"East","24A","Low Shrub","Low Shrub","Clay Loam","Mesic",0,349.871613,358,2.901099,-150.191497,67.228159,0.386064709090593,1.47117986644596,"173-1-B-BENA_1998",13.8658882776896,-4.3004296819369,306.4189453125,39.9729399681091,11.7000001271566,-5.60000014305115,7.50000015894572,15.9666668574015,26.5000002384186,1.20833334699273,91.5099971294403,247.829996421933,210.800006866455,3,"24A_1998",0.89
"2780","173-2-A-BENA",1998,0.1445,1.35439007304685,39,1959,12,"173-2","BENA",94,43,12,0,6,0,0,0,0,0,0,NA,NA,NA,0,2,0,0,1323.706943,"East","24A","Tussock Tundra (Low shrub or Herbaceous)","Low Shrub","Clay Loam","Mesic",0,348.371155,13,2.823825,-150.190835,67.228457,1.53878238415384,4.65891404838892,"173-2-A-BENA_1998",13.8658882776896,-4.3004296819369,306.4189453125,39.9729399681091,11.7000001271566,-5.60000014305115,7.50000015894572,15.9666668574015,26.5000002384186,1.20833334699273,91.5099971294403,247.829996421933,210.800006866455,3,"24A_1998",0.89
"2781","173-3-B-BENA",1998,0.0485,0.28401254225513,33,1965,12,"173-3","BENA",70,51,14,0,9,0,0,0,0,0,0,NA,NA,NA,0,0,0,0,1278.311889,"East","24A","Low Shrub","Low Shrub","Clay Loam","Mesic",0,347.24527,24,1.739254,-150.191816,67.228627,-0.22265781260282,0.800388685361233,"173-3-B-BENA_1998",13.8658882776896,-4.3004296819369,306.4189453125,39.9729399681091,11.7000001271566,-5.60000014305115,7.50000015894572,15.9666668574015,26.5000002384186,1.20833334699273,91.5099971294403,247.829996421933,210.800006866455,3,"24A_1998",0.89
"2782","173-4-B-BENA",1998,0.267,4.30516788664475,8,1990,12,"173-4","BENA",124,71,14,0,12,0,0,0,0,0,0,NA,NA,NA,0,1,0,0,1308.377258,"East","24A","Low Shrub","Low Shrub","Clay Loam","Mesic",0,346.165253,355,1.872125,-150.190975,67.22891,0.804855554203221,2.23637344074481,"173-4-B-BENA_1998",13.8658882776896,-4.3004296819369,306.4189453125,39.9729399681091,11.7000001271566,-5.60000014305115,7.50000015894572,15.9666668574015,26.5000002384186,1.20833334699273,91.5099971294403,247.829996421933,210.800006866455,3,"24A_1998",0.89
"2783","173-4-C-BENA",1998,0.1175,2.07178218027204,29,1969,12,"173-4","BENA",119,74,14,0,14,0,0,0,0,0,0,NA,NA,NA,0,1,0,0,1308.377258,"East","24A","Low Shrub","Low Shrub","Clay Loam","Mesic",0,346.165253,355,1.872125,-150.190975,67.22891,1.61029490697314,5.00428680931891,"173-4-C-BENA_1998",13.8658882776896,-4.3004296819369,306.4189453125,39.9729399681091,11.7000001271566,-5.60000014305115,7.50000015894572,15.9666668574015,26.5000002384186,1.20833334699273,91.5099971294403,247.829996421933,210.800006866455,3,"24A_1998",0.89
"2784","184-1-B-BENA",1998,0.07675,1.28449179634942,46,1952,13,"184-1","BENA",128,51,19,0,13,0,1,0,0,0.076923077,0,NA,"Hare",NA,1,2,0,0,692.283244,"East","24A","White Spruce or Black Spruce (Open-Closed)","Tall Shrub","Clay Loam","Mesic",0,423.977753,249,10.469168,-150.109686,67.368938,1.68279035865609,5.38054870449447,"184-1-B-BENA_1998",13.4333333969116,-4.21666658918063,235,31,11.7000001271566,-5.60000014305115,7.50000015894572,15.9666668574015,26.5000002384186,1.20833334699273,91.5099971294403,247.829996421933,210.800006866455,3,"24A_1998",0.89
"2785","184-1-C-BENA",1998,0.1765,5.02313490532552,7,1991,13,"184-1","BENA",166,49,15,8,26,1,2,0,0.038461538,0.076923077,0,"Moose","Hare",NA,1,2,0,0,692.283244,"East","24A","White Spruce or Black Spruce (Open-Closed)","Tall Shrub","Clay Loam","Mesic",0,423.977753,249,10.469168,-150.109686,67.368938,0.799745469495392,2.2249745325225,"184-1-C-BENA_1998",13.4333333969116,-4.21666658918063,235,31,11.7000001271566,-5.60000014305115,7.50000015894572,15.9666668574015,26.5000002384186,1.20833334699273,91.5099971294403,247.829996421933,210.800006866455,3,"24A_1998",0.89
"2786","184-2-A-BENA",1998,0.04425,0.407211079913358,13,1985,13,"184-2","BENA",89,39,11,0,12,0,1,0,0,0.083333333,0,NA,"Hare",NA,1,1,0,0,706.210196,"East","24A","White Spruce or Black Spruce (Open-Closed)","Tall Shrub","Clay Loam","Mesic",0,429.192566,258,16.706417,-150.109279,67.369156,-0.974008944911258,0.377566357263113,"184-2-A-BENA_1998",13.4333333969116,-4.21741886933645,234.097290039062,30.7743203639984,11.7000001271566,-5.60000014305115,7.50000015894572,15.9666668574015,26.5000002384186,1.20833334699273,91.5099971294403,247.829996421933,210.800006866455,3,"24A_1998",0.89
"2787","184-2-D-BENA",1998,0.155,1.40143306683987,27,1971,13,"184-2","BENA",84,38,12,10,7,0,0,0,0,0,0,NA,NA,NA,0,1,0,0,706.210196,"East","24A","White Spruce or Black Spruce (Open-Closed)","Tall Shrub","Clay Loam","Mesic",0,429.192566,258,16.706417,-150.109279,67.369156,1.13410630228345,3.10839433628432,"184-2-D-BENA_1998",13.4333333969116,-4.21741886933645,234.097290039062,30.7743203639984,11.7000001271566,-5.60000014305115,7.50000015894572,15.9666668574015,26.5000002384186,1.20833334699273,91.5099971294403,247.829996421933,210.800006866455,3,"24A_1998",0.89
"2788","184-3-B-BENA",1998,0.093,1.56592370685025,21,1977,13,"184-3","BENA",71,35,17,0,17,0,2,0,0,0.117647059,0,NA,"Hare",NA,1,1,3,0,683.765397,"East","24A","White Spruce or Black Spruce (Open-Closed)","Tall Shrub","Clay Loam","Mesic",0,425.482941,261,10.788996,-150.109693,67.36937,0.945183628015706,2.57328586258314,"184-3-B-BENA_1998",13.4333333969116,-4.21741886933645,234.097290039062,30.7743203639984,11.7000001271566,-5.60000014305115,7.50000015894572,15.9666668574015,26.5000002384186,1.20833334699273,91.5099971294403,247.829996421933,210.800006866455,3,"24A_1998",0.89
"2789","184-3-D-BENA",1998,0.146,2.12640583713818,10,1988,13,"184-3","BENA",103,48,17,7,31,3,1,0,0.096774194,0.032258065,0,"Moose","Hare",NA,1,1,3,0,683.765397,"East","24A","White Spruce or Black Spruce (Open-Closed)","Tall Shrub","Clay Loam","Mesic",0,425.482941,261,10.788996,-150.109693,67.36937,0.365758396774414,1.44160690369834,"184-3-D-BENA_1998",13.4333333969116,-4.21741886933645,234.097290039062,30.7743203639984,11.7000001271566,-5.60000014305115,7.50000015894572,15.9666668574015,26.5000002384186,1.20833334699273,91.5099971294403,247.829996421933,210.800006866455,3,"24A_1998",0.89
"2790","191-3-A-BENA",1998,0.165333333333333,1.75214297341182,17,1981,14,"191-3","BENA",102,51,9,0,9,0,1,0,0,0.111111111,0,NA,"Hare",NA,1,2,0,0,1608.343863,"East","24A","Low Shrub","Low Shrub","Clay Loam","Mesic",0,494.475037,298,4.15829,-149.859591,67.475979,0.80538403711798,2.23755563825735,"191-3-A-BENA_1998",12.7438650131226,-4.46591431895892,232.097290039062,33.9548642635345,9.93333355585734,-6.89166669050852,5.86666679382324,14.0000003178914,13.1000000238419,1.00833336015542,74.8799984455109,263.889997720718,203.300003051758,3,"24A_1998",0.89
"2791","191-3-D-BENA",1998,0.1335,2.55996368749134,12,1986,14,"191-3","BENA",110,71,10,0,16,0,0,0,0,0,0,NA,NA,NA,0,2,0,0,1608.343863,"East","24A","Low Shrub","Low Shrub","Clay Loam","Mesic",0,494.475037,298,4.15829,-149.859591,67.475979,0.768889676510931,2.15736954538948,"191-3-D-BENA_1998",12.7438650131226,-4.46591431895892,232.097290039062,33.9548642635345,9.93333355585734,-6.89166669050852,5.86666679382324,14.0000003178914,13.1000000238419,1.00833336015542,74.8799984455109,263.889997720718,203.300003051758,3,"24A_1998",0.89
"2792","191-4-B-BENA",1998,0.1765,2.02943743829247,15,1983,14,"191-4","BENA",77,59,11,0,12,0,1,0,0,0.083333333,0,NA,"Hare",NA,1,1,0,0,1634.196324,"East","24A","Low Shrub","Low Shrub","Clay Loam","Mesic",0,497.007599,303,3.553675,-149.85875,67.475963,0.802941057044198,2.23209600602081,"191-4-B-BENA_1998",12.7438650131226,-4.46591431895892,232.097290039062,33.9548642635345,9.93333355585734,-6.89166669050852,5.86666679382324,14.0000003178914,13.1000000238419,1.00833336015542,74.8799984455109,263.889997720718,203.300003051758,3,"24A_1998",0.89
"2793","203-1-A-BENA",1998,0.137,2.27960403209415,8,1990,15,"203-1","BENA",97,41,11,0,17,1,0,0,0.058823529,0,0,"Moose",NA,NA,1,1,0,0,905.036767,"East","24A","Low Shrub","Low Shrub","Loam","Mesic",0,550.644958,299,23.927214,-149.794431,67.571449,0.169041176774558,1.18416889817585,"203-1-A-BENA_1998",13.1000000635783,-4.54999977350235,183,33,9.13333336512248,-7.79166678587596,5.03333338101705,13.3000005086263,12.1000002622604,0.933333344757557,64.0899977087975,272.559997081757,150.900001525879,3,"24A_1998",0.89
"2794","203-1-D-BENA",1998,0.448,12.4269341660223,6,1992,15,"203-1","BENA",143,46,14,0,26,2,0,0,0.076923077,0,0,"Moose",NA,NA,1,1,0,0,905.036767,"East","24A","Low Shrub","Low Shrub","Loam","Mesic",0,550.644958,299,23.927214,-149.794431,67.571449,1.52160351096338,4.57956268967384,"203-1-D-BENA_1998",13.1000000635783,-4.54999977350235,183,33,9.13333336512248,-7.79166678587596,5.03333338101705,13.3000005086263,12.1000002622604,0.933333344757557,64.0899977087975,272.559997081757,150.900001525879,3,"24A_1998",0.89
"2795","203-2-C-BENA",1998,0.19275,2.21128793999689,22,1976,15,"203-2","BENA",118,35,14,0,38,0,0,0,0,0,0,NA,NA,NA,0,0,1,0,933.944119,"East","24A","Low Shrub","Low Shrub","Loam","Mesic",0,566.911377,300,26.508135,-149.793674,67.571447,1.34579700671356,3.8412468204105,"203-2-C-BENA_1998",13.1000000635783,-4.54999977350235,183,33,9.13333336512248,-7.79166678587596,5.03333338101705,13.3000005086263,12.1000002622604,0.933333344757557,64.0899977087975,272.559997081757,150.900001525879,3,"24A_1998",0.89
"2796","203-3-D-BENA",1998,0.28625,6.47729548151557,6,1992,15,"203-3","BENA",108,52,11,0,7,1,0,0,0.14,0,0,"Moose",NA,NA,1,0,1,0,922.335664,"East","24A","Low Shrub","Low Shrub","Loam","Mesic",0,556.241272,305,23.609533,-149.79364,67.571701,0.870040343090041,2.38700715082621,"203-3-D-BENA_1998",13.1000000635783,-4.54999977350235,183,33,9.13333336512248,-7.79166678587596,5.03333338101705,13.3000005086263,12.1000002622604,0.933333344757557,64.0899977087975,272.559997081757,150.900001525879,3,"24A_1998",0.89
"2797","203-4-B-BENA",1998,0.1445,2.95550748133788,19,1979,15,"203-4","BENA",99,36,12,0,12,0,0,0,0,0,0,NA,NA,NA,0,1,1,0,951.384807,"East","24A","Low Shrub","Low Shrub","Loam","Mesic",0,569.135193,316,29.227108,-149.792864,67.571712,1.46094466366735,4.31002913376626,"203-4-B-BENA_1998",13.1000000635783,-4.54999977350235,183,33,9.13333336512248,-7.79166678587596,5.03333338101705,13.3000005086263,12.1000002622604,0.933333344757557,64.0899977087975,272.559997081757,150.900001525879,3,"24A_1998",0.89
"2798","209-1-C-BENA",1998,0.302666666666667,4.70736794542461,9,1989,16,"209-1","BENA",58,59,14,0,9,0,0,0,0,0,0,NA,NA,NA,0,0,1,0,698.873831,"East","24A","Low Shrub","Black Spruce Woodland","Sandy Loam","Mesic - Xeric",0,553.345276,287,19.679848,-149.692986,67.655886,1.03472339668038,2.81432767557533,"209-1-C-BENA_1998",12.390972773234,-4.96547983090083,166.954864501953,34.0451354980469,9.13333336512248,-7.79166678587596,5.03333338101705,13.3000005086263,12.1000002622604,0.933333344757557,64.0899977087975,272.559997081757,150.900001525879,3,"24A_1998",0.89
"2799","209-1-D-BENA",1998,0.04775,0.555978451130531,14,1984,16,"209-1","BENA",76,39,10,0,6,0,0,0,0,0,0,NA,NA,NA,0,0,1,0,698.873831,"East","24A","Low Shrub","Black Spruce Woodland","Sandy Loam","Mesic - Xeric",0,553.345276,287,19.679848,-149.692986,67.655886,-0.574175175990795,0.563169192759292,"209-1-D-BENA_1998",12.390972773234,-4.96547983090083,166.954864501953,34.0451354980469,9.13333336512248,-7.79166678587596,5.03333338101705,13.3000005086263,12.1000002622604,0.933333344757557,64.0899977087975,272.559997081757,150.900001525879,3,"24A_1998",0.89
"2800","209-2-B-BENA",1998,0.1855,3.67346193364805,30,1968,16,"209-2","BENA",104,57,18,0,18,0,0,0,0,0,0,NA,NA,NA,0,0,0,0,728.528855,"East","24A","Low Shrub","Black Spruce Woodland","Sandy Loam","Mesic - Xeric",0,561.911133,287,21.070175,-149.692261,67.656,2.22347626887792,9.23939372088407,"209-2-B-BENA_1998",12.390972773234,-4.96547983090083,166.954864501953,34.0451354980469,9.13333336512248,-7.79166678587596,5.03333338101705,13.3000005086263,12.1000002622604,0.933333344757557,64.0899977087975,272.559997081757,150.900001525879,3,"24A_1998",0.89
"2801","209-2-D-BENA",1998,0.03625,0.258371452065153,37,1961,16,"209-2","BENA",86,47,10,0,6,0,0,0,0,0,0,NA,NA,NA,0,0,0,0,728.528855,"East","24A","Low Shrub","Black Spruce Woodland","Sandy Loam","Mesic - Xeric",0,561.911133,287,21.070175,-149.692261,67.656,-0.180747632757392,0.834645969420905,"209-2-D-BENA_1998",12.390972773234,-4.96547983090083,166.954864501953,34.0451354980469,9.13333336512248,-7.79166678587596,5.03333338101705,13.3000005086263,12.1000002622604,0.933333344757557,64.0899977087975,272.559997081757,150.900001525879,3,"24A_1998",0.89
"2802","209-3-A-BENA",1998,0.065,0.674484234762464,38,1960,16,"209-3","BENA",67,52,13,0,10,0,0,0,0,0,0,NA,NA,NA,0,0,1,0,711.058695,"East","24A","Low Shrub","Black Spruce Woodland","Sandy Loam","Mesic - Xeric",0,553.430786,276,18.070417,-149.69261,67.656251,0.810626633116184,2.24931704169722,"209-3-A-BENA_1998",12.390972773234,-4.96547983090083,166.954864501953,34.0451354980469,9.13333336512248,-7.79166678587596,5.03333338101705,13.3000005086263,12.1000002622604,0.933333344757557,64.0899977087975,272.559997081757,150.900001525879,3,"24A_1998",0.89
"2803","209-3-D-BENA",1998,0.1175,1.95605768788625,16,1982,16,"209-3","BENA",84,39,10,0,8,0,0,0,0,0,0,NA,NA,NA,0,0,1,0,711.058695,"East","24A","Low Shrub","Black Spruce Woodland","Sandy Loam","Mesic - Xeric",0,553.430786,276,18.070417,-149.69261,67.656251,0.843129801870534,2.32362810349456,"209-3-D-BENA_1998",12.390972773234,-4.96547983090083,166.954864501953,34.0451354980469,9.13333336512248,-7.79166678587596,5.03333338101705,13.3000005086263,12.1000002622604,0.933333344757557,64.0899977087975,272.559997081757,150.900001525879,3,"24A_1998",0.89
"2804","209-4-C-BENA",1998,0.2475,3.95031321544932,7,1991,16,"209-4","BENA",57,38,10,0,7,0,0,0,0,0,0,NA,NA,NA,0,0,0,0,738.024448,"East","24A","Low Shrub","Black Spruce Woodland","Sandy Loam","Mesic - Xeric",0,561.090881,296,18.584587,-149.691928,67.656444,0.559486118387438,1.74977309300281,"209-4-C-BENA_1998",12.390972773234,-4.96547983090083,166.954864501953,34.0451354980469,9.13333336512248,-7.79166678587596,5.03333338101705,13.3000005086263,12.1000002622604,0.933333344757557,64.0899977087975,272.559997081757,150.900001525879,3,"24A_1998",0.89
"2805","209-4-D-BENA",1998,0.051,0.276915652406426,26,1972,16,"209-4","BENA",71,50,9,0,8,0,0,0,0,0,0,NA,NA,NA,0,0,0,0,738.024448,"East","24A","Low Shrub","Black Spruce Woodland","Sandy Loam","Mesic - Xeric",0,561.090881,296,18.584587,-149.691928,67.656444,-0.53246834502837,0.5871538811581,"209-4-D-BENA_1998",12.390972773234,-4.96547983090083,166.954864501953,34.0451354980469,9.13333336512248,-7.79166678587596,5.03333338101705,13.3000005086263,12.1000002622604,0.933333344757557,64.0899977087975,272.559997081757,150.900001525879,3,"24A_1998",0.89
"2806","222-1-B-BENA",1998,0.136,2.01173770528214,18,1980,17,"222-1","BENA",63,58,19,0,9,0,2,0,0,0.222222222,0,NA,"Hare",NA,1,2,18,0,769.468544,"East","24A","Low Shrub","Tall Shrub","Clay Loam","Mesic",0,669.484009,287,15.029548,-149.809491,67.826198,1.01175266493405,2.75041735311937,"222-1-B-BENA_1998",11.8666667938232,-5.50833344459534,163,42,9.13333336512248,-7.79166678587596,5.03333338101705,13.3000005086263,12.1000002622604,0.933333344757557,64.0899977087975,272.559997081757,150.900001525879,3,"24A_1998",0.89
"2807","222-1-D-BENA",1998,0.152,1.70547012066898,17,1981,17,"222-1","BENA",78,38,9,0,9,0,2,0,0,0.222222222,0,NA,"Hare",NA,1,2,18,0,769.468544,"East","24A","Low Shrub","Tall Shrub","Clay Loam","Mesic",0,669.484009,287,15.029548,-149.809491,67.826198,0.778385245431123,2.17795256568107,"222-1-D-BENA_1998",11.8666667938232,-5.50833344459534,163,42,9.13333336512248,-7.79166678587596,5.03333338101705,13.3000005086263,12.1000002622604,0.933333344757557,64.0899977087975,272.559997081757,150.900001525879,3,"24A_1998",0.89
"2808","222-2-A-BENA",1998,0.347,6.68578354732977,12,1986,17,"222-2","BENA",81,59,12,0,9,0,0,0,0,0,0,NA,NA,NA,0,3,13,0,794.735172,"East","24A","Low Shrub","Tall Shrub","Clay Loam","Mesic",0,676.198608,282,15.59229,-149.808768,67.826375,1.72888001615173,5.63434000355292,"222-2-A-BENA_1998",11.8666667938232,-5.50833344459534,163,42,9.13333336512248,-7.79166678587596,5.03333338101705,13.3000005086263,12.1000002622604,0.933333344757557,64.0899977087975,272.559997081757,150.900001525879,3,"24A_1998",0.89
"2809","222-3-A-BENA",1998,0.13475,1.33444076334702,36,1962,17,"222-3","BENA",126,65,16,0,21,0,3,0,0,0.142857143,0,NA,"Hare",NA,1,2,11,1,778.440723,"East","24A","Low Shrub","Low Shrub","Clay Loam","Mesic",0,672.469177,278,13.422374,-149.809021,67.826615,1.42842540547401,4.1721246125566,"222-3-A-BENA_1998",11.8666667938232,-5.50833344459534,163,42,9.13333336512248,-7.79166678587596,5.03333338101705,13.3000005086263,12.1000002622604,0.933333344757557,64.0899977087975,272.559997081757,150.900001525879,3,"24A_1998",0.89
"2810","235-1-A-BENA",1998,0.0495,0.565663392232928,19,1979,18,"235-1","BENA",59,29,10,0,18,0,0,0,0,0,0,NA,NA,NA,0,0,5,0,477.732622,"East","24A","Low Shrub","Low Shrub","Sandy Gravel","Mesic",0,813.776917,295,20.303024,-149.727576,68.004859,-0.19248179999953,0.824909331417202,"235-1-A-BENA_1998",9.69999980926514,-6.73333335916201,161,57,8.00000015894572,-8.88333328068256,4.03333338101705,12.0333334604899,7.40000003576279,0.858333356678486,43.5299990177155,282.149998188019,117.900001525879,3,"24A_1998",0.89
"2811","235-1-B-BENA",1998,0.14725,3.02366610110336,6,1992,18,"235-1","BENA",42,18,10,0,10,0,1,0,0,0.1,0,NA,"Hare",NA,1,0,5,0,477.732622,"East","24A","Low Shrub","Low Shrub","Sandy Gravel","Mesic",0,813.776917,295,20.303024,-149.727576,68.004859,0.108207319729244,1.11427873340677,"235-1-B-BENA_1998",9.69999980926514,-6.73333335916201,161,57,8.00000015894572,-8.88333328068256,4.03333338101705,12.0333334604899,7.40000003576279,0.858333356678486,43.5299990177155,282.149998188019,117.900001525879,3,"24A_1998",0.89
"2812","235-2-B-BENA",1998,0.178,1.81126011168597,15,1983,18,"235-2","BENA",54,38,8,0,9,0,0,0,0,0,0,NA,NA,NA,NA,0,0,0,510.631222,"East","24A","Dwarf Shrub-Lichen","Low Shrub","Sandy Gravel","Mesic",0,828.022217,289,26.243103,-149.726481,68.004961,0.689205223738849,1.99213160498344,"235-2-B-BENA_1998",9.69999980926514,-6.73333335916201,161,57,8.00000015894572,-8.88333328068256,4.03333338101705,12.0333334604899,7.40000003576279,0.858333356678486,43.5299990177155,282.149998188019,117.900001525879,3,"24A_1998",0.89
"2813","235-2-C-BENA",1998,0.112,1.17080875013985,10,1988,18,"235-2","BENA",58,33,8,0,9,0,2,0,0,0.222222222,0,NA,"Hare",NA,1,0,0,0,510.631222,"East","24A","Dwarf Shrub-Lichen","Low Shrub","Sandy Gravel","Mesic",0,828.022217,289,26.243103,-149.726481,68.004961,-0.230980007829205,0.793755334768839,"235-2-C-BENA_1998",9.69999980926514,-6.73333335916201,161,57,8.00000015894572,-8.88333328068256,4.03333338101705,12.0333334604899,7.40000003576279,0.858333356678486,43.5299990177155,282.149998188019,117.900001525879,3,"24A_1998",0.89
"2814","235-3-B-BENA",1998,0.176,2.19481715876275,13,1985,18,"235-3","BENA",59,31,10,0,15,0,0,0,0,0,0,NA,NA,NA,0,0,1,0,482.982181,"East","24A","Dwarf Shrub-Lichen","Low Shrub","Sandy Gravel","Mesic",0,817.546387,298,18.704132,-149.726784,68.005244,0.710513403289863,2.03503578455907,"235-3-B-BENA_1998",9.69999980926514,-6.73333335916201,161,57,8.00000015894572,-8.88333328068256,4.03333338101705,12.0333334604899,7.40000003576279,0.858333356678486,43.5299990177155,282.149998188019,117.900001525879,3,"24A_1998",0.89
"2815","235-4-A-BENA",1998,0.04925,0.851404399496154,8,1990,18,"235-4","BENA",45,36,11,0,13,0,0,0,0,0,0,NA,NA,NA,0,0,0,0,503.848767,"East","24A","Low Shrub","Low Shrub","Sandy Gravel","Mesic",0,825.290771,293,20.728168,-149.726015,68.005351,-0.815828639209809,0.442272690984514,"235-4-A-BENA_1998",9.69999980926514,-6.73333335916201,161,57,8.00000015894572,-8.88333328068256,4.03333338101705,12.0333334604899,7.40000003576279,0.858333356678486,43.5299990177155,282.149998188019,117.900001525879,3,"24A_1998",0.89
"2816","240-3-D-BENA",1998,0.10025,1.68156829471185,14,1984,19,"240-3","BENA",97,46,12,0,13,0,0,2,0,0,0.153846154,NA,NA,"Ptarmagin",1,0,1,3,399.798137,"West","24A","Low Shrub","Low Shrub","Sandy Loam","Mesic",0,1034.808228,93,20.584356,-149.606025,68.07014,0.532577433175203,1.70331684110569,"240-3-D-BENA_1998",8.65312608083089,-7.2147274663051,195.444343566895,86.6770343780518,8.00000015894572,-8.88333328068256,4.03333338101705,12.0333334604899,7.40000003576279,0.858333356678486,43.5299990177155,282.149998188019,117.900001525879,3,"24A_1998",0.89
"2817","240-4-B-BENA",1998,0.156,2.7486610940347,30,1968,19,"240-4","BENA",102,72,15,0,13,0,0,0,0,0,0,NA,NA,NA,0,0,2,0,431.079046,"West","24A","Low Shrub","Low Shrub","Sandy Loam","Mesic",0,1046.807861,94,24.616484,-149.606605,68.070368,1.93345566349392,6.9133592539619,"240-4-B-BENA_1998",8.65312608083089,-7.2147274663051,195.444343566895,86.6770343780518,8.00000015894572,-8.88333328068256,4.03333338101705,12.0333334604899,7.40000003576279,0.858333356678486,43.5299990177155,282.149998188019,117.900001525879,3,"24A_1998",0.89
"2818","240-4-D-BENA",1998,0.12075,1.69805340946248,13,1985,19,"240-4","BENA",83,41,16,0,29,0,0,3,0,0,0.103448276,NA,NA,"Ptarmagin",1,0,2,0,431.079046,"West","24A","Low Shrub","Low Shrub","Sandy Loam","Mesic",0,1046.807861,94,24.616484,-149.606605,68.070368,0.453897200931867,1.57443613858781,"240-4-D-BENA_1998",8.65312608083089,-7.2147274663051,195.444343566895,86.6770343780518,8.00000015894572,-8.88333328068256,4.03333338101705,12.0333334604899,7.40000003576279,0.858333356678486,43.5299990177155,282.149998188019,117.900001525879,3,"24A_1998",0.89
"2819","255-1-A-BENA",1998,0.0945,1.75782947463004,29,1969,20,"255-1","BENA",71,26,15,0,17,0,0,0,0,0,0,NA,NA,NA,0,0,0,0,585.543915,"East","26B","Low Shrub","Low Shrub","Sandy Gravel","Mesic - Xeric",0,991.483582,331,1.701594,-149.392735,68.222633,1.44596550836989,4.24594966434552,"255-1-A-BENA_1998",9.10451364517212,-7.57838525560995,186.729187011719,102.045135498047,6.33333333333333,-10.2500002582868,2.46666673819224,10.266666730245,4.10000002384186,0.775000005339583,33.2399991750717,296.57999753952,113.60000038147,3,"26B_1998",0.27
"2820","255-2-C-BENA",1998,0.08475,0.761008997879928,17,1981,20,"255-2","BENA",65,27,8,0,20,0,0,0,0,0,0,NA,NA,NA,0,0,1,1,631.079496,"East","26B","Low Shrub","Low Shrub","Sandy Gravel","Mesic - Xeric",0,993.382141,286,2.676414,-149.39171,68.222788,-0.0285656553275402,0.971838485677383,"255-2-C-BENA_1998",9.10451364517212,-7.57838525560995,186.729187011719,102.045135498047,6.33333333333333,-10.2500002582868,2.46666673819224,10.266666730245,4.10000002384186,0.775000005339583,33.2399991750717,296.57999753952,113.60000038147,3,"26B_1998",0.27
"2821","255-2-D-BENA",1998,0.1605,3.33469614382983,9,1989,20,"255-2","BENA",60,32,10,0,11,0,0,0,0,0,0,NA,NA,NA,0,0,1,1,631.079496,"East","26B","Low Shrub","Low Shrub","Sandy Gravel","Mesic - Xeric",0,993.382141,286,2.676414,-149.39171,68.222788,0.689976031400385,1.9936677472464,"255-2-D-BENA_1998",9.10451364517212,-7.57838525560995,186.729187011719,102.045135498047,6.33333333333333,-10.2500002582868,2.46666673819224,10.266666730245,4.10000002384186,0.775000005339583,33.2399991750717,296.57999753952,113.60000038147,3,"26B_1998",0.27
"2822","255-4-D-BENA",1998,0.07275,0.492812803839293,21,1977,20,"255-4","BENA",56,29,5,0,12,0,0,0,0,0,0,NA,NA,NA,0,0,0,2,644.564014,"East","26B","Low Shrub","Low Shrub","Sandy Gravel","Mesic - Xeric",0,993.003235,239,7.430982,-149.391619,68.223199,-0.210918135163291,0.809840361616599,"255-4-D-BENA_1998",9.10451364517212,-7.57838525560995,186.729187011719,102.045135498047,6.33333333333333,-10.2500002582868,2.46666673819224,10.266666730245,4.10000002384186,0.775000005339583,33.2399991750717,296.57999753952,113.60000038147,3,"26B_1998",0.27
"2823","261-1-C-BENA",1998,0.149333333333333,0.966437662295122,22,1976,21,"261-1","BENA",52,23,10,0,13,0,0,0,0,0,0,NA,NA,NA,0,0,0,0,356.206777,"East","26B","Dwarf Shrub","Low Shrub","Sandy Loam","Mesic",0,883.832947,287,13.943512,-149.352299,68.301689,0.518083401838898,1.6788069659627,"261-1-C-BENA_1998",9.3294989267985,-7.6982301188012,192.862209320068,101.304681777954,6.33333333333333,-10.2500002582868,2.46666673819224,10.266666730245,4.10000002384186,0.775000005339583,33.2399991750717,296.57999753952,113.60000038147,3,"26B_1998",0.27
"2824","261-1-D-BENA",1998,0.13025,1.44782516190497,9,1989,21,"261-1","BENA",59,19,9,0,15,0,0,0,0,0,0,NA,NA,NA,0,0,0,0,356.206777,"East","26B","Dwarf Shrub","Low Shrub","Sandy Loam","Mesic",0,883.832947,287,13.943512,-149.352299,68.301689,-0.144342990388363,0.865590807810956,"261-1-D-BENA_1998",9.3294989267985,-7.6982301188012,192.862209320068,101.304681777954,6.33333333333333,-10.2500002582868,2.46666673819224,10.266666730245,4.10000002384186,0.775000005339583,33.2399991750717,296.57999753952,113.60000038147,3,"26B_1998",0.27
"2825","261-2-B-BENA",1998,0.15125,2.46456667402104,12,1986,21,"261-2","BENA",66,25,12,0,19,0,0,0,0,0,0,NA,NA,NA,0,0,0,1,388.99561,"East","26B","Dwarf Shrub-Lichen","Low Shrub","Sandy Loam","Mesic",0,888.892761,295,13.025289,-149.351465,68.301786,0.730912603263085,2.07697519738073,"261-2-B-BENA_1998",9.3294989267985,-7.6982301188012,192.862209320068,101.304681777954,6.33333333333333,-10.2500002582868,2.46666673819224,10.266666730245,4.10000002384186,0.775000005339583,33.2399991750717,296.57999753952,113.60000038147,3,"26B_1998",0.27
"2826","261-2-C-BENA",1998,0.12,1.62030782701547,7,1991,21,"261-2","BENA",37,18,8,0,13,0,0,0,0,0,0,NA,NA,NA,0,0,0,1,388.99561,"East","26B","Dwarf Shrub-Lichen","Low Shrub","Sandy Loam","Mesic",0,888.892761,295,13.025289,-149.351465,68.301786,-0.331692604562743,0.717707909085642,"261-2-C-BENA_1998",9.3294989267985,-7.6982301188012,192.862209320068,101.304681777954,6.33333333333333,-10.2500002582868,2.46666673819224,10.266666730245,4.10000002384186,0.775000005339583,33.2399991750717,296.57999753952,113.60000038147,3,"26B_1998",0.27
"2827","261-3-D-BENA",1998,0.0893333333333333,1.57649856186311,18,1980,21,"261-3","BENA",74,41,14,0,26,0,0,0,0,0,0,NA,NA,NA,0,0,0,1,380.53651,"East","26B","Tussock Tundra (Low shrub or Herbaceous)","Low Shrub","Sandy Loam","Mesic",0,884.224731,295,11.657486,-149.351558,68.302088,0.767960074131331,2.15536498139449,"261-3-D-BENA_1998",9.3294989267985,-7.6982301188012,192.862209320068,101.304681777954,6.33333333333333,-10.2500002582868,2.46666673819224,10.266666730245,4.10000002384186,0.775000005339583,33.2399991750717,296.57999753952,113.60000038147,3,"26B_1998",0.27
"2828","261-4-A-BENA",1998,0.0515,0.419284024131564,33,1965,21,"261-4","BENA",45,23,13,0,13,0,0,0,0,0,0,NA,NA,NA,0,0,0,0,405.679111,"East","26B","Low Shrub","Low Shrub","Sandy Loam","Mesic",0,886.626587,308,9.946874,-149.350886,68.302265,0.166872339507661,1.18160341160626,"261-4-A-BENA_1998",9.3294989267985,-7.6982301188012,192.862209320068,101.304681777954,6.33333333333333,-10.2500002582868,2.46666673819224,10.266666730245,4.10000002384186,0.775000005339583,33.2399991750717,296.57999753952,113.60000038147,3,"26B_1998",0.27
"2829","261-4-B-BENA",1998,0.0515,0.910565497901768,12,1986,21,"261-4","BENA",71,30,12,0,13,0,0,0,0,0,0,NA,NA,NA,0,0,0,0,405.679111,"East","26B","Low Shrub","Low Shrub","Sandy Loam","Mesic",0,886.626587,308,9.946874,-149.350886,68.302265,-0.26479284351715,0.767364898125076,"261-4-B-BENA_1998",9.3294989267985,-7.6982301188012,192.862209320068,101.304681777954,6.33333333333333,-10.2500002582868,2.46666673819224,10.266666730245,4.10000002384186,0.775000005339583,33.2399991750717,296.57999753952,113.60000038147,3,"26B_1998",0.27
"2830","268-1-B-BENA",1998,0.01825,0.161438396136806,13,1985,22,"268-1","BENA",63,26,6,0,12,0,0,0,0,0,0,NA,NA,NA,0,0,1,2,212.091228,"West","26B","Low Shrub","Low Shrub","Sandy Gravel","Mesic",0,818.738892,195,1.432166,-149.327109,68.400098,-1.89921699795714,0.14968577761868,"268-1-B-BENA_1998",10.3984953562419,-7.06059019267559,190.864593505859,80.9548645019531,6.33333333333333,-10.2500002582868,2.46666673819224,10.266666730245,4.10000002384186,0.775000005339583,33.2399991750717,296.57999753952,113.60000038147,3,"26B_1998",0.27
"2831","268-1-C-BENA",1998,0.05425,0.492248495258891,10,1988,22,"268-1","BENA",47,18,6,0,11,0,0,0,0,0,0,NA,NA,NA,0,0,1,2,212.091228,"West","26B","Low Shrub","Low Shrub","Sandy Gravel","Mesic",0,818.738892,195,1.432166,-149.327109,68.400098,-1.09744637560987,0.333722197666364,"268-1-C-BENA_1998",10.3984953562419,-7.06059019267559,190.864593505859,80.9548645019531,6.33333333333333,-10.2500002582868,2.46666673819224,10.266666730245,4.10000002384186,0.775000005339583,33.2399991750717,296.57999753952,113.60000038147,3,"26B_1998",0.27
"2832","268-2-A-BENA",1998,0.0445,0.888504448890107,8,1990,22,"268-2","BENA",60,23,9,0,24,0,0,0,0,0,0,NA,NA,NA,0,0,0,4,184.615387,"West","26B","Low Shrub","Low Shrub","Sandy Gravel","Mesic",0,819.441162,203,1.359031,-149.326454,68.400307,-0.773176205183194,0.461544776835647,"268-2-A-BENA_1998",10.3984953562419,-7.06059019267559,190.864593505859,80.9548645019531,6.33333333333333,-10.2500002582868,2.46666673819224,10.266666730245,4.10000002384186,0.775000005339583,33.2399991750717,296.57999753952,113.60000038147,3,"26B_1998",0.27
"2833","268-4-C-BENA",1998,0.0585,0.574506190154619,19,1979,22,"268-4","BENA",58,32,8,0,18,0,0,0,0,0,0,NA,NA,NA,0,0,0,5,171.881056,"West","26B","Dwarf Shrub-Lichen","Low Shrub","Sandy Gravel","Mesic",0,820.486511,188,1.085947,-149.326166,68.400831,-0.176970115834691,0.837804821246666,"268-4-C-BENA_1998",10.3984953562419,-7.06059019267559,190.864593505859,80.9548645019531,6.33333333333333,-10.2500002582868,2.46666673819224,10.266666730245,4.10000002384186,0.775000005339583,33.2399991750717,296.57999753952,113.60000038147,3,"26B_1998",0.27
"2834","268-4-D-BENA",1998,0.0975,1.12980703901968,10,1988,22,"268-4","BENA",57,23,7,0,15,0,0,0,0,0,0,NA,NA,NA,0,0,0,5,171.881056,"West","26B","Dwarf Shrub-Lichen","Low Shrub","Sandy Gravel","Mesic",0,820.486511,188,1.085947,-149.326166,68.400831,-0.26662790106541,0.76595803061272,"268-4-D-BENA_1998",10.3984953562419,-7.06059019267559,190.864593505859,80.9548645019531,6.33333333333333,-10.2500002582868,2.46666673819224,10.266666730245,4.10000002384186,0.775000005339583,33.2399991750717,296.57999753952,113.60000038147,3,"26B_1998",0.27
"2835","282-1-B-BENA",1998,0.140666666666667,1.98273595484046,9,1989,23,"282-1","BENA",41,18,8,0,9,0,0,0,0,0,0,NA,NA,NA,0,0,0,0,577.316923,"West","26B","Tussock Tundra (Low shrub or Herbaceous)","Tussock Tundra","Clay Loam","Mesic",0,826.622314,26,2.82316,-149.530032,68.582817,0.170072153758811,1.18539037860625,"282-1-B-BENA_1998",10.8999999364217,-6.71666675806046,163,52,10.7333335876465,-6.6666667064031,6.50000031789144,15.0000003178914,14.0000002384186,1.03333336735765,44.3199986219406,256.629999220371,70.8000030517578,3,"26B_1998",0.27
"2836","282-1-D-BENA",1998,0.0545,0.948198636299126,8,1990,23,"282-1","BENA",74,20,11,0,15,0,0,0,0,0,0,NA,NA,NA,0,0,0,0,577.316923,"West","26B","Tussock Tundra (Low shrub or Herbaceous)","Tussock Tundra","Clay Loam","Mesic",0,826.622314,26,2.82316,-149.530032,68.582817,-0.708151847690011,0.49255367098412,"282-1-D-BENA_1998",10.8999999364217,-6.71666675806046,163,52,10.7333335876465,-6.6666667064031,6.50000031789144,15.0000003178914,14.0000002384186,1.03333336735765,44.3199986219406,256.629999220371,70.8000030517578,3,"26B_1998",0.27
"2837","282-2-A-BENA",1998,0.075,0.651134347364653,11,1987,23,"282-2","BENA",44,16,6,0,7,0,0,0,0,0,0,NA,NA,NA,0,0,0,0,604.079816,"West","26B","Low Shrub","Low Shrub-Tussock Tundra","Clay Loam","Mesic",0,826.41803,354,3.355184,-149.530916,68.583004,-0.703976723534839,0.494614442708912,"282-2-A-BENA_1998",10.8999999364217,-6.71666675806046,163,52,10.7333335876465,-6.6666667064031,6.50000031789144,15.0000003178914,14.0000002384186,1.03333336735765,44.3199986219406,256.629999220371,70.8000030517578,3,"26B_1998",0.27
"2838","282-2-B-BENA",1998,0.03875,0.312650319137553,7,1991,23,"282-2","BENA",27,18,6,0,5,0,0,0,0,0,0,NA,NA,NA,0,0,0,0,604.079816,"West","26B","Low Shrub","Low Shrub-Tussock Tundra","Clay Loam","Mesic",0,826.41803,354,3.355184,-149.530916,68.583004,-1.97697865665151,0.138487022701415,"282-2-B-BENA_1998",10.8999999364217,-6.71666675806046,163,52,10.7333335876465,-6.6666667064031,6.50000031789144,15.0000003178914,14.0000002384186,1.03333336735765,44.3199986219406,256.629999220371,70.8000030517578,3,"26B_1998",0.27
"2839","282-4-A-BENA",1998,0.09575,1.20977254937554,10,1988,23,"282-4","BENA",52,15,7,0,6,0,0,0,0,0,0,NA,NA,NA,0,0,0,0,597.547448,"West","26B","Tussock Tundra (Low shrub or Herbaceous)","Low Shrub-Tussock Tundra","Clay Loam","Mesic",0,823.620117,358,4.137664,-149.531178,68.583423,-0.198242391062391,0.820171026915398,"282-4-A-BENA_1998",10.8999999364217,-6.71666675806046,163,52,10.7333335876465,-6.6666667064031,6.50000031789144,15.0000003178914,14.0000002384186,1.03333336735765,44.3199986219406,256.629999220371,70.8000030517578,3,"26B_1998",0.27
"2840","60-4-B-BENA",1998,0.15075,2.3079472846653,8,1990,1,"60-4","BENA",95,NA,9,0,9,0,2,0,0,0.222222222,0,NA,"Hare",NA,1,0,1,0,1406.241796,"West","20F","Tall Shrub (Open-Closed)","Black Spruce Woodland","Silt Loam","Mesic",0,110.670654,252,1.181915,-149.840942,65.910317,0.18139792714343,1.19889215611686,"60-4-B-BENA_1998",14.3273153305054,-4.37650463792185,185.631896972656,29.0451357364655,13.7000001271566,-2.79166679332654,9.26666673024496,18.233333269755,27.8999998569489,1.01666669671734,86.8499967157841,227.799997981638,275.300006866455,3,"20F_1998",0.375
"2841","72-1-C-BENA",1998,0.03925,0.372912742117793,30,1968,2,"72-1","BENA",118,71,9,0,11,0,2,0,0,0.181818182,0,NA,"Hare",NA,1,0,0,0,895.937772,"West","20F","Tussock Tundra (Low shrub or Herbaceous)","Black Spruce Woodland","Clay Loam","Mesic",0,130.808105,148,1.606934,-150.14017,66.022623,-0.0640690767725165,0.937940207410599,"72-1-C-BENA_1998",14.6966740290324,-4.1055532147487,179.518909454346,27.0422830581665,12.7333335876465,-4.12500015397867,8.40000025431315,17.1333335240682,22.3000005483627,0.983333364749948,89.7399986982346,238.399997353554,272.800010681152,3,"20F_1998",0.375
"2842","72-1-D-BENA",1998,0.10625,1.49481396322471,42,1956,2,"72-1","BENA",65,41,8,7,4,0,0,0,0,0,0,NA,NA,NA,0,0,0,0,895.937772,"West","20F","Tussock Tundra (Low shrub or Herbaceous)","Black Spruce Woodland","Clay Loam","Mesic",0,130.808105,148,1.606934,-150.14017,66.022623,1.72586882878884,5.61739946849891,"72-1-D-BENA_1998",14.6966740290324,-4.1055532147487,179.518909454346,27.0422830581665,12.7333335876465,-4.12500015397867,8.40000025431315,17.1333335240682,22.3000005483627,0.983333364749948,89.7399986982346,238.399997353554,272.800010681152,3,"20F_1998",0.375
"2843","72-2-A-BENA",1998,0.142,1.58969928979154,29,1969,2,"72-2","BENA",121,72,12,21,14,0,0,0,0,0,0,NA,NA,NA,0,0,0,0,855.94066,"West","20F","Tussock Tundra (Low shrub or Herbaceous)","Black Spruce Woodland","Clay Loam","Mesic",0,131.055786,179,2.125059,-150.13956,66.022889,1.3454305858816,3.83983956539431,"72-2-A-BENA_1998",14.6966740290324,-4.1055532147487,179.518909454346,27.0422830581665,12.7333335876465,-4.12500015397867,8.40000025431315,17.1333335240682,22.3000005483627,0.983333364749948,89.7399986982346,238.399997353554,272.800010681152,3,"20F_1998",0.375
"2844","72-3-D-BENA",1998,0.216,2.28139945229568,42,1956,2,"72-3","BENA",104,47,11,0,9,0,0,0,0,0,0,NA,NA,NA,0,0,1,0,885.368743,"West","20F","Tussock Tundra (Low shrub or Herbaceous)","Black Spruce Woodland","Clay Loam","Mesic",0,132.401993,119,2.284806,-150.140609,66.023021,2.14865611854184,8.57332911388716,"72-3-D-BENA_1998",14.6966740290324,-4.1055532147487,179.518909454346,27.0422830581665,12.7333335876465,-4.12500015397867,8.40000025431315,17.1333335240682,22.3000005483627,0.983333364749948,89.7399986982346,238.399997353554,272.800010681152,3,"20F_1998",0.375
"2845","102-3-B-BENA",1997,0.0845,2.39395957548116,17,1980,5,"102-3","BENA",72,NA,16,0,12,0,0,0,0,0,0,NA,NA,NA,0,0,0,0,939.238254,"West","24A","Tussock Tundra (Low shrub or Herbaceous)","Low Shrub","Sandy Loam","Mesic",2004,424.339783,330,3.896938,-150.565669,66.401242,1.11749316333398,3.05718073648265,"102-3-B-BENA_1997",13.6333335240682,-5.40000013510386,168,137,13.6666669845581,-4.79166666666667,8.43333339691162,18.9333337148031,56.0000006556511,1.20000003402432,93.0099971853197,243.739998396486,129.100004196167,2,"24A_1997",0.93
"2846","111-1-A-BENA",1997,0.07825,2.19077216187171,9,1988,6,"111-1","BENA",45,37,7,0,7,0,0,0,0,0,0,NA,NA,NA,0,0,0,0,640.914524,"West","24A","Tall Shrub (Open-Closed)","Low Shrub","Gravely Sand Loam","Mesic",0,512.854736,12,8.158982,-150.736683,66.498494,0.269848534493443,1.30976605132986,"111-1-A-BENA_1997",13.5757745107015,-5.45114572842916,184.542938232422,136.769144058228,13.6666669845581,-4.79166666666667,8.43333339691162,18.9333337148031,56.0000006556511,1.20000003402432,93.0099971853197,243.739998396486,129.100004196167,2,"24A_1997",0.93
"2847","111-3-A-BENA",1997,0.212,2.53619518287242,10,1987,6,"111-3","BENA",108,46,7,0,11,0,0,0,0,0,0,NA,NA,NA,0,0,0,0,664.632709,"West","24A","Tall Shrub (Open-Closed)","Low Shrub","Gravely Sand Loam","Mesic",0,511.257965,359,9.703425,-150.737553,66.498636,0.5419902411897,1.71942553058265,"111-3-A-BENA_1997",13.5757745107015,-5.45114572842916,184.542938232422,136.769144058228,13.6666669845581,-4.79166666666667,8.43333339691162,18.9333337148031,56.0000006556511,1.20000003402432,93.0099971853197,243.739998396486,129.100004196167,2,"24A_1997",0.93
"2848","121-1-C-BENA",1997,0.012,0.162954410941697,25,1972,7,"121-1","BENA",60,36,11,0,11,0,0,0,0,0,0,NA,NA,NA,0,0,0,0,1394.51987,"East","24A","Tall Shrub (Open-Closed)","Low Shrub","Clay Loam","Mesic",2005,466.470276,61,7.209129,-150.675843,66.599029,-1.10951441946793,0.329719027350245,"121-1-C-BENA_1997",14.1000000635783,-5.22499998410543,174,120,13.766666730245,-5.09166669845581,8.60000006357829,19,58.7000008821487,1.21666670528551,94.2099964022636,243.569998878986,122.800003051758,2,"24A_1997",0.93
"2849","121-1-D-BENA",1997,0.13475,3.61089574150503,13,1984,7,"121-1","BENA",73,42,19,0,25,0,0,0,0,0,0,NA,NA,NA,0,0,0,0,1394.51987,"East","24A","Tall Shrub (Open-Closed)","Low Shrub","Clay Loam","Mesic",2005,466.470276,61,7.209129,-150.675843,66.599029,1.20837052860831,3.34802469487574,"121-1-D-BENA_1997",14.1000000635783,-5.22499998410543,174,120,13.766666730245,-5.09166669845581,8.60000006357829,19,58.7000008821487,1.21666670528551,94.2099964022636,243.569998878986,122.800003051758,2,"24A_1997",0.93
"2850","129-3-A-BENA",1997,0.064,1.13790999187145,45,1952,8,"129-3","BENA",51,35,12,0,6,0,0,0,0,0,0,NA,NA,NA,0,0,0,0,1022.673056,"East","24A","Tussock Tundra (Low shrub or Herbaceous)","Low Shrub-Tussock Tundra","Sandy Loam","Mesic - Hydric",2005,301.546051,352,6.265718,-150.646771,66.710061,1.53539216826026,4.64314606746753,"129-3-A-BENA_1997",14.3666667938232,-5.11666651566823,165,107,13.766666730245,-5.09166669845581,8.60000006357829,19,58.7000008821487,1.21666670528551,94.2099964022636,243.569998878986,122.800003051758,2,"24A_1997",0.93
"2851","129-4-D-BENA",1997,0.0875,2.55166045810786,36,1961,8,"129-4","BENA",87,41,18,0,9,0,0,0,0,0,0,NA,NA,NA,0,0,0,0,1057.255538,"East","24A","Tussock Tundra (Low shrub or Herbaceous)","Tall Shrub","Sandy Loam","Mesic - Hydric",2005,303.823029,358,6.979915,-150.646167,66.709845,2.07665741254636,7.97775794367787,"129-4-D-BENA_1997",14.3666667938232,-5.11666651566823,165,107,13.766666730245,-5.09166669845581,8.60000006357829,19,58.7000008821487,1.21666670528551,94.2099964022636,243.569998878986,122.800003051758,2,"24A_1997",0.93
"2852","147-3-A-BENA",1997,0.03575,0.553108213542394,7,1990,9,"147-3","BENA",107,63,8,18,8,1,0,0,0.125,0,0,"Moose",NA,NA,1,2,1,0,952.272152,"West","24A","White Spruce or Black Spruce (Woodland)","Black Spruce Woodland","Clay Loam","Mesic - Hydric",0,425.583191,170,6.572863,-150.484233,66.911912,-1.40651036451076,0.244996742483684,"147-3-A-BENA_1997",13.8333333333333,-5.48333319028219,169.225677490234,110.135406494141,12.1666669845581,-6.3666668732961,7.09999990463257,17.3000008265177,36.2000005245209,1.149999997889,87.3299979269505,255.729999542236,123.60000038147,2,"24A_1997",0.93
"2853","147-4-D-BENA",1997,0.061,0.611322514462037,11,1986,9,"147-4","BENA",94,47,7,14,7,0,0,0,0,0,0,NA,NA,NA,0,0,1,0,956.341518,"West","24A","Tall Shrub (Open-Closed)","Tall Shrub","Clay Loam","Mesic - Hydric",0,428.39856,129,7.52786,-150.483929,66.912191,-0.767068048392265,0.464372592276593,"147-4-D-BENA_1997",13.8333333333333,-5.48333319028219,169.225677490234,110.135406494141,12.1666669845581,-6.3666668732961,7.09999990463257,17.3000008265177,36.2000005245209,1.149999997889,87.3299979269505,255.729999542236,123.60000038147,2,"24A_1997",0.93
"2854","151-1-D-BENA",1997,0.04725,0.541918253209392,13,1984,10,"151-1","BENA",90,67,12,0,8,0,0,0,0,0,0,NA,NA,NA,0,0,0,0,725.03173,"East","24A","White Spruce or Black Spruce (Open-Closed)","Low Shrub","Clay Loam","Mesic",0,471.29071,296,22.022722,-150.362735,66.958242,-0.688225454053125,0.502466929048675,"151-1-D-BENA_1997",12.9628318150838,-6.31216832002004,182.367897033691,116.936790466309,12.1666669845581,-6.3666668732961,7.09999990463257,17.3000008265177,36.2000005245209,1.149999997889,87.3299979269505,255.729999542236,123.60000038147,2,"24A_1997",0.93
"2855","151-3-C-BENA",1997,0.34775,6.03518150357036,11,1986,10,"151-3","BENA",86,51,13,0,9,0,0,0,0,0,0,NA,NA,NA,0,0,0,0,698.113665,"East","24A","White Spruce or Black Spruce (Open-Closed)","Low Shrub","Clay Loam","Mesic",0,469.98999,301,21.5443,-150.36215,66.958641,1.5226684930243,4.58444243974716,"151-3-C-BENA_1997",12.9628318150838,-6.31216832002004,182.367897033691,116.936790466309,12.1666669845581,-6.3666668732961,7.09999990463257,17.3000008265177,36.2000005245209,1.149999997889,87.3299979269505,255.729999542236,123.60000038147,2,"24A_1997",0.93
"2856","151-4-A-BENA",1997,0.08475,1.08210647061436,11,1986,10,"151-4","BENA",65,36,9,0,8,0,0,0,0,0,0,NA,NA,NA,0,0,0,0,714.907956,"East","24A","Low Shrub","Low Shrub","Clay Loam","Mesic",0,485.466003,301,24.973797,-150.361301,66.958638,-0.196027858969575,0.821989334583339,"151-4-A-BENA_1997",12.9628318150838,-6.31216832002004,182.367897033691,116.936790466309,12.1666669845581,-6.3666668732961,7.09999990463257,17.3000008265177,36.2000005245209,1.149999997889,87.3299979269505,255.729999542236,123.60000038147,2,"24A_1997",0.93
"2857","158-2-C-BENA",1997,0.03325,0.459171058908329,9,1988,11,"158-2","BENA",54,29,8,0,53,0,0,0,0,0,0,NA,NA,NA,0,0,0,1,1283.38641,"East","24A","Tussock Tundra (Low shrub or Herbaceous)","Low Shrub","Sandy Loam","Mesic - Xeric",2005,590.000549,54,15.617359,-150.286104,67.046812,-1.29273799350927,0.274518124329959,"158-2-C-BENA_1997",13.7999998728434,-5.94166660308838,170,117,12.0666669209798,-6.68333367506663,7.10000006357829,17.0999997456868,35.5000006258488,1.20833334947626,82.7999988980591,256.10000038147,113.900001525879,2,"24A_1997",0.93
"2858","173-1-A-BENA",1997,0.06175,0.489978694566673,29,1968,12,"173-1","BENA",69,40,12,0,9,0,0,0,0,0,0,NA,NA,NA,0,0,0,0,1301.486525,"East","24A","Low Shrub","Low Shrub","Clay Loam","Mesic",0,349.871613,358,2.901099,-150.191497,67.228159,0.168492344154346,1.18351916597011,"173-1-A-BENA_1997",14.1957047780355,-5.81052128473918,155.686904907227,123.740598678589,12.0666669209798,-6.68333367506663,7.10000006357829,17.0999997456868,35.5000006258488,1.20833334947626,82.7999988980591,256.10000038147,113.900001525879,2,"24A_1997",0.93
"2859","173-1-B-BENA",1997,0.01875,0.315273549003303,7,1990,12,"173-1","BENA",101,53,11,0,7,0,0,0,0,0,0,NA,NA,NA,0,0,0,0,1301.486525,"East","24A","Low Shrub","Low Shrub","Clay Loam","Mesic",0,349.871613,358,2.901099,-150.191497,67.228159,-1.96862335990398,0.139648970320632,"173-1-B-BENA_1997",14.1957047780355,-5.81052128473918,155.686904907227,123.740598678589,12.0666669209798,-6.68333367506663,7.10000006357829,17.0999997456868,35.5000006258488,1.20833334947626,82.7999988980591,256.10000038147,113.900001525879,2,"24A_1997",0.93
"2860","173-2-A-BENA",1997,0.17675,1.83505001840482,38,1959,12,"173-2","BENA",94,43,12,0,6,0,0,0,0,0,0,NA,NA,NA,0,2,0,0,1323.706943,"East","24A","Tussock Tundra (Low shrub or Herbaceous)","Low Shrub","Clay Loam","Mesic",0,348.371155,13,2.823825,-150.190835,67.228457,1.81150534906594,6.11965271540911,"173-2-A-BENA_1997",14.1957047780355,-5.81052128473918,155.686904907227,123.740598678589,12.0666669209798,-6.68333367506663,7.10000006357829,17.0999997456868,35.5000006258488,1.20833334947626,82.7999988980591,256.10000038147,113.900001525879,2,"24A_1997",0.93
"2861","173-3-B-BENA",1997,0.0405,0.248488983324666,32,1965,12,"173-3","BENA",70,51,14,0,9,0,0,0,0,0,0,NA,NA,NA,0,0,0,0,1278.311889,"East","24A","Low Shrub","Low Shrub","Clay Loam","Mesic",0,347.24527,24,1.739254,-150.191816,67.228627,-0.392998710333591,0.675029618148595,"173-3-B-BENA_1997",14.1957047780355,-5.81052128473918,155.686904907227,123.740598678589,12.0666669209798,-6.68333367506663,7.10000006357829,17.0999997456868,35.5000006258488,1.20833334947626,82.7999988980591,256.10000038147,113.900001525879,2,"24A_1997",0.93
"2862","173-4-B-BENA",1997,0.2045,3.60032172968168,7,1990,12,"173-4","BENA",124,71,14,0,12,0,0,0,0,0,0,NA,NA,NA,0,1,0,0,1308.377258,"East","24A","Low Shrub","Low Shrub","Clay Loam","Mesic",0,346.165253,355,1.872125,-150.190975,67.22891,0.466714458392514,1.5947459720694,"173-4-B-BENA_1997",14.1957047780355,-5.81052128473918,155.686904907227,123.740598678589,12.0666669209798,-6.68333367506663,7.10000006357829,17.0999997456868,35.5000006258488,1.20833334947626,82.7999988980591,256.10000038147,113.900001525879,2,"24A_1997",0.93
"2863","173-4-C-BENA",1997,0.0755,1.37700796935637,28,1969,12,"173-4","BENA",119,74,14,0,14,0,0,0,0,0,0,NA,NA,NA,0,1,0,0,1308.377258,"East","24A","Low Shrub","Low Shrub","Clay Loam","Mesic",0,346.165253,355,1.872125,-150.190975,67.22891,1.15992289254214,3.18968731795326,"173-4-C-BENA_1997",14.1957047780355,-5.81052128473918,155.686904907227,123.740598678589,12.0666669209798,-6.68333367506663,7.10000006357829,17.0999997456868,35.5000006258488,1.20833334947626,82.7999988980591,256.10000038147,113.900001525879,2,"24A_1997",0.93
"2864","184-1-B-BENA",1997,0.03575,0.610948861285807,45,1952,13,"184-1","BENA",128,51,19,0,13,0,1,0,0,0.076923077,0,NA,"Hare",NA,1,2,0,0,692.283244,"East","24A","White Spruce or Black Spruce (Open-Closed)","Tall Shrub","Clay Loam","Mesic",0,423.977753,249,10.469168,-150.109686,67.368938,0.913456908879769,2.49292547122955,"184-1-B-BENA_1997",13.733333269755,-5.74999980131785,124,83,12.0666669209798,-6.68333367506663,7.10000006357829,17.0999997456868,35.5000006258488,1.20833334947626,82.7999988980591,256.10000038147,113.900001525879,2,"24A_1997",0.93
"2865","184-1-C-BENA",1997,0.30825,9.24212870913281,6,1991,13,"184-1","BENA",166,49,15,8,26,1,2,0,0.038461538,0.076923077,0,"Moose","Hare",NA,1,2,0,0,692.283244,"East","24A","White Spruce or Black Spruce (Open-Closed)","Tall Shrub","Clay Loam","Mesic",0,423.977753,249,10.469168,-150.109686,67.368938,1.22550952270661,3.40590102466568,"184-1-C-BENA_1997",13.733333269755,-5.74999980131785,124,83,12.0666669209798,-6.68333367506663,7.10000006357829,17.0999997456868,35.5000006258488,1.20833334947626,82.7999988980591,256.10000038147,113.900001525879,2,"24A_1997",0.93
"2866","184-2-A-BENA",1997,0.0875,0.841436322355855,12,1985,13,"184-2","BENA",89,39,11,0,12,0,1,0,0,0.083333333,0,NA,"Hare",NA,1,1,0,0,706.210196,"East","24A","White Spruce or Black Spruce (Open-Closed)","Tall Shrub","Clay Loam","Mesic",0,429.192566,258,16.706417,-150.109279,67.369156,-0.343748337112134,0.709107361602445,"184-2-A-BENA_1997",13.7303241093953,-5.7511283159256,123.593780517578,82.5035078525543,12.0666669209798,-6.68333367506663,7.10000006357829,17.0999997456868,35.5000006258488,1.20833334947626,82.7999988980591,256.10000038147,113.900001525879,2,"24A_1997",0.93
"2867","184-2-D-BENA",1997,0.18375,1.85692571344993,26,1971,13,"184-2","BENA",84,38,12,10,7,0,0,0,0,0,0,NA,NA,NA,0,1,0,0,706.210196,"East","24A","White Spruce or Black Spruce (Open-Closed)","Tall Shrub","Clay Loam","Mesic",0,429.192566,258,16.706417,-150.109279,67.369156,1.37049625612826,3.93730412202983,"184-2-D-BENA_1997",13.7303241093953,-5.7511283159256,123.593780517578,82.5035078525543,12.0666669209798,-6.68333367506663,7.10000006357829,17.0999997456868,35.5000006258488,1.20833334947626,82.7999988980591,256.10000038147,113.900001525879,2,"24A_1997",0.93
"2868","184-3-B-BENA",1997,0.143333333333333,2.51984990746194,20,1977,13,"184-3","BENA",71,35,17,0,17,0,2,0,0,0.117647059,0,NA,"Hare",NA,1,1,3,0,683.765397,"East","24A","White Spruce or Black Spruce (Open-Closed)","Tall Shrub","Clay Loam","Mesic",0,425.482941,261,10.788996,-150.109693,67.36937,1.36268390082354,3.90666434353982,"184-3-B-BENA_1997",13.7303241093953,-5.7511283159256,123.593780517578,82.5035078525543,12.0666669209798,-6.68333367506663,7.10000006357829,17.0999997456868,35.5000006258488,1.20833334947626,82.7999988980591,256.10000038147,113.900001525879,2,"24A_1997",0.93
"2869","184-3-D-BENA",1997,0.1615,2.50816982020791,9,1988,13,"184-3","BENA",103,48,17,7,31,3,1,0,0.096774194,0.032258065,0,"Moose","Hare",NA,1,1,3,0,683.765397,"East","24A","White Spruce or Black Spruce (Open-Closed)","Tall Shrub","Clay Loam","Mesic",0,425.482941,261,10.788996,-150.109693,67.36937,0.40514779936411,1.49952411238956,"184-3-D-BENA_1997",13.7303241093953,-5.7511283159256,123.593780517578,82.5035078525543,12.0666669209798,-6.68333367506663,7.10000006357829,17.0999997456868,35.5000006258488,1.20833334947626,82.7999988980591,256.10000038147,113.900001525879,2,"24A_1997",0.93
"2870","191-3-A-BENA",1997,0.181666666666667,2.12327895338648,16,1981,14,"191-3","BENA",102,51,9,0,9,0,1,0,0,0.111111111,0,NA,"Hare",NA,1,2,0,0,1608.343863,"East","24A","Low Shrub","Low Shrub","Clay Loam","Mesic",0,494.475037,298,4.15829,-149.859591,67.475979,0.925160307846427,2.52227256803392,"191-3-A-BENA_1997",12.9453694025675,-6.01629062493642,125.548645019531,79.774322271347,10.2333335876465,-8.14999989668528,5.39999993642171,15.0666666030884,14.200000166893,1.04166667287548,61.6899991482496,270.720000267029,112,2,"24A_1997",0.93
"2871","191-3-D-BENA",1997,0.0675,1.3369872205423,11,1986,14,"191-3","BENA",110,71,10,0,16,0,0,0,0,0,0,NA,NA,NA,0,2,0,0,1608.343863,"East","24A","Low Shrub","Low Shrub","Clay Loam","Mesic",0,494.475037,298,4.15829,-149.859591,67.475979,0.0154813035366015,1.01560175971968,"191-3-D-BENA_1997",12.9453694025675,-6.01629062493642,125.548645019531,79.774322271347,10.2333335876465,-8.14999989668528,5.39999993642171,15.0666666030884,14.200000166893,1.04166667287548,61.6899991482496,270.720000267029,112,2,"24A_1997",0.93
"2872","191-4-B-BENA",1997,0.1615,2.0284541197919,14,1983,14,"191-4","BENA",77,59,11,0,12,0,1,0,0,0.083333333,0,NA,"Hare",NA,1,1,0,0,1634.196324,"East","24A","Low Shrub","Low Shrub","Clay Loam","Mesic",0,497.007599,303,3.553675,-149.85875,67.475963,0.72012455205949,2.05468911046745,"191-4-B-BENA_1997",12.9453694025675,-6.01629062493642,125.548645019531,79.774322271347,10.2333335876465,-8.14999989668528,5.39999993642171,15.0666666030884,14.200000166893,1.04166667287548,61.6899991482496,270.720000267029,112,2,"24A_1997",0.93
"2873","203-1-A-BENA",1997,0.09475,1.64557153338794,7,1990,15,"203-1","BENA",97,41,11,0,17,1,0,0,0.058823529,0,0,"Moose",NA,NA,1,1,0,0,905.036767,"East","24A","Low Shrub","Low Shrub","Loam","Mesic",0,550.644958,299,23.927214,-149.794431,67.571449,-0.316220991847199,0.728898351774385,"203-1-A-BENA_1997",13.1999998092651,-6.13333340485891,102,71,9.30000019073486,-9.11666692296664,4.60000014305115,14.1000003814697,9.60000011324883,1.04999999826153,49.9599997252226,277.179997444153,92.5,2,"24A_1997",0.93
"2874","203-2-C-BENA",1997,0.115,1.43050065286721,21,1976,15,"203-2","BENA",118,35,14,0,38,0,0,0,0,0,0,NA,NA,NA,0,0,1,0,933.944119,"East","24A","Low Shrub","Low Shrub","Loam","Mesic",0,566.911377,300,26.508135,-149.793674,67.571447,0.854732240019153,2.35074486089965,"203-2-C-BENA_1997",13.1999998092651,-6.13333340485891,102,71,9.30000019073486,-9.11666692296664,4.60000014305115,14.1000003814697,9.60000011324883,1.04999999826153,49.9599997252226,277.179997444153,92.5,2,"24A_1997",0.93
"2875","203-4-B-BENA",1997,0.048,1.0107885867366,18,1979,15,"203-4","BENA",99,36,12,0,12,0,0,0,0,0,0,NA,NA,NA,0,1,1,0,951.384807,"East","24A","Low Shrub","Low Shrub","Loam","Mesic",0,569.135193,316,29.227108,-149.792864,67.571712,0.323484591513739,1.38193486257964,"203-4-B-BENA_1997",13.1999998092651,-6.13333340485891,102,71,9.30000019073486,-9.11666692296664,4.60000014305115,14.1000003814697,9.60000011324883,1.04999999826153,49.9599997252226,277.179997444153,92.5,2,"24A_1997",0.93
"2876","209-1-C-BENA",1997,0.371,6.5553340007433,8,1989,16,"209-1","BENA",58,59,14,0,9,0,0,0,0,0,0,NA,NA,NA,0,0,1,0,698.873831,"East","24A","Low Shrub","Black Spruce Woodland","Sandy Loam","Mesic - Xeric",0,553.345276,287,19.679848,-149.692986,67.655886,1.22531848852636,3.40525044329903,"209-1-C-BENA_1997",12.5228017171224,-6.59085587660472,94.9097290039062,68,9.30000019073486,-9.11666692296664,4.60000014305115,14.1000003814697,9.60000011324883,1.04999999826153,49.9599997252226,277.179997444153,92.5,2,"24A_1997",0.93
"2877","209-1-D-BENA",1997,0.0505,0.60358555715441,13,1984,16,"209-1","BENA",76,39,10,0,6,0,0,0,0,0,0,NA,NA,NA,0,0,1,0,698.873831,"East","24A","Low Shrub","Black Spruce Woodland","Sandy Loam","Mesic - Xeric",0,553.345276,287,19.679848,-149.692986,67.655886,-0.580452821015567,0.559644890212481,"209-1-D-BENA_1997",12.5228017171224,-6.59085587660472,94.9097290039062,68,9.30000019073486,-9.11666692296664,4.60000014305115,14.1000003814697,9.60000011324883,1.04999999826153,49.9599997252226,277.179997444153,92.5,2,"24A_1997",0.93
"2878","209-2-B-BENA",1997,0.1775,3.71745836796525,29,1968,16,"209-2","BENA",104,57,18,0,18,0,0,0,0,0,0,NA,NA,NA,0,0,0,0,728.528855,"East","24A","Low Shrub","Black Spruce Woodland","Sandy Loam","Mesic - Xeric",0,561.911133,287,21.070175,-149.692261,67.656,2.1949259138094,8.97933578739343,"209-2-B-BENA_1997",12.5228017171224,-6.59085587660472,94.9097290039062,68,9.30000019073486,-9.11666692296664,4.60000014305115,14.1000003814697,9.60000011324883,1.04999999826153,49.9599997252226,277.179997444153,92.5,2,"24A_1997",0.93
"2879","209-2-D-BENA",1997,0.06725,0.501190253349172,36,1961,16,"209-2","BENA",86,47,10,0,6,0,0,0,0,0,0,NA,NA,NA,0,0,0,0,728.528855,"East","24A","Low Shrub","Black Spruce Woodland","Sandy Loam","Mesic - Xeric",0,561.911133,287,21.070175,-149.692261,67.656,0.449143602467379,1.5669696617532,"209-2-D-BENA_1997",12.5228017171224,-6.59085587660472,94.9097290039062,68,9.30000019073486,-9.11666692296664,4.60000014305115,14.1000003814697,9.60000011324883,1.04999999826153,49.9599997252226,277.179997444153,92.5,2,"24A_1997",0.93
"2880","209-3-A-BENA",1997,0.03975,0.425554054019505,37,1960,16,"209-3","BENA",67,52,13,0,10,0,0,0,0,0,0,NA,NA,NA,0,0,1,0,711.058695,"East","24A","Low Shrub","Black Spruce Woodland","Sandy Loam","Mesic - Xeric",0,553.430786,276,18.070417,-149.69261,67.656251,0.318246057480055,1.37471447839577,"209-3-A-BENA_1997",12.5228017171224,-6.59085587660472,94.9097290039062,68,9.30000019073486,-9.11666692296664,4.60000014305115,14.1000003814697,9.60000011324883,1.04999999826153,49.9599997252226,277.179997444153,92.5,2,"24A_1997",0.93
"2881","209-3-D-BENA",1997,0.1005,1.74188275032041,15,1982,16,"209-3","BENA",84,39,10,0,8,0,0,0,0,0,0,NA,NA,NA,0,0,1,0,711.058695,"East","24A","Low Shrub","Black Spruce Woodland","Sandy Loam","Mesic - Xeric",0,553.430786,276,18.070417,-149.69261,67.656251,0.650148995046993,1.91582625637284,"209-3-D-BENA_1997",12.5228017171224,-6.59085587660472,94.9097290039062,68,9.30000019073486,-9.11666692296664,4.60000014305115,14.1000003814697,9.60000011324883,1.04999999826153,49.9599997252226,277.179997444153,92.5,2,"24A_1997",0.93
"2882","209-4-C-BENA",1997,0.09075,1.5448830961413,6,1991,16,"209-4","BENA",57,38,10,0,7,0,0,0,0,0,0,NA,NA,NA,0,0,0,0,738.024448,"East","24A","Low Shrub","Black Spruce Woodland","Sandy Loam","Mesic - Xeric",0,561.090881,296,18.584587,-149.691928,67.656444,-0.563314474630979,0.569318940011824,"209-4-C-BENA_1997",12.5228017171224,-6.59085587660472,94.9097290039062,68,9.30000019073486,-9.11666692296664,4.60000014305115,14.1000003814697,9.60000011324883,1.04999999826153,49.9599997252226,277.179997444153,92.5,2,"24A_1997",0.93
"2883","209-4-D-BENA",1997,0.067,0.388628582719882,25,1972,16,"209-4","BENA",71,50,9,0,8,0,0,0,0,0,0,NA,NA,NA,0,0,0,0,738.024448,"East","24A","Low Shrub","Black Spruce Woodland","Sandy Loam","Mesic - Xeric",0,561.090881,296,18.584587,-149.691928,67.656444,-0.240360806380188,0.786344091911386,"209-4-D-BENA_1997",12.5228017171224,-6.59085587660472,94.9097290039062,68,9.30000019073486,-9.11666692296664,4.60000014305115,14.1000003814697,9.60000011324883,1.04999999826153,49.9599997252226,277.179997444153,92.5,2,"24A_1997",0.93
"2884","222-1-B-BENA",1997,0.24275,3.8796468193481,17,1980,17,"222-1","BENA",63,58,19,0,9,0,2,0,0,0.222222222,0,NA,"Hare",NA,1,2,18,0,769.468544,"East","24A","Low Shrub","Tall Shrub","Clay Loam","Mesic",0,669.484009,287,15.029548,-149.809491,67.826198,1.60028856565555,4.95446190568331,"222-1-B-BENA_1997",11.9000002543132,-7.17499985297521,97,70,9.30000019073486,-9.11666692296664,4.60000014305115,14.1000003814697,9.60000011324883,1.04999999826153,49.9599997252226,277.179997444153,92.5,2,"24A_1997",0.93
"2885","222-1-D-BENA",1997,0.1555,1.89495999395923,16,1981,17,"222-1","BENA",78,38,9,0,9,0,2,0,0,0.222222222,0,NA,"Hare",NA,1,2,18,0,769.468544,"East","24A","Low Shrub","Tall Shrub","Clay Loam","Mesic",0,669.484009,287,15.029548,-149.809491,67.826198,0.811396464852813,2.25104930403137,"222-1-D-BENA_1997",11.9000002543132,-7.17499985297521,97,70,9.30000019073486,-9.11666692296664,4.60000014305115,14.1000003814697,9.60000011324883,1.04999999826153,49.9599997252226,277.179997444153,92.5,2,"24A_1997",0.93
"2886","222-2-A-BENA",1997,0.175,3.65877734418702,11,1986,17,"222-2","BENA",81,59,12,0,9,0,0,0,0,0,0,NA,NA,NA,0,3,13,0,794.735172,"East","24A","Low Shrub","Tall Shrub","Clay Loam","Mesic",0,676.198608,282,15.59229,-149.808768,67.826375,1.02219159640826,2.77927915247509,"222-2-A-BENA_1997",11.9000002543132,-7.17499985297521,97,70,9.30000019073486,-9.11666692296664,4.60000014305115,14.1000003814697,9.60000011324883,1.04999999826153,49.9599997252226,277.179997444153,92.5,2,"24A_1997",0.93
"2887","222-3-A-BENA",1997,0.12075,1.29272080560643,35,1962,17,"222-3","BENA",126,65,16,0,21,0,3,0,0,0.142857143,0,NA,"Hare",NA,1,2,11,1,778.440723,"East","24A","Low Shrub","Low Shrub","Clay Loam","Mesic",0,672.469177,278,13.422374,-149.809021,67.826615,1.36304485790029,3.90807473621142,"222-3-A-BENA_1997",11.9000002543132,-7.17499985297521,97,70,9.30000019073486,-9.11666692296664,4.60000014305115,14.1000003814697,9.60000011324883,1.04999999826153,49.9599997252226,277.179997444153,92.5,2,"24A_1997",0.93
"2888","235-1-A-BENA",1997,0.05,0.587006587323256,18,1979,18,"235-1","BENA",59,29,10,0,18,0,0,0,0,0,0,NA,NA,NA,0,0,5,0,477.732622,"East","24A","Low Shrub","Low Shrub","Sandy Gravel","Mesic",0,813.776917,295,20.303024,-149.727576,68.004859,-0.219965450838477,0.802546524793022,"235-1-A-BENA_1997",9.60000006357829,-8.49999992052714,105,83,8.06666692097982,-10.3083335980773,3.53333346048991,12.6666669845581,5.09999996423721,0.950000026573737,40.429998934269,286.879997730255,80.3000030517578,2,"24A_1997",0.93
"2889","235-2-B-BENA",1997,0.1355,1.51224882070444,14,1983,18,"235-2","BENA",54,38,8,0,9,0,0,0,0,0,0,NA,NA,NA,NA,0,0,0,510.631222,"East","24A","Dwarf Shrub-Lichen","Low Shrub","Sandy Gravel","Mesic",0,828.022217,289,26.243103,-149.726481,68.004961,0.426448394627445,1.53180747540764,"235-2-B-BENA_1997",9.60000006357829,-8.49999992052714,105,83,8.06666692097982,-10.3083335980773,3.53333346048991,12.6666669845581,5.09999996423721,0.950000026573737,40.429998934269,286.879997730255,80.3000030517578,2,"24A_1997",0.93
"2890","235-2-C-BENA",1997,0.18975,2.16345836994323,9,1988,18,"235-2","BENA",58,33,8,0,9,0,2,0,0,0.222222222,0,NA,"Hare",NA,1,0,0,0,510.631222,"East","24A","Dwarf Shrub-Lichen","Low Shrub","Sandy Gravel","Mesic",0,828.022217,289,26.243103,-149.726481,68.004961,0.25730250598149,1.2934363398137,"235-2-C-BENA_1997",9.60000006357829,-8.49999992052714,105,83,8.06666692097982,-10.3083335980773,3.53333346048991,12.6666669845581,5.09999996423721,0.950000026573737,40.429998934269,286.879997730255,80.3000030517578,2,"24A_1997",0.93
"2891","235-3-B-BENA",1997,0.16675,2.25901776448379,12,1985,18,"235-3","BENA",59,31,10,0,15,0,0,0,0,0,0,NA,NA,NA,0,0,1,0,482.982181,"East","24A","Dwarf Shrub-Lichen","Low Shrub","Sandy Gravel","Mesic",0,817.546387,298,18.704132,-149.726784,68.005244,0.643826704019353,1.9037520537516,"235-3-B-BENA_1997",9.60000006357829,-8.49999992052714,105,83,8.06666692097982,-10.3083335980773,3.53333346048991,12.6666669845581,5.09999996423721,0.950000026573737,40.429998934269,286.879997730255,80.3000030517578,2,"24A_1997",0.93
"2892","235-4-A-BENA",1997,0.0575,1.01330892944294,7,1990,18,"235-4","BENA",45,36,11,0,13,0,0,0,0,0,0,NA,NA,NA,0,0,0,0,503.848767,"East","24A","Low Shrub","Low Shrub","Sandy Gravel","Mesic",0,825.290771,293,20.728168,-149.726015,68.005351,-0.801087608758917,0.448840535657894,"235-4-A-BENA_1997",9.60000006357829,-8.49999992052714,105,83,8.06666692097982,-10.3083335980773,3.53333346048991,12.6666669845581,5.09999996423721,0.950000026573737,40.429998934269,286.879997730255,80.3000030517578,2,"24A_1997",0.93
"2893","240-3-D-BENA",1997,0.12525,2.18964275931274,13,1984,19,"240-3","BENA",97,46,12,0,13,0,0,2,0,0,0.153846154,NA,NA,"Ptarmagin",1,0,1,3,399.798137,"West","24A","Low Shrub","Low Shrub","Sandy Loam","Mesic",0,1034.808228,93,20.584356,-149.606025,68.07014,0.708153066122234,2.03023807828895,"240-3-D-BENA_1997",8.51828829447428,-9.00752262507255,130.992990493774,116.812440872192,8.06666692097982,-10.3083335980773,3.53333346048991,12.6666669845581,5.09999996423721,0.950000026573737,40.429998934269,286.879997730255,80.3000030517578,2,"24A_1997",0.93
"2894","240-4-B-BENA",1997,0.20125,3.7718187200971,29,1968,19,"240-4","BENA",102,72,15,0,13,0,0,0,0,0,0,NA,NA,NA,0,0,2,0,431.079046,"West","24A","Low Shrub","Low Shrub","Sandy Loam","Mesic",0,1046.807861,94,24.616484,-149.606605,68.070368,2.20944301771042,9.11064051417105,"240-4-B-BENA_1997",8.51828829447428,-9.00752262507255,130.992990493774,116.812440872192,8.06666692097982,-10.3083335980773,3.53333346048991,12.6666669845581,5.09999996423721,0.950000026573737,40.429998934269,286.879997730255,80.3000030517578,2,"24A_1997",0.93
"2895","240-4-D-BENA",1997,0.2025,3.0533099730331,12,1985,19,"240-4","BENA",83,41,16,0,29,0,0,3,0,0,0.103448276,NA,NA,"Ptarmagin",1,0,2,0,431.079046,"West","24A","Low Shrub","Low Shrub","Sandy Loam","Mesic",0,1046.807861,94,24.616484,-149.606605,68.070368,0.945122841929071,2.57312944735974,"240-4-D-BENA_1997",8.51828829447428,-9.00752262507255,130.992990493774,116.812440872192,8.06666692097982,-10.3083335980773,3.53333346048991,12.6666669845581,5.09999996423721,0.950000026573737,40.429998934269,286.879997730255,80.3000030517578,2,"24A_1997",0.93
"2896","255-1-A-BENA",1997,0.05175,0.986397850422747,28,1969,20,"255-1","BENA",71,26,15,0,17,0,0,0,0,0,0,NA,NA,NA,0,0,0,0,585.543915,"East","26B","Low Shrub","Low Shrub","Sandy Gravel","Mesic - Xeric",0,991.483582,331,1.701594,-149.392735,68.222633,0.826314378986033,2.28488199339936,"255-1-A-BENA_1997",8.83784675598145,-9.44618027408918,134.909729003906,122.909729003906,6.10000006357829,-11.9000001586974,1.66666666666667,10.5333334604899,1.60000002384186,0.850000016391277,30.1499997377396,304.329998970032,79.5000019073486,2,"26B_1997",0.4
"2897","255-2-C-BENA",1997,0.05325,0.501242089627954,16,1981,20,"255-2","BENA",65,27,8,0,20,0,0,0,0,0,0,NA,NA,NA,0,0,1,1,631.079496,"East","26B","Low Shrub","Low Shrub","Sandy Gravel","Mesic - Xeric",0,993.382141,286,2.676414,-149.39171,68.222788,-0.518467343868317,0.595432442165061,"255-2-C-BENA_1997",8.83784675598145,-9.44618027408918,134.909729003906,122.909729003906,6.10000006357829,-11.9000001586974,1.66666666666667,10.5333334604899,1.60000002384186,0.850000016391277,30.1499997377396,304.329998970032,79.5000019073486,2,"26B_1997",0.4
"2898","255-2-D-BENA",1997,0.13325,2.89149380037971,8,1989,20,"255-2","BENA",60,32,10,0,11,0,0,0,0,0,0,NA,NA,NA,0,0,1,1,631.079496,"East","26B","Low Shrub","Low Shrub","Sandy Gravel","Mesic - Xeric",0,993.382141,286,2.676414,-149.39171,68.222788,0.406812673554108,1.50202271073037,"255-2-D-BENA_1997",8.83784675598145,-9.44618027408918,134.909729003906,122.909729003906,6.10000006357829,-11.9000001586974,1.66666666666667,10.5333334604899,1.60000002384186,0.850000016391277,30.1499997377396,304.329998970032,79.5000019073486,2,"26B_1997",0.4
"2899","255-4-D-BENA",1997,0.0475,0.339712194605114,20,1977,20,"255-4","BENA",56,29,5,0,12,0,0,0,0,0,0,NA,NA,NA,0,0,0,2,644.564014,"East","26B","Low Shrub","Low Shrub","Sandy Gravel","Mesic - Xeric",0,993.003235,239,7.430982,-149.391619,68.223199,-0.641171944694463,0.526674828448887,"255-4-D-BENA_1997",8.83784675598145,-9.44618027408918,134.909729003906,122.909729003906,6.10000006357829,-11.9000001586974,1.66666666666667,10.5333334604899,1.60000002384186,0.850000016391277,30.1499997377396,304.329998970032,79.5000019073486,2,"26B_1997",0.4
"2900","261-1-C-BENA",1997,0.191666666666667,1.44573503877518,21,1976,21,"261-1","BENA",52,23,10,0,13,0,0,0,0,0,0,NA,NA,NA,0,0,0,0,356.206777,"East","26B","Dwarf Shrub","Low Shrub","Sandy Loam","Mesic",0,883.832947,287,13.943512,-149.352299,68.301689,0.865325619705303,2.37577956068139,"261-1-C-BENA_1997",8.99827226003011,-9.60709052284559,146.241472244263,121.115051269531,6.10000006357829,-11.9000001586974,1.66666666666667,10.5333334604899,1.60000002384186,0.850000016391277,30.1499997377396,304.329998970032,79.5000019073486,2,"26B_1997",0.4
"2901","261-1-D-BENA",1997,0.16725,2.01542338251343,8,1989,21,"261-1","BENA",59,19,9,0,15,0,0,0,0,0,0,NA,NA,NA,0,0,0,0,356.206777,"East","26B","Dwarf Shrub","Low Shrub","Sandy Loam","Mesic",0,883.832947,287,13.943512,-149.352299,68.301689,0.0458687077435358,1.046936947219,"261-1-D-BENA_1997",8.99827226003011,-9.60709052284559,146.241472244263,121.115051269531,6.10000006357829,-11.9000001586974,1.66666666666667,10.5333334604899,1.60000002384186,0.850000016391277,30.1499997377396,304.329998970032,79.5000019073486,2,"26B_1997",0.4
"2902","261-2-B-BENA",1997,0.10275,1.75626672863442,11,1986,21,"261-2","BENA",66,25,12,0,19,0,0,0,0,0,0,NA,NA,NA,0,0,0,1,388.99561,"East","26B","Dwarf Shrub-Lichen","Low Shrub","Sandy Loam","Mesic",0,888.892761,295,13.025289,-149.351465,68.301786,0.288252943026054,1.33409471140252,"261-2-B-BENA_1997",8.99827226003011,-9.60709052284559,146.241472244263,121.115051269531,6.10000006357829,-11.9000001586974,1.66666666666667,10.5333334604899,1.60000002384186,0.850000016391277,30.1499997377396,304.329998970032,79.5000019073486,2,"26B_1997",0.4
"2903","261-2-C-BENA",1997,0.21125,3.07225475848196,6,1991,21,"261-2","BENA",37,18,8,0,13,0,0,0,0,0,0,NA,NA,NA,0,0,0,1,388.99561,"East","26B","Dwarf Shrub-Lichen","Low Shrub","Sandy Loam","Mesic",0,888.892761,295,13.025289,-149.351465,68.301786,0.12414902485042,1.13218458206578,"261-2-C-BENA_1997",8.99827226003011,-9.60709052284559,146.241472244263,121.115051269531,6.10000006357829,-11.9000001586974,1.66666666666667,10.5333334604899,1.60000002384186,0.850000016391277,30.1499997377396,304.329998970032,79.5000019073486,2,"26B_1997",0.4
"2904","261-3-D-BENA",1997,0.156666666666667,2.88583265338499,17,1980,21,"261-3","BENA",74,41,14,0,26,0,0,0,0,0,0,NA,NA,NA,0,0,0,1,380.53651,"East","26B","Tussock Tundra (Low shrub or Herbaceous)","Low Shrub","Sandy Loam","Mesic",0,884.224731,295,11.657486,-149.351558,68.302088,1.30435791511505,3.68532204428221,"261-3-D-BENA_1997",8.99827226003011,-9.60709052284559,146.241472244263,121.115051269531,6.10000006357829,-11.9000001586974,1.66666666666667,10.5333334604899,1.60000002384186,0.850000016391277,30.1499997377396,304.329998970032,79.5000019073486,2,"26B_1997",0.4
"2905","261-4-A-BENA",1997,0.045,0.380007047378221,32,1965,21,"261-4","BENA",45,23,13,0,13,0,0,0,0,0,0,NA,NA,NA,0,0,0,0,405.679111,"East","26B","Low Shrub","Low Shrub","Sandy Loam","Mesic",0,886.626587,308,9.946874,-149.350886,68.302265,0.0317925760905898,1.03230335869796,"261-4-A-BENA_1997",8.99827226003011,-9.60709052284559,146.241472244263,121.115051269531,6.10000006357829,-11.9000001586974,1.66666666666667,10.5333334604899,1.60000002384186,0.850000016391277,30.1499997377396,304.329998970032,79.5000019073486,2,"26B_1997",0.4
"2906","261-4-B-BENA",1997,0.05175,0.931771837362132,11,1986,21,"261-4","BENA",71,30,12,0,13,0,0,0,0,0,0,NA,NA,NA,0,0,0,0,405.679111,"East","26B","Low Shrub","Low Shrub","Sandy Loam","Mesic",0,886.626587,308,9.946874,-149.350886,68.302265,-0.345604740194207,0.707792193629483,"261-4-B-BENA_1997",8.99827226003011,-9.60709052284559,146.241472244263,121.115051269531,6.10000006357829,-11.9000001586974,1.66666666666667,10.5333334604899,1.60000002384186,0.850000016391277,30.1499997377396,304.329998970032,79.5000019073486,2,"26B_1997",0.4
"2907","268-1-B-BENA",1997,0.02925,0.263108581087683,12,1985,22,"268-1","BENA",63,26,6,0,12,0,0,0,0,0,0,NA,NA,NA,0,0,1,2,212.091228,"West","26B","Low Shrub","Low Shrub","Sandy Gravel","Mesic",0,818.738892,195,1.432166,-149.327109,68.400098,-1.50629187346543,0.22173066076787,"268-1-B-BENA_1997",10.0621528625488,-9.0037615125378,153,100.954864501953,6.10000006357829,-11.9000001586974,1.66666666666667,10.5333334604899,1.60000002384186,0.850000016391277,30.1499997377396,304.329998970032,79.5000019073486,2,"26B_1997",0.4
"2908","268-1-C-BENA",1997,0.10375,0.992895449428536,9,1988,22,"268-1","BENA",47,18,6,0,11,0,0,0,0,0,0,NA,NA,NA,0,0,1,2,212.091228,"West","26B","Low Shrub","Low Shrub","Sandy Gravel","Mesic",0,818.738892,195,1.432166,-149.327109,68.400098,-0.52153544058556,0.593608397447563,"268-1-C-BENA_1997",10.0621528625488,-9.0037615125378,153,100.954864501953,6.10000006357829,-11.9000001586974,1.66666666666667,10.5333334604899,1.60000002384186,0.850000016391277,30.1499997377396,304.329998970032,79.5000019073486,2,"26B_1997",0.4
"2909","268-2-A-BENA",1997,0.05775,1.17161005261604,7,1990,22,"268-2","BENA",60,23,9,0,24,0,0,0,0,0,0,NA,NA,NA,0,0,0,4,184.615387,"West","26B","Low Shrub","Low Shrub","Sandy Gravel","Mesic",0,819.441162,203,1.359031,-149.326454,68.400307,-0.655929836251881,0.518959291010543,"268-2-A-BENA_1997",10.0621528625488,-9.0037615125378,153,100.954864501953,6.10000006357829,-11.9000001586974,1.66666666666667,10.5333334604899,1.60000002384186,0.850000016391277,30.1499997377396,304.329998970032,79.5000019073486,2,"26B_1997",0.4
"2910","268-4-C-BENA",1997,0.054,0.54939858166713,18,1979,22,"268-4","BENA",58,32,8,0,18,0,0,0,0,0,0,NA,NA,NA,0,0,0,5,171.881056,"West","26B","Dwarf Shrub-Lichen","Low Shrub","Sandy Gravel","Mesic",0,820.486511,188,1.085947,-149.326166,68.400831,-0.286177300564865,0.751129428468173,"268-4-C-BENA_1997",10.0621528625488,-9.0037615125378,153,100.954864501953,6.10000006357829,-11.9000001586974,1.66666666666667,10.5333334604899,1.60000002384186,0.850000016391277,30.1499997377396,304.329998970032,79.5000019073486,2,"26B_1997",0.4
"2911","268-4-D-BENA",1997,0.0775,0.940659599328676,9,1988,22,"268-4","BENA",57,23,7,0,15,0,0,0,0,0,0,NA,NA,NA,0,0,0,5,171.881056,"West","26B","Dwarf Shrub-Lichen","Low Shrub","Sandy Gravel","Mesic",0,820.486511,188,1.085947,-149.326166,68.400831,-0.575579480902844,0.562378886540916,"268-4-D-BENA_1997",10.0621528625488,-9.0037615125378,153,100.954864501953,6.10000006357829,-11.9000001586974,1.66666666666667,10.5333334604899,1.60000002384186,0.850000016391277,30.1499997377396,304.329998970032,79.5000019073486,2,"26B_1997",0.4
"2912","282-1-B-BENA",1997,0.120333333333333,1.79479939417388,8,1989,23,"282-1","BENA",41,18,8,0,9,0,0,0,0,0,0,NA,NA,NA,0,0,0,0,577.316923,"West","26B","Tussock Tundra (Low shrub or Herbaceous)","Tussock Tundra","Clay Loam","Mesic",0,826.622314,26,2.82316,-149.530032,68.582817,-0.0700673234008058,0.932331050096064,"282-1-B-BENA_1997",10.4666665395101,-8.74166682735085,146,76,10.4666668574015,-8.35833339889844,5.90000009536743,15.0666666030884,14.2000002861023,1.05833334972461,43.7399988174438,264.039999246597,75.3999996185303,2,"26B_1997",0.4
"2913","282-1-D-BENA",1997,0.03425,0.605435758877834,7,1990,23,"282-1","BENA",74,20,11,0,15,0,0,0,0,0,0,NA,NA,NA,0,0,0,0,577.316923,"West","26B","Tussock Tundra (Low shrub or Herbaceous)","Tussock Tundra","Clay Loam","Mesic",0,826.622314,26,2.82316,-149.530032,68.582817,-1.3161155700403,0.268174988323217,"282-1-D-BENA_1997",10.4666665395101,-8.74166682735085,146,76,10.4666668574015,-8.35833339889844,5.90000009536743,15.0666666030884,14.2000002861023,1.05833334972461,43.7399988174438,264.039999246597,75.3999996185303,2,"26B_1997",0.4
"2914","282-2-A-BENA",1997,0.05825,0.530098796248423,10,1987,23,"282-2","BENA",44,16,6,0,7,0,0,0,0,0,0,NA,NA,NA,0,0,0,0,604.079816,"West","26B","Low Shrub","Low Shrub-Tussock Tundra","Clay Loam","Mesic",0,826.41803,354,3.355184,-149.530916,68.583004,-1.02336663907059,0.359382988405636,"282-2-A-BENA_1997",10.4666665395101,-8.74166682735085,146,76,10.4666668574015,-8.35833339889844,5.90000009536743,15.0666666030884,14.2000002861023,1.05833334972461,43.7399988174438,264.039999246597,75.3999996185303,2,"26B_1997",0.4
"2915","282-2-B-BENA",1997,0.05625,0.470635123200358,6,1991,23,"282-2","BENA",27,18,6,0,5,0,0,0,0,0,0,NA,NA,NA,0,0,0,0,604.079816,"West","26B","Low Shrub","Low Shrub-Tussock Tundra","Clay Loam","Mesic",0,826.41803,354,3.355184,-149.530916,68.583004,-1.75193488672895,0.173438035630015,"282-2-B-BENA_1997",10.4666665395101,-8.74166682735085,146,76,10.4666668574015,-8.35833339889844,5.90000009536743,15.0666666030884,14.2000002861023,1.05833334972461,43.7399988174438,264.039999246597,75.3999996185303,2,"26B_1997",0.4
"2916","282-4-A-BENA",1997,0.09225,1.22003573987573,9,1988,23,"282-4","BENA",52,15,7,0,6,0,0,0,0,0,0,NA,NA,NA,0,0,0,0,597.547448,"West","26B","Tussock Tundra (Low shrub or Herbaceous)","Low Shrub-Tussock Tundra","Clay Loam","Mesic",0,823.620117,358,4.137664,-149.531178,68.583423,-0.315525379224733,0.729405559057816,"282-4-A-BENA_1997",10.4666665395101,-8.74166682735085,146,76,10.4666668574015,-8.35833339889844,5.90000009536743,15.0666666030884,14.2000002861023,1.05833334972461,43.7399988174438,264.039999246597,75.3999996185303,2,"26B_1997",0.4
"2917","60-4-B-BENA",1997,0.13,2.10492990975823,7,1990,1,"60-4","BENA",95,NA,9,0,9,0,2,0,0,0.222222222,0,NA,"Hare",NA,1,0,1,0,1406.241796,"West","20F","Tall Shrub (Open-Closed)","Black Spruce Woodland","Silt Loam","Mesic",0,110.670654,252,1.181915,-149.840942,65.910317,-0.0700265828793503,0.932369034522962,"60-4-B-BENA_1997",15.6606489817301,-5.06779511769613,85.2708129882812,76.1805429458618,14.9333337148031,-3.30833333730698,9.63333384195963,20.2666676839193,63.4999997615814,1.26666669547558,91.759997934103,235.189998582006,130.199998855591,2,"20F_1997",0.375
"2918","72-1-C-BENA",1997,0.03975,0.387528609239535,29,1968,2,"72-1","BENA",118,71,9,0,11,0,2,0,0,0.181818182,0,NA,"Hare",NA,1,0,0,0,895.937772,"West","20F","Tussock Tundra (Low shrub or Herbaceous)","Black Spruce Woodland","Clay Loam","Mesic",0,130.808105,148,1.606934,-150.14017,66.022623,-0.0660798891651919,0.936056080565605,"72-1-C-BENA_1997",15.9006973902384,-4.8069630463918,81.313627243042,75.0394296646118,13.4333333969116,-4.97500002384186,8.23333358764648,18.6666673024495,49.6000005602837,1.19166668628653,90.919997997582,246.689997151494,128.500005722046,2,"20F_1997",0.375
"2919","72-1-D-BENA",1997,0.07625,1.11646606946667,41,1956,2,"72-1","BENA",65,41,8,7,4,0,0,0,0,0,0,NA,NA,NA,0,0,0,0,895.937772,"West","20F","Tussock Tundra (Low shrub or Herbaceous)","Black Spruce Woodland","Clay Loam","Mesic",0,130.808105,148,1.606934,-150.14017,66.022623,1.40527893114571,4.07666369116883,"72-1-D-BENA_1997",15.9006973902384,-4.8069630463918,81.313627243042,75.0394296646118,13.4333333969116,-4.97500002384186,8.23333358764648,18.6666673024495,49.6000005602837,1.19166668628653,90.919997997582,246.689997151494,128.500005722046,2,"20F_1997",0.375
"2920","72-2-A-BENA",1997,0.09925,1.18633273388802,28,1969,2,"72-2","BENA",121,72,12,21,14,0,0,0,0,0,0,NA,NA,NA,0,0,0,0,855.94066,"West","20F","Tussock Tundra (Low shrub or Herbaceous)","Black Spruce Woodland","Clay Loam","Mesic",0,131.055786,179,2.125059,-150.13956,66.022889,1.01087669790232,2.74800913310918,"72-2-A-BENA_1997",15.9006973902384,-4.8069630463918,81.313627243042,75.0394296646118,13.4333333969116,-4.97500002384186,8.23333358764648,18.6666673024495,49.6000005602837,1.19166668628653,90.919997997582,246.689997151494,128.500005722046,2,"20F_1997",0.375
"2921","72-3-D-BENA",1997,0.12925,1.50533201542893,41,1956,2,"72-3","BENA",104,47,11,0,9,0,0,0,0,0,0,NA,NA,NA,0,0,1,0,885.368743,"West","20F","Tussock Tundra (Low shrub or Herbaceous)","Black Spruce Woodland","Clay Loam","Mesic",0,132.401993,119,2.284806,-150.140609,66.023021,1.70412401152633,5.49656862692175,"72-3-D-BENA_1997",15.9006973902384,-4.8069630463918,81.313627243042,75.0394296646118,13.4333333969116,-4.97500002384186,8.23333358764648,18.6666673024495,49.6000005602837,1.19166668628653,90.919997997582,246.689997151494,128.500005722046,2,"20F_1997",0.375
"2922","102-3-B-BENA",1996,0.1425,4.13877343174736,16,1980,5,"102-3","BENA",72,NA,16,0,12,0,0,0,0,0,0,NA,NA,NA,0,0,0,0,939.238254,"West","24A","Tussock Tundra (Low shrub or Herbaceous)","Low Shrub","Sandy Loam","Mesic",2004,424.339783,330,3.896938,-150.565669,66.401242,1.59259820932349,4.91650646070518,"102-3-B-BENA_1996",11.8666667938232,-7.7249998152256,198,188,12.0666669209798,-7.0000001291434,6.70000028610229,17.4333333969116,101.600002288818,1.09999999590218,128.549995660782,264.249998033047,155.100002288818,1,"24A_1996",0.97
"2923","111-1-A-BENA",1996,0.0545,1.54857034416891,8,1988,6,"111-1","BENA",45,37,7,0,7,0,0,0,0,0,0,NA,NA,NA,0,0,0,0,640.914524,"West","24A","Tall Shrub (Open-Closed)","Low Shrub","Gravely Sand Loam","Mesic",0,512.854736,12,8.158982,-150.736683,66.498494,-0.217628434279231,0.804424282631972,"111-1-A-BENA_1996",11.8756796518962,-7.72544082005819,217.573379516602,187.724012374878,12.0666669209798,-7.0000001291434,6.70000028610229,17.4333333969116,101.600002288818,1.09999999590218,128.549995660782,264.249998033047,155.100002288818,1,"24A_1996",0.97
"2924","111-3-A-BENA",1996,0.08,1.03044239037745,9,1987,6,"111-3","BENA",108,46,7,0,11,0,0,0,0,0,0,NA,NA,NA,0,0,0,0,664.632709,"West","24A","Tall Shrub (Open-Closed)","Low Shrub","Gravely Sand Loam","Mesic",0,511.257965,359,9.703425,-150.737553,66.498636,-0.484417317269505,0.616056057428856,"111-3-A-BENA_1996",11.8756796518962,-7.72544082005819,217.573379516602,187.724012374878,12.0666669209798,-7.0000001291434,6.70000028610229,17.4333333969116,101.600002288818,1.09999999590218,128.549995660782,264.249998033047,155.100002288818,1,"24A_1996",0.97
"2925","121-1-C-BENA",1996,0.0185,0.252994027189916,24,1972,7,"121-1","BENA",60,36,11,0,11,0,0,0,0,0,0,NA,NA,NA,0,0,0,0,1394.51987,"East","24A","Tall Shrub (Open-Closed)","Low Shrub","Clay Loam","Mesic",2005,466.470276,61,7.209129,-150.675843,66.599029,-0.718333476900851,0.487564116142067,"121-1-C-BENA_1996",12.4000002543132,-7.43333305915197,205,170,12.3666667938232,-6.95833354194959,7.10000006357829,17.7333335876465,100.600001335144,1.11666668765247,116.34999704361,261.670000132173,148.400005340576,1,"24A_1996",0.97
"2926","121-1-D-BENA",1996,0.18725,5.20715899644716,12,1984,7,"121-1","BENA",73,42,19,0,25,0,0,0,0,0,0,NA,NA,NA,0,0,0,0,1394.51987,"East","24A","Tall Shrub (Open-Closed)","Low Shrub","Clay Loam","Mesic",2005,466.470276,61,7.209129,-150.675843,66.599029,1.47893101154318,4.38825218178958,"121-1-D-BENA_1996",12.4000002543132,-7.43333305915197,205,170,12.3666667938232,-6.95833354194959,7.10000006357829,17.7333335876465,100.600001335144,1.11666668765247,116.34999704361,261.670000132173,148.400005340576,1,"24A_1996",0.97
"2927","129-3-A-BENA",1996,0.05025,0.911473221829111,44,1952,8,"129-3","BENA",51,35,12,0,6,0,0,0,0,0,0,NA,NA,NA,0,0,0,0,1022.673056,"East","24A","Tussock Tundra (Low shrub or Herbaceous)","Low Shrub-Tussock Tundra","Sandy Loam","Mesic - Hydric",2005,301.546051,352,6.265718,-150.646771,66.710061,1.28668813810687,3.62077516939816,"129-3-A-BENA_1996",12.6999998092651,-7.30833332737287,194,158,12.3666667938232,-6.95833354194959,7.10000006357829,17.7333335876465,100.600001335144,1.11666668765247,116.34999704361,261.670000132173,148.400005340576,1,"24A_1996",0.97
"2928","129-4-D-BENA",1996,0.04925,1.45737874516454,35,1961,8,"129-4","BENA",87,41,18,0,9,0,0,0,0,0,0,NA,NA,NA,0,0,0,0,1057.255538,"East","24A","Tussock Tundra (Low shrub or Herbaceous)","Tall Shrub","Sandy Loam","Mesic - Hydric",2005,303.823029,358,6.979915,-150.646167,66.709845,1.4829351511011,4.40585858165809,"129-4-D-BENA_1996",12.6999998092651,-7.30833332737287,194,158,12.3666667938232,-6.95833354194959,7.10000006357829,17.7333335876465,100.600001335144,1.11666668765247,116.34999704361,261.670000132173,148.400005340576,1,"24A_1996",0.97
"2929","147-3-A-BENA",1996,0.03575,0.561138517064057,6,1990,9,"147-3","BENA",107,63,8,18,8,1,0,0,0.125,0,0,"Moose",NA,NA,1,2,1,0,952.272152,"West","24A","White Spruce or Black Spruce (Woodland)","Black Spruce Woodland","Clay Loam","Mesic - Hydric",0,425.583191,170,6.572863,-150.484233,66.911912,-1.57605020913923,0.20679026557586,"147-3-A-BENA_1996",12.233333269755,-7.59204277396202,198.270812988281,162.135406494141,10.700000445048,-8.2833334505558,5.53333338101705,15.9666665395101,69.8000016212463,1.04166668715576,111.169996500015,273.649998903275,148.900001525879,1,"24A_1996",0.97
"2930","147-4-D-BENA",1996,0.067,0.698394896448933,10,1986,9,"147-4","BENA",94,47,7,14,7,0,0,0,0,0,0,NA,NA,NA,0,0,1,0,956.341518,"West","24A","Tall Shrub (Open-Closed)","Tall Shrub","Clay Loam","Mesic - Hydric",0,428.39856,129,7.52786,-150.483929,66.912191,-0.747645339252211,0.473480126250728,"147-4-D-BENA_1996",12.233333269755,-7.59204277396202,198.270812988281,162.135406494141,10.700000445048,-8.2833334505558,5.53333338101705,15.9666665395101,69.8000016212463,1.04166668715576,111.169996500015,273.649998903275,148.900001525879,1,"24A_1996",0.97
"2931","151-1-D-BENA",1996,0.1765,2.14837577996289,12,1984,10,"151-1","BENA",90,67,12,0,8,0,0,0,0,0,0,NA,NA,NA,0,0,0,0,725.03173,"East","24A","White Spruce or Black Spruce (Open-Closed)","Low Shrub","Clay Loam","Mesic",0,471.29071,296,22.022722,-150.362735,66.958242,0.593608708156241,1.8105102437161,"151-1-D-BENA_1996",11.3649393717448,-8.42936172584693,211.304683685303,172.93678855896,10.700000445048,-8.2833334505558,5.53333338101705,15.9666665395101,69.8000016212463,1.04166668715576,111.169996500015,273.649998903275,148.900001525879,1,"24A_1996",0.97
"2932","151-3-C-BENA",1996,0.36325,7.11556461426468,10,1986,10,"151-3","BENA",86,51,13,0,9,0,0,0,0,0,0,NA,NA,NA,0,0,0,0,698.113665,"East","24A","White Spruce or Black Spruce (Open-Closed)","Low Shrub","Clay Loam","Mesic",0,469.98999,301,21.5443,-150.36215,66.958641,1.57360982659808,4.82403071534129,"151-3-C-BENA_1996",11.3649393717448,-8.42936172584693,211.304683685303,172.93678855896,10.700000445048,-8.2833334505558,5.53333338101705,15.9666665395101,69.8000016212463,1.04166668715576,111.169996500015,273.649998903275,148.900001525879,1,"24A_1996",0.97
"2933","151-4-A-BENA",1996,0.23625,3.25473809475654,10,1986,10,"151-4","BENA",65,36,9,0,8,0,0,0,0,0,0,NA,NA,NA,0,0,0,0,714.907956,"East","24A","Low Shrub","Low Shrub","Clay Loam","Mesic",0,485.466003,301,24.973797,-150.361301,66.958638,0.791437052704175,2.20656509927842,"151-4-A-BENA_1996",11.3649393717448,-8.42936172584693,211.304683685303,172.93678855896,10.700000445048,-8.2833334505558,5.53333338101705,15.9666665395101,69.8000016212463,1.04166668715576,111.169996500015,273.649998903275,148.900001525879,1,"24A_1996",0.97
"2934","158-2-C-BENA",1996,0.01975,0.276029166273732,8,1988,11,"158-2","BENA",54,29,8,0,53,0,0,0,0,0,0,NA,NA,NA,0,0,0,1,1283.38641,"East","24A","Tussock Tundra (Low shrub or Herbaceous)","Low Shrub","Sandy Loam","Mesic - Xeric",2005,590.000549,54,15.617359,-150.286104,67.046812,-1.9422093249186,0.143386811520284,"158-2-C-BENA_1996",12.2333329518636,-8.00833349426587,194,179,10.6999999682109,-8.46666690458854,5.5,15.8999999364217,62.6000003814697,1.13333332414428,108.419997215271,274.319999456406,137.799999237061,1,"24A_1996",0.97
"2935","173-1-A-BENA",1996,0.04875,0.403748652110023,28,1968,12,"173-1","BENA",69,40,12,0,9,0,0,0,0,0,0,NA,NA,NA,0,0,0,0,1301.486525,"East","24A","Low Shrub","Low Shrub","Clay Loam","Mesic",0,349.871613,358,2.901099,-150.191497,67.228159,-0.0669528575430508,0.935239289775505,"173-1-A-BENA_1996",12.6992209752401,-7.82455083727837,169.79239654541,201.605194091797,10.6999999682109,-8.46666690458854,5.5,15.8999999364217,62.6000003814697,1.13333332414428,108.419997215271,274.319999456406,137.799999237061,1,"24A_1996",0.97
"2936","173-1-B-BENA",1996,0.21225,3.72292807712469,6,1990,12,"173-1","BENA",101,53,11,0,7,0,0,0,0,0,0,NA,NA,NA,0,0,0,0,1301.486525,"East","24A","Low Shrub","Low Shrub","Clay Loam","Mesic",0,349.871613,358,2.901099,-150.191497,67.228159,0.316247759987249,1.37197013282293,"173-1-B-BENA_1996",12.6992209752401,-7.82455083727837,169.79239654541,201.605194091797,10.6999999682109,-8.46666690458854,5.5,15.8999999364217,62.6000003814697,1.13333332414428,108.419997215271,274.319999456406,137.799999237061,1,"24A_1996",0.97
"2937","173-2-A-BENA",1996,0.19575,2.26138652534461,37,1959,12,"173-2","BENA",94,43,12,0,6,0,0,0,0,0,0,NA,NA,NA,0,2,0,0,1323.706943,"East","24A","Tussock Tundra (Low shrub or Herbaceous)","Low Shrub","Clay Loam","Mesic",0,348.371155,13,2.823825,-150.190835,67.228457,1.98858749199913,7.30520780680391,"173-2-A-BENA_1996",12.6992209752401,-7.82455083727837,169.79239654541,201.605194091797,10.6999999682109,-8.46666690458854,5.5,15.8999999364217,62.6000003814697,1.13333332414428,108.419997215271,274.319999456406,137.799999237061,1,"24A_1996",0.97
"2938","173-3-B-BENA",1996,0.04275,0.273474658747286,31,1965,12,"173-3","BENA",70,51,14,0,9,0,0,0,0,0,0,NA,NA,NA,0,0,0,0,1278.311889,"East","24A","Low Shrub","Low Shrub","Clay Loam","Mesic",0,347.24527,24,1.739254,-150.191816,67.228627,-0.335075208726498,0.715284288709121,"173-3-B-BENA_1996",12.6992209752401,-7.82455083727837,169.79239654541,201.605194091797,10.6999999682109,-8.46666690458854,5.5,15.8999999364217,62.6000003814697,1.13333332414428,108.419997215271,274.319999456406,137.799999237061,1,"24A_1996",0.97
"2939","173-4-B-BENA",1996,0.26975,5.1509802512175,6,1990,12,"173-4","BENA",124,71,14,0,12,0,0,0,0,0,0,NA,NA,NA,0,1,0,0,1308.377258,"East","24A","Low Shrub","Low Shrub","Clay Loam","Mesic",0,346.165253,355,1.872125,-150.190975,67.22891,0.640924320415596,1.89823464569566,"173-4-B-BENA_1996",12.6992209752401,-7.82455083727837,169.79239654541,201.605194091797,10.6999999682109,-8.46666690458854,5.5,15.8999999364217,62.6000003814697,1.13333332414428,108.419997215271,274.319999456406,137.799999237061,1,"24A_1996",0.97
"2940","173-4-C-BENA",1996,0.10925,2.05596759920342,27,1969,12,"173-4","BENA",119,74,14,0,14,0,0,0,0,0,0,NA,NA,NA,0,1,0,0,1308.377258,"East","24A","Low Shrub","Low Shrub","Clay Loam","Mesic",0,346.165253,355,1.872125,-150.190975,67.22891,1.5173575583582,4.56015930561613,"173-4-C-BENA_1996",12.6992209752401,-7.82455083727837,169.79239654541,201.605194091797,10.6999999682109,-8.46666690458854,5.5,15.8999999364217,62.6000003814697,1.13333332414428,108.419997215271,274.319999456406,137.799999237061,1,"24A_1996",0.97
"2941","184-1-B-BENA",1996,0.14775,2.6101457213939,44,1952,13,"184-1","BENA",128,51,19,0,13,0,1,0,0,0.076923077,0,NA,"Hare",NA,1,2,0,0,692.283244,"East","24A","White Spruce or Black Spruce (Open-Closed)","Tall Shrub","Clay Loam","Mesic",0,423.977753,249,10.469168,-150.109686,67.368938,2.3387872532655,10.3686543830311,"184-1-B-BENA_1996",12.2999998728434,-7.70000000794729,133,132,10.6999999682109,-8.46666690458854,5.5,15.8999999364217,62.6000003814697,1.13333332414428,108.419997215271,274.319999456406,137.799999237061,1,"24A_1996",0.97
"2942","184-2-A-BENA",1996,0.0745,0.754338807627733,11,1985,13,"184-2","BENA",89,39,11,0,12,0,1,0,0,0.083333333,0,NA,"Hare",NA,1,1,0,0,706.210196,"East","24A","White Spruce or Black Spruce (Open-Closed)","Tall Shrub","Clay Loam","Mesic",0,429.192566,258,16.706417,-150.109279,67.369156,-0.556851101143514,0.573010578321629,"184-2-A-BENA_1996",12.2984952926636,-7.70037623246511,132.503509521484,131.052153587341,10.6999999682109,-8.46666690458854,5.5,15.8999999364217,62.6000003814697,1.13333332414428,108.419997215271,274.319999456406,137.799999237061,1,"24A_1996",0.97
"2943","184-2-D-BENA",1996,0.166,1.85994537303865,25,1971,13,"184-2","BENA",84,38,12,10,7,0,0,0,0,0,0,NA,NA,NA,0,1,0,0,706.210196,"East","24A","White Spruce or Black Spruce (Open-Closed)","Tall Shrub","Clay Loam","Mesic",0,429.192566,258,16.706417,-150.109279,67.369156,1.32531750326129,3.76338005076958,"184-2-D-BENA_1996",12.2984952926636,-7.70037623246511,132.503509521484,131.052153587341,10.6999999682109,-8.46666690458854,5.5,15.8999999364217,62.6000003814697,1.13333332414428,108.419997215271,274.319999456406,137.799999237061,1,"24A_1996",0.97
"2944","184-3-B-BENA",1996,0.231,4.33271801084962,19,1977,13,"184-3","BENA",71,35,17,0,17,0,2,0,0,0.117647059,0,NA,"Hare",NA,1,1,3,0,683.765397,"East","24A","White Spruce or Black Spruce (Open-Closed)","Tall Shrub","Clay Loam","Mesic",0,425.482941,261,10.788996,-150.109693,67.36937,1.84346935227554,6.31842110807392,"184-3-B-BENA_1996",12.2984952926636,-7.70037623246511,132.503509521484,131.052153587341,10.6999999682109,-8.46666690458854,5.5,15.8999999364217,62.6000003814697,1.13333332414428,108.419997215271,274.319999456406,137.799999237061,1,"24A_1996",0.97
"2945","184-3-D-BENA",1996,0.08825,1.43980546125852,8,1988,13,"184-3","BENA",103,48,17,7,31,3,1,0,0.096774194,0.032258065,0,"Moose","Hare",NA,1,1,3,0,683.765397,"East","24A","White Spruce or Black Spruce (Open-Closed)","Tall Shrub","Clay Loam","Mesic",0,425.482941,261,10.788996,-150.109693,67.36937,-0.290452572861917,0.747925000413252,"184-3-D-BENA_1996",12.2984952926636,-7.70037623246511,132.503509521484,131.052153587341,10.6999999682109,-8.46666690458854,5.5,15.8999999364217,62.6000003814697,1.13333332414428,108.419997215271,274.319999456406,137.799999237061,1,"24A_1996",0.97
"2946","191-3-A-BENA",1996,0.196,2.52335238083965,15,1981,14,"191-3","BENA",102,51,9,0,9,0,1,0,0,0.111111111,0,NA,"Hare",NA,1,2,0,0,1608.343863,"East","24A","Low Shrub","Low Shrub","Clay Loam","Mesic",0,494.475037,298,4.15829,-149.859591,67.475979,1.02077075369247,2.775333038004,"191-3-A-BENA_1996",11.5120360056559,-7.97387142976125,132.503509521484,128.638916015625,8.86666663487752,-9.90000016490618,3.86666671435038,13.9333337148031,31.4000000953674,0.966666674862305,85.1999983787537,287.949997425079,135.800003051758,1,"24A_1996",0.97
"2947","191-3-D-BENA",1996,0.1875,3.86406078914502,10,1986,14,"191-3","BENA",110,71,10,0,16,0,0,0,0,0,0,NA,NA,NA,0,2,0,0,1608.343863,"East","24A","Low Shrub","Low Shrub","Clay Loam","Mesic",0,494.475037,298,4.15829,-149.859591,67.475979,0.963043891128217,2.61965830447424,"191-3-D-BENA_1996",11.5120360056559,-7.97387142976125,132.503509521484,128.638916015625,8.86666663487752,-9.90000016490618,3.86666671435038,13.9333337148031,31.4000000953674,0.966666674862305,85.1999983787537,287.949997425079,135.800003051758,1,"24A_1996",0.97
"2948","191-4-B-BENA",1996,0.1725,2.34761794224804,13,1983,14,"191-4","BENA",77,59,11,0,12,0,1,0,0,0.083333333,0,NA,"Hare",NA,1,1,0,0,1634.196324,"East","24A","Low Shrub","Low Shrub","Clay Loam","Mesic",0,497.007599,303,3.553675,-149.85875,67.475963,0.777815831678837,2.17671276255232,"191-4-B-BENA_1996",11.5120360056559,-7.97387142976125,132.503509521484,128.638916015625,8.86666663487752,-9.90000016490618,3.86666671435038,13.9333337148031,31.4000000953674,0.966666674862305,85.1999983787537,287.949997425079,135.800003051758,1,"24A_1996",0.97
"2949","203-1-A-BENA",1996,0.112,2.0179077932538,6,1990,15,"203-1","BENA",97,41,11,0,17,1,0,0,0.058823529,0,0,"Moose",NA,NA,1,1,0,0,905.036767,"East","24A","Low Shrub","Low Shrub","Loam","Mesic",0,550.644958,299,23.927214,-149.794431,67.571449,-0.296201487446223,0.743637579287601,"203-1-A-BENA_1996",11.8333336512248,-8.06666665772597,107,117,8.06666707992554,-10.7500002682209,3.16666668653488,13.0333337783813,20.9000002145767,1.00000000124176,66.9099994897842,293.839999198914,121.000003814697,1,"24A_1996",0.97
"2950","203-2-C-BENA",1996,0.1465,1.94268706955256,20,1976,15,"203-2","BENA",118,35,14,0,38,0,0,0,0,0,0,NA,NA,NA,0,0,1,0,933.944119,"East","24A","Low Shrub","Low Shrub","Loam","Mesic",0,566.911377,300,26.508135,-149.793674,67.571447,1.10255666372973,3.01185649304055,"203-2-C-BENA_1996",11.8333336512248,-8.06666665772597,107,117,8.06666707992554,-10.7500002682209,3.16666668653488,13.0333337783813,20.9000002145767,1.00000000124176,66.9099994897842,293.839999198914,121.000003814697,1,"24A_1996",0.97
"2951","203-4-B-BENA",1996,0.04425,0.944644905959292,17,1979,15,"203-4","BENA",99,36,12,0,12,0,0,0,0,0,0,NA,NA,NA,0,1,1,0,951.384807,"East","24A","Low Shrub","Low Shrub","Loam","Mesic",0,569.135193,316,29.227108,-149.792864,67.571712,0.187598259110848,1.20634877835594,"203-4-B-BENA_1996",11.8333336512248,-8.06666665772597,107,117,8.06666707992554,-10.7500002682209,3.16666668653488,13.0333337783813,20.9000002145767,1.00000000124176,66.9099994897842,293.839999198914,121.000003814697,1,"24A_1996",0.97
"2952","209-1-C-BENA",1996,0.235666666666667,4.61323714858348,7,1989,16,"209-1","BENA",58,59,14,0,9,0,0,0,0,0,0,NA,NA,NA,0,0,1,0,698.873831,"East","24A","Low Shrub","Black Spruce Woodland","Sandy Loam","Mesic - Xeric",0,553.345276,287,19.679848,-149.692986,67.655886,0.714621059576209,2.04341220404069,"209-1-C-BENA_1996",11.092477162679,-8.49806114720801,97,115.909728527069,8.06666707992554,-10.7500002682209,3.16666668653488,13.0333337783813,20.9000002145767,1.00000000124176,66.9099994897842,293.839999198914,121.000003814697,1,"24A_1996",0.97
"2953","209-1-D-BENA",1996,0.0695,0.856878035646415,12,1984,16,"209-1","BENA",76,39,10,0,6,0,0,0,0,0,0,NA,NA,NA,0,0,1,0,698.873831,"East","24A","Low Shrub","Black Spruce Woodland","Sandy Loam","Mesic - Xeric",0,553.345276,287,19.679848,-149.692986,67.655886,-0.325563083283498,0.722120625089137,"209-1-D-BENA_1996",11.092477162679,-8.49806114720801,97,115.909728527069,8.06666707992554,-10.7500002682209,3.16666668653488,13.0333337783813,20.9000002145767,1.00000000124176,66.9099994897842,293.839999198914,121.000003814697,1,"24A_1996",0.97
"2954","209-2-B-BENA",1996,0.10575,2.30886973480821,28,1968,16,"209-2","BENA",104,57,18,0,18,0,0,0,0,0,0,NA,NA,NA,0,0,0,0,728.528855,"East","24A","Low Shrub","Black Spruce Woodland","Sandy Loam","Mesic - Xeric",0,561.911133,287,21.070175,-149.692261,67.656,1.67676799783533,5.34824247630617,"209-2-B-BENA_1996",11.092477162679,-8.49806114720801,97,115.909728527069,8.06666707992554,-10.7500002682209,3.16666668653488,13.0333337783813,20.9000002145767,1.00000000124176,66.9099994897842,293.839999198914,121.000003814697,1,"24A_1996",0.97
"2955","209-2-D-BENA",1996,0.059,0.463106885454653,35,1961,16,"209-2","BENA",86,47,10,0,6,0,0,0,0,0,0,NA,NA,NA,0,0,0,0,728.528855,"East","24A","Low Shrub","Black Spruce Woodland","Sandy Loam","Mesic - Xeric",0,561.911133,287,21.070175,-149.692261,67.656,0.336498311606637,1.40003650545553,"209-2-D-BENA_1996",11.092477162679,-8.49806114720801,97,115.909728527069,8.06666707992554,-10.7500002682209,3.16666668653488,13.0333337783813,20.9000002145767,1.00000000124176,66.9099994897842,293.839999198914,121.000003814697,1,"24A_1996",0.97
"2956","209-3-A-BENA",1996,0.0375,0.410566889916018,36,1960,16,"209-3","BENA",67,52,13,0,10,0,0,0,0,0,0,NA,NA,NA,0,0,1,0,711.058695,"East","24A","Low Shrub","Black Spruce Woodland","Sandy Loam","Mesic - Xeric",0,553.430786,276,18.070417,-149.69261,67.656251,0.249696689302556,1.28363601710059,"209-3-A-BENA_1996",11.092477162679,-8.49806114720801,97,115.909728527069,8.06666707992554,-10.7500002682209,3.16666668653488,13.0333337783813,20.9000002145767,1.00000000124176,66.9099994897842,293.839999198914,121.000003814697,1,"24A_1996",0.97
"2957","209-3-D-BENA",1996,0.122,2.199802866304,14,1982,16,"209-3","BENA",84,39,10,0,8,0,0,0,0,0,0,NA,NA,NA,0,0,1,0,711.058695,"East","24A","Low Shrub","Black Spruce Woodland","Sandy Loam","Mesic - Xeric",0,553.430786,276,18.070417,-149.69261,67.656251,0.801218316575243,2.22825399424544,"209-3-D-BENA_1996",11.092477162679,-8.49806114720801,97,115.909728527069,8.06666707992554,-10.7500002682209,3.16666668653488,13.0333337783813,20.9000002145767,1.00000000124176,66.9099994897842,293.839999198914,121.000003814697,1,"24A_1996",0.97
"2958","209-4-D-BENA",1996,0.0356666666666667,0.218385717292542,24,1972,16,"209-4","BENA",71,50,9,0,8,0,0,0,0,0,0,NA,NA,NA,0,0,0,0,738.024448,"East","24A","Low Shrub","Black Spruce Woodland","Sandy Loam","Mesic - Xeric",0,561.090881,296,18.584587,-149.691928,67.656444,-0.8654365126846,0.420867798392174,"209-4-D-BENA_1996",11.092477162679,-8.49806114720801,97,115.909728527069,8.06666707992554,-10.7500002682209,3.16666668653488,13.0333337783813,20.9000002145767,1.00000000124176,66.9099994897842,293.839999198914,121.000003814697,1,"24A_1996",0.97
"2959","222-1-B-BENA",1996,0.29825,5.27355773527804,16,1980,17,"222-1","BENA",63,58,19,0,9,0,2,0,0,0.222222222,0,NA,"Hare",NA,1,2,18,0,769.468544,"East","24A","Low Shrub","Tall Shrub","Clay Loam","Mesic",0,669.484009,287,15.029548,-149.809491,67.826198,1.83490396477267,6.26453250074379,"222-1-B-BENA_1996",10.5,-9.0249997874101,96,110,8.06666707992554,-10.7500002682209,3.16666668653488,13.0333337783813,20.9000002145767,1.00000000124176,66.9099994897842,293.839999198914,121.000003814697,1,"24A_1996",0.97
"2960","222-1-D-BENA",1996,0.18525,2.45581026989733,15,1981,17,"222-1","BENA",78,38,9,0,9,0,2,0,0,0.222222222,0,NA,"Hare",NA,1,2,18,0,769.468544,"East","24A","Low Shrub","Tall Shrub","Clay Loam","Mesic",0,669.484009,287,15.029548,-149.809491,67.826198,0.993639182020671,2.70104620696997,"222-1-D-BENA_1996",10.5,-9.0249997874101,96,110,8.06666707992554,-10.7500002682209,3.16666668653488,13.0333337783813,20.9000002145767,1.00000000124176,66.9099994897842,293.839999198914,121.000003814697,1,"24A_1996",0.97
"2961","222-2-A-BENA",1996,0.2035,4.49661575755635,10,1986,17,"222-2","BENA",81,59,12,0,9,0,0,0,0,0,0,NA,NA,NA,0,3,13,0,794.735172,"East","24A","Low Shrub","Tall Shrub","Clay Loam","Mesic",0,676.198608,282,15.59229,-149.808768,67.826375,1.11465030268683,3.04850193982549,"222-2-A-BENA_1996",10.5,-9.0249997874101,96,110,8.06666707992554,-10.7500002682209,3.16666668653488,13.0333337783813,20.9000002145767,1.00000000124176,66.9099994897842,293.839999198914,121.000003814697,1,"24A_1996",0.97
"2962","222-3-A-BENA",1996,0.08575,0.973648482036316,34,1962,17,"222-3","BENA",126,65,16,0,21,0,3,0,0,0.142857143,0,NA,"Hare",NA,1,2,11,1,778.440723,"East","24A","Low Shrub","Low Shrub","Clay Loam","Mesic",0,672.469177,278,13.422374,-149.809021,67.826615,1.0449988191081,2.84339516590746,"222-3-A-BENA_1996",10.5,-9.0249997874101,96,110,8.06666707992554,-10.7500002682209,3.16666668653488,13.0333337783813,20.9000002145767,1.00000000124176,66.9099994897842,293.839999198914,121.000003814697,1,"24A_1996",0.97
"2963","235-1-A-BENA",1996,0.07575,0.919240416966035,17,1979,18,"235-1","BENA",59,29,10,0,18,0,0,0,0,0,0,NA,NA,NA,0,0,5,0,477.732622,"East","24A","Low Shrub","Low Shrub","Sandy Gravel","Mesic",0,813.776917,295,20.303024,-149.727576,68.004859,0.160336858409822,1.17390624458644,"235-1-A-BENA_1996",8.26666673024496,-10.2916665871938,96,117,6.86666663487752,-11.8916667501132,2.10000003129244,11.6666669845581,11.6000000834465,0.94166669373711,43.2699989080429,303.469997406006,107.799999237061,1,"24A_1996",0.97
"2964","235-2-B-BENA",1996,0.17175,2.08259966552606,13,1983,18,"235-2","BENA",54,38,8,0,9,0,0,0,0,0,0,NA,NA,NA,NA,0,0,0,510.631222,"East","24A","Dwarf Shrub-Lichen","Low Shrub","Sandy Gravel","Mesic",0,828.022217,289,26.243103,-149.726481,68.004961,0.658031611711036,1.9309876575985,"235-2-B-BENA_1996",8.26666673024496,-10.2916665871938,96,117,6.86666663487752,-11.8916667501132,2.10000003129244,11.6666669845581,11.6000000834465,0.94166669373711,43.2699989080429,303.469997406006,107.799999237061,1,"24A_1996",0.97
"2965","235-2-C-BENA",1996,0.1695,2.12387606965387,8,1988,18,"235-2","BENA",58,33,8,0,9,0,2,0,0,0.222222222,0,NA,"Hare",NA,1,0,0,0,510.631222,"East","24A","Dwarf Shrub-Lichen","Low Shrub","Sandy Gravel","Mesic",0,828.022217,289,26.243103,-149.726481,68.004961,0.0982821730815715,1.10327405543043,"235-2-C-BENA_1996",8.26666673024496,-10.2916665871938,96,117,6.86666663487752,-11.8916667501132,2.10000003129244,11.6666669845581,11.6000000834465,0.94166669373711,43.2699989080429,303.469997406006,107.799999237061,1,"24A_1996",0.97
"2966","235-3-B-BENA",1996,0.07375,1.05483783908029,11,1985,18,"235-3","BENA",59,31,10,0,15,0,0,0,0,0,0,NA,NA,NA,0,0,1,0,482.982181,"East","24A","Dwarf Shrub-Lichen","Low Shrub","Sandy Gravel","Mesic",0,817.546387,298,18.704132,-149.726784,68.005244,-0.221550388148601,0.801275546339413,"235-3-B-BENA_1996",8.26666673024496,-10.2916665871938,96,117,6.86666663487752,-11.8916667501132,2.10000003129244,11.6666669845581,11.6000000834465,0.94166669373711,43.2699989080429,303.469997406006,107.799999237061,1,"24A_1996",0.97
"2967","235-4-A-BENA",1996,0.16925,3.1032190810739,6,1990,18,"235-4","BENA",45,36,11,0,13,0,0,0,0,0,0,NA,NA,NA,0,0,0,0,503.848767,"East","24A","Low Shrub","Low Shrub","Sandy Gravel","Mesic",0,825.290771,293,20.728168,-149.726015,68.005351,0.134177269772742,1.14359552659632,"235-4-A-BENA_1996",8.26666673024496,-10.2916665871938,96,117,6.86666663487752,-11.8916667501132,2.10000003129244,11.6666669845581,11.6000000834465,0.94166669373711,43.2699989080429,303.469997406006,107.799999237061,1,"24A_1996",0.97
"2968","240-3-D-BENA",1996,0.15125,2.77556274827694,12,1984,19,"240-3","BENA",97,46,12,0,13,0,0,2,0,0,0.153846154,NA,NA,"Ptarmagin",1,0,1,3,399.798137,"West","24A","Low Shrub","Low Shrub","Sandy Loam","Mesic",0,1034.808228,93,20.584356,-149.606025,68.07014,0.849750121504473,2.33906229752739,"240-3-D-BENA_1996",7.1864595413208,-10.7491893768311,118.812442779541,159.083257675171,6.86666663487752,-11.8916667501132,2.10000003129244,11.6666669845581,11.6000000834465,0.94166669373711,43.2699989080429,303.469997406006,107.799999237061,1,"24A_1996",0.97
"2969","240-4-B-BENA",1996,0.26475,5.34952223104,28,1968,19,"240-4","BENA",102,72,15,0,13,0,0,0,0,0,0,NA,NA,NA,0,0,2,0,431.079046,"West","24A","Low Shrub","Low Shrub","Sandy Loam","Mesic",0,1046.807861,94,24.616484,-149.606605,68.070368,2.51701713964584,12.3915791318426,"240-4-B-BENA_1996",7.1864595413208,-10.7491893768311,118.812442779541,159.083257675171,6.86666663487752,-11.8916667501132,2.10000003129244,11.6666669845581,11.6000000834465,0.94166669373711,43.2699989080429,303.469997406006,107.799999237061,1,"24A_1996",0.97
"2970","240-4-D-BENA",1996,0.23975,3.94806952924604,11,1985,19,"240-4","BENA",83,41,16,0,29,0,0,3,0,0,0.103448276,NA,NA,"Ptarmagin",1,0,2,0,431.079046,"West","24A","Low Shrub","Low Shrub","Sandy Loam","Mesic",0,1046.807861,94,24.616484,-149.606605,68.070368,1.09828929644443,2.99903117979808,"240-4-D-BENA_1996",7.1864595413208,-10.7491893768311,118.812442779541,159.083257675171,6.86666663487752,-11.8916667501132,2.10000003129244,11.6666669845581,11.6000000834465,0.94166669373711,43.2699989080429,303.469997406006,107.799999237061,1,"24A_1996",0.97
"2971","255-1-A-BENA",1996,0.1145,2.24226698880441,27,1969,20,"255-1","BENA",71,26,15,0,17,0,0,0,0,0,0,NA,NA,NA,0,0,0,0,585.543915,"East","26B","Low Shrub","Low Shrub","Sandy Gravel","Mesic - Xeric",0,991.483582,331,1.701594,-149.392735,68.222633,1.60409837269622,4.97337345132967,"255-1-A-BENA_1996",7.57118050257365,-11.1613421390454,114.864593505859,152.909729003906,4.83333341280619,-13.4583334922791,0.166666713853677,9.50000015894572,7.00000035762787,0.833333345750968,32.4699998497963,320.91999912262,106.299999237061,1,"26B_1996",0.4
"2972","255-2-C-BENA",1996,0.11475,1.14070502758544,15,1981,20,"255-2","BENA",65,27,8,0,20,0,0,0,0,0,0,NA,NA,NA,0,0,1,1,631.079496,"East","26B","Low Shrub","Low Shrub","Sandy Gravel","Mesic - Xeric",0,993.382141,286,2.676414,-149.39171,68.222788,0.226828942888648,1.25461523872528,"255-2-C-BENA_1996",7.57118050257365,-11.1613421390454,114.864593505859,152.909729003906,4.83333341280619,-13.4583334922791,0.166666713853677,9.50000015894572,7.00000035762787,0.833333345750968,32.4699998497963,320.91999912262,106.299999237061,1,"26B_1996",0.4
"2973","255-2-D-BENA",1996,0.139,3.13515395944626,7,1989,20,"255-2","BENA",60,32,10,0,11,0,0,0,0,0,0,NA,NA,NA,0,0,1,1,631.079496,"East","26B","Low Shrub","Low Shrub","Sandy Gravel","Mesic - Xeric",0,993.382141,286,2.676414,-149.39171,68.222788,0.32836953031788,1.38870204499374,"255-2-D-BENA_1996",7.57118050257365,-11.1613421390454,114.864593505859,152.909729003906,4.83333341280619,-13.4583334922791,0.166666713853677,9.50000015894572,7.00000035762787,0.833333345750968,32.4699998497963,320.91999912262,106.299999237061,1,"26B_1996",0.4
"2974","255-4-D-BENA",1996,0.0325,0.240602800365992,19,1977,20,"255-4","BENA",56,29,5,0,12,0,0,0,0,0,0,NA,NA,NA,0,0,0,2,644.564014,"East","26B","Low Shrub","Low Shrub","Sandy Gravel","Mesic - Xeric",0,993.003235,239,7.430982,-149.391619,68.223199,-1.04733354535445,0.350872087379642,"255-4-D-BENA_1996",7.57118050257365,-11.1613421390454,114.864593505859,152.909729003906,4.83333341280619,-13.4583334922791,0.166666713853677,9.50000015894572,7.00000035762787,0.833333345750968,32.4699998497963,320.91999912262,106.299999237061,1,"26B_1996",0.4
"2975","261-1-C-BENA",1996,0.132666666666667,1.13587709563041,20,1976,21,"261-1","BENA",52,23,10,0,13,0,0,0,0,0,0,NA,NA,NA,0,0,0,0,356.206777,"East","26B","Dwarf Shrub","Low Shrub","Sandy Loam","Mesic",0,883.832947,287,13.943512,-149.352299,68.301689,0.565889685584738,1.76101383459479,"261-1-C-BENA_1996",7.79616483052572,-11.2659505705039,118.304683685303,149.925419807434,4.83333341280619,-13.4583334922791,0.166666713853677,9.50000015894572,7.00000035762787,0.833333345750968,32.4699998497963,320.91999912262,106.299999237061,1,"26B_1996",0.4
"2976","261-1-D-BENA",1996,0.11925,1.54433881521407,7,1989,21,"261-1","BENA",59,19,9,0,15,0,0,0,0,0,0,NA,NA,NA,0,0,0,0,356.206777,"East","26B","Dwarf Shrub","Low Shrub","Sandy Loam","Mesic",0,883.832947,287,13.943512,-149.352299,68.301689,-0.379712884997712,0.68405778427219,"261-1-D-BENA_1996",7.79616483052572,-11.2659505705039,118.304683685303,149.925419807434,4.83333341280619,-13.4583334922791,0.166666713853677,9.50000015894572,7.00000035762787,0.833333345750968,32.4699998497963,320.91999912262,106.299999237061,1,"26B_1996",0.4
"2977","261-2-B-BENA",1996,0.119,2.11692293971332,10,1986,21,"261-2","BENA",66,25,12,0,19,0,0,0,0,0,0,NA,NA,NA,0,0,0,1,388.99561,"East","26B","Dwarf Shrub-Lichen","Low Shrub","Sandy Loam","Mesic",0,888.892761,295,13.025289,-149.351465,68.301786,0.361288833509253,1.4351779284971,"261-2-B-BENA_1996",7.79616483052572,-11.2659505705039,118.304683685303,149.925419807434,4.83333341280619,-13.4583334922791,0.166666713853677,9.50000015894572,7.00000035762787,0.833333345750968,32.4699998497963,320.91999912262,106.299999237061,1,"26B_1996",0.4
"2978","261-3-D-BENA",1996,0.0953333333333333,1.83153306315763,16,1980,21,"261-3","BENA",74,41,14,0,26,0,0,0,0,0,0,NA,NA,NA,0,0,0,1,380.53651,"East","26B","Tussock Tundra (Low shrub or Herbaceous)","Low Shrub","Sandy Loam","Mesic",0,884.224731,295,11.657486,-149.351558,68.302088,0.777352093484336,2.17570357172412,"261-3-D-BENA_1996",7.79616483052572,-11.2659505705039,118.304683685303,149.925419807434,4.83333341280619,-13.4583334922791,0.166666713853677,9.50000015894572,7.00000035762787,0.833333345750968,32.4699998497963,320.91999912262,106.299999237061,1,"26B_1996",0.4
"2979","261-4-A-BENA",1996,0.05175,0.452737469852858,31,1965,21,"261-4","BENA",45,23,13,0,13,0,0,0,0,0,0,NA,NA,NA,0,0,0,0,405.679111,"East","26B","Low Shrub","Low Shrub","Sandy Loam","Mesic",0,886.626587,308,9.946874,-149.350886,68.302265,0.169028249845262,1.18415359060717,"261-4-A-BENA_1996",7.79616483052572,-11.2659505705039,118.304683685303,149.925419807434,4.83333341280619,-13.4583334922791,0.166666713853677,9.50000015894572,7.00000035762787,0.833333345750968,32.4699998497963,320.91999912262,106.299999237061,1,"26B_1996",0.4
"2980","261-4-B-BENA",1996,0.18375,3.44441175121701,10,1986,21,"261-4","BENA",71,30,12,0,13,0,0,0,0,0,0,NA,NA,NA,0,0,0,0,405.679111,"East","26B","Low Shrub","Low Shrub","Sandy Loam","Mesic",0,886.626587,308,9.946874,-149.350886,68.302265,0.848078378243031,2.33515525259136,"261-4-B-BENA_1996",7.79616483052572,-11.2659505705039,118.304683685303,149.925419807434,4.83333341280619,-13.4583334922791,0.166666713853677,9.50000015894572,7.00000035762787,0.833333345750968,32.4699998497963,320.91999912262,106.299999237061,1,"26B_1996",0.4
"2981","268-1-B-BENA",1996,0.02425,0.222208579029683,11,1985,22,"268-1","BENA",63,26,6,0,12,0,0,0,0,0,0,NA,NA,NA,0,0,1,2,212.091228,"West","26B","Low Shrub","Low Shrub","Sandy Gravel","Mesic",0,818.738892,195,1.432166,-149.327109,68.400098,-1.779076229257,0.168794002231239,"268-1-B-BENA_1996",8.82731517155965,-10.6287612617016,115.954864501953,124.864593505859,4.83333341280619,-13.4583334922791,0.166666713853677,9.50000015894572,7.00000035762787,0.833333345750968,32.4699998497963,320.91999912262,106.299999237061,1,"26B_1996",0.4
"2982","268-1-C-BENA",1996,0.1005,1.02628056550961,8,1988,22,"268-1","BENA",47,18,6,0,11,0,0,0,0,0,0,NA,NA,NA,0,0,1,2,212.091228,"West","26B","Low Shrub","Low Shrub","Sandy Gravel","Mesic",0,818.738892,195,1.432166,-149.327109,68.400098,-0.629019415946466,0.533114308173237,"268-1-C-BENA_1996",8.82731517155965,-10.6287612617016,115.954864501953,124.864593505859,4.83333341280619,-13.4583334922791,0.166666713853677,9.50000015894572,7.00000035762787,0.833333345750968,32.4699998497963,320.91999912262,106.299999237061,1,"26B_1996",0.4
"2983","268-2-A-BENA",1996,0.0535,1.10408603456658,6,1990,22,"268-2","BENA",60,23,9,0,24,0,0,0,0,0,0,NA,NA,NA,0,0,0,4,184.615387,"West","26B","Low Shrub","Low Shrub","Sandy Gravel","Mesic",0,819.441162,203,1.359031,-149.326454,68.400307,-0.89924484151035,0.406876800226063,"268-2-A-BENA_1996",8.82731517155965,-10.6287612617016,115.954864501953,124.864593505859,4.83333341280619,-13.4583334922791,0.166666713853677,9.50000015894572,7.00000035762787,0.833333345750968,32.4699998497963,320.91999912262,106.299999237061,1,"26B_1996",0.4
"2984","268-4-C-BENA",1996,0.0825,0.874737204483905,17,1979,22,"268-4","BENA",58,32,8,0,18,0,0,0,0,0,0,NA,NA,NA,0,0,0,5,171.881056,"West","26B","Dwarf Shrub-Lichen","Low Shrub","Sandy Gravel","Mesic",0,820.486511,188,1.085947,-149.326166,68.400831,0.110712666637081,1.11707388814007,"268-4-C-BENA_1996",8.82731517155965,-10.6287612617016,115.954864501953,124.864593505859,4.83333341280619,-13.4583334922791,0.166666713853677,9.50000015894572,7.00000035762787,0.833333345750968,32.4699998497963,320.91999912262,106.299999237061,1,"26B_1996",0.4
"2985","268-4-D-BENA",1996,0.071,0.894888950560357,8,1988,22,"268-4","BENA",57,23,7,0,15,0,0,0,0,0,0,NA,NA,NA,0,0,0,5,171.881056,"West","26B","Dwarf Shrub-Lichen","Low Shrub","Sandy Gravel","Mesic",0,820.486511,188,1.085947,-149.326166,68.400831,-0.766016226966979,0.464861286282823,"268-4-D-BENA_1996",8.82731517155965,-10.6287612617016,115.954864501953,124.864593505859,4.83333341280619,-13.4583334922791,0.166666713853677,9.50000015894572,7.00000035762787,0.833333345750968,32.4699998497963,320.91999912262,106.299999237061,1,"26B_1996",0.4
"2986","282-1-B-BENA",1996,0.066,1.02304078011569,7,1989,23,"282-1","BENA",41,18,8,0,9,0,0,0,0,0,0,NA,NA,NA,0,0,0,0,577.316923,"West","26B","Tussock Tundra (Low shrub or Herbaceous)","Tussock Tundra","Clay Loam","Mesic",0,826.622314,26,2.82316,-149.530032,68.582817,-0.791529402996706,0.453151214210092,"282-1-B-BENA_1996",9.26666657129923,-10.2749999600152,99,92,9.20000028610229,-9.86666674911976,4.400000055631,14.0000003178914,20.4000002145767,1.00833333904545,42.3099989891052,283.349997997284,75.1000003814697,1,"26B_1996",0.4
"2987","282-1-D-BENA",1996,0.05425,0.974058067178532,6,1990,23,"282-1","BENA",74,20,11,0,15,0,0,0,0,0,0,NA,NA,NA,0,0,0,0,577.316923,"West","26B","Tussock Tundra (Low shrub or Herbaceous)","Tussock Tundra","Clay Loam","Mesic",0,826.622314,26,2.82316,-149.530032,68.582817,-1.02454707608013,0.358959009714821,"282-1-D-BENA_1996",9.26666657129923,-10.2749999600152,99,92,9.20000028610229,-9.86666674911976,4.400000055631,14.0000003178914,20.4000002145767,1.00833333904545,42.3099989891052,283.349997997284,75.1000003814697,1,"26B_1996",0.4
"2988","282-2-A-BENA",1996,0.05525,0.522498105522145,9,1987,23,"282-2","BENA",44,16,6,0,7,0,0,0,0,0,0,NA,NA,NA,0,0,0,0,604.079816,"West","26B","Low Shrub","Low Shrub-Tussock Tundra","Clay Loam","Mesic",0,826.41803,354,3.355184,-149.530916,68.583004,-1.16353945346559,0.312378572453828,"282-2-A-BENA_1996",9.26666657129923,-10.2749999600152,99,92,9.20000028610229,-9.86666674911976,4.400000055631,14.0000003178914,20.4000002145767,1.00833333904545,42.3099989891052,283.349997997284,75.1000003814697,1,"26B_1996",0.4
"2989","282-4-A-BENA",1996,0.09225,1.27350603953891,8,1988,23,"282-4","BENA",52,15,7,0,6,0,0,0,0,0,0,NA,NA,NA,0,0,0,0,597.547448,"West","26B","Tussock Tundra (Low shrub or Herbaceous)","Low Shrub-Tussock Tundra","Clay Loam","Mesic",0,823.620117,358,4.137664,-149.531178,68.583423,-0.413186823076474,0.661538680590818,"282-4-A-BENA_1996",9.26666657129923,-10.2749999600152,99,92,9.20000028610229,-9.86666674911976,4.400000055631,14.0000003178914,20.4000002145767,1.00833333904545,42.3099989891052,283.349997997284,75.1000003814697,1,"26B_1996",0.4
"2990","60-4-B-BENA",1996,0.134,2.28083396561804,6,1990,1,"60-4","BENA",95,NA,9,0,9,0,2,0,0,0.222222222,0,NA,"Hare",NA,1,0,1,0,1406.241796,"West","20F","Tall Shrub (Open-Closed)","Black Spruce Woodland","Silt Loam","Mesic",0,110.670654,252,1.181915,-149.840942,65.910317,-0.173721565708834,0.840530897704807,"60-4-B-BENA_1996",13.859143892924,-7.59279519319534,101.361083984375,105.361085414886,13.3333336512248,-5.80833329757055,7.90000009536743,18.8333339691162,116.000003814697,1.19166668442388,128.589995384216,251.789997935295,154.100006103516,1,"20F_1996",0.375
"2991","72-1-C-BENA",1996,0.0275,0.27391153647568,28,1968,2,"72-1","BENA",118,71,9,0,11,0,2,0,0,0.181818182,0,NA,"Hare",NA,1,0,0,0,895.937772,"West","20F","Tussock Tundra (Low shrub or Herbaceous)","Black Spruce Woodland","Clay Loam","Mesic",0,130.808105,148,1.606934,-150.14017,66.022623,-0.454940198967269,0.634485909726393,"72-1-C-BENA_1996",14.1319236755371,-7.26411225398382,96.4162693023682,103.08171081543,11.7666670481364,-7.24166685342789,6.46666701634725,17.1333335240682,92.3000011444092,1.0833333414048,126.36999797821,266.039997369051,153.400001525879,1,"20F_1996",0.375
"2992","72-1-D-BENA",1996,0.08375,1.26837974572642,40,1956,2,"72-1","BENA",65,41,8,7,4,0,0,0,0,0,0,NA,NA,NA,0,0,0,0,895.937772,"West","20F","Tussock Tundra (Low shrub or Herbaceous)","Black Spruce Woodland","Clay Loam","Mesic",0,130.808105,148,1.606934,-150.14017,66.022623,1.50338417567867,4.49688158606085,"72-1-D-BENA_1996",14.1319236755371,-7.26411225398382,96.4162693023682,103.08171081543,11.7666670481364,-7.24166685342789,6.46666701634725,17.1333335240682,92.3000011444092,1.0833333414048,126.36999797821,266.039997369051,153.400001525879,1,"20F_1996",0.375
"2993","72-2-A-BENA",1996,0.08975,1.12606952550961,27,1969,2,"72-2","BENA",121,72,12,21,14,0,0,0,0,0,0,NA,NA,NA,0,0,0,0,855.94066,"West","20F","Tussock Tundra (Low shrub or Herbaceous)","Black Spruce Woodland","Clay Loam","Mesic",0,131.055786,179,2.125059,-150.13956,66.022889,0.915344243411124,2.49763489828973,"72-2-A-BENA_1996",14.1319236755371,-7.26411225398382,96.4162693023682,103.08171081543,11.7666670481364,-7.24166685342789,6.46666701634725,17.1333335240682,92.3000011444092,1.0833333414048,126.36999797821,266.039997369051,153.400001525879,1,"20F_1996",0.375
"2994","72-3-D-BENA",1996,0.15375,1.92737003822045,40,1956,2,"72-3","BENA",104,47,11,0,9,0,0,0,0,0,0,NA,NA,NA,0,0,1,0,885.368743,"West","20F","Tussock Tundra (Low shrub or Herbaceous)","Black Spruce Woodland","Clay Loam","Mesic",0,132.401993,119,2.284806,-150.140609,66.023021,1.92180027962308,6.83324916185503,"72-3-D-BENA_1996",14.1319236755371,-7.26411225398382,96.4162693023682,103.08171081543,11.7666670481364,-7.24166685342789,6.46666701634725,17.1333335240682,92.3000011444092,1.0833333414048,126.36999797821,266.039997369051,153.400001525879,1,"20F_1996",0.375
"2995","102-3-B-BENA",1995,0.022,0.650337953626979,15,1980,5,"102-3","BENA",72,NA,16,0,12,0,0,0,0,0,0,NA,NA,NA,0,0,0,0,939.238254,"West","24A","Tussock Tundra (Low shrub or Herbaceous)","Low Shrub","Sandy Loam","Mesic",2004,424.339783,330,3.896938,-150.565669,66.401242,-0.335080696161327,0.715280363643972,"102-3-B-BENA_1995",12.3333333333333,-5.84166660904884,195,68,12.5666669209798,-5.13333318630854,7.40000009536743,17.8333333333333,36.3000013828278,1.17500002185504,95.9999990463257,237.859996527433,153.900001525879,1,"24A_1995",1.01
"2996","111-1-A-BENA",1995,0.06625,1.9075681870258,7,1988,6,"111-1","BENA",45,37,7,0,7,0,0,0,0,0,0,NA,NA,NA,0,0,0,0,640.914524,"West","24A","Tall Shrub (Open-Closed)","Low Shrub","Gravely Sand Loam","Mesic",0,512.854736,12,8.158982,-150.736683,66.498494,-0.168479522092281,0.844948566020538,"111-1-A-BENA_1995",12.2785933812459,-5.87475976347923,214.618515014648,69.7743203639984,12.5666669209798,-5.13333318630854,7.40000009536743,17.8333333333333,36.3000013828278,1.17500002185504,95.9999990463257,237.859996527433,153.900001525879,1,"24A_1995",1.01
"2997","111-3-A-BENA",1995,0.20975,2.89262163214234,8,1987,6,"111-3","BENA",108,46,7,0,11,0,0,0,0,0,0,NA,NA,NA,0,0,0,0,664.632709,"West","24A","Tall Shrub (Open-Closed)","Low Shrub","Gravely Sand Loam","Mesic",0,511.257965,359,9.703425,-150.737553,66.498636,0.407202649096637,1.50260857708122,"111-3-A-BENA_1995",12.2785933812459,-5.87475976347923,214.618515014648,69.7743203639984,12.5666669209798,-5.13333318630854,7.40000009536743,17.8333333333333,36.3000013828278,1.17500002185504,95.9999990463257,237.859996527433,153.900001525879,1,"24A_1995",1.01
"2998","121-1-C-BENA",1995,0.02225,0.307125043058046,23,1972,7,"121-1","BENA",60,36,11,0,11,0,0,0,0,0,0,NA,NA,NA,0,0,0,0,1394.51987,"East","24A","Tall Shrub (Open-Closed)","Low Shrub","Clay Loam","Mesic",2005,466.470276,61,7.209129,-150.675843,66.599029,-0.57523241906971,0.56257410066192,"121-1-C-BENA_1995",12.8666664759318,-5.60833325485388,202,62,12.6333335240682,-5.45000018676122,7.46666685740153,17.8000001907349,33.3999999761581,1.20833335382243,93.17999792099,237.699997365475,143.599998474121,1,"24A_1995",1.01
"2999","121-1-D-BENA",1995,0.1025,2.94368409738608,11,1984,7,"121-1","BENA",73,42,19,0,25,0,0,0,0,0,0,NA,NA,NA,0,0,0,0,1394.51987,"East","24A","Tall Shrub (Open-Closed)","Low Shrub","Clay Loam","Mesic",2005,466.470276,61,7.209129,-150.675843,66.599029,0.804724455002555,2.23608027319178,"121-1-D-BENA_1995",12.8666664759318,-5.60833325485388,202,62,12.6333335240682,-5.45000018676122,7.46666685740153,17.8000001907349,33.3999999761581,1.20833335382243,93.17999792099,237.699997365475,143.599998474121,1,"24A_1995",1.01
"3000","129-3-A-BENA",1995,0.04175,0.769360529250412,43,1952,8,"129-3","BENA",51,35,12,0,6,0,0,0,0,0,0,NA,NA,NA,0,0,0,0,1022.673056,"East","24A","Tussock Tundra (Low shrub or Herbaceous)","Low Shrub-Tussock Tundra","Sandy Loam","Mesic - Hydric",2005,301.546051,352,6.265718,-150.646771,66.710061,1.08975133028743,2.97353455263625,"129-3-A-BENA_1995",13.1000000635783,-5.50000007947286,192,58,12.6333335240682,-5.45000018676122,7.46666685740153,17.8000001907349,33.3999999761581,1.20833335382243,93.17999792099,237.699997365475,143.599998474121,1,"24A_1995",1.01
"3001","129-4-D-BENA",1995,0.047,1.405009770076,34,1961,8,"129-4","BENA",87,41,18,0,9,0,0,0,0,0,0,NA,NA,NA,0,0,0,0,1057.255538,"East","24A","Tussock Tundra (Low shrub or Herbaceous)","Tall Shrub","Sandy Loam","Mesic - Hydric",2005,303.823029,358,6.979915,-150.646167,66.709845,1.41174801754065,4.10312146734064,"129-4-D-BENA_1995",13.1000000635783,-5.50000007947286,192,58,12.6333335240682,-5.45000018676122,7.46666685740153,17.8000001907349,33.3999999761581,1.20833335382243,93.17999792099,237.699997365475,143.599998474121,1,"24A_1995",1.01
"3002","147-4-D-BENA",1995,0.052,0.561478005420179,9,1986,9,"147-4","BENA",94,47,7,14,7,0,0,0,0,0,0,NA,NA,NA,0,0,1,0,956.341518,"West","24A","Tall Shrub (Open-Closed)","Tall Shrub","Clay Loam","Mesic - Hydric",0,428.39856,129,7.52786,-150.483929,66.912191,-1.09158820920453,0.335682935389982,"147-4-D-BENA_1995",12.6333335240682,-5.79962366819382,197.270812988281,60.0902714729309,11.1000003814697,-6.66666654745738,6.03333346048991,16.1666669845581,23.5000004768372,1.15833336363236,88.6499989032745,251.269996762276,145.100002288818,1,"24A_1995",1.01
"3003","151-1-D-BENA",1995,0.156,2.06180212580976,11,1984,10,"151-1","BENA",90,67,12,0,8,0,0,0,0,0,0,NA,NA,NA,0,0,0,0,725.03173,"East","24A","White Spruce or Black Spruce (Open-Closed)","Low Shrub","Clay Loam","Mesic",0,471.29071,296,22.022722,-150.362735,66.958242,0.448642982495594,1.56618540176983,"151-1-D-BENA_1995",11.7628320058187,-6.63716838757197,214.241474151611,64,11.1000003814697,-6.66666654745738,6.03333346048991,16.1666669845581,23.5000004768372,1.15833336363236,88.6499989032745,251.269996762276,145.100002288818,1,"24A_1995",1.01
"3004","151-3-C-BENA",1995,0.261,5.62448600470509,9,1986,10,"151-3","BENA",86,51,13,0,9,0,0,0,0,0,0,NA,NA,NA,0,0,0,0,698.113665,"East","24A","White Spruce or Black Spruce (Open-Closed)","Low Shrub","Clay Loam","Mesic",0,469.98999,301,21.5443,-150.36215,66.958641,1.21272403445313,3.3626321136237,"151-3-C-BENA_1995",11.7628320058187,-6.63716838757197,214.241474151611,64,11.1000003814697,-6.66666654745738,6.03333346048991,16.1666669845581,23.5000004768372,1.15833336363236,88.6499989032745,251.269996762276,145.100002288818,1,"24A_1995",1.01
"3005","151-4-A-BENA",1995,0.1055,1.56670754395624,9,1986,10,"151-4","BENA",65,36,9,0,8,0,0,0,0,0,0,NA,NA,NA,0,0,0,0,714.907956,"East","24A","Low Shrub","Low Shrub","Clay Loam","Mesic",0,485.466003,301,24.973797,-150.361301,66.958638,-0.0654292209264332,0.936665340718546,"151-4-A-BENA_1995",11.7628320058187,-6.63716838757197,214.241474151611,64,11.1000003814697,-6.66666654745738,6.03333346048991,16.1666669845581,23.5000004768372,1.15833336363236,88.6499989032745,251.269996762276,145.100002288818,1,"24A_1995",1.01
"3006","158-2-C-BENA",1995,0.03075,0.434645430459913,7,1988,11,"158-2","BENA",54,29,8,0,53,0,0,0,0,0,0,NA,NA,NA,0,0,0,1,1283.38641,"East","24A","Tussock Tundra (Low shrub or Herbaceous)","Low Shrub","Sandy Loam","Mesic - Xeric",2005,590.000549,54,15.617359,-150.286104,67.046812,-1.64753343509341,0.192524196876594,"158-2-C-BENA_1995",12.6000000635783,-6.24166681369146,198,66,11,-7.0083335240682,6,16.1000000635783,20.1000000238419,1.22500003005068,85.6099979877472,253.139998197556,134.100002288818,1,"24A_1995",1.01
"3007","173-1-A-BENA",1995,0.03125,0.26666722016604,27,1968,12,"173-1","BENA",69,40,12,0,9,0,0,0,0,0,0,NA,NA,NA,0,0,0,0,1301.486525,"East","24A","Low Shrub","Low Shrub","Clay Loam","Mesic",0,349.871613,358,2.901099,-150.191497,67.228159,-0.525142794330059,0.591470899645553,"173-1-A-BENA_1995",13.0658880869548,-6.08409164349238,179.686904907227,73.8251647949219,11,-7.0083335240682,6,16.1000000635783,20.1000000238419,1.22500003005068,85.6099979877472,253.139998197556,134.100002288818,1,"24A_1995",1.01
"3008","173-2-A-BENA",1995,0.15,1.89579408680877,36,1959,12,"173-2","BENA",94,43,12,0,6,0,0,0,0,0,0,NA,NA,NA,0,2,0,0,1323.706943,"East","24A","Tussock Tundra (Low shrub or Herbaceous)","Low Shrub","Clay Loam","Mesic",0,348.371155,13,2.823825,-150.190835,67.228457,1.77955089917761,5.92719391310835,"173-2-A-BENA_1995",13.0658880869548,-6.08409164349238,179.686904907227,73.8251647949219,11,-7.0083335240682,6,16.1000000635783,20.1000000238419,1.22500003005068,85.6099979877472,253.139998197556,134.100002288818,1,"24A_1995",1.01
"3009","173-3-B-BENA",1995,0.03875,0.257807928882915,30,1965,12,"173-3","BENA",70,51,14,0,9,0,0,0,0,0,0,NA,NA,NA,0,0,0,0,1278.311889,"East","24A","Low Shrub","Low Shrub","Clay Loam","Mesic",0,347.24527,24,1.739254,-150.191816,67.228627,-0.433198687729879,0.648431643593873,"173-3-B-BENA_1995",13.0658880869548,-6.08409164349238,179.686904907227,73.8251647949219,11,-7.0083335240682,6,16.1000000635783,20.1000000238419,1.22500003005068,85.6099979877472,253.139998197556,134.100002288818,1,"24A_1995",1.01
"3010","173-4-C-BENA",1995,0.05975,1.15615380945947,26,1969,12,"173-4","BENA",119,74,14,0,14,0,0,0,0,0,0,NA,NA,NA,0,1,0,0,1308.377258,"East","24A","Low Shrub","Low Shrub","Clay Loam","Mesic",0,346.165253,355,1.872125,-150.190975,67.22891,0.896672792650119,2.45143310080401,"173-4-C-BENA_1995",13.0658880869548,-6.08409164349238,179.686904907227,73.8251647949219,11,-7.0083335240682,6,16.1000000635783,20.1000000238419,1.22500003005068,85.6099979877472,253.139998197556,134.100002288818,1,"24A_1995",1.01
"3011","184-1-B-BENA",1995,0.156,2.90475426662096,43,1952,13,"184-1","BENA",128,51,19,0,13,0,1,0,0,0.076923077,0,NA,"Hare",NA,1,2,0,0,692.283244,"East","24A","White Spruce or Black Spruce (Open-Closed)","Tall Shrub","Clay Loam","Mesic",0,423.977753,249,10.469168,-150.109686,67.368938,2.41829571787811,11.2267095208672,"184-1-B-BENA_1995",12.6333335240682,-6.00000001986821,145,49,11,-7.0083335240682,6,16.1000000635783,20.1000000238419,1.22500003005068,85.6099979877472,253.139998197556,134.100002288818,1,"24A_1995",1.01
"3012","184-2-A-BENA",1995,0.08425,0.895078820566361,10,1985,13,"184-2","BENA",89,39,11,0,12,0,1,0,0,0.083333333,0,NA,"Hare",NA,1,1,0,0,706.210196,"East","24A","White Spruce or Black Spruce (Open-Closed)","Tall Shrub","Clay Loam","Mesic",0,429.192566,258,16.706417,-150.109279,67.369156,-0.499518254191793,0.606822923708324,"184-2-A-BENA_1995",12.6333335240682,-6.00150450070699,144.503509521484,48.7743217945099,11,-7.0083335240682,6,16.1000000635783,20.1000000238419,1.22500003005068,85.6099979877472,253.139998197556,134.100002288818,1,"24A_1995",1.01
"3013","184-2-D-BENA",1995,0.16275,1.99161874957902,24,1971,13,"184-2","BENA",84,38,12,10,7,0,0,0,0,0,0,NA,NA,NA,0,1,0,0,706.210196,"East","24A","White Spruce or Black Spruce (Open-Closed)","Tall Shrub","Clay Loam","Mesic",0,429.192566,258,16.706417,-150.109279,67.369156,1.3450036716487,3.83820063309845,"184-2-D-BENA_1995",12.6333335240682,-6.00150450070699,144.503509521484,48.7743217945099,11,-7.0083335240682,6,16.1000000635783,20.1000000238419,1.22500003005068,85.6099979877472,253.139998197556,134.100002288818,1,"24A_1995",1.01
"3014","184-3-B-BENA",1995,0.177666666666667,3.56047901729691,18,1977,13,"184-3","BENA",71,35,17,0,17,0,2,0,0,0.117647059,0,NA,"Hare",NA,1,1,3,0,683.765397,"East","24A","White Spruce or Black Spruce (Open-Closed)","Tall Shrub","Clay Loam","Mesic",0,425.482941,261,10.788996,-150.109693,67.36937,1.58264887759541,4.86783304248773,"184-3-B-BENA_1995",12.6333335240682,-6.00150450070699,144.503509521484,48.7743217945099,11,-7.0083335240682,6,16.1000000635783,20.1000000238419,1.22500003005068,85.6099979877472,253.139998197556,134.100002288818,1,"24A_1995",1.01
"3015","184-3-D-BENA",1995,0.154,2.62972353776245,7,1988,13,"184-3","BENA",103,48,17,7,31,3,1,0,0.096774194,0.032258065,0,"Moose","Hare",NA,1,1,3,0,683.765397,"East","24A","White Spruce or Black Spruce (Open-Closed)","Tall Shrub","Clay Loam","Mesic",0,425.482941,261,10.788996,-150.109693,67.36937,0.152569969510442,1.16482396140568,"184-3-D-BENA_1995",12.6333335240682,-6.00150450070699,144.503509521484,48.7743217945099,11,-7.0083335240682,6,16.1000000635783,20.1000000238419,1.22500003005068,85.6099979877472,253.139998197556,134.100002288818,1,"24A_1995",1.01
"3016","191-3-A-BENA",1995,0.133333333333333,1.85451702178759,14,1981,14,"191-3","BENA",102,51,9,0,9,0,1,0,0,0.111111111,0,NA,"Hare",NA,1,2,0,0,1608.343863,"East","24A","Low Shrub","Low Shrub","Clay Loam","Mesic",0,494.475037,298,4.15829,-149.859591,67.475979,0.630474862996534,1.87850239877962,"191-3-A-BENA_1995",11.8787024815877,-6.26704273621241,147.503509521484,48.8645935058594,9.33333349227905,-8.29999999205271,4.46666669845581,14.2333335876465,11.7000001966953,1.05000002371768,71.6099988222122,270.389997005463,134.200004577637,1,"24A_1995",1.01
"3017","191-3-D-BENA",1995,0.1375,2.97403450041364,9,1986,14,"191-3","BENA",110,71,10,0,16,0,0,0,0,0,0,NA,NA,NA,0,2,0,0,1608.343863,"East","24A","Low Shrub","Low Shrub","Clay Loam","Mesic",0,494.475037,298,4.15829,-149.859591,67.475979,0.575513916126844,1.77804405767031,"191-3-D-BENA_1995",11.8787024815877,-6.26704273621241,147.503509521484,48.8645935058594,9.33333349227905,-8.29999999205271,4.46666669845581,14.2333335876465,11.7000001966953,1.05000002371768,71.6099988222122,270.389997005463,134.200004577637,1,"24A_1995",1.01
"3018","191-4-B-BENA",1995,0.1105,1.60207873564302,12,1983,14,"191-4","BENA",77,59,11,0,12,0,1,0,0,0.083333333,0,NA,"Hare",NA,1,1,0,0,1634.196324,"East","24A","Low Shrub","Low Shrub","Clay Loam","Mesic",0,497.007599,303,3.553675,-149.85875,67.475963,0.300198598473646,1.35012691409672,"191-4-B-BENA_1995",11.8787024815877,-6.26704273621241,147.503509521484,48.8645935058594,9.33333349227905,-8.29999999205271,4.46666669845581,14.2333335876465,11.7000001966953,1.05000002371768,71.6099988222122,270.389997005463,134.200004577637,1,"24A_1995",1.01
"3019","203-2-C-BENA",1995,0.12025,1.6953665623455,19,1976,15,"203-2","BENA",118,35,14,0,38,0,0,0,0,0,0,NA,NA,NA,0,0,1,0,933.944119,"East","24A","Low Shrub","Low Shrub","Loam","Mesic",0,566.911377,300,26.508135,-149.793674,67.571447,0.90517326948313,2.47236027053281,"203-2-C-BENA_1995",12.2000001271566,-6.39999993642171,121,43,8.4333332379659,-9.300000111262,3.66666674613953,13.2333335876465,8.20000010728836,1.03333334500591,57.8899995684624,281.359998226166,123.299999237061,1,"24A_1995",1.01
"3020","203-4-B-BENA",1995,0.0365,0.788458074642037,16,1979,15,"203-4","BENA",99,36,12,0,12,0,0,0,0,0,0,NA,NA,NA,0,1,1,0,951.384807,"East","24A","Low Shrub","Low Shrub","Loam","Mesic",0,569.135193,316,29.227108,-149.792864,67.571712,-0.0654773071152667,0.936620301134998,"203-4-B-BENA_1995",12.2000001271566,-6.39999993642171,121,43,8.4333332379659,-9.300000111262,3.66666674613953,13.2333335876465,8.20000010728836,1.03333334500591,57.8899995684624,281.359998226166,123.299999237061,1,"24A_1995",1.01
"3021","209-1-C-BENA",1995,0.373333333333333,8.0223707839257,6,1989,16,"209-1","BENA",58,59,14,0,9,0,0,0,0,0,0,NA,NA,NA,0,0,1,0,698.873831,"East","24A","Low Shrub","Black Spruce Woodland","Sandy Loam","Mesic - Xeric",0,553.345276,287,19.679848,-149.692986,67.655886,1.08397127097308,2.95639692252071,"209-1-C-BENA_1995",11.4894682566325,-6.8484371304512,113,43,8.4333332379659,-9.300000111262,3.66666674613953,13.2333335876465,8.20000010728836,1.03333334500591,57.8899995684624,281.359998226166,123.299999237061,1,"24A_1995",1.01
"3022","209-1-D-BENA",1995,0.09725,1.24995823180393,11,1984,16,"209-1","BENA",76,39,10,0,6,0,0,0,0,0,0,NA,NA,NA,0,0,1,0,698.873831,"East","24A","Low Shrub","Black Spruce Woodland","Sandy Loam","Mesic - Xeric",0,553.345276,287,19.679848,-149.692986,67.655886,-0.0518273000305197,0.949492830067035,"209-1-D-BENA_1995",11.4894682566325,-6.8484371304512,113,43,8.4333332379659,-9.300000111262,3.66666674613953,13.2333335876465,8.20000010728836,1.03333334500591,57.8899995684624,281.359998226166,123.299999237061,1,"24A_1995",1.01
"3023","209-2-B-BENA",1995,0.11,2.47621903752275,27,1968,16,"209-2","BENA",104,57,18,0,18,0,0,0,0,0,0,NA,NA,NA,0,0,0,0,728.528855,"East","24A","Low Shrub","Black Spruce Woodland","Sandy Loam","Mesic - Xeric",0,561.911133,287,21.070175,-149.692261,67.656,1.70334378520744,5.49228173200699,"209-2-B-BENA_1995",11.4894682566325,-6.8484371304512,113,43,8.4333332379659,-9.300000111262,3.66666674613953,13.2333335876465,8.20000010728836,1.03333334500591,57.8899995684624,281.359998226166,123.299999237061,1,"24A_1995",1.01
"3024","209-2-D-BENA",1995,0.0535,0.438844365390977,34,1961,16,"209-2","BENA",86,47,10,0,6,0,0,0,0,0,0,NA,NA,NA,0,0,0,0,728.528855,"East","24A","Low Shrub","Black Spruce Woodland","Sandy Loam","Mesic - Xeric",0,561.911133,287,21.070175,-149.692261,67.656,0.248093311474583,1.28157951268894,"209-2-D-BENA_1995",11.4894682566325,-6.8484371304512,113,43,8.4333332379659,-9.300000111262,3.66666674613953,13.2333335876465,8.20000010728836,1.03333334500591,57.8899995684624,281.359998226166,123.299999237061,1,"24A_1995",1.01
"3025","209-3-A-BENA",1995,0.0185,0.205801022347685,35,1960,16,"209-3","BENA",67,52,13,0,10,0,0,0,0,0,0,NA,NA,NA,0,0,1,0,711.058695,"East","24A","Low Shrub","Black Spruce Woodland","Sandy Loam","Mesic - Xeric",0,553.430786,276,18.070417,-149.69261,67.656251,-0.474549778887168,0.622165105284411,"209-3-A-BENA_1995",11.4894682566325,-6.8484371304512,113,43,8.4333332379659,-9.300000111262,3.66666674613953,13.2333335876465,8.20000010728836,1.03333334500591,57.8899995684624,281.359998226166,123.299999237061,1,"24A_1995",1.01
"3026","209-3-D-BENA",1995,0.0865,1.61635570345726,13,1982,16,"209-3","BENA",84,39,10,0,8,0,0,0,0,0,0,NA,NA,NA,0,0,1,0,711.058695,"East","24A","Low Shrub","Black Spruce Woodland","Sandy Loam","Mesic - Xeric",0,553.430786,276,18.070417,-149.69261,67.656251,0.404588708604422,1.4986859766332,"209-3-D-BENA_1995",11.4894682566325,-6.8484371304512,113,43,8.4333332379659,-9.300000111262,3.66666674613953,13.2333335876465,8.20000010728836,1.03333334500591,57.8899995684624,281.359998226166,123.299999237061,1,"24A_1995",1.01
"3027","209-4-D-BENA",1995,0.0316666666666667,0.200592438474035,23,1972,16,"209-4","BENA",71,50,9,0,8,0,0,0,0,0,0,NA,NA,NA,0,0,0,0,738.024448,"East","24A","Low Shrub","Black Spruce Woodland","Sandy Loam","Mesic - Xeric",0,561.090881,296,18.584587,-149.691928,67.656444,-1.00121220983699,0.367433764275561,"209-4-D-BENA_1995",11.4894682566325,-6.8484371304512,113,43,8.4333332379659,-9.300000111262,3.66666674613953,13.2333335876465,8.20000010728836,1.03333334500591,57.8899995684624,281.359998226166,123.299999237061,1,"24A_1995",1.01
"3028","222-1-B-BENA",1995,0.20675,3.98369479723866,15,1980,17,"222-1","BENA",63,58,19,0,9,0,2,0,0,0.222222222,0,NA,"Hare",NA,1,2,18,0,769.468544,"East","24A","Low Shrub","Tall Shrub","Clay Loam","Mesic",0,669.484009,287,15.029548,-149.809491,67.826198,1.47739215605938,4.38150448904888,"222-1-B-BENA_1995",10.8333330154419,-7.42500007152557,115,47,8.4333332379659,-9.300000111262,3.66666674613953,13.2333335876465,8.20000010728836,1.03333334500591,57.8899995684624,281.359998226166,123.299999237061,1,"24A_1995",1.01
"3029","222-1-D-BENA",1995,0.148,2.11694336006555,14,1981,17,"222-1","BENA",78,38,9,0,9,0,2,0,0,0.222222222,0,NA,"Hare",NA,1,2,18,0,769.468544,"East","24A","Low Shrub","Tall Shrub","Clay Loam","Mesic",0,669.484009,287,15.029548,-149.809491,67.826198,0.762823803435327,2.14432282542792,"222-1-D-BENA_1995",10.8333330154419,-7.42500007152557,115,47,8.4333332379659,-9.300000111262,3.66666674613953,13.2333335876465,8.20000010728836,1.03333334500591,57.8899995684624,281.359998226166,123.299999237061,1,"24A_1995",1.01
"3030","222-2-A-BENA",1995,0.23225,5.44982543048748,9,1986,17,"222-2","BENA",81,59,12,0,9,0,0,0,0,0,0,NA,NA,NA,0,3,13,0,794.735172,"East","24A","Low Shrub","Tall Shrub","Clay Loam","Mesic",0,676.198608,282,15.59229,-149.808768,67.826375,1.18117804453802,3.25821025972332,"222-2-A-BENA_1995",10.8333330154419,-7.42500007152557,115,47,8.4333332379659,-9.300000111262,3.66666674613953,13.2333335876465,8.20000010728836,1.03333334500591,57.8899995684624,281.359998226166,123.299999237061,1,"24A_1995",1.01
"3031","222-3-A-BENA",1995,0.073,0.865285722985577,33,1962,17,"222-3","BENA",126,65,16,0,21,0,3,0,0,0.142857143,0,NA,"Hare",NA,1,2,11,1,778.440723,"East","24A","Low Shrub","Low Shrub","Clay Loam","Mesic",0,672.469177,278,13.422374,-149.809021,67.826615,0.891383555320906,2.43850111964469,"222-3-A-BENA_1995",10.8333330154419,-7.42500007152557,115,47,8.4333332379659,-9.300000111262,3.66666674613953,13.2333335876465,8.20000010728836,1.03333334500591,57.8899995684624,281.359998226166,123.299999237061,1,"24A_1995",1.01
"3032","235-1-A-BENA",1995,0.06075,0.76326387600704,16,1979,18,"235-1","BENA",59,29,10,0,18,0,0,0,0,0,0,NA,NA,NA,0,0,5,0,477.732622,"East","24A","Low Shrub","Low Shrub","Sandy Gravel","Mesic",0,813.776917,295,20.303024,-149.727576,68.004859,-0.0979527294640803,0.906691762546463,"235-1-A-BENA_1995",8.59999990463257,-8.71666677792867,121,65,7.26666673024495,-10.4500002463659,2.60000006357829,12.0000003178914,6.20000014454126,0.966666704664628,42.6199990510941,292.25999879837,115.100002288818,1,"24A_1995",1.01
"3033","235-2-B-BENA",1995,0.16175,2.13081093908713,12,1983,18,"235-2","BENA",54,38,8,0,9,0,0,0,0,0,0,NA,NA,NA,NA,0,0,0,510.631222,"East","24A","Dwarf Shrub-Lichen","Low Shrub","Sandy Gravel","Mesic",0,828.022217,289,26.243103,-149.726481,68.004961,0.585399232534761,1.79570774750878,"235-2-B-BENA_1995",8.59999990463257,-8.71666677792867,121,65,7.26666673024495,-10.4500002463659,2.60000006357829,12.0000003178914,6.20000014454126,0.966666704664628,42.6199990510941,292.25999879837,115.100002288818,1,"24A_1995",1.01
"3034","235-2-C-BENA",1995,0.103,1.37879160858545,7,1988,18,"235-2","BENA",58,33,8,0,9,0,2,0,0,0.222222222,0,NA,"Hare",NA,1,0,0,0,510.631222,"East","24A","Dwarf Shrub-Lichen","Low Shrub","Sandy Gravel","Mesic",0,828.022217,289,26.243103,-149.726481,68.004961,-0.493101282817693,0.610729409537838,"235-2-C-BENA_1995",8.59999990463257,-8.71666677792867,121,65,7.26666673024495,-10.4500002463659,2.60000006357829,12.0000003178914,6.20000014454126,0.966666704664628,42.6199990510941,292.25999879837,115.100002288818,1,"24A_1995",1.01
"3035","235-3-B-BENA",1995,0.072,1.0627756619682,10,1985,18,"235-3","BENA",59,31,10,0,15,0,0,0,0,0,0,NA,NA,NA,0,0,1,0,482.982181,"East","24A","Dwarf Shrub-Lichen","Low Shrub","Sandy Gravel","Mesic",0,817.546387,298,18.704132,-149.726784,68.005244,-0.327790722554392,0.720513791213963,"235-3-B-BENA_1995",8.59999990463257,-8.71666677792867,121,65,7.26666673024495,-10.4500002463659,2.60000006357829,12.0000003178914,6.20000014454126,0.966666704664628,42.6199990510941,292.25999879837,115.100002288818,1,"24A_1995",1.01
"3036","240-3-D-BENA",1995,0.13075,2.51520600600425,11,1984,19,"240-3","BENA",97,46,12,0,13,0,0,2,0,0,0.153846154,NA,NA,"Ptarmagin",1,0,1,3,399.798137,"West","24A","Low Shrub","Low Shrub","Sandy Loam","Mesic",0,1034.808228,93,20.584356,-149.606025,68.07014,0.647417274903676,1.91059989692295,"240-3-D-BENA_1995",7.58495489756266,-9.17381286869446,153.128387451172,99.8124413490295,7.26666673024495,-10.4500002463659,2.60000006357829,12.0000003178914,6.20000014454126,0.966666704664628,42.6199990510941,292.25999879837,115.100002288818,1,"24A_1995",1.01
"3037","240-4-B-BENA",1995,0.2275,4.94866816386118,27,1968,19,"240-4","BENA",102,72,15,0,13,0,0,0,0,0,0,NA,NA,NA,0,0,2,0,431.079046,"West","24A","Low Shrub","Low Shrub","Sandy Loam","Mesic",0,1046.807861,94,24.616484,-149.606605,68.070368,2.395729452604,10.9762017585206,"240-4-B-BENA_1995",7.58495489756266,-9.17381286869446,153.128387451172,99.8124413490295,7.26666673024495,-10.4500002463659,2.60000006357829,12.0000003178914,6.20000014454126,0.966666704664628,42.6199990510941,292.25999879837,115.100002288818,1,"24A_1995",1.01
"3038","240-4-D-BENA",1995,0.13175,2.32335129884401,10,1985,19,"240-4","BENA",83,41,16,0,29,0,0,3,0,0,0.103448276,NA,NA,"Ptarmagin",1,0,2,0,431.079046,"West","24A","Low Shrub","Low Shrub","Sandy Loam","Mesic",0,1046.807861,94,24.616484,-149.606605,68.070368,0.454335911440213,1.57512701180211,"240-4-D-BENA_1995",7.58495489756266,-9.17381286869446,153.128387451172,99.8124413490295,7.26666673024495,-10.4500002463659,2.60000006357829,12.0000003178914,6.20000014454126,0.966666704664628,42.6199990510941,292.25999879837,115.100002288818,1,"24A_1995",1.01
"3039","255-1-A-BENA",1995,0.15825,3.23462797478273,26,1969,20,"255-1","BENA",71,26,15,0,17,0,0,0,0,0,0,NA,NA,NA,0,0,0,0,585.543915,"East","26B","Low Shrub","Low Shrub","Sandy Gravel","Mesic - Xeric",0,991.483582,331,1.701594,-149.392735,68.222633,1.92548789935778,6.85849410458307,"255-1-A-BENA_1995",7.93784681955973,-9.58747082451979,156.909729003906,118.045135498047,5.33333341280619,-11.8750001229346,0.766666700442632,9.90000009536743,5.10000020265579,0.891666675607363,31.569999396801,309.529997825623,118.100002288818,1,"26B_1995",1.06
"3040","255-2-C-BENA",1995,0.13825,1.48419773625007,14,1981,20,"255-2","BENA",65,27,8,0,20,0,0,0,0,0,0,NA,NA,NA,0,0,1,1,631.079496,"East","26B","Low Shrub","Low Shrub","Sandy Gravel","Mesic - Xeric",0,993.382141,286,2.676414,-149.39171,68.222788,0.407724947771639,1.5033935925385,"255-2-C-BENA_1995",7.93784681955973,-9.58747082451979,156.909729003906,118.045135498047,5.33333341280619,-11.8750001229346,0.766666700442632,9.90000009536743,5.10000020265579,0.891666675607363,31.569999396801,309.529997825623,118.100002288818,1,"26B_1995",1.06
"3041","255-2-D-BENA",1995,0.111,2.59079135080284,6,1989,20,"255-2","BENA",60,32,10,0,11,0,0,0,0,0,0,NA,NA,NA,0,0,1,1,631.079496,"East","26B","Low Shrub","Low Shrub","Sandy Gravel","Mesic - Xeric",0,993.382141,286,2.676414,-149.39171,68.222788,-0.0462993462960505,0.954756116702289,"255-2-D-BENA_1995",7.93784681955973,-9.58747082451979,156.909729003906,118.045135498047,5.33333341280619,-11.8750001229346,0.766666700442632,9.90000009536743,5.10000020265579,0.891666675607363,31.569999396801,309.529997825623,118.100002288818,1,"26B_1995",1.06
"3042","255-4-D-BENA",1995,0.036,0.274261038658389,18,1977,20,"255-4","BENA",56,29,5,0,12,0,0,0,0,0,0,NA,NA,NA,0,0,0,2,644.564014,"East","26B","Low Shrub","Low Shrub","Sandy Gravel","Mesic - Xeric",0,993.003235,239,7.430982,-149.391619,68.223199,-0.980921143924419,0.37496554249093,"255-4-D-BENA_1995",7.93784681955973,-9.58747082451979,156.909729003906,118.045135498047,5.33333341280619,-11.8750001229346,0.766666700442632,9.90000009536743,5.10000020265579,0.891666675607363,31.569999396801,309.529997825623,118.100002288818,1,"26B_1995",1.06
"3043","261-1-C-BENA",1995,0.163666666666667,1.55366250744655,19,1976,21,"261-1","BENA",52,23,10,0,13,0,0,0,0,0,0,NA,NA,NA,0,0,0,0,356.206777,"East","26B","Dwarf Shrub","Low Shrub","Sandy Loam","Mesic",0,883.832947,287,13.943512,-149.352299,68.301689,0.817889342744814,2.26571264441656,"261-1-C-BENA_1995",8.16283178329468,-9.72481052577496,170.988628387451,119.178261756897,5.33333341280619,-11.8750001229346,0.766666700442632,9.90000009536743,5.10000020265579,0.891666675607363,31.569999396801,309.529997825623,118.100002288818,1,"26B_1995",1.06
"3044","261-1-D-BENA",1995,0.13925,1.91643258339697,6,1989,21,"261-1","BENA",59,19,9,0,15,0,0,0,0,0,0,NA,NA,NA,0,0,0,0,356.206777,"East","26B","Dwarf Shrub","Low Shrub","Sandy Loam","Mesic",0,883.832947,287,13.943512,-149.352299,68.301689,-0.34779728790887,0.706242025502682,"261-1-D-BENA_1995",8.16283178329468,-9.72481052577496,170.988628387451,119.178261756897,5.33333341280619,-11.8750001229346,0.766666700442632,9.90000009536743,5.10000020265579,0.891666675607363,31.569999396801,309.529997825623,118.100002288818,1,"26B_1995",1.06
"3045","261-2-B-BENA",1995,0.04825,0.883684264011789,9,1986,21,"261-2","BENA",66,25,12,0,19,0,0,0,0,0,0,NA,NA,NA,0,0,0,1,388.99561,"East","26B","Dwarf Shrub-Lichen","Low Shrub","Sandy Loam","Mesic",0,888.892761,295,13.025289,-149.351465,68.301786,-0.638060980072355,0.528315846458538,"261-2-B-BENA_1995",8.16283178329468,-9.72481052577496,170.988628387451,119.178261756897,5.33333341280619,-11.8750001229346,0.766666700442632,9.90000009536743,5.10000020265579,0.891666675607363,31.569999396801,309.529997825623,118.100002288818,1,"26B_1995",1.06
"3046","261-3-D-BENA",1995,0.364666666666667,7.53292617414956,15,1980,21,"261-3","BENA",74,41,14,0,26,0,0,0,0,0,0,NA,NA,NA,0,0,0,1,380.53651,"East","26B","Tussock Tundra (Low shrub or Herbaceous)","Low Shrub","Sandy Loam","Mesic",0,884.224731,295,11.657486,-149.351558,68.302088,2.11446599486055,8.28516026644115,"261-3-D-BENA_1995",8.16283178329468,-9.72481052577496,170.988628387451,119.178261756897,5.33333341280619,-11.8750001229346,0.766666700442632,9.90000009536743,5.10000020265579,0.891666675607363,31.569999396801,309.529997825623,118.100002288818,1,"26B_1995",1.06
"3047","261-4-A-BENA",1995,0.072,0.657887200773546,30,1965,21,"261-4","BENA",45,23,13,0,13,0,0,0,0,0,0,NA,NA,NA,0,0,0,0,405.679111,"East","26B","Low Shrub","Low Shrub","Sandy Loam","Mesic",0,886.626587,308,9.946874,-149.350886,68.302265,0.50361995552598,1.65470038390752,"261-4-A-BENA_1995",8.16283178329468,-9.72481052577496,170.988628387451,119.178261756897,5.33333341280619,-11.8750001229346,0.766666700442632,9.90000009536743,5.10000020265579,0.891666675607363,31.569999396801,309.529997825623,118.100002288818,1,"26B_1995",1.06
"3048","261-4-B-BENA",1995,0.161,3.19233408733425,9,1986,21,"261-4","BENA",71,30,12,0,13,0,0,0,0,0,0,NA,NA,NA,0,0,0,0,405.679111,"East","26B","Low Shrub","Low Shrub","Sandy Loam","Mesic",0,886.626587,308,9.946874,-149.350886,68.302265,0.646346805541594,1.90855575256225,"261-4-B-BENA_1995",8.16283178329468,-9.72481052577496,170.988628387451,119.178261756897,5.33333341280619,-11.8750001229346,0.766666700442632,9.90000009536743,5.10000020265579,0.891666675607363,31.569999396801,309.529997825623,118.100002288818,1,"26B_1995",1.06
"3049","268-1-B-BENA",1995,0.02175,0.202443641548705,10,1985,22,"268-1","BENA",63,26,6,0,12,0,0,0,0,0,0,NA,NA,NA,0,0,1,2,212.091228,"West","26B","Low Shrub","Low Shrub","Sandy Gravel","Mesic",0,818.738892,195,1.432166,-149.327109,68.400098,-1.98596850179031,0.137247625156646,"268-1-B-BENA_1995",9.19398148854574,-9.11209478974342,177,96.9548645019531,5.33333341280619,-11.8750001229346,0.766666700442632,9.90000009536743,5.10000020265579,0.891666675607363,31.569999396801,309.529997825623,118.100002288818,1,"26B_1995",1.06
"3050","268-1-C-BENA",1995,0.10525,1.14281814134406,7,1988,22,"268-1","BENA",47,18,6,0,11,0,0,0,0,0,0,NA,NA,NA,0,0,1,2,212.091228,"West","26B","Low Shrub","Low Shrub","Sandy Gravel","Mesic",0,818.738892,195,1.432166,-149.327109,68.400098,-0.680811486714106,0.506206046168385,"268-1-C-BENA_1995",9.19398148854574,-9.11209478974342,177,96.9548645019531,5.33333341280619,-11.8750001229346,0.766666700442632,9.90000009536743,5.10000020265579,0.891666675607363,31.569999396801,309.529997825623,118.100002288818,1,"26B_1995",1.06
"3051","268-4-C-BENA",1995,0.09125,1.01732133231019,16,1979,22,"268-4","BENA",58,32,8,0,18,0,0,0,0,0,0,NA,NA,NA,0,0,0,5,171.881056,"West","26B","Dwarf Shrub-Lichen","Low Shrub","Sandy Gravel","Mesic",0,820.486511,188,1.085947,-149.326166,68.400831,0.18937176604334,1.20849014458001,"268-4-C-BENA_1995",9.19398148854574,-9.11209478974342,177,96.9548645019531,5.33333341280619,-11.8750001229346,0.766666700442632,9.90000009536743,5.10000020265579,0.891666675607363,31.569999396801,309.529997825623,118.100002288818,1,"26B_1995",1.06
"3052","268-4-D-BENA",1995,0.111,1.46251819439627,7,1988,22,"268-4","BENA",57,23,7,0,15,0,0,0,0,0,0,NA,NA,NA,0,0,0,5,171.881056,"West","26B","Dwarf Shrub-Lichen","Low Shrub","Sandy Gravel","Mesic",0,820.486511,188,1.085947,-149.326166,68.400831,-0.434149011773041,0.647815716124315,"268-4-D-BENA_1995",9.19398148854574,-9.11209478974342,177,96.9548645019531,5.33333341280619,-11.8750001229346,0.766666700442632,9.90000009536743,5.10000020265579,0.891666675607363,31.569999396801,309.529997825623,118.100002288818,1,"26B_1995",1.06
"3053","282-1-B-BENA",1995,0.0976666666666667,1.56411139450747,6,1989,23,"282-1","BENA",41,18,8,0,9,0,0,0,0,0,0,NA,NA,NA,0,0,0,0,577.316923,"West","26B","Tussock Tundra (Low shrub or Herbaceous)","Tussock Tundra","Clay Loam","Mesic",0,826.622314,26,2.82316,-149.530032,68.582817,-0.550944852493477,0.576404935367331,"282-1-B-BENA_1995",9.6333335240682,-8.83333322405815,165,65,9.70000028610229,-8.38333344459534,5.06666660308838,14.3333339691162,13.9000004529953,1.11666669199864,43.4299988746643,264.50999546051,101.900003433228,1,"26B_1995",1.06
"3054","282-2-A-BENA",1995,0.03325,0.323689090324105,8,1987,23,"282-2","BENA",44,16,6,0,7,0,0,0,0,0,0,NA,NA,NA,0,0,0,0,604.079816,"West","26B","Low Shrub","Low Shrub-Tussock Tundra","Clay Loam","Mesic",0,826.41803,354,3.355184,-149.530916,68.583004,-1.78293240263885,0.168144356670802,"282-2-A-BENA_1995",9.6333335240682,-8.83333322405815,165,65,9.70000028610229,-8.38333344459534,5.06666660308838,14.3333339691162,13.9000004529953,1.11666669199864,43.4299988746643,264.50999546051,101.900003433228,1,"26B_1995",1.06
"3055","282-4-A-BENA",1995,0.06625,0.947566194428051,7,1988,23,"282-4","BENA",52,15,7,0,6,0,0,0,0,0,0,NA,NA,NA,0,0,0,0,597.547448,"West","26B","Tussock Tundra (Low shrub or Herbaceous)","Low Shrub-Tussock Tundra","Clay Loam","Mesic",0,823.620117,358,4.137664,-149.531178,68.583423,-0.868167234704979,0.419720093172582,"282-4-A-BENA_1995",9.6333335240682,-8.83333322405815,165,65,9.70000028610229,-8.38333344459534,5.06666660308838,14.3333339691162,13.9000004529953,1.11666669199864,43.4299988746643,264.50999546051,101.900003433228,1,"26B_1995",1.06
"3056","72-1-C-BENA",1995,0.03,0.304231832573634,27,1968,2,"72-1","BENA",118,71,9,0,11,0,2,0,0,0.181818182,0,NA,"Hare",NA,1,0,0,0,895.937772,"West","20F","Tussock Tundra (Low shrub or Herbaceous)","Black Spruce Woodland","Clay Loam","Mesic",0,130.808105,148,1.606934,-150.14017,66.022623,-0.393354291031121,0.674789633315636,"72-1-C-BENA_1995",14.6667617162069,-5.21375967065493,98.2081336975098,37.0394291877747,12.3666667938232,-5.28333341081937,7.20000012715658,17.5666672388713,34.0000009536743,1.16666669336458,94.1099977493286,239.419996440411,154.100002288818,1,"20F_1995",0.375
"3057","72-1-D-BENA",1995,0.1,1.57221004348901,39,1956,2,"72-1","BENA",65,41,8,7,4,0,0,0,0,0,0,NA,NA,NA,0,0,0,0,895.937772,"West","20F","Tussock Tundra (Low shrub or Herbaceous)","Black Spruce Woodland","Clay Loam","Mesic",0,130.808105,148,1.606934,-150.14017,66.022623,1.68791346228639,5.40818454328388,"72-1-D-BENA_1995",14.6667617162069,-5.21375967065493,98.2081336975098,37.0394291877747,12.3666667938232,-5.28333341081937,7.20000012715658,17.5666672388713,34.0000009536743,1.16666669336458,94.1099977493286,239.419996440411,154.100002288818,1,"20F_1995",0.375
"3058","72-2-A-BENA",1995,0.04975,0.646003144813637,26,1969,2,"72-2","BENA",121,72,12,21,14,0,0,0,0,0,0,NA,NA,NA,0,0,0,0,855.94066,"West","20F","Tussock Tundra (Low shrub or Herbaceous)","Black Spruce Woodland","Clay Loam","Mesic",0,131.055786,179,2.125059,-150.13956,66.022889,0.314623071006271,1.36974291782166,"72-2-A-BENA_1995",14.6667617162069,-5.21375967065493,98.2081336975098,37.0394291877747,12.3666667938232,-5.28333341081937,7.20000012715658,17.5666672388713,34.0000009536743,1.16666669336458,94.1099977493286,239.419996440411,154.100002288818,1,"20F_1995",0.375
"3059","72-3-D-BENA",1995,0.12025,1.6109335108867,39,1956,2,"72-3","BENA",104,47,11,0,9,0,0,0,0,0,0,NA,NA,NA,0,0,1,0,885.368743,"West","20F","Tussock Tundra (Low shrub or Herbaceous)","Black Spruce Woodland","Clay Loam","Mesic",0,132.401993,119,2.284806,-150.140609,66.023021,1.71224499314607,5.54138790164546,"72-3-D-BENA_1995",14.6667617162069,-5.21375967065493,98.2081336975098,37.0394291877747,12.3666667938232,-5.28333341081937,7.20000012715658,17.5666672388713,34.0000009536743,1.16666669336458,94.1099977493286,239.419996440411,154.100002288818,1,"20F_1995",0.375
"3060","102-3-B-BENA",1994,0.09775,2.92634388038504,14,1980,5,"102-3","BENA",72,NA,16,0,12,0,0,0,0,0,0,NA,NA,NA,0,0,0,0,939.238254,"West","24A","Tussock Tundra (Low shrub or Herbaceous)","Low Shrub","Sandy Loam","Mesic",2004,424.339783,330,3.896938,-150.565669,66.401242,1.08660438790748,2.96419171912405,"102-3-B-BENA_1994",12.8000001907349,-6.47499998410543,225,215,13.1666666666667,-5.71666675806046,7.86666695276896,18.5,99.5000023841858,1.18333335903784,115.07999753952,252.859998419881,166.700004577637,1,"24A_1994",1.05
"3061","111-1-A-BENA",1994,0.08725,2.55430626817083,6,1988,6,"111-1","BENA",45,37,7,0,7,0,0,0,0,0,0,NA,NA,NA,0,0,0,0,640.914524,"West","24A","Tall Shrub (Open-Closed)","Low Shrub","Gravely Sand Loam","Mesic",0,512.854736,12,8.158982,-150.736683,66.498494,-0.0604820487092027,0.941310666608245,"111-1-A-BENA_1994",12.7757749557495,-6.52757517496745,247.422752380371,214.646104812622,13.1666666666667,-5.71666675806046,7.86666695276896,18.5,99.5000023841858,1.18333335903784,115.07999753952,252.859998419881,166.700004577637,1,"24A_1994",1.05
"3062","111-3-A-BENA",1994,0.20025,3.01954158264829,7,1987,6,"111-3","BENA",108,46,7,0,11,0,0,0,0,0,0,NA,NA,NA,0,0,0,0,664.632709,"West","24A","Tall Shrub (Open-Closed)","Low Shrub","Gravely Sand Loam","Mesic",0,511.257965,359,9.703425,-150.737553,66.498636,0.290796273607494,1.33749207375703,"111-3-A-BENA_1994",12.7757749557495,-6.52757517496745,247.422752380371,214.646104812622,13.1666666666667,-5.71666675806046,7.86666695276896,18.5,99.5000023841858,1.18333335903784,115.07999753952,252.859998419881,166.700004577637,1,"24A_1994",1.05
"3063","121-1-C-BENA",1994,0.0265,0.369847922134682,22,1972,7,"121-1","BENA",60,36,11,0,11,0,0,0,0,0,0,NA,NA,NA,0,0,0,0,1394.51987,"East","24A","Tall Shrub (Open-Closed)","Low Shrub","Clay Loam","Mesic",2005,466.470276,61,7.209129,-150.675843,66.599029,-0.442441496439789,0.642465926412676,"121-1-C-BENA_1994",13.3000001907349,-6.29999987284342,232,192,13.233333269755,-6.12500023841858,8,18.5333334604899,99.9000000953674,1.16666670454045,115.939996242523,253.959996279329,161.5,1,"24A_1994",1.05
"3064","121-1-D-BENA",1994,0.1655,4.89231506023925,10,1984,7,"121-1","BENA",73,42,19,0,25,0,0,0,0,0,0,NA,NA,NA,0,0,0,0,1394.51987,"East","24A","Tall Shrub (Open-Closed)","Low Shrub","Clay Loam","Mesic",2005,466.470276,61,7.209129,-150.675843,66.599029,1.19899086162846,3.31676815532084,"121-1-D-BENA_1994",13.3000001907349,-6.29999987284342,232,192,13.233333269755,-6.12500023841858,8,18.5333334604899,99.9000000953674,1.16666670454045,115.939996242523,253.959996279329,161.5,1,"24A_1994",1.05
"3065","129-3-A-BENA",1994,0.03375,0.629943323168496,42,1952,8,"129-3","BENA",51,35,12,0,6,0,0,0,0,0,0,NA,NA,NA,0,0,0,0,1022.673056,"East","24A","Tussock Tundra (Low shrub or Herbaceous)","Low Shrub-Tussock Tundra","Sandy Loam","Mesic - Hydric",2005,301.546051,352,6.265718,-150.646771,66.710061,0.861741642135881,2.3672800601336,"129-3-A-BENA_1994",13.5999997456868,-6.20833333333333,218,177,13.233333269755,-6.12500023841858,8,18.5333334604899,99.9000000953674,1.16666670454045,115.939996242523,253.959996279329,161.5,1,"24A_1994",1.05
"3066","129-4-D-BENA",1994,0.03825,1.15368294683741,33,1961,8,"129-4","BENA",87,41,18,0,9,0,0,0,0,0,0,NA,NA,NA,0,0,0,0,1057.255538,"East","24A","Tussock Tundra (Low shrub or Herbaceous)","Tall Shrub","Sandy Loam","Mesic - Hydric",2005,303.823029,358,6.979915,-150.646167,66.709845,1.17903845388507,3.25124647598617,"129-4-D-BENA_1994",13.5999997456868,-6.20833333333333,218,177,13.233333269755,-6.12500023841858,8,18.5333334604899,99.9000000953674,1.16666670454045,115.939996242523,253.959996279329,161.5,1,"24A_1994",1.05
"3067","147-4-D-BENA",1994,0.05425,0.60388106321339,8,1986,9,"147-4","BENA",94,47,7,14,7,0,0,0,0,0,0,NA,NA,NA,0,0,1,0,956.341518,"West","24A","Tall Shrub (Open-Closed)","Tall Shrub","Clay Loam","Mesic - Hydric",0,428.39856,129,7.52786,-150.483929,66.912191,-1.15933859662253,0.313693590284509,"147-4-D-BENA_1994",13.134838104248,-6.5499995748202,224.270812988281,180.180541992188,11.7000001271566,-7.34999999403954,6.53333346048991,16.9333330790202,67.3000020980835,1.10833334426085,108.799996852875,264.919998705387,159.299999237061,1,"24A_1994",1.05
"3068","151-1-D-BENA",1994,0.17975,2.56529673737033,10,1984,10,"151-1","BENA",90,67,12,0,8,0,0,0,0,0,0,NA,NA,NA,0,0,0,0,725.03173,"East","24A","White Spruce or Black Spruce (Open-Closed)","Low Shrub","Clay Loam","Mesic",0,471.29071,296,22.022722,-150.362735,66.958242,0.553399401736754,1.73915506722134,"151-1-D-BENA_1994",12.2961657842,-7.39497495690982,241.241466522217,193.810367584229,11.7000001271566,-7.34999999403954,6.53333346048991,16.9333330790202,67.3000020980835,1.10833334426085,108.799996852875,264.919998705387,159.299999237061,1,"24A_1994",1.05
"3069","151-3-C-BENA",1994,0.255,5.90855823722064,8,1986,10,"151-3","BENA",86,51,13,0,9,0,0,0,0,0,0,NA,NA,NA,0,0,0,0,698.113665,"East","24A","White Spruce or Black Spruce (Open-Closed)","Low Shrub","Clay Loam","Mesic",0,469.98999,301,21.5443,-150.36215,66.958641,1.12144126758841,3.06927466308693,"151-3-C-BENA_1994",12.2961657842,-7.39497495690982,241.241466522217,193.810367584229,11.7000001271566,-7.34999999403954,6.53333346048991,16.9333330790202,67.3000020980835,1.10833334426085,108.799996852875,264.919998705387,159.299999237061,1,"24A_1994",1.05
"3070","151-4-A-BENA",1994,0.1205,1.87501716379425,8,1986,10,"151-4","BENA",65,36,9,0,8,0,0,0,0,0,0,NA,NA,NA,0,0,0,0,714.907956,"East","24A","Low Shrub","Low Shrub","Clay Loam","Mesic",0,485.466003,301,24.973797,-150.361301,66.958638,-0.0263427675711667,0.974001176367166,"151-4-A-BENA_1994",12.2961657842,-7.39497495690982,241.241466522217,193.810367584229,11.7000001271566,-7.34999999403954,6.53333346048991,16.9333330790202,67.3000020980835,1.10833334426085,108.799996852875,264.919998705387,159.299999237061,1,"24A_1994",1.05
"3071","158-2-C-BENA",1994,0.0335,0.480278045501011,6,1988,11,"158-2","BENA",54,29,8,0,53,0,0,0,0,0,0,NA,NA,NA,0,0,0,1,1283.38641,"East","24A","Tussock Tundra (Low shrub or Herbaceous)","Low Shrub","Sandy Loam","Mesic - Xeric",2005,590.000549,54,15.617359,-150.286104,67.046812,-1.73165279751683,0.176991636751379,"158-2-C-BENA_1994",13.1333332061768,-7.01666676998138,227,198,11.6333338419596,-7.73333330949148,6.5,16.8333336512248,64.4000010490417,1.20000003402432,103.799998760223,266.069998145103,151.900001525879,1,"24A_1994",1.05
"3072","173-1-A-BENA",1994,0.0415,0.363618929300772,26,1968,12,"173-1","BENA",69,40,12,0,9,0,0,0,0,0,0,NA,NA,NA,0,0,0,0,1301.486525,"East","24A","Low Shrub","Low Shrub","Clay Loam","Mesic",0,349.871613,358,2.901099,-150.191497,67.228159,-0.260074879165638,0.770993852265704,"173-1-A-BENA_1994",13.5992212295532,-6.88534677028656,208.704978942871,215.539129257202,11.6333338419596,-7.73333330949148,6.5,16.8333336512248,64.4000010490417,1.20000003402432,103.799998760223,266.069998145103,151.900001525879,1,"24A_1994",1.05
"3073","173-2-A-BENA",1994,0.10075,1.35270794653039,35,1959,12,"173-2","BENA",94,43,12,0,6,0,0,0,0,0,0,NA,NA,NA,0,2,0,0,1323.706943,"East","24A","Tussock Tundra (Low shrub or Herbaceous)","Low Shrub","Clay Loam","Mesic",0,348.371155,13,2.823825,-150.190835,67.228457,1.40840417869696,4.0894242038813,"173-2-A-BENA_1994",13.5992212295532,-6.88534677028656,208.704978942871,215.539129257202,11.6333338419596,-7.73333330949148,6.5,16.8333336512248,64.4000010490417,1.20000003402432,103.799998760223,266.069998145103,151.900001525879,1,"24A_1994",1.05
"3074","173-3-B-BENA",1994,0.0845,0.594906122050706,29,1965,12,"173-3","BENA",70,51,14,0,9,0,0,0,0,0,0,NA,NA,NA,0,0,0,0,1278.311889,"East","24A","Low Shrub","Low Shrub","Clay Loam","Mesic",0,347.24527,24,1.739254,-150.191816,67.228627,0.362534049502476,1.43696614813557,"173-3-B-BENA_1994",13.5992212295532,-6.88534677028656,208.704978942871,215.539129257202,11.6333338419596,-7.73333330949148,6.5,16.8333336512248,64.4000010490417,1.20000003402432,103.799998760223,266.069998145103,151.900001525879,1,"24A_1994",1.05
"3075","173-4-C-BENA",1994,0.1125,2.23773681219793,25,1969,12,"173-4","BENA",119,74,14,0,14,0,0,0,0,0,0,NA,NA,NA,0,1,0,0,1308.377258,"East","24A","Low Shrub","Low Shrub","Clay Loam","Mesic",0,346.165253,355,1.872125,-150.190975,67.22891,1.5102353887218,4.52779646110789,"173-4-C-BENA_1994",13.5992212295532,-6.88534677028656,208.704978942871,215.539129257202,11.6333338419596,-7.73333330949148,6.5,16.8333336512248,64.4000010490417,1.20000003402432,103.799998760223,266.069998145103,151.900001525879,1,"24A_1994",1.05
"3076","184-1-B-BENA",1994,0.05275,1.0168104308049,42,1952,13,"184-1","BENA",128,51,19,0,13,0,1,0,0,0.076923077,0,NA,"Hare",NA,1,2,0,0,692.283244,"East","24A","White Spruce or Black Spruce (Open-Closed)","Tall Shrub","Clay Loam","Mesic",0,423.977753,249,10.469168,-150.109686,67.368938,1.3405377683072,3.82109781825,"184-1-B-BENA_1994",13.2000001271566,-6.8166666328907,170,142,11.6333338419596,-7.73333330949148,6.5,16.8333336512248,64.4000010490417,1.20000003402432,103.799998760223,266.069998145103,151.900001525879,1,"24A_1994",1.05
"3077","184-2-A-BENA",1994,0.1235,1.39267823351248,9,1985,13,"184-2","BENA",89,39,11,0,12,0,1,0,0,0.083333333,0,NA,"Hare",NA,1,1,0,0,706.210196,"East","24A","White Spruce or Black Spruce (Open-Closed)","Tall Shrub","Clay Loam","Mesic",0,429.192566,258,16.706417,-150.109279,67.369156,-0.183176852551218,0.83262089158658,"184-2-A-BENA_1994",13.195486386617,-6.81892342368762,169.458374023438,141.142421245575,11.6333338419596,-7.73333330949148,6.5,16.8333336512248,64.4000010490417,1.20000003402432,103.799998760223,266.069998145103,151.900001525879,1,"24A_1994",1.05
"3078","184-2-D-BENA",1994,0.1845,2.45905416066169,23,1971,13,"184-2","BENA",84,38,12,10,7,0,0,0,0,0,0,NA,NA,NA,0,1,0,0,706.210196,"East","24A","White Spruce or Black Spruce (Open-Closed)","Tall Shrub","Clay Loam","Mesic",0,429.192566,258,16.706417,-150.109279,67.369156,1.50504467734804,4.50435486842322,"184-2-D-BENA_1994",13.195486386617,-6.81892342368762,169.458374023438,141.142421245575,11.6333338419596,-7.73333330949148,6.5,16.8333336512248,64.4000010490417,1.20000003402432,103.799998760223,266.069998145103,151.900001525879,1,"24A_1994",1.05
"3079","184-3-B-BENA",1994,0.201666666666667,4.28177329040412,17,1977,13,"184-3","BENA",71,35,17,0,17,0,2,0,0,0.117647059,0,NA,"Hare",NA,1,1,3,0,683.765397,"East","24A","White Spruce or Black Spruce (Open-Closed)","Tall Shrub","Clay Loam","Mesic",0,425.482941,261,10.788996,-150.109693,67.36937,1.69891168607937,5.46799325915035,"184-3-B-BENA_1994",13.195486386617,-6.81892342368762,169.458374023438,141.142421245575,11.6333338419596,-7.73333330949148,6.5,16.8333336512248,64.4000010490417,1.20000003402432,103.799998760223,266.069998145103,151.900001525879,1,"24A_1994",1.05
"3080","184-3-D-BENA",1994,0.17575,3.18319578335358,6,1988,13,"184-3","BENA",103,48,17,7,31,3,1,0,0.096774194,0.032258065,0,"Moose","Hare",NA,1,1,3,0,683.765397,"East","24A","White Spruce or Black Spruce (Open-Closed)","Tall Shrub","Clay Loam","Mesic",0,425.482941,261,10.788996,-150.109693,67.36937,0.159622939283335,1.17306846955312,"184-3-D-BENA_1994",13.195486386617,-6.81892342368762,169.458374023438,141.142421245575,11.6333338419596,-7.73333330949148,6.5,16.8333336512248,64.4000010490417,1.20000003402432,103.799998760223,266.069998145103,151.900001525879,1,"24A_1994",1.05
"3081","191-3-A-BENA",1994,0.167333333333333,2.48547681946249,13,1981,14,"191-3","BENA",102,51,9,0,9,0,1,0,0,0.111111111,0,NA,"Hare",NA,1,2,0,0,1608.343863,"East","24A","Low Shrub","Low Shrub","Clay Loam","Mesic",0,494.475037,298,4.15829,-149.859591,67.475979,0.834879179402929,2.30453559609928,"191-3-A-BENA_1994",12.4105316797892,-7.09924748539925,174.368103027344,135.593780517578,9.86666679382324,-9.13333353586495,4.89999993642171,14.9000002543132,34.0000009536743,1.02500001589457,78.8399975299835,278.659998893738,148.600002288818,1,"24A_1994",1.05
"3082","191-3-D-BENA",1994,0.163,3.67946263741579,8,1986,14,"191-3","BENA",110,71,10,0,16,0,0,0,0,0,0,NA,NA,NA,0,2,0,0,1608.343863,"East","24A","Low Shrub","Low Shrub","Clay Loam","Mesic",0,494.475037,298,4.15829,-149.859591,67.475979,0.647806138101921,1.91134300338345,"191-3-D-BENA_1994",12.4105316797892,-7.09924748539925,174.368103027344,135.593780517578,9.86666679382324,-9.13333353586495,4.89999993642171,14.9000002543132,34.0000009536743,1.02500001589457,78.8399975299835,278.659998893738,148.600002288818,1,"24A_1994",1.05
"3083","191-4-B-BENA",1994,0.09575,1.45026814289222,11,1983,14,"191-4","BENA",77,59,11,0,12,0,1,0,0,0.083333333,0,NA,"Hare",NA,1,1,0,0,1634.196324,"East","24A","Low Shrub","Low Shrub","Clay Loam","Mesic",0,497.007599,303,3.553675,-149.85875,67.475963,0.0968110292387291,1.10165217389984,"191-4-B-BENA_1994",12.4105316797892,-7.09924748539925,174.368103027344,135.593780517578,9.86666679382324,-9.13333353586495,4.89999993642171,14.9000002543132,34.0000009536743,1.02500001589457,78.8399975299835,278.659998893738,148.600002288818,1,"24A_1994",1.05
"3084","203-2-C-BENA",1994,0.07025,1.03247519717387,18,1976,15,"203-2","BENA",118,35,14,0,38,0,0,0,0,0,0,NA,NA,NA,0,0,1,0,933.944119,"East","24A","Low Shrub","Low Shrub","Loam","Mesic",0,566.911377,300,26.508135,-149.793674,67.571447,0.344712809819644,1.41158446825159,"203-2-C-BENA_1994",12.7000001271566,-7.20833333333333,144,117,8.93333371480306,-10.1166666696469,4.10000014305115,13.8666667938232,24.6000006198883,1.03333336611589,69.4999984502792,285.589998722076,136.700004577637,1,"24A_1994",1.05
"3085","203-4-B-BENA",1994,0.051,1.1157005026069,15,1979,15,"203-4","BENA",99,36,12,0,12,0,0,0,0,0,0,NA,NA,NA,0,1,1,0,951.384807,"East","24A","Low Shrub","Low Shrub","Loam","Mesic",0,569.135193,316,29.227108,-149.792864,67.571712,0.20466488749291,1.22711377487922,"203-4-B-BENA_1994",12.7000001271566,-7.20833333333333,144,117,8.93333371480306,-10.1166666696469,4.10000014305115,13.8666667938232,24.6000006198883,1.03333336611589,69.4999984502792,285.589998722076,136.700004577637,1,"24A_1994",1.05
"3086","209-1-D-BENA",1994,0.1265,1.71483049598035,10,1984,16,"209-1","BENA",76,39,10,0,6,0,0,0,0,0,0,NA,NA,NA,0,0,1,0,698.873831,"East","24A","Low Shrub","Black Spruce Woodland","Sandy Loam","Mesic - Xeric",0,553.345276,287,19.679848,-149.692986,67.655886,0.150639482291534,1.16257745276171,"209-1-D-BENA_1994",12.0228017171224,-7.66510372360547,136,111.954864501953,8.93333371480306,-10.1166666696469,4.10000014305115,13.8666667938232,24.6000006198883,1.03333336611589,69.4999984502792,285.589998722076,136.700004577637,1,"24A_1994",1.05
"3087","209-2-B-BENA",1994,0.10925,2.53458649108424,26,1968,16,"209-2","BENA",104,57,18,0,18,0,0,0,0,0,0,NA,NA,NA,0,0,0,0,728.528855,"East","24A","Low Shrub","Black Spruce Woodland","Sandy Loam","Mesic - Xeric",0,561.911133,287,21.070175,-149.692261,67.656,1.68160448193487,5.37417181888585,"209-2-B-BENA_1994",12.0228017171224,-7.66510372360547,136,111.954864501953,8.93333371480306,-10.1166666696469,4.10000014305115,13.8666667938232,24.6000006198883,1.03333336611589,69.4999984502792,285.589998722076,136.700004577637,1,"24A_1994",1.05
"3088","209-2-D-BENA",1994,0.04325,0.367912504710523,33,1961,16,"209-2","BENA",86,47,10,0,6,0,0,0,0,0,0,NA,NA,NA,0,0,0,0,728.528855,"East","24A","Low Shrub","Black Spruce Woodland","Sandy Loam","Mesic - Xeric",0,561.911133,287,21.070175,-149.692261,67.656,0.0361689383019458,1.03683099216332,"209-2-D-BENA_1994",12.0228017171224,-7.66510372360547,136,111.954864501953,8.93333371480306,-10.1166666696469,4.10000014305115,13.8666667938232,24.6000006198883,1.03333336611589,69.4999984502792,285.589998722076,136.700004577637,1,"24A_1994",1.05
"3089","209-3-A-BENA",1994,0.0755,0.862186541832816,34,1960,16,"209-3","BENA",67,52,13,0,10,0,0,0,0,0,0,NA,NA,NA,0,0,1,0,711.058695,"East","24A","Low Shrub","Black Spruce Woodland","Sandy Loam","Mesic - Xeric",0,553.430786,276,18.070417,-149.69261,67.656251,0.923420135096091,2.51788719480226,"209-3-A-BENA_1994",12.0228017171224,-7.66510372360547,136,111.954864501953,8.93333371480306,-10.1166666696469,4.10000014305115,13.8666667938232,24.6000006198883,1.03333336611589,69.4999984502792,285.589998722076,136.700004577637,1,"24A_1994",1.05
"3090","209-3-D-BENA",1994,0.12125,2.34483665100191,12,1982,16,"209-3","BENA",84,39,10,0,8,0,0,0,0,0,0,NA,NA,NA,0,0,1,0,711.058695,"East","24A","Low Shrub","Black Spruce Woodland","Sandy Loam","Mesic - Xeric",0,553.430786,276,18.070417,-149.69261,67.656251,0.681112343744381,1.97607458437892,"209-3-D-BENA_1994",12.0228017171224,-7.66510372360547,136,111.954864501953,8.93333371480306,-10.1166666696469,4.10000014305115,13.8666667938232,24.6000006198883,1.03333336611589,69.4999984502792,285.589998722076,136.700004577637,1,"24A_1994",1.05
"3091","209-4-D-BENA",1994,0.01,0.0646539709465734,22,1972,16,"209-4","BENA",71,50,9,0,8,0,0,0,0,0,0,NA,NA,NA,0,0,0,0,738.024448,"East","24A","Low Shrub","Black Spruce Woodland","Sandy Loam","Mesic - Xeric",0,561.090881,296,18.584587,-149.691928,67.656444,-2.18648387077568,0.112310955001992,"209-4-D-BENA_1994",12.0228017171224,-7.66510372360547,136,111.954864501953,8.93333371480306,-10.1166666696469,4.10000014305115,13.8666667938232,24.6000006198883,1.03333336611589,69.4999984502792,285.589998722076,136.700004577637,1,"24A_1994",1.05
"3092","222-1-B-BENA",1994,0.29075,6.0566468280751,14,1980,17,"222-1","BENA",63,58,19,0,9,0,2,0,0,0.222222222,0,NA,"Hare",NA,1,2,18,0,769.468544,"East","24A","Low Shrub","Tall Shrub","Clay Loam","Mesic",0,669.484009,287,15.029548,-149.809491,67.826198,1.81400688468923,6.13498040807048,"222-1-B-BENA_1994",11.3999999364217,-8.25000013411045,142,109,8.93333371480306,-10.1166666696469,4.10000014305115,13.8666667938232,24.6000006198883,1.03333336611589,69.4999984502792,285.589998722076,136.700004577637,1,"24A_1994",1.05
"3093","222-1-D-BENA",1994,0.127,1.9262863851045,13,1981,17,"222-1","BENA",78,38,9,0,9,0,2,0,0,0.222222222,0,NA,"Hare",NA,1,2,18,0,769.468544,"East","24A","Low Shrub","Tall Shrub","Clay Loam","Mesic",0,669.484009,287,15.029548,-149.809491,67.826198,0.580008655762554,1.78605389034155,"222-1-D-BENA_1994",11.3999999364217,-8.25000013411045,142,109,8.93333371480306,-10.1166666696469,4.10000014305115,13.8666667938232,24.6000006198883,1.03333336611589,69.4999984502792,285.589998722076,136.700004577637,1,"24A_1994",1.05
"3094","222-2-A-BENA",1994,0.18025,4.463214933512,8,1986,17,"222-2","BENA",81,59,12,0,9,0,0,0,0,0,0,NA,NA,NA,0,3,13,0,794.735172,"East","24A","Low Shrub","Tall Shrub","Clay Loam","Mesic",0,676.198608,282,15.59229,-149.808768,67.826375,0.840908762488756,2.31847296097457,"222-2-A-BENA_1994",11.3999999364217,-8.25000013411045,142,109,8.93333371480306,-10.1166666696469,4.10000014305115,13.8666667938232,24.6000006198883,1.03333336611589,69.4999984502792,285.589998722076,136.700004577637,1,"24A_1994",1.05
"3095","222-3-A-BENA",1994,0.12375,1.54332800777778,32,1962,17,"222-3","BENA",126,65,16,0,21,0,3,0,0,0.142857143,0,NA,"Hare",NA,1,2,11,1,778.440723,"East","24A","Low Shrub","Low Shrub","Clay Loam","Mesic",0,672.469177,278,13.422374,-149.809021,67.826615,1.43329918553224,4.19250826265847,"222-3-A-BENA_1994",11.3999999364217,-8.25000013411045,142,109,8.93333371480306,-10.1166666696469,4.10000014305115,13.8666667938232,24.6000006198883,1.03333336611589,69.4999984502792,285.589998722076,136.700004577637,1,"24A_1994",1.05
"3096","235-1-A-BENA",1994,0.076,0.987515668358804,15,1979,18,"235-1","BENA",59,29,10,0,18,0,0,0,0,0,0,NA,NA,NA,0,0,5,0,477.732622,"East","24A","Low Shrub","Low Shrub","Sandy Gravel","Mesic",0,813.776917,295,20.303024,-149.727576,68.004859,0.082619510750034,1.08612846971093,"235-1-A-BENA_1994",9.13333336512248,-9.58333333333333,154,118,7.76666688919067,-11.3166667601715,2.96666665871938,12.5666666030884,14.5000002384186,0.966666683554649,57.4999982714653,295.469997882843,122.900001525879,1,"24A_1994",1.05
"3097","235-2-B-BENA",1994,0.15175,2.14853305594511,11,1983,18,"235-2","BENA",54,38,8,0,9,0,0,0,0,0,0,NA,NA,NA,NA,0,0,0,510.631222,"East","24A","Dwarf Shrub-Lichen","Low Shrub","Sandy Gravel","Mesic",0,828.022217,289,26.243103,-149.726481,68.004961,0.489847873477287,1.63206792025183,"235-2-B-BENA_1994",9.13333336512248,-9.58333333333333,154,118,7.76666688919067,-11.3166667601715,2.96666665871938,12.5666666030884,14.5000002384186,0.966666683554649,57.4999982714653,295.469997882843,122.900001525879,1,"24A_1994",1.05
"3098","235-2-C-BENA",1994,0.10725,1.50652424984097,6,1988,18,"235-2","BENA",58,33,8,0,9,0,2,0,0,0.222222222,0,NA,"Hare",NA,1,0,0,0,510.631222,"East","24A","Dwarf Shrub-Lichen","Low Shrub","Sandy Gravel","Mesic",0,828.022217,289,26.243103,-149.726481,68.004961,-0.588457539923434,0.555182972202787,"235-2-C-BENA_1994",9.13333336512248,-9.58333333333333,154,118,7.76666688919067,-11.3166667601715,2.96666665871938,12.5666666030884,14.5000002384186,0.966666683554649,57.4999982714653,295.469997882843,122.900001525879,1,"24A_1994",1.05
"3099","235-3-B-BENA",1994,0.06825,1.03749428413706,9,1985,18,"235-3","BENA",59,31,10,0,15,0,0,0,0,0,0,NA,NA,NA,0,0,1,0,482.982181,"East","24A","Dwarf Shrub-Lichen","Low Shrub","Sandy Gravel","Mesic",0,817.546387,298,18.704132,-149.726784,68.005244,-0.477597068678861,0.620272073683153,"235-3-B-BENA_1994",9.13333336512248,-9.58333333333333,154,118,7.76666688919067,-11.3166667601715,2.96666665871938,12.5666666030884,14.5000002384186,0.966666683554649,57.4999982714653,295.469997882843,122.900001525879,1,"24A_1994",1.05
"3100","240-3-D-BENA",1994,0.172,3.4723143954185,10,1984,19,"240-3","BENA",97,46,12,0,13,0,0,2,0,0,0.153846154,NA,NA,"Ptarmagin",1,0,1,3,399.798137,"West","24A","Low Shrub","Low Shrub","Sandy Loam","Mesic",0,1034.808228,93,20.584356,-149.606025,68.07014,0.856146587095689,2.35407198231894,"240-3-D-BENA_1994",8.11828851699829,-10.0658558011055,194.444347381592,163.128391265869,7.76666688919067,-11.3166667601715,2.96666665871938,12.5666666030884,14.5000002384186,0.966666683554649,57.4999982714653,295.469997882843,122.900001525879,1,"24A_1994",1.05
"3101","240-4-B-BENA",1994,0.1865,4.29938578536582,26,1968,19,"240-4","BENA",102,72,15,0,13,0,0,0,0,0,0,NA,NA,NA,0,0,2,0,431.079046,"West","24A","Low Shrub","Low Shrub","Sandy Loam","Mesic",0,1046.807861,94,24.616484,-149.606605,68.070368,2.21004614996932,9.1161370927797,"240-4-B-BENA_1994",8.11828851699829,-10.0658558011055,194.444347381592,163.128391265869,7.76666688919067,-11.3166667601715,2.96666665871938,12.5666666030884,14.5000002384186,0.966666683554649,57.4999982714653,295.469997882843,122.900001525879,1,"24A_1994",1.05
"3102","240-4-D-BENA",1994,0.2235,4.19075815078448,9,1985,19,"240-4","BENA",83,41,16,0,29,0,0,3,0,0,0.103448276,NA,NA,"Ptarmagin",1,0,2,0,431.079046,"West","24A","Low Shrub","Low Shrub","Sandy Loam","Mesic",0,1046.807861,94,24.616484,-149.606605,68.070368,0.91847612795293,2.50546946449324,"240-4-D-BENA_1994",8.11828851699829,-10.0658558011055,194.444347381592,163.128391265869,7.76666688919067,-11.3166667601715,2.96666665871938,12.5666666030884,14.5000002384186,0.966666683554649,57.4999982714653,295.469997882843,122.900001525879,1,"24A_1994",1.05
"3103","255-1-A-BENA",1994,0.09975,2.11973918117772,25,1969,20,"255-1","BENA",71,26,15,0,17,0,0,0,0,0,0,NA,NA,NA,0,0,0,0,585.543915,"East","26B","Low Shrub","Low Shrub","Sandy Gravel","Mesic - Xeric",0,991.483582,331,1.701594,-149.392735,68.222633,1.45606343867056,4.28904217452687,"255-1-A-BENA_1994",8.47118043899536,-10.5037612502929,202.909729003906,148.819458007812,6.00000007947286,-12.8500003715356,1.36666665474574,10.6666669845581,11.299999833107,0.883333360155424,47.7099999785423,309.979998588562,125,1,"26B_1994",0.92
"3104","255-2-C-BENA",1994,0.07975,0.910782856843493,13,1981,20,"255-2","BENA",65,27,8,0,20,0,0,0,0,0,0,NA,NA,NA,0,0,1,1,631.079496,"East","26B","Low Shrub","Low Shrub","Sandy Gravel","Mesic - Xeric",0,993.382141,286,2.676414,-149.39171,68.222788,-0.169036107854909,0.8444784105316,"255-2-C-BENA_1994",8.47118043899536,-10.5037612502929,202.909729003906,148.819458007812,6.00000007947286,-12.8500003715356,1.36666665474574,10.6666669845581,11.299999833107,0.883333360155424,47.7099999785423,309.979998588562,125,1,"26B_1994",0.92
"3105","255-4-D-BENA",1994,0.0575,0.454945813138788,17,1977,20,"255-4","BENA",56,29,5,0,12,0,0,0,0,0,0,NA,NA,NA,0,0,0,2,644.564014,"East","26B","Low Shrub","Low Shrub","Sandy Gravel","Mesic - Xeric",0,993.003235,239,7.430982,-149.391619,68.223199,-0.543032517021173,0.580983735196027,"255-4-D-BENA_1994",8.47118043899536,-10.5037612502929,202.909729003906,148.819458007812,6.00000007947286,-12.8500003715356,1.36666665474574,10.6666669845581,11.299999833107,0.883333360155424,47.7099999785423,309.979998588562,125,1,"26B_1994",0.92
"3106","261-1-C-BENA",1994,0.110333333333333,1.14235153049371,18,1976,21,"261-1","BENA",52,23,10,0,13,0,0,0,0,0,0,NA,NA,NA,0,0,0,0,356.206777,"East","26B","Dwarf Shrub","Low Shrub","Sandy Loam","Mesic",0,883.832947,287,13.943512,-149.352299,68.301689,0.44584267027674,1.56180572874023,"261-1-C-BENA_1994",8.66493892669678,-10.6498106693228,224.735790252686,152.988629341125,6.00000007947286,-12.8500003715356,1.36666665474574,10.6666669845581,11.299999833107,0.883333360155424,47.7099999785423,309.979998588562,125,1,"26B_1994",0.92
"3107","261-2-B-BENA",1994,0.10725,2.01664506935659,8,1986,21,"261-2","BENA",66,25,12,0,19,0,0,0,0,0,0,NA,NA,NA,0,0,0,1,388.99561,"East","26B","Dwarf Shrub-Lichen","Low Shrub","Sandy Loam","Mesic",0,888.892761,295,13.025289,-149.351465,68.301786,0.0464746929320977,1.04757156776828,"261-2-B-BENA_1994",8.66493892669678,-10.6498106693228,224.735790252686,152.988629341125,6.00000007947286,-12.8500003715356,1.36666665474574,10.6666669845581,11.299999833107,0.883333360155424,47.7099999785423,309.979998588562,125,1,"26B_1994",0.92
"3108","261-3-D-BENA",1994,0.378666666666667,8.70640671280334,14,1980,21,"261-3","BENA",74,41,14,0,26,0,0,0,0,0,0,NA,NA,NA,0,0,0,1,380.53651,"East","26B","Tussock Tundra (Low shrub or Herbaceous)","Low Shrub","Sandy Loam","Mesic",0,884.224731,295,11.657486,-149.351558,68.302088,2.17690972487013,8.81901093525004,"261-3-D-BENA_1994",8.66493892669678,-10.6498106693228,224.735790252686,152.988629341125,6.00000007947286,-12.8500003715356,1.36666665474574,10.6666669845581,11.299999833107,0.883333360155424,47.7099999785423,309.979998588562,125,1,"26B_1994",0.92
"3109","261-4-A-BENA",1994,0.04525,0.430131747214868,29,1965,21,"261-4","BENA",45,23,13,0,13,0,0,0,0,0,0,NA,NA,NA,0,0,0,0,405.679111,"East","26B","Low Shrub","Low Shrub","Sandy Loam","Mesic",0,886.626587,308,9.946874,-149.350886,68.302265,0.0382219851030634,1.03896184133316,"261-4-A-BENA_1994",8.66493892669678,-10.6498106693228,224.735790252686,152.988629341125,6.00000007947286,-12.8500003715356,1.36666665474574,10.6666669845581,11.299999833107,0.883333360155424,47.7099999785423,309.979998588562,125,1,"26B_1994",0.92
"3110","261-4-B-BENA",1994,0.09375,1.93392025890318,8,1986,21,"261-4","BENA",71,30,12,0,13,0,0,0,0,0,0,NA,NA,NA,0,0,0,0,405.679111,"East","26B","Low Shrub","Low Shrub","Sandy Loam","Mesic",0,886.626587,308,9.946874,-149.350886,68.302265,0.0045885840285721,1.00459912770094,"261-4-B-BENA_1994",8.66493892669678,-10.6498106693228,224.735790252686,152.988629341125,6.00000007947286,-12.8500003715356,1.36666665474574,10.6666669845581,11.299999833107,0.883333360155424,47.7099999785423,309.979998588562,125,1,"26B_1994",0.92
"3111","268-1-B-BENA",1994,0.01325,0.124784649249208,9,1985,22,"268-1","BENA",63,26,6,0,12,0,0,0,0,0,0,NA,NA,NA,0,0,1,2,212.091228,"West","26B","Low Shrub","Low Shrub","Sandy Gravel","Mesic",0,818.738892,195,1.432166,-149.327109,68.400098,-2.59557136594403,0.0746032381450751,"268-1-B-BENA_1994",9.73032410939535,-10.0613423511386,241.045135498047,137.954864501953,6.00000007947286,-12.8500003715356,1.36666665474574,10.6666669845581,11.299999833107,0.883333360155424,47.7099999785423,309.979998588562,125,1,"26B_1994",0.92
"3112","268-1-C-BENA",1994,0.11,1.26877931704204,6,1988,22,"268-1","BENA",47,18,6,0,11,0,0,0,0,0,0,NA,NA,NA,0,0,1,2,212.091228,"West","26B","Low Shrub","Low Shrub","Sandy Gravel","Mesic",0,818.738892,195,1.432166,-149.327109,68.400098,-0.760207445620707,0.467569421719684,"268-1-C-BENA_1994",9.73032410939535,-10.0613423511386,241.045135498047,137.954864501953,6.00000007947286,-12.8500003715356,1.36666665474574,10.6666669845581,11.299999833107,0.883333360155424,47.7099999785423,309.979998588562,125,1,"26B_1994",0.92
"3113","268-4-C-BENA",1994,0.093,1.09066357995412,15,1979,22,"268-4","BENA",58,32,8,0,18,0,0,0,0,0,0,NA,NA,NA,0,0,0,5,171.881056,"West","26B","Dwarf Shrub-Lichen","Low Shrub","Sandy Gravel","Mesic",0,820.486511,188,1.085947,-149.326166,68.400831,0.181968726343275,1.199576678144,"268-4-C-BENA_1994",9.73032410939535,-10.0613423511386,241.045135498047,137.954864501953,6.00000007947286,-12.8500003715356,1.36666665474574,10.6666669845581,11.299999833107,0.883333360155424,47.7099999785423,309.979998588562,125,1,"26B_1994",0.92
"3114","268-4-D-BENA",1994,0.06975,0.958621851675114,6,1988,22,"268-4","BENA",57,23,7,0,15,0,0,0,0,0,0,NA,NA,NA,0,0,0,5,171.881056,"West","26B","Dwarf Shrub-Lichen","Low Shrub","Sandy Gravel","Mesic",0,820.486511,188,1.085947,-149.326166,68.400831,-1.04052131330146,0.353270469352026,"268-4-D-BENA_1994",9.73032410939535,-10.0613423511386,241.045135498047,137.954864501953,6.00000007947286,-12.8500003715356,1.36666665474574,10.6666669845581,11.299999833107,0.883333360155424,47.7099999785423,309.979998588562,125,1,"26B_1994",0.92
"3115","282-2-A-BENA",1994,0.02525,0.250449533490044,7,1987,23,"282-2","BENA",44,16,6,0,7,0,0,0,0,0,0,NA,NA,NA,0,0,0,0,604.079816,"West","26B","Low Shrub","Low Shrub-Tussock Tundra","Clay Loam","Mesic",0,826.41803,354,3.355184,-149.530916,68.583004,-2.1988065942996,0.110935470418423,"282-2-A-BENA_1994",10.1999998092651,-9.79166669150194,236,132,10.3333336512248,-9.36666669820746,5.56666668256124,15.1333335240682,31.7000000476837,1.09166669969757,72.5199983119965,273.599998474121,104.300001144409,1,"26B_1994",0.92
"3116","282-4-A-BENA",1994,0.06075,0.89313849440369,6,1988,23,"282-4","BENA",52,15,7,0,6,0,0,0,0,0,0,NA,NA,NA,0,0,0,0,597.547448,"West","26B","Tussock Tundra (Low shrub or Herbaceous)","Low Shrub-Tussock Tundra","Clay Loam","Mesic",0,823.620117,358,4.137664,-149.531178,68.583423,-1.11127633740269,0.329138600964508,"282-4-A-BENA_1994",10.1999998092651,-9.79166669150194,236,132,10.3333336512248,-9.36666669820746,5.56666668256124,15.1333335240682,31.7000000476837,1.09166669969757,72.5199983119965,273.599998474121,104.300001144409,1,"26B_1994",0.92
"3117","72-1-C-BENA",1994,0.02925,0.302070613177509,26,1968,2,"72-1","BENA",118,71,9,0,11,0,2,0,0,0.181818182,0,NA,"Hare",NA,1,0,0,0,895.937772,"West","20F","Tussock Tundra (Low shrub or Herbaceous)","Black Spruce Woodland","Clay Loam","Mesic",0,130.808105,148,1.606934,-150.14017,66.022623,-0.445520492384882,0.640490818665135,"72-1-C-BENA_1994",15.133428255717,-5.80560080210368,112.373983383179,117.187206745148,12.9666668574015,-5.8666667342186,7.70000012715658,18.2666670481364,87.7000021934509,1.17500002371768,112.509996414185,254.129995957017,163.000003814697,1,"20F_1994",0.375
"3118","72-1-D-BENA",1994,0.0955,1.56011491177269,38,1956,2,"72-1","BENA",65,41,8,7,4,0,0,0,0,0,0,NA,NA,NA,0,0,0,0,895.937772,"West","20F","Tussock Tundra (Low shrub or Herbaceous)","Black Spruce Woodland","Clay Loam","Mesic",0,130.808105,148,1.606934,-150.14017,66.022623,1.64919308988595,5.20277995718034,"72-1-D-BENA_1994",15.133428255717,-5.80560080210368,112.373983383179,117.187206745148,12.9666668574015,-5.8666667342186,7.70000012715658,18.2666670481364,87.7000021934509,1.17500002371768,112.509996414185,254.129995957017,163.000003814697,1,"20F_1994",0.375
"3119","72-2-A-BENA",1994,0.096,1.29051599661223,25,1969,2,"72-2","BENA",121,72,12,21,14,0,0,0,0,0,0,NA,NA,NA,0,0,0,0,855.94066,"West","20F","Tussock Tundra (Low shrub or Herbaceous)","Black Spruce Woodland","Clay Loam","Mesic",0,131.055786,179,2.125059,-150.13956,66.022889,0.959812521071311,2.61120688126176,"72-2-A-BENA_1994",15.133428255717,-5.80560080210368,112.373983383179,117.187206745148,12.9666668574015,-5.8666667342186,7.70000012715658,18.2666670481364,87.7000021934509,1.17500002371768,112.509996414185,254.129995957017,163.000003814697,1,"20F_1994",0.375
"3120","72-3-D-BENA",1994,0.08975,1.26155031599659,38,1956,2,"72-3","BENA",104,47,11,0,9,0,0,0,0,0,0,NA,NA,NA,0,0,1,0,885.368743,"West","20F","Tussock Tundra (Low shrub or Herbaceous)","Black Spruce Woodland","Clay Loam","Mesic",0,132.401993,119,2.284806,-150.140609,66.023021,1.43677498409566,4.2071059314366,"72-3-D-BENA_1994",15.133428255717,-5.80560080210368,112.373983383179,117.187206745148,12.9666668574015,-5.8666667342186,7.70000012715658,18.2666670481364,87.7000021934509,1.17500002371768,112.509996414185,254.129995957017,163.000003814697,1,"20F_1994",0.375
"3121","102-3-B-BENA",1993,0.1415,4.34244366887777,13,1980,5,"102-3","BENA",72,NA,16,0,12,0,0,0,0,0,0,NA,NA,NA,0,0,0,0,939.238254,"West","24A","Tussock Tundra (Low shrub or Herbaceous)","Low Shrub","Sandy Loam","Mesic",2004,424.339783,330,3.896938,-150.565669,66.401242,1.39285190620153,4.02631637141921,"102-3-B-BENA_1993",13.3333336512248,-4.43333326776822,192,255,13.4000002543132,-3.74166668454806,7.76666688919067,19.0666666030884,125.100002288818,1.2583333576719,128.029997348785,245.53999770619,138.200004577637,1,"24A_1993",1.09
"3122","111-3-A-BENA",1993,0.135,2.17783056728478,6,1987,6,"111-3","BENA",108,46,7,0,11,0,0,0,0,0,0,NA,NA,NA,0,0,0,0,664.632709,"West","24A","Tall Shrub (Open-Closed)","Low Shrub","Gravely Sand Loam","Mesic",0,511.257965,359,9.703425,-150.737553,66.498636,-0.219933487503703,0.802572177266232,"111-3-A-BENA_1993",13.2770891189575,-4.49175503849983,211.470741271973,258.845252990723,13.4000002543132,-3.74166668454806,7.76666688919067,19.0666666030884,125.100002288818,1.2583333576719,128.029997348785,245.53999770619,138.200004577637,1,"24A_1993",1.09
"3123","121-1-C-BENA",1993,0.0275,0.388469712588826,21,1972,7,"121-1","BENA",60,36,11,0,11,0,0,0,0,0,0,NA,NA,NA,0,0,0,0,1394.51987,"East","24A","Tall Shrub (Open-Closed)","Low Shrub","Clay Loam","Mesic",2005,466.470276,61,7.209129,-150.675843,66.599029,-0.448832321967477,0.638373130870646,"121-1-C-BENA_1993",13.8333336512248,-4.2166666885217,200,236,13.5000006357829,-4.04999993244807,7.93333339691162,19.1333338419596,128.600001335144,1.24166669882834,126.18999671936,246.089996278286,131.700000762939,1,"24A_1993",1.09
"3124","121-1-D-BENA",1993,0.20625,6.3377950232283,9,1984,7,"121-1","BENA",73,42,19,0,25,0,0,0,0,0,0,NA,NA,NA,0,0,0,0,1394.51987,"East","24A","Tall Shrub (Open-Closed)","Low Shrub","Clay Loam","Mesic",2005,466.470276,61,7.209129,-150.675843,66.599029,1.33212538730157,3.78908811522404,"121-1-D-BENA_1993",13.8333336512248,-4.2166666885217,200,236,13.5000006357829,-4.04999993244807,7.93333339691162,19.1333338419596,128.600001335144,1.24166669882834,126.18999671936,246.089996278286,131.700000762939,1,"24A_1993",1.09
"3125","129-3-A-BENA",1993,0.0225,0.423938293647857,41,1952,8,"129-3","BENA",51,35,12,0,6,0,0,0,0,0,0,NA,NA,NA,0,0,0,0,1022.673056,"East","24A","Tussock Tundra (Low shrub or Herbaceous)","Low Shrub-Tussock Tundra","Sandy Loam","Mesic - Hydric",2005,301.546051,352,6.265718,-150.646771,66.710061,0.436943161206841,1.54796808991774,"129-3-A-BENA_1993",14.1000000635783,-4.12499999006589,188,219,13.5000006357829,-4.04999993244807,7.93333339691162,19.1333338419596,128.600001335144,1.24166669882834,126.18999671936,246.089996278286,131.700000762939,1,"24A_1993",1.09
"3126","129-4-D-BENA",1993,0.05775,1.75925202705351,32,1961,8,"129-4","BENA",87,41,18,0,9,0,0,0,0,0,0,NA,NA,NA,0,0,0,0,1057.255538,"East","24A","Tussock Tundra (Low shrub or Herbaceous)","Tall Shrub","Sandy Loam","Mesic - Hydric",2005,303.823029,358,6.979915,-150.646167,66.709845,1.56424679088192,4.77907393784726,"129-4-D-BENA_1993",14.1000000635783,-4.12499999006589,188,219,13.5000006357829,-4.04999993244807,7.93333339691162,19.1333338419596,128.600001335144,1.24166669882834,126.18999671936,246.089996278286,131.700000762939,1,"24A_1993",1.09
"3127","147-4-D-BENA",1993,0.0705,0.812397010662399,7,1986,9,"147-4","BENA",94,47,7,14,7,0,0,0,0,0,0,NA,NA,NA,0,0,1,0,956.341518,"West","24A","Tall Shrub (Open-Closed)","Tall Shrub","Clay Loam","Mesic - Hydric",0,428.39856,129,7.52786,-150.483929,66.912191,-1.02207488135266,0.359847524123804,"147-4-D-BENA_1993",13.6015040079753,-4.4496239622434,195.225677490234,228.406219482422,11.9666665395101,-5.25000017881393,6.50000015894572,17.5000006357829,88.1000018119812,1.19166669249535,118.959998369217,259.389997541904,130.200000762939,1,"24A_1993",1.09
"3128","151-1-D-BENA",1993,0.275,4.31753005373663,9,1984,10,"151-1","BENA",90,67,12,0,8,0,0,0,0,0,0,NA,NA,NA,0,0,0,0,725.03173,"East","24A","White Spruce or Black Spruce (Open-Closed)","Low Shrub","Clay Loam","Mesic",0,471.29071,296,22.022722,-150.362735,66.958242,0.948277959405341,2.58126079397926,"151-1-D-BENA_1993",12.7316055297852,-5.27050162355105,211.304683685303,249.873580932617,11.9666665395101,-5.25000017881393,6.50000015894572,17.5000006357829,88.1000018119812,1.19166669249535,118.959998369217,259.389997541904,130.200000762939,1,"24A_1993",1.09
"3129","151-3-C-BENA",1993,0.35075,8.7946481055371,7,1986,10,"151-3","BENA",86,51,13,0,9,0,0,0,0,0,0,NA,NA,NA,0,0,0,0,698.113665,"East","24A","White Spruce or Black Spruce (Open-Closed)","Low Shrub","Clay Loam","Mesic",0,469.98999,301,21.5443,-150.36215,66.958641,1.35983461421618,3.89554898009437,"151-3-C-BENA_1993",12.7316055297852,-5.27050162355105,211.304683685303,249.873580932617,11.9666665395101,-5.25000017881393,6.50000015894572,17.5000006357829,88.1000018119812,1.19166669249535,118.959998369217,259.389997541904,130.200000762939,1,"24A_1993",1.09
"3130","151-4-A-BENA",1993,0.11475,1.87035248775228,7,1986,10,"151-4","BENA",65,36,9,0,8,0,0,0,0,0,0,NA,NA,NA,0,0,0,0,714.907956,"East","24A","Low Shrub","Low Shrub","Clay Loam","Mesic",0,485.466003,301,24.973797,-150.361301,66.958638,-0.188181843204819,0.828464042977808,"151-4-A-BENA_1993",12.7316055297852,-5.27050162355105,211.304683685303,249.873580932617,11.9666665395101,-5.25000017881393,6.50000015894572,17.5000006357829,88.1000018119812,1.19166669249535,118.959998369217,259.389997541904,130.200000762939,1,"24A_1993",1.09
"3131","173-1-A-BENA",1993,0.04975,0.450166468964973,25,1968,12,"173-1","BENA",69,40,12,0,9,0,0,0,0,0,0,NA,NA,NA,0,0,0,0,1301.486525,"East","24A","Low Shrub","Low Shrub","Clay Loam","Mesic",0,349.871613,358,2.901099,-150.191497,67.228159,-0.0933674482905819,0.910858745308408,"173-1-A-BENA_1993",13.9992208480835,-4.74423094590505,179.686904907227,306.42179775238,11.8666671117147,-5.60833339889844,6.36666695276896,17.3666667938232,83.3000001907349,1.26666669671734,118.359997987747,260.979997336864,124.300003051758,1,"24A_1993",1.09
"3132","173-2-A-BENA",1993,0.1935,2.77687887924925,34,1959,12,"173-2","BENA",94,43,12,0,6,0,0,0,0,0,0,NA,NA,NA,0,2,0,0,1323.706943,"East","24A","Tussock Tundra (Low shrub or Herbaceous)","Low Shrub","Clay Loam","Mesic",0,348.371155,13,2.823825,-150.190835,67.228457,2.09303135267918,8.10946057765571,"173-2-A-BENA_1993",13.9992208480835,-4.74423094590505,179.686904907227,306.42179775238,11.8666671117147,-5.60833339889844,6.36666695276896,17.3666667938232,83.3000001907349,1.26666669671734,118.359997987747,260.979997336864,124.300003051758,1,"24A_1993",1.09
"3133","173-3-B-BENA",1993,0.039,0.28970353734711,28,1965,12,"173-3","BENA",70,51,14,0,9,0,0,0,0,0,0,NA,NA,NA,0,0,0,0,1278.311889,"East","24A","Low Shrub","Low Shrub","Clay Loam","Mesic",0,347.24527,24,1.739254,-150.191816,67.228627,-0.398887278566313,0.671066340650298,"173-3-B-BENA_1993",13.9992208480835,-4.74423094590505,179.686904907227,306.42179775238,11.8666671117147,-5.60833339889844,6.36666695276896,17.3666667938232,83.3000001907349,1.26666669671734,118.359997987747,260.979997336864,124.300003051758,1,"24A_1993",1.09
"3134","173-4-C-BENA",1993,0.15075,3.12324123645339,24,1969,12,"173-4","BENA",119,74,14,0,14,0,0,0,0,0,0,NA,NA,NA,0,1,0,0,1308.377258,"East","24A","Low Shrub","Low Shrub","Clay Loam","Mesic",0,346.165253,355,1.872125,-150.190975,67.22891,1.79492724199708,6.01903677278019,"173-4-C-BENA_1993",13.9992208480835,-4.74423094590505,179.686904907227,306.42179775238,11.8666671117147,-5.60833339889844,6.36666695276896,17.3666667938232,83.3000001907349,1.26666669671734,118.359997987747,260.979997336864,124.300003051758,1,"24A_1993",1.09
"3135","184-1-B-BENA",1993,0.04775,0.935506405629089,41,1952,13,"184-1","BENA",128,51,19,0,13,0,1,0,0,0.076923077,0,NA,"Hare",NA,1,2,0,0,692.283244,"East","24A","White Spruce or Black Spruce (Open-Closed)","Tall Shrub","Clay Loam","Mesic",0,423.977753,249,10.469168,-150.109686,67.368938,1.22844324338461,3.41590765808564,"184-1-B-BENA_1993",13.5999997456868,-4.66666685541471,145,201,11.8666671117147,-5.60833339889844,6.36666695276896,17.3666667938232,83.3000001907349,1.26666669671734,118.359997987747,260.979997336864,124.300003051758,1,"24A_1993",1.09
"3136","184-2-A-BENA",1993,0.17025,2.07698014166695,8,1985,13,"184-2","BENA",89,39,11,0,12,0,1,0,0,0.083333333,0,NA,"Hare",NA,1,1,0,0,706.210196,"East","24A","White Spruce or Black Spruce (Open-Closed)","Tall Shrub","Clay Loam","Mesic",0,429.192566,258,16.706417,-150.109279,67.369156,0.0759544028075222,1.07891337761473,"184-2-A-BENA_1993",13.5969905853271,-4.66779535015424,144.458374023438,199.826477050781,11.8666671117147,-5.60833339889844,6.36666695276896,17.3666667938232,83.3000001907349,1.26666669671734,118.359997987747,260.979997336864,124.300003051758,1,"24A_1993",1.09
"3137","184-2-D-BENA",1993,0.094,1.33509519636667,22,1971,13,"184-2","BENA",84,38,12,10,7,0,0,0,0,0,0,NA,NA,NA,0,1,0,0,706.210196,"East","24A","White Spruce or Black Spruce (Open-Closed)","Tall Shrub","Clay Loam","Mesic",0,429.192566,258,16.706417,-150.109279,67.369156,0.841224480103821,2.31920505929048,"184-2-D-BENA_1993",13.5969905853271,-4.66779535015424,144.458374023438,199.826477050781,11.8666671117147,-5.60833339889844,6.36666695276896,17.3666667938232,83.3000001907349,1.26666669671734,118.359997987747,260.979997336864,124.300003051758,1,"24A_1993",1.09
"3138","184-3-B-BENA",1993,0.193666666666667,4.35244664786976,16,1977,13,"184-3","BENA",71,35,17,0,17,0,2,0,0,0.117647059,0,NA,"Hare",NA,1,1,3,0,683.765397,"East","24A","White Spruce or Black Spruce (Open-Closed)","Tall Shrub","Clay Loam","Mesic",0,425.482941,261,10.788996,-150.109693,67.36937,1.6429368726807,5.1703318427585,"184-3-B-BENA_1993",13.5969905853271,-4.66779535015424,144.458374023438,199.826477050781,11.8666671117147,-5.60833339889844,6.36666695276896,17.3666667938232,83.3000001907349,1.26666669671734,118.359997987747,260.979997336864,124.300003051758,1,"24A_1993",1.09
"3139","191-3-A-BENA",1993,0.142333333333333,2.25260948198341,12,1981,14,"191-3","BENA",102,51,9,0,9,0,1,0,0,0.111111111,0,NA,"Hare",NA,1,2,0,0,1608.343863,"East","24A","Low Shrub","Low Shrub","Clay Loam","Mesic",0,494.475037,298,4.15829,-149.859591,67.475979,0.640985916667069,1.89835157343536,"191-3-A-BENA_1993",12.7787027359009,-4.92387140293916,148.413238525391,191.458374023438,10.0333336194356,-6.90833353002866,4.73333334922791,15.4000002543132,40.9000010490417,1.07500002595286,92.1399968862534,276.579998016357,122.200000762939,1,"24A_1993",1.09
"3140","191-3-D-BENA",1993,0.2715,6.49927897245861,7,1986,14,"191-3","BENA",110,71,10,0,16,0,0,0,0,0,0,NA,NA,NA,0,2,0,0,1608.343863,"East","24A","Low Shrub","Low Shrub","Clay Loam","Mesic",0,494.475037,298,4.15829,-149.859591,67.475979,1.05738249100227,2.87882576638508,"191-3-D-BENA_1993",12.7787027359009,-4.92387140293916,148.413238525391,191.458374023438,10.0333336194356,-6.90833353002866,4.73333334922791,15.4000002543132,40.9000010490417,1.07500002595286,92.1399968862534,276.579998016357,122.200000762939,1,"24A_1993",1.09
"3141","191-4-B-BENA",1993,0.124,1.96375930227652,10,1983,14,"191-4","BENA",77,59,11,0,12,0,1,0,0,0.083333333,0,NA,"Hare",NA,1,1,0,0,1634.196324,"East","24A","Low Shrub","Low Shrub","Clay Loam","Mesic",0,497.007599,303,3.553675,-149.85875,67.475963,0.286185890294098,1.33133991541978,"191-4-B-BENA_1993",12.7787027359009,-4.92387140293916,148.413238525391,191.458374023438,10.0333336194356,-6.90833353002866,4.73333334922791,15.4000002543132,40.9000010490417,1.07500002595286,92.1399968862534,276.579998016357,122.200000762939,1,"24A_1993",1.09
"3142","203-2-C-BENA",1993,0.1015,1.54652752354591,17,1976,15,"203-2","BENA",118,35,14,0,38,0,0,0,0,0,0,NA,NA,NA,0,0,1,0,933.944119,"East","24A","Low Shrub","Low Shrub","Loam","Mesic",0,566.911377,300,26.508135,-149.793674,67.571447,0.680556552403187,1.97497660438752,"203-2-C-BENA_1993",13.1000000635783,-5.00833329558372,121,168,9.10000022252401,-7.90833333631357,4.03333346048991,14.2333339055379,27.2000002861023,1.09166667610407,81.3199995756149,283.209996700287,118.400005340576,1,"24A_1993",1.09
"3143","203-4-B-BENA",1993,0.0445,0.986854363105224,14,1979,15,"203-4","BENA",99,36,12,0,12,0,0,0,0,0,0,NA,NA,NA,0,1,1,0,951.384807,"East","24A","Low Shrub","Low Shrub","Loam","Mesic",0,569.135193,316,29.227108,-149.792864,67.571712,-0.000382239095896988,0.999617833948159,"203-4-B-BENA_1993",13.1000000635783,-5.00833329558372,121,168,9.10000022252401,-7.90833333631357,4.03333346048991,14.2333339055379,27.2000002861023,1.09166667610407,81.3199995756149,283.209996700287,118.400005340576,1,"24A_1993",1.09
"3144","209-1-D-BENA",1993,0.10725,1.53263677527853,9,1984,16,"209-1","BENA",76,39,10,0,6,0,0,0,0,0,0,NA,NA,NA,0,0,1,0,698.873831,"East","24A","Low Shrub","Black Spruce Woodland","Sandy Loam","Mesic - Xeric",0,553.345276,287,19.679848,-149.692986,67.655886,-0.0874158979012868,0.916295930821238,"209-1-D-BENA_1993",12.3894681930542,-5.44956562916438,113,158,9.10000022252401,-7.90833333631357,4.03333346048991,14.2333339055379,27.2000002861023,1.09166667610407,81.3199995756149,283.209996700287,118.400005340576,1,"24A_1993",1.09
"3145","209-2-B-BENA",1993,0.0995,2.37364053959589,25,1968,16,"209-2","BENA",104,57,18,0,18,0,0,0,0,0,0,NA,NA,NA,0,0,0,0,728.528855,"East","24A","Low Shrub","Black Spruce Woodland","Sandy Loam","Mesic - Xeric",0,561.911133,287,21.070175,-149.692261,67.656,1.56919525452153,4.80278162138662,"209-2-B-BENA_1993",12.3894681930542,-5.44956562916438,113,158,9.10000022252401,-7.90833333631357,4.03333346048991,14.2333339055379,27.2000002861023,1.09166667610407,81.3199995756149,283.209996700287,118.400005340576,1,"24A_1993",1.09
"3146","209-2-D-BENA",1993,0.04,0.350727403846765,32,1961,16,"209-2","BENA",86,47,10,0,6,0,0,0,0,0,0,NA,NA,NA,0,0,0,0,728.528855,"East","24A","Low Shrub","Black Spruce Woodland","Sandy Loam","Mesic - Xeric",0,561.911133,287,21.070175,-149.692261,67.656,-0.0483879276725077,0.952764111814164,"209-2-D-BENA_1993",12.3894681930542,-5.44956562916438,113,158,9.10000022252401,-7.90833333631357,4.03333346048991,14.2333339055379,27.2000002861023,1.09166667610407,81.3199995756149,283.209996700287,118.400005340576,1,"24A_1993",1.09
"3147","209-3-A-BENA",1993,0.1035,1.24014055841192,33,1960,16,"209-3","BENA",67,52,13,0,10,0,0,0,0,0,0,NA,NA,NA,0,0,1,0,711.058695,"East","24A","Low Shrub","Black Spruce Woodland","Sandy Loam","Mesic - Xeric",0,553.430786,276,18.070417,-149.69261,67.656251,1.251303793074,3.49489661030112,"209-3-A-BENA_1993",12.3894681930542,-5.44956562916438,113,158,9.10000022252401,-7.90833333631357,4.03333346048991,14.2333339055379,27.2000002861023,1.09166667610407,81.3199995756149,283.209996700287,118.400005340576,1,"24A_1993",1.09
"3148","209-3-D-BENA",1993,0.15675,3.16826575696648,11,1982,16,"209-3","BENA",84,39,10,0,8,0,0,0,0,0,0,NA,NA,NA,0,0,1,0,711.058695,"East","24A","Low Shrub","Black Spruce Woodland","Sandy Loam","Mesic - Xeric",0,553.430786,276,18.070417,-149.69261,67.656251,0.87824692213553,2.40667691403185,"209-3-D-BENA_1993",12.3894681930542,-5.44956562916438,113,158,9.10000022252401,-7.90833333631357,4.03333346048991,14.2333339055379,27.2000002861023,1.09166667610407,81.3199995756149,283.209996700287,118.400005340576,1,"24A_1993",1.09
"3149","209-4-D-BENA",1993,0.028,0.18437377323382,21,1972,16,"209-4","BENA",71,50,9,0,8,0,0,0,0,0,0,NA,NA,NA,0,0,0,0,738.024448,"East","24A","Low Shrub","Black Spruce Woodland","Sandy Loam","Mesic - Xeric",0,561.090881,296,18.584587,-149.691928,67.656444,-1.19408245543695,0.302981826009913,"209-4-D-BENA_1993",12.3894681930542,-5.44956562916438,113,158,9.10000022252401,-7.90833333631357,4.03333346048991,14.2333339055379,27.2000002861023,1.09166667610407,81.3199995756149,283.209996700287,118.400005340576,1,"24A_1993",1.09
"3150","222-1-B-BENA",1993,0.2295,5.15583892060583,13,1980,17,"222-1","BENA",63,58,19,0,9,0,2,0,0,0.222222222,0,NA,"Hare",NA,1,2,18,0,769.468544,"East","24A","Low Shrub","Tall Shrub","Clay Loam","Mesic",0,669.484009,287,15.029548,-149.809491,67.826198,1.56454450263554,4.78049693614112,"222-1-B-BENA_1993",11.7333335876465,-6.03333322207133,116,151,9.10000022252401,-7.90833333631357,4.03333346048991,14.2333339055379,27.2000002861023,1.09166667610407,81.3199995756149,283.209996700287,118.400005340576,1,"24A_1993",1.09
"3151","222-1-D-BENA",1993,0.0895,1.41837489062252,12,1981,17,"222-1","BENA",78,38,9,0,9,0,2,0,0,0.222222222,0,NA,"Hare",NA,1,2,18,0,769.468544,"East","24A","Low Shrub","Tall Shrub","Clay Loam","Mesic",0,669.484009,287,15.029548,-149.809491,67.826198,0.178408375708132,1.19531335851596,"222-1-D-BENA_1993",11.7333335876465,-6.03333322207133,116,151,9.10000022252401,-7.90833333631357,4.03333346048991,14.2333339055379,27.2000002861023,1.09166667610407,81.3199995756149,283.209996700287,118.400005340576,1,"24A_1993",1.09
"3152","222-2-A-BENA",1993,0.15475,3.99466720228041,7,1986,17,"222-2","BENA",81,59,12,0,9,0,0,0,0,0,0,NA,NA,NA,0,3,13,0,794.735172,"East","24A","Low Shrub","Tall Shrub","Clay Loam","Mesic",0,676.198608,282,15.59229,-149.808768,67.826375,0.57065151975659,1.76941948772941,"222-2-A-BENA_1993",11.7333335876465,-6.03333322207133,116,151,9.10000022252401,-7.90833333631357,4.03333346048991,14.2333339055379,27.2000002861023,1.09166667610407,81.3199995756149,283.209996700287,118.400005340576,1,"24A_1993",1.09
"3153","222-3-A-BENA",1993,0.1285,1.70439883757411,31,1962,17,"222-3","BENA",126,65,16,0,21,0,3,0,0,0.142857143,0,NA,"Hare",NA,1,2,11,1,778.440723,"East","24A","Low Shrub","Low Shrub","Clay Loam","Mesic",0,672.469177,278,13.422374,-149.809021,67.826615,1.49468356871802,4.45792570249599,"222-3-A-BENA_1993",11.7333335876465,-6.03333322207133,116,151,9.10000022252401,-7.90833333631357,4.03333346048991,14.2333339055379,27.2000002861023,1.09166667610407,81.3199995756149,283.209996700287,118.400005340576,1,"24A_1993",1.09
"3154","235-1-A-BENA",1993,0.12875,1.75574679505025,14,1979,18,"235-1","BENA",59,29,10,0,18,0,0,0,0,0,0,NA,NA,NA,0,0,5,0,477.732622,"East","24A","Low Shrub","Low Shrub","Sandy Gravel","Mesic",0,813.776917,295,20.303024,-149.727576,68.004859,0.575744857104526,1.77845472832187,"235-1-A-BENA_1993",9.46666653951009,-7.34166693687439,125,147,7.90000025431315,-9.08333344757557,3.00000011920929,12.8000001907349,14.0000007152557,1.00833337629835,57.8299991488457,292.859997272491,117.200004577637,1,"24A_1993",1.09
"3155","235-2-B-BENA",1993,0.12975,1.95179435030579,10,1983,18,"235-2","BENA",54,38,8,0,9,0,0,0,0,0,0,NA,NA,NA,NA,0,0,0,510.631222,"East","24A","Dwarf Shrub-Lichen","Low Shrub","Sandy Gravel","Mesic",0,828.022217,289,26.243103,-149.726481,68.004961,0.280074371835205,1.32322821958911,"235-2-B-BENA_1993",9.46666653951009,-7.34166693687439,125,147,7.90000025431315,-9.08333344757557,3.00000011920929,12.8000001907349,14.0000007152557,1.00833337629835,57.8299991488457,292.859997272491,117.200004577637,1,"24A_1993",1.09
"3156","235-3-B-BENA",1993,0.055,0.857372051091186,8,1985,18,"235-3","BENA",59,31,10,0,15,0,0,0,0,0,0,NA,NA,NA,0,0,1,0,482.982181,"East","24A","Dwarf Shrub-Lichen","Low Shrub","Sandy Gravel","Mesic",0,817.546387,298,18.704132,-149.726784,68.005244,-0.808843903605905,0.445372662433281,"235-3-B-BENA_1993",9.46666653951009,-7.34166693687439,125,147,7.90000025431315,-9.08333344757557,3.00000011920929,12.8000001907349,14.0000007152557,1.00833337629835,57.8299991488457,292.859997272491,117.200004577637,1,"24A_1993",1.09
"3157","240-3-D-BENA",1993,0.19,4.05177487718783,9,1984,19,"240-3","BENA",97,46,12,0,13,0,0,2,0,0,0.153846154,NA,NA,"Ptarmagin",1,0,1,3,399.798137,"West","24A","Low Shrub","Low Shrub","Sandy Loam","Mesic",0,1034.808228,93,20.584356,-149.606025,68.07014,0.884749493878817,2.42237749508276,"240-3-D-BENA_1993",8.38645950953166,-7.84085593620936,157.173526763916,198.218662261963,7.90000025431315,-9.08333344757557,3.00000011920929,12.8000001907349,14.0000007152557,1.00833337629835,57.8299991488457,292.859997272491,117.200004577637,1,"24A_1993",1.09
"3158","240-4-B-BENA",1993,0.21975,5.34635903993691,25,1968,19,"240-4","BENA",102,72,15,0,13,0,0,0,0,0,0,NA,NA,NA,0,0,2,0,431.079046,"West","24A","Low Shrub","Low Shrub","Sandy Loam","Mesic",0,1046.807861,94,24.616484,-149.606605,68.070368,2.38118616124512,10.817726825105,"240-4-B-BENA_1993",8.38645950953166,-7.84085593620936,157.173526763916,198.218662261963,7.90000025431315,-9.08333344757557,3.00000011920929,12.8000001907349,14.0000007152557,1.00833337629835,57.8299991488457,292.859997272491,117.200004577637,1,"24A_1993",1.09
"3159","240-4-D-BENA",1993,0.19425,3.89723698931463,8,1985,19,"240-4","BENA",83,41,16,0,29,0,0,3,0,0,0.103448276,NA,NA,"Ptarmagin",1,0,2,0,431.079046,"West","24A","Low Shrub","Low Shrub","Sandy Loam","Mesic",0,1046.807861,94,24.616484,-149.606605,68.070368,0.705307256802646,2.02446862112597,"240-4-D-BENA_1993",8.38645950953166,-7.84085593620936,157.173526763916,198.218662261963,7.90000025431315,-9.08333344757557,3.00000011920929,12.8000001907349,14.0000007152557,1.00833337629835,57.8299991488457,292.859997272491,117.200004577637,1,"24A_1993",1.09
"3160","255-1-A-BENA",1993,0.15025,3.31089641963394,24,1969,20,"255-1","BENA",71,26,15,0,17,0,0,0,0,0,0,NA,NA,NA,0,0,0,0,585.543915,"East","26B","Low Shrub","Low Shrub","Sandy Gravel","Mesic - Xeric",0,991.483582,331,1.701594,-149.392735,68.222633,1.85327489594252,6.38068141136376,"255-1-A-BENA_1993",8.70451370875041,-8.28671839895348,162.819458007812,158.72918510437,5.93333355585734,-10.6666669547558,1.19999998807907,10.6999999682109,9.70000058412552,0.808333359658718,47.3399989008904,309.819997787476,118.800003051758,1,"26B_1993",0.78
"3161","255-2-C-BENA",1993,0.06125,0.726635654559755,12,1981,20,"255-2","BENA",65,27,8,0,20,0,0,0,0,0,0,NA,NA,NA,0,0,1,1,631.079496,"East","26B","Low Shrub","Low Shrub","Sandy Gravel","Mesic - Xeric",0,993.382141,286,2.676414,-149.39171,68.222788,-0.490433487295397,0.612360885977087,"255-2-C-BENA_1993",8.70451370875041,-8.28671839895348,162.819458007812,158.72918510437,5.93333355585734,-10.6666669547558,1.19999998807907,10.6999999682109,9.70000058412552,0.808333359658718,47.3399989008904,309.819997787476,118.800003051758,1,"26B_1993",0.78
"3162","255-4-D-BENA",1993,0.04375,0.360070696748083,16,1977,20,"255-4","BENA",56,29,5,0,12,0,0,0,0,0,0,NA,NA,NA,0,0,0,2,644.564014,"East","26B","Low Shrub","Low Shrub","Sandy Gravel","Mesic - Xeric",0,993.003235,239,7.430982,-149.391619,68.223199,-0.849256149047764,0.427732983229565,"255-4-D-BENA_1993",8.70451370875041,-8.28671839895348,162.819458007812,158.72918510437,5.93333355585734,-10.6666669547558,1.19999998807907,10.6999999682109,9.70000058412552,0.808333359658718,47.3399989008904,309.819997787476,118.800003051758,1,"26B_1993",0.78
"3163","261-1-C-BENA",1993,0.0703333333333333,0.768126004805486,17,1976,21,"261-1","BENA",52,23,10,0,13,0,0,0,0,0,0,NA,NA,NA,0,0,0,0,356.206777,"East","26B","Dwarf Shrub","Low Shrub","Sandy Loam","Mesic",0,883.832947,287,13.943512,-149.352299,68.301689,-0.0192570484304349,0.98092718404016,"261-1-C-BENA_1993",8.89827235539754,-8.41753054658572,177.92541885376,166.051839828491,5.93333355585734,-10.6666669547558,1.19999998807907,10.6999999682109,9.70000058412552,0.808333359658718,47.3399989008904,309.819997787476,118.800003051758,1,"26B_1993",0.78
"3164","261-2-B-BENA",1993,0.23425,4.65596970696749,7,1986,21,"261-2","BENA",66,25,12,0,19,0,0,0,0,0,0,NA,NA,NA,0,0,0,1,388.99561,"East","26B","Dwarf Shrub-Lichen","Low Shrub","Sandy Loam","Mesic",0,888.892761,295,13.025289,-149.351465,68.301786,0.723841451740099,2.0623403944847,"261-2-B-BENA_1993",8.89827235539754,-8.41753054658572,177.92541885376,166.051839828491,5.93333355585734,-10.6666669547558,1.19999998807907,10.6999999682109,9.70000058412552,0.808333359658718,47.3399989008904,309.819997787476,118.800003051758,1,"26B_1993",0.78
"3165","261-3-D-BENA",1993,0.245333333333333,6.12171012587608,13,1980,21,"261-3","BENA",74,41,14,0,26,0,0,0,0,0,0,NA,NA,NA,0,0,0,1,380.53651,"East","26B","Tussock Tundra (Low shrub or Herbaceous)","Low Shrub","Sandy Loam","Mesic",0,884.224731,295,11.657486,-149.351558,68.302088,1.7362561490244,5.67605329633843,"261-3-D-BENA_1993",8.89827235539754,-8.41753054658572,177.92541885376,166.051839828491,5.93333355585734,-10.6666669547558,1.19999998807907,10.6999999682109,9.70000058412552,0.808333359658718,47.3399989008904,309.819997787476,118.800003051758,1,"26B_1993",0.78
"3166","261-4-A-BENA",1993,0.0395,0.385990995985144,28,1965,21,"261-4","BENA",45,23,13,0,13,0,0,0,0,0,0,NA,NA,NA,0,0,0,0,405.679111,"East","26B","Low Shrub","Low Shrub","Sandy Loam","Mesic",0,886.626587,308,9.946874,-149.350886,68.302265,-0.111931350917748,0.894105634924855,"261-4-A-BENA_1993",8.89827235539754,-8.41753054658572,177.92541885376,166.051839828491,5.93333355585734,-10.6666669547558,1.19999998807907,10.6999999682109,9.70000058412552,0.808333359658718,47.3399989008904,309.819997787476,118.800003051758,1,"26B_1993",0.78
"3167","261-4-B-BENA",1993,0.09375,1.98914356726707,7,1986,21,"261-4","BENA",71,30,12,0,13,0,0,0,0,0,0,NA,NA,NA,0,0,0,0,405.679111,"East","26B","Low Shrub","Low Shrub","Sandy Loam","Mesic",0,886.626587,308,9.946874,-149.350886,68.302265,-0.126604574538445,0.881082005981556,"261-4-B-BENA_1993",8.89827235539754,-8.41753054658572,177.92541885376,166.051839828491,5.93333355585734,-10.6666669547558,1.19999998807907,10.6999999682109,9.70000058412552,0.808333359658718,47.3399989008904,309.819997787476,118.800003051758,1,"26B_1993",0.78
"3168","268-1-B-BENA",1993,0.017,0.16171662343619,8,1985,22,"268-1","BENA",63,26,6,0,12,0,0,0,0,0,0,NA,NA,NA,0,0,1,2,212.091228,"West","26B","Low Shrub","Low Shrub","Sandy Gravel","Mesic",0,818.738892,195,1.432166,-149.327109,68.400098,-2.47687029447655,0.0840057277909052,"268-1-B-BENA_1993",9.96215279897054,-7.83634263773759,187,163.180541992188,5.93333355585734,-10.6666669547558,1.19999998807907,10.6999999682109,9.70000058412552,0.808333359658718,47.3399989008904,309.819997787476,118.800003051758,1,"26B_1993",0.78
"3169","268-4-C-BENA",1993,0.0835,1.02555171601398,14,1979,22,"268-4","BENA",58,32,8,0,18,0,0,0,0,0,0,NA,NA,NA,0,0,0,5,171.881056,"West","26B","Dwarf Shrub-Lichen","Low Shrub","Sandy Gravel","Mesic",0,820.486511,188,1.085947,-149.326166,68.400831,0.0380812937578126,1.03881567867619,"268-4-C-BENA_1993",9.96215279897054,-7.83634263773759,187,163.180541992188,5.93333355585734,-10.6666669547558,1.19999998807907,10.6999999682109,9.70000058412552,0.808333359658718,47.3399989008904,309.819997787476,118.800003051758,1,"26B_1993",0.78
"3170","282-2-A-BENA",1993,0.03325,0.335910671144733,6,1987,23,"282-2","BENA",44,16,6,0,7,0,0,0,0,0,0,NA,NA,NA,0,0,0,0,604.079816,"West","26B","Low Shrub","Low Shrub-Tussock Tundra","Clay Loam","Mesic",0,826.41803,354,3.355184,-149.530916,68.583004,-2.0891727302441,0.123789500779992,"282-2-A-BENA_1993",10.3666667938232,-7.58333313961824,178,179,10.3333336512248,-7.13333351413409,5.53333346048991,15.1666669845581,44.2000014781952,1.03333336487412,81.4199986457825,270.309995532036,106.400003433228,1,"26B_1993",0.78
"3171","72-1-C-BENA",1993,0.0345,0.36319795588519,25,1968,2,"72-1","BENA",118,71,9,0,11,0,2,0,0,0.181818182,0,NA,"Hare",NA,1,0,0,0,895.937772,"West","20F","Tussock Tundra (Low shrub or Herbaceous)","Black Spruce Woodland","Clay Loam","Mesic",0,130.808105,148,1.606934,-150.14017,66.022623,-0.308036875038718,0.734888218477914,"72-1-C-BENA_1993",15.6000951131185,-3.82226752241453,92.3107738494873,128.244709014893,13.2000001271566,-3.8750001390775,7.59999990463257,18.8333339691162,107.300002098083,1.25833335643013,124.719997644424,246.729997534305,135.500003814697,1,"20F_1993",0.375
"3172","72-1-D-BENA",1993,0.09325,1.57865325367198,37,1956,2,"72-1","BENA",65,41,8,7,4,0,0,0,0,0,0,NA,NA,NA,0,0,0,0,895.937772,"West","20F","Tussock Tundra (Low shrub or Herbaceous)","Black Spruce Woodland","Clay Loam","Mesic",0,130.808105,148,1.606934,-150.14017,66.022623,1.62918147251403,5.09969876609376,"72-1-D-BENA_1993",15.6000951131185,-3.82226752241453,92.3107738494873,128.244709014893,13.2000001271566,-3.8750001390775,7.59999990463257,18.8333339691162,107.300002098083,1.25833335643013,124.719997644424,246.729997534305,135.500003814697,1,"20F_1993",0.375
"3173","72-2-A-BENA",1993,0.08225,1.15173555209128,24,1969,2,"72-2","BENA",121,72,12,21,14,0,0,0,0,0,0,NA,NA,NA,0,0,0,0,855.94066,"West","20F","Tussock Tundra (Low shrub or Herbaceous)","Black Spruce Woodland","Clay Loam","Mesic",0,131.055786,179,2.125059,-150.13956,66.022889,0.797325902022924,2.21959756410867,"72-2-A-BENA_1993",15.6000951131185,-3.82226752241453,92.3107738494873,128.244709014893,13.2000001271566,-3.8750001390775,7.59999990463257,18.8333339691162,107.300002098083,1.25833335643013,124.719997644424,246.729997534305,135.500003814697,1,"20F_1993",0.375
"3174","72-3-D-BENA",1993,0.05675,0.82381218391876,37,1956,2,"72-3","BENA",104,47,11,0,9,0,0,0,0,0,0,NA,NA,NA,0,0,1,0,885.368743,"West","20F","Tussock Tundra (Low shrub or Herbaceous)","Black Spruce Woodland","Clay Loam","Mesic",0,132.401993,119,2.284806,-150.140609,66.023021,0.978796652853072,2.66125190446442,"72-3-D-BENA_1993",15.6000951131185,-3.82226752241453,92.3107738494873,128.244709014893,13.2000001271566,-3.8750001390775,7.59999990463257,18.8333339691162,107.300002098083,1.25833335643013,124.719997644424,246.729997534305,135.500003814697,1,"20F_1993",0.375
"3175","102-3-B-BENA",1992,0.22525,7.17214626875217,12,1980,5,"102-3","BENA",72,NA,16,0,12,0,0,0,0,0,0,NA,NA,NA,0,0,0,0,939.238254,"West","24A","Tussock Tundra (Low shrub or Herbaceous)","Low Shrub","Sandy Loam","Mesic",2004,424.339783,330,3.896938,-150.565669,66.401242,1.79910155264477,6.04421461557824,"102-3-B-BENA_1992",12.9333330790202,-7.19999997317791,295,240,12.8333336512248,-6.4333333671093,7.40000009536743,18.266666730245,99.7000021934509,1.05000003116826,127.019999027252,267.239998206496,189.800006866455,1,"24A_1992",1.13
"3176","121-1-C-BENA",1992,0.02825,0.404012153193841,20,1972,7,"121-1","BENA",60,36,11,0,11,0,0,0,0,0,0,NA,NA,NA,0,0,0,0,1394.51987,"East","24A","Tall Shrub (Open-Closed)","Low Shrub","Clay Loam","Mesic",2005,466.470276,61,7.209129,-150.675843,66.599029,-0.467825757705494,0.62636265301566,"121-1-C-BENA_1992",13.4666665395101,-6.99166664294899,313,217,13.0333337783813,-6.73333334426085,7.70000012715658,18.4666668574015,101.10000371933,1.07500001663963,119.829998016357,265.299999311566,181.800003051758,1,"24A_1992",1.13
"3177","121-1-D-BENA",1992,0.212,6.79304694530131,8,1984,7,"121-1","BENA",73,42,19,0,25,0,0,0,0,0,0,NA,NA,NA,0,0,0,0,1394.51987,"East","24A","Tall Shrub (Open-Closed)","Low Shrub","Clay Loam","Mesic",2005,466.470276,61,7.209129,-150.675843,66.599029,1.26093900004492,3.52873341300618,"121-1-D-BENA_1992",13.4666665395101,-6.99166664294899,313,217,13.0333337783813,-6.73333334426085,7.70000012715658,18.4666668574015,101.10000371933,1.07500001663963,119.829998016357,265.299999311566,181.800003051758,1,"24A_1992",1.13
"3178","129-3-A-BENA",1992,0.0265,0.503384459468157,40,1952,8,"129-3","BENA",51,35,12,0,6,0,0,0,0,0,0,NA,NA,NA,0,0,0,0,1022.673056,"East","24A","Tussock Tundra (Low shrub or Herbaceous)","Low Shrub-Tussock Tundra","Sandy Loam","Mesic - Hydric",2005,301.546051,352,6.265718,-150.646771,66.710061,0.579242812591277,1.78468657680679,"129-3-A-BENA_1992",13.733333269755,-6.89166659116745,297,197,13.0333337783813,-6.73333334426085,7.70000012715658,18.4666668574015,101.10000371933,1.07500001663963,119.829998016357,265.299999311566,181.800003051758,1,"24A_1992",1.13
"3179","129-4-D-BENA",1992,0.06625,2.04399773849416,31,1961,8,"129-4","BENA",87,41,18,0,9,0,0,0,0,0,0,NA,NA,NA,0,0,0,0,1057.255538,"East","24A","Tussock Tundra (Low shrub or Herbaceous)","Tall Shrub","Sandy Loam","Mesic - Hydric",2005,303.823029,358,6.979915,-150.646167,66.709845,1.67637867401834,5.3461606834032,"129-4-D-BENA_1992",13.733333269755,-6.89166659116745,297,197,13.0333337783813,-6.73333334426085,7.70000012715658,18.4666668574015,101.10000371933,1.07500001663963,119.829998016357,265.299999311566,181.800003051758,1,"24A_1992",1.13
"3180","147-4-D-BENA",1992,0.0605,0.722062084704752,6,1986,9,"147-4","BENA",94,47,7,14,7,0,0,0,0,0,0,NA,NA,NA,0,0,1,0,956.341518,"West","24A","Tall Shrub (Open-Closed)","Tall Shrub","Clay Loam","Mesic - Hydric",0,428.39856,129,7.52786,-150.483929,66.912191,-1.32390687008037,0.266093675122482,"147-4-D-BENA_1992",13.2681709925334,-7.19962401812275,309.406219482422,201.225677490234,11.466667175293,-7.9583334599932,6.20000012715658,16.8000001907349,68.5000014305115,1.01666668305794,113.989996910095,274.469998955727,187.500003814697,1,"24A_1992",1.13
"3181","151-1-D-BENA",1992,0.1535,2.61660424684105,8,1984,10,"151-1","BENA",90,67,12,0,8,0,0,0,0,0,0,NA,NA,NA,0,0,0,0,725.03173,"East","24A","White Spruce or Black Spruce (Open-Closed)","Low Shrub","Clay Loam","Mesic",0,471.29071,296,22.022722,-150.362735,66.958242,0.306916807156009,1.3592278853348,"151-1-D-BENA_1992",12.3982725143433,-8.03664165735245,336.735778808594,216.683944702148,11.466667175293,-7.9583334599932,6.20000012715658,16.8000001907349,68.5000014305115,1.01666668305794,113.989996910095,274.469998955727,187.500003814697,1,"24A_1992",1.13
"3182","151-3-C-BENA",1992,0.261,7.04587918046952,6,1986,10,"151-3","BENA",86,51,13,0,9,0,0,0,0,0,0,NA,NA,NA,0,0,0,0,698.113665,"East","24A","White Spruce or Black Spruce (Open-Closed)","Low Shrub","Clay Loam","Mesic",0,469.98999,301,21.5443,-150.36215,66.958641,0.954180216331124,2.59654110818842,"151-3-C-BENA_1992",12.3982725143433,-8.03664165735245,336.735778808594,216.683944702148,11.466667175293,-7.9583334599932,6.20000012715658,16.8000001907349,68.5000014305115,1.01666668305794,113.989996910095,274.469998955727,187.500003814697,1,"24A_1992",1.13
"3183","151-4-A-BENA",1992,0.08625,1.46028393297095,6,1986,10,"151-4","BENA",65,36,9,0,8,0,0,0,0,0,0,NA,NA,NA,0,0,0,0,714.907956,"East","24A","Low Shrub","Low Shrub","Clay Loam","Mesic",0,485.466003,301,24.973797,-150.361301,66.958638,-0.619631824739774,0.538142531892445,"151-4-A-BENA_1992",12.3982725143433,-8.03664165735245,336.735778808594,216.683944702148,11.466667175293,-7.9583334599932,6.20000012715658,16.8000001907349,68.5000014305115,1.01666668305794,113.989996910095,274.469998955727,187.500003814697,1,"24A_1992",1.13
"3184","173-1-A-BENA",1992,0.047,0.439568502497633,24,1968,12,"173-1","BENA",69,40,12,0,9,0,0,0,0,0,0,NA,NA,NA,0,0,0,0,1301.486525,"East","24A","Low Shrub","Low Shrub","Clay Loam","Mesic",0,349.871613,358,2.901099,-150.191497,67.228159,-0.165905787811599,0.847126040028082,"173-1-A-BENA_1992",13.665888150533,-7.49194557964802,266.596633911133,227.557205200195,11.3999999364217,-8.2916668454806,6.20000012715658,16.6666669845581,66.2000007629395,1.12500002856056,114.629996299744,274.069997906685,178.600006103516,1,"24A_1992",1.13
"3185","173-2-A-BENA",1992,0.1465,2.25887423296944,33,1959,12,"173-2","BENA",94,43,12,0,6,0,0,0,0,0,0,NA,NA,NA,0,2,0,0,1323.706943,"East","24A","Tussock Tundra (Low shrub or Herbaceous)","Low Shrub","Clay Loam","Mesic",0,348.371155,13,2.823825,-150.190835,67.228457,1.85094562849613,6.36583639358664,"173-2-A-BENA_1992",13.665888150533,-7.49194557964802,266.596633911133,227.557205200195,11.3999999364217,-8.2916668454806,6.20000012715658,16.6666669845581,66.2000007629395,1.12500002856056,114.629996299744,274.069997906685,178.600006103516,1,"24A_1992",1.13
"3186","173-3-B-BENA",1992,0.0655,0.508056793142212,27,1965,12,"173-3","BENA",70,51,14,0,9,0,0,0,0,0,0,NA,NA,NA,0,0,0,0,1278.311889,"East","24A","Low Shrub","Low Shrub","Clay Loam","Mesic",0,347.24527,24,1.739254,-150.191816,67.228627,0.119448929903271,1.12687569294701,"173-3-B-BENA_1992",13.665888150533,-7.49194557964802,266.596633911133,227.557205200195,11.3999999364217,-8.2916668454806,6.20000012715658,16.6666669845581,66.2000007629395,1.12500002856056,114.629996299744,274.069997906685,178.600006103516,1,"24A_1992",1.13
"3187","173-4-C-BENA",1992,0.221,4.83678505389256,23,1969,12,"173-4","BENA",119,74,14,0,14,0,0,0,0,0,0,NA,NA,NA,0,1,0,0,1308.377258,"East","24A","Low Shrub","Low Shrub","Clay Loam","Mesic",0,346.165253,355,1.872125,-150.190975,67.22891,2.18151814383048,8.85974642346032,"173-4-C-BENA_1992",13.665888150533,-7.49194557964802,266.596633911133,227.557205200195,11.3999999364217,-8.2916668454806,6.20000012715658,16.6666669845581,66.2000007629395,1.12500002856056,114.629996299744,274.069997906685,178.600006103516,1,"24A_1992",1.13
"3188","184-1-B-BENA",1992,0.05725,1.14051299773449,40,1952,13,"184-1","BENA",128,51,19,0,13,0,1,0,0,0.076923077,0,NA,"Hare",NA,1,2,0,0,692.283244,"East","24A","White Spruce or Black Spruce (Open-Closed)","Tall Shrub","Clay Loam","Mesic",0,423.977753,249,10.469168,-150.109686,67.368938,1.39712203968903,4.04354604010015,"184-1-B-BENA_1992",13.266666730245,-7.38333336512248,214,152,11.3999999364217,-8.2916668454806,6.20000012715658,16.6666669845581,66.2000007629395,1.12500002856056,114.629996299744,274.069997906685,178.600006103516,1,"24A_1992",1.13
"3189","184-2-A-BENA",1992,0.2075,2.77766270661632,7,1985,13,"184-2","BENA",89,39,11,0,12,0,1,0,0,0.083333333,0,NA,"Hare",NA,1,1,0,0,706.210196,"East","24A","White Spruce or Black Spruce (Open-Closed)","Tall Shrub","Clay Loam","Mesic",0,429.192566,258,16.706417,-150.109279,67.369156,0.207301068623424,1.2303529366903,"184-2-A-BENA_1992",13.2621529897054,-7.38559014598529,213.232696533203,151.052149772644,11.3999999364217,-8.2916668454806,6.20000012715658,16.6666669845581,66.2000007629395,1.12500002856056,114.629996299744,274.069997906685,178.600006103516,1,"24A_1992",1.13
"3190","184-2-D-BENA",1992,0.05925,0.870061925566739,21,1971,13,"184-2","BENA",84,38,12,10,7,0,0,0,0,0,0,NA,NA,NA,0,1,0,0,706.210196,"East","24A","White Spruce or Black Spruce (Open-Closed)","Tall Shrub","Clay Loam","Mesic",0,429.192566,258,16.706417,-150.109279,67.369156,0.357516859066054,1.42977467091049,"184-2-D-BENA_1992",13.2621529897054,-7.38559014598529,213.232696533203,151.052149772644,11.3999999364217,-8.2916668454806,6.20000012715658,16.6666669845581,66.2000007629395,1.12500002856056,114.629996299744,274.069997906685,178.600006103516,1,"24A_1992",1.13
"3191","184-3-B-BENA",1992,0.221333333333333,5.26279033275655,15,1977,13,"184-3","BENA",71,35,17,0,17,0,2,0,0,0.117647059,0,NA,"Hare",NA,1,1,3,0,683.765397,"East","24A","White Spruce or Black Spruce (Open-Closed)","Tall Shrub","Clay Loam","Mesic",0,425.482941,261,10.788996,-150.109693,67.36937,1.755843793997,5.78832983989622,"184-3-B-BENA_1992",13.2621529897054,-7.38559014598529,213.232696533203,151.052149772644,11.3999999364217,-8.2916668454806,6.20000012715658,16.6666669845581,66.2000007629395,1.12500002856056,114.629996299744,274.069997906685,178.600006103516,1,"24A_1992",1.13
"3192","191-3-A-BENA",1992,0.161666666666667,2.71298346323237,11,1981,14,"191-3","BENA",102,51,9,0,9,0,1,0,0,0.111111111,0,NA,"Hare",NA,1,2,0,0,1608.343863,"East","24A","Low Shrub","Low Shrub","Clay Loam","Mesic",0,494.475037,298,4.15829,-149.859591,67.475979,0.723111502048002,2.06083553904995,"191-3-A-BENA_1992",12.4787028630575,-7.65758108596007,220.142425537109,148.548645019531,9.66666666666667,-9.55833373467127,4.60000006357829,14.7666670481364,32.2000002861023,0.95833333954215,89.35999751091,285.459997653961,184.899997711182,1,"24A_1992",1.13
"3193","191-3-D-BENA",1992,0.28425,7.30077720915707,6,1986,14,"191-3","BENA",110,71,10,0,16,0,0,0,0,0,0,NA,NA,NA,0,2,0,0,1608.343863,"East","24A","Low Shrub","Low Shrub","Clay Loam","Mesic",0,494.475037,298,4.15829,-149.859591,67.475979,0.989718093305039,2.69047590226181,"191-3-D-BENA_1992",12.4787028630575,-7.65758108596007,220.142425537109,148.548645019531,9.66666666666667,-9.55833373467127,4.60000006357829,14.7666670481364,32.2000002861023,0.95833333954215,89.35999751091,285.459997653961,184.899997711182,1,"24A_1992",1.13
"3194","191-4-B-BENA",1992,0.11325,1.87792411874652,9,1983,14,"191-4","BENA",77,59,11,0,12,0,1,0,0,0.083333333,0,NA,"Hare",NA,1,1,0,0,1634.196324,"East","24A","Low Shrub","Low Shrub","Clay Loam","Mesic",0,497.007599,303,3.553675,-149.85875,67.475963,0.115761442095552,1.12272800454353,"191-4-B-BENA_1992",12.4787028630575,-7.65758108596007,220.142425537109,148.548645019531,9.66666666666667,-9.55833373467127,4.60000006357829,14.7666670481364,32.2000002861023,0.95833333954215,89.35999751091,285.459997653961,184.899997711182,1,"24A_1992",1.13
"3195","203-2-C-BENA",1992,0.12275,1.95678555563418,16,1976,15,"203-2","BENA",118,35,14,0,38,0,0,0,0,0,0,NA,NA,NA,0,0,1,0,933.944119,"East","24A","Low Shrub","Low Shrub","Loam","Mesic",0,566.911377,300,26.508135,-149.793674,67.571447,0.843501842205926,2.3244927477048,"203-2-C-BENA_1992",12.7999998728434,-7.76666680971781,178,132,8.73333342870077,-10.6500001947085,3.66666674613953,13.8333333333333,25.2000002264977,0.974999997764826,79.6099972724915,293.549999713898,180.600002288818,1,"24A_1992",1.13
"3196","203-4-B-BENA",1992,0.049,1.10104183128525,13,1979,15,"203-4","BENA",99,36,12,0,12,0,0,0,0,0,0,NA,NA,NA,0,1,1,0,951.384807,"East","24A","Low Shrub","Low Shrub","Loam","Mesic",0,569.135193,316,29.227108,-149.792864,67.571712,0.0206715101214349,1.02088664562156,"203-4-B-BENA_1992",12.7999998728434,-7.76666680971781,178,132,8.73333342870077,-10.6500001947085,3.66666674613953,13.8333333333333,25.2000002264977,0.974999997764826,79.6099972724915,293.549999713898,180.600002288818,1,"24A_1992",1.13
"3197","209-1-D-BENA",1992,0.1275,1.91604557845196,8,1984,16,"209-1","BENA",76,39,10,0,6,0,0,0,0,0,0,NA,NA,NA,0,0,1,0,698.873831,"East","24A","Low Shrub","Black Spruce Woodland","Sandy Loam","Mesic - Xeric",0,553.345276,287,19.679848,-149.692986,67.655886,-0.00469711337341849,0.995313900811896,"209-1-D-BENA_1992",12.0576394399007,-8.22988994171222,166,126,8.73333342870077,-10.6500001947085,3.66666674613953,13.8333333333333,25.2000002264977,0.974999997764826,79.6099972724915,293.549999713898,180.600002288818,1,"24A_1992",1.13
"3198","209-2-B-BENA",1992,0.0805,1.96590422466077,24,1968,16,"209-2","BENA",104,57,18,0,18,0,0,0,0,0,0,NA,NA,NA,0,0,0,0,728.528855,"East","24A","Low Shrub","Black Spruce Woodland","Sandy Loam","Mesic - Xeric",0,561.911133,287,21.070175,-149.692261,67.656,1.33200822627688,3.78864420778266,"209-2-B-BENA_1992",12.0576394399007,-8.22988994171222,166,126,8.73333342870077,-10.6500001947085,3.66666674613953,13.8333333333333,25.2000002264977,0.974999997764826,79.6099972724915,293.549999713898,180.600002288818,1,"24A_1992",1.13
"3199","209-2-D-BENA",1992,0.02325,0.208480211832576,31,1961,16,"209-2","BENA",86,47,10,0,6,0,0,0,0,0,0,NA,NA,NA,0,0,0,0,728.528855,"East","24A","Low Shrub","Black Spruce Woodland","Sandy Loam","Mesic - Xeric",0,561.911133,287,21.070175,-149.692261,67.656,-0.606440041435721,0.545288622769222,"209-2-D-BENA_1992",12.0576394399007,-8.22988994171222,166,126,8.73333342870077,-10.6500001947085,3.66666674613953,13.8333333333333,25.2000002264977,0.974999997764826,79.6099972724915,293.549999713898,180.600002288818,1,"24A_1992",1.13
"3200","209-3-A-BENA",1992,0.04525,0.563332919532587,32,1960,16,"209-3","BENA",67,52,13,0,10,0,0,0,0,0,0,NA,NA,NA,0,0,1,0,711.058695,"East","24A","Low Shrub","Black Spruce Woodland","Sandy Loam","Mesic - Xeric",0,553.430786,276,18.070417,-149.69261,67.656251,0.425473562501172,1.53031494786944,"209-3-A-BENA_1992",12.0576394399007,-8.22988994171222,166,126,8.73333342870077,-10.6500001947085,3.66666674613953,13.8333333333333,25.2000002264977,0.974999997764826,79.6099972724915,293.549999713898,180.600002288818,1,"24A_1992",1.13
"3201","209-3-D-BENA",1992,0.15625,3.31180316181359,10,1982,16,"209-3","BENA",84,39,10,0,8,0,0,0,0,0,0,NA,NA,NA,0,0,1,0,711.058695,"East","24A","Low Shrub","Black Spruce Woodland","Sandy Loam","Mesic - Xeric",0,553.430786,276,18.070417,-149.69261,67.656251,0.80881804565861,2.24525263163591,"209-3-D-BENA_1992",12.0576394399007,-8.22988994171222,166,126,8.73333342870077,-10.6500001947085,3.66666674613953,13.8333333333333,25.2000002264977,0.974999997764826,79.6099972724915,293.549999713898,180.600002288818,1,"24A_1992",1.13
"3202","209-4-D-BENA",1992,0.026,0.175615014088471,20,1972,16,"209-4","BENA",71,50,9,0,8,0,0,0,0,0,0,NA,NA,NA,0,0,0,0,738.024448,"East","24A","Low Shrub","Black Spruce Woodland","Sandy Loam","Mesic - Xeric",0,561.090881,296,18.584587,-149.691928,67.656444,-1.30097653818842,0.272265785235082,"209-4-D-BENA_1992",12.0576394399007,-8.22988994171222,166,126,8.73333342870077,-10.6500001947085,3.66666674613953,13.8333333333333,25.2000002264977,0.974999997764826,79.6099972724915,293.549999713898,180.600002288818,1,"24A_1992",1.13
"3203","222-1-B-BENA",1992,0.27925,6.71982015118739,12,1980,17,"222-1","BENA",63,58,19,0,9,0,2,0,0,0.222222222,0,NA,"Hare",NA,1,2,18,0,769.468544,"East","24A","Low Shrub","Tall Shrub","Clay Loam","Mesic",0,669.484009,287,15.029548,-149.809491,67.826198,1.73395799365451,5.66302382158898,"222-1-B-BENA_1992",11.4333330790202,-8.77499988178412,168,127,8.73333342870077,-10.6500001947085,3.66666674613953,13.8333333333333,25.2000002264977,0.974999997764826,79.6099972724915,293.549999713898,180.600002288818,1,"24A_1992",1.13
"3204","222-1-D-BENA",1992,0.07275,1.19000721919547,11,1981,17,"222-1","BENA",78,38,9,0,9,0,2,0,0,0.222222222,0,NA,"Hare",NA,1,2,18,0,769.468544,"East","24A","Low Shrub","Tall Shrub","Clay Loam","Mesic",0,669.484009,287,15.029548,-149.809491,67.826198,-0.100978062573737,0.90395286306763,"222-1-D-BENA_1992",11.4333330790202,-8.77499988178412,168,127,8.73333342870077,-10.6500001947085,3.66666674613953,13.8333333333333,25.2000002264977,0.974999997764826,79.6099972724915,293.549999713898,180.600002288818,1,"24A_1992",1.13
"3205","222-2-A-BENA",1992,0.1615,4.3293644332627,6,1986,17,"222-2","BENA",81,59,12,0,9,0,0,0,0,0,0,NA,NA,NA,0,3,13,0,794.735172,"East","24A","Low Shrub","Tall Shrub","Clay Loam","Mesic",0,676.198608,282,15.59229,-149.808768,67.826375,0.467158032894508,1.59545351763275,"222-2-A-BENA_1992",11.4333330790202,-8.77499988178412,168,127,8.73333342870077,-10.6500001947085,3.66666674613953,13.8333333333333,25.2000002264977,0.974999997764826,79.6099972724915,293.549999713898,180.600002288818,1,"24A_1992",1.13
"3206","222-3-A-BENA",1992,0.11375,1.59532725668092,30,1962,17,"222-3","BENA",126,65,16,0,21,0,3,0,0,0.142857143,0,NA,"Hare",NA,1,2,11,1,778.440723,"East","24A","Low Shrub","Low Shrub","Clay Loam","Mesic",0,672.469177,278,13.422374,-149.809021,67.826615,1.38942063706741,4.01252467137858,"222-3-A-BENA_1992",11.4333330790202,-8.77499988178412,168,127,8.73333342870077,-10.6500001947085,3.66666674613953,13.8333333333333,25.2000002264977,0.974999997764826,79.6099972724915,293.549999713898,180.600002288818,1,"24A_1992",1.13
"3207","235-1-A-BENA",1992,0.1005,1.44288638190399,13,1979,18,"235-1","BENA",59,29,10,0,18,0,0,0,0,0,0,NA,NA,NA,0,0,5,0,477.732622,"East","24A","Low Shrub","Low Shrub","Sandy Gravel","Mesic",0,813.776917,295,20.303024,-149.727576,68.004859,0.291060198473922,1.33784511776044,"235-1-A-BENA_1992",9.16666650772095,-10.0833334128062,173,140,7.53333361943563,-11.8000001509984,2.50000003973643,12.6333335240682,12.1000003814697,0.925000018129746,58.0599985122681,303.81999874115,176.800006866455,1,"24A_1992",1.13
"3208","235-2-B-BENA",1992,0.07375,1.15655082823106,9,1983,18,"235-2","BENA",54,38,8,0,9,0,0,0,0,0,0,NA,NA,NA,NA,0,0,0,510.631222,"East","24A","Dwarf Shrub-Lichen","Low Shrub","Sandy Gravel","Mesic",0,828.022217,289,26.243103,-149.726481,68.004961,-0.368963380748855,0.691450730394657,"235-2-B-BENA_1992",9.16666650772095,-10.0833334128062,173,140,7.53333361943563,-11.8000001509984,2.50000003973643,12.6333335240682,12.1000003814697,0.925000018129746,58.0599985122681,303.81999874115,176.800006866455,1,"24A_1992",1.13
"3209","235-3-B-BENA",1992,0.141,2.28481122191748,7,1985,18,"235-3","BENA",59,31,10,0,15,0,0,0,0,0,0,NA,NA,NA,0,0,1,0,482.982181,"East","24A","Dwarf Shrub-Lichen","Low Shrub","Sandy Gravel","Mesic",0,817.546387,298,18.704132,-149.726784,68.005244,0.0119746522722164,1.01204663545833,"235-3-B-BENA_1992",9.16666650772095,-10.0833334128062,173,140,7.53333361943563,-11.8000001509984,2.50000003973643,12.6333335240682,12.1000003814697,0.925000018129746,58.0599985122681,303.81999874115,176.800006866455,1,"24A_1992",1.13
"3210","240-3-D-BENA",1992,0.1565,3.50774292117119,8,1984,19,"240-3","BENA",97,46,12,0,13,0,0,2,0,0,0.153846154,NA,NA,"Ptarmagin",1,0,1,3,399.798137,"West","24A","Low Shrub","Low Shrub","Sandy Loam","Mesic",0,1034.808228,93,20.584356,-149.606025,68.07014,0.600012207260721,1.82214104360553,"240-3-D-BENA_1992",8.15162150065104,-10.5741893649101,216.579746246338,187.30893611908,7.53333361943563,-11.8000001509984,2.50000003973643,12.6333335240682,12.1000003814697,0.925000018129746,58.0599985122681,303.81999874115,176.800006866455,1,"24A_1992",1.13
"3211","240-4-B-BENA",1992,0.16225,4.1421398446252,24,1968,19,"240-4","BENA",102,72,15,0,13,0,0,0,0,0,0,NA,NA,NA,0,0,2,0,431.079046,"West","24A","Low Shrub","Low Shrub","Sandy Loam","Mesic",0,1046.807861,94,24.616484,-149.606605,68.070368,2.07726844656543,7.98263411477891,"240-4-B-BENA_1992",8.15162150065104,-10.5741893649101,216.579746246338,187.30893611908,7.53333361943563,-11.8000001509984,2.50000003973643,12.6333335240682,12.1000003814697,0.925000018129746,58.0599985122681,303.81999874115,176.800006866455,1,"24A_1992",1.13
"3212","240-4-D-BENA",1992,0.233,4.98742128003955,7,1985,19,"240-4","BENA",83,41,16,0,29,0,0,3,0,0,0.103448276,NA,NA,"Ptarmagin",1,0,2,0,431.079046,"West","24A","Low Shrub","Low Shrub","Sandy Loam","Mesic",0,1046.807861,94,24.616484,-149.606605,68.070368,0.792610246208337,2.20915534625277,"240-4-D-BENA_1992",8.15162150065104,-10.5741893649101,216.579746246338,187.30893611908,7.53333361943563,-11.8000001509984,2.50000003973643,12.6333335240682,12.1000003814697,0.925000018129746,58.0599985122681,303.81999874115,176.800006866455,1,"24A_1992",1.13
"3213","255-1-A-BENA",1992,0.104,2.37480528507221,23,1969,20,"255-1","BENA",71,26,15,0,17,0,0,0,0,0,0,NA,NA,NA,0,0,0,0,585.543915,"East","26B","Low Shrub","Low Shrub","Sandy Gravel","Mesic - Xeric",0,991.483582,331,1.701594,-149.392735,68.222633,1.47018333776683,4.35003259322025,"255-1-A-BENA_1992",8.47118043899536,-10.9950513839722,218.864593505859,156.864593505859,5.66666682561239,-13.3250002066294,0.733333379030228,10.6000000635783,5.50000023841858,0.758333353946606,47.7399995326996,319.339995384216,186.700008392334,1,"26B_1992",1.48
"3214","255-2-C-BENA",1992,0.102,1.26238303439933,11,1981,20,"255-2","BENA",65,27,8,0,20,0,0,0,0,0,0,NA,NA,NA,0,0,1,1,631.079496,"East","26B","Low Shrub","Low Shrub","Sandy Gravel","Mesic - Xeric",0,993.382141,286,2.676414,-149.39171,68.222788,-0.0419362043744526,0.95893095422124,"255-2-C-BENA_1992",8.47118043899536,-10.9950513839722,218.864593505859,156.864593505859,5.66666682561239,-13.3250002066294,0.733333379030228,10.6000000635783,5.50000023841858,0.758333353946606,47.7399995326996,319.339995384216,186.700008392334,1,"26B_1992",1.48
"3215","255-4-D-BENA",1992,0.0585,0.500257789379677,15,1977,20,"255-4","BENA",56,29,5,0,12,0,0,0,0,0,0,NA,NA,NA,0,0,0,2,644.564014,"East","26B","Low Shrub","Low Shrub","Sandy Gravel","Mesic - Xeric",0,993.003235,239,7.430982,-149.391619,68.223199,-0.597449308275343,0.550213272203496,"255-4-D-BENA_1992",8.47118043899536,-10.9950513839722,218.864593505859,156.864593505859,5.66666682561239,-13.3250002066294,0.733333379030228,10.6000000635783,5.50000023841858,0.758333353946606,47.7399995326996,319.339995384216,186.700008392334,1,"26B_1992",1.48
"3216","261-1-C-BENA",1992,0.055,0.62232332819311,16,1976,21,"261-1","BENA",52,23,10,0,13,0,0,0,0,0,0,NA,NA,NA,0,0,0,0,356.206777,"East","26B","Dwarf Shrub","Low Shrub","Sandy Loam","Mesic",0,883.832947,287,13.943512,-149.352299,68.301689,-0.302096763148111,0.739266527671994,"261-1-C-BENA_1992",8.63371260960897,-11.1414772669474,235.609367370605,157.304682731628,5.66666682561239,-13.3250002066294,0.733333379030228,10.6000000635783,5.50000023841858,0.758333353946606,47.7399995326996,319.339995384216,186.700008392334,1,"26B_1992",1.48
"3217","261-2-B-BENA",1992,0.341,7.39399592082117,6,1986,21,"261-2","BENA",66,25,12,0,19,0,0,0,0,0,0,NA,NA,NA,0,0,0,1,388.99561,"East","26B","Dwarf Shrub-Lichen","Low Shrub","Sandy Loam","Mesic",0,888.892761,295,13.025289,-149.351465,68.301786,1.00240559263668,2.72482877870044,"261-2-B-BENA_1992",8.63371260960897,-11.1414772669474,235.609367370605,157.304682731628,5.66666682561239,-13.3250002066294,0.733333379030228,10.6000000635783,5.50000023841858,0.758333353946606,47.7399995326996,319.339995384216,186.700008392334,1,"26B_1992",1.48
"3218","261-3-D-BENA",1992,0.188,4.94702822887124,12,1980,21,"261-3","BENA",74,41,14,0,26,0,0,0,0,0,0,NA,NA,NA,0,0,0,1,380.53651,"East","26B","Tussock Tundra (Low shrub or Herbaceous)","Low Shrub","Sandy Loam","Mesic",0,884.224731,295,11.657486,-149.351558,68.302088,1.42768364118366,4.16903102700163,"261-3-D-BENA_1992",8.63371260960897,-11.1414772669474,235.609367370605,157.304682731628,5.66666682561239,-13.3250002066294,0.733333379030228,10.6000000635783,5.50000023841858,0.758333353946606,47.7399995326996,319.339995384216,186.700008392334,1,"26B_1992",1.48
"3219","261-4-A-BENA",1992,0.034,0.340096254307019,27,1965,21,"261-4","BENA",45,23,13,0,13,0,0,0,0,0,0,NA,NA,NA,0,0,0,0,405.679111,"East","26B","Low Shrub","Low Shrub","Sandy Loam","Mesic",0,886.626587,308,9.946874,-149.350886,68.302265,-0.281915630502667,0.75433732490932,"261-4-A-BENA_1992",8.63371260960897,-11.1414772669474,235.609367370605,157.304682731628,5.66666682561239,-13.3250002066294,0.733333379030228,10.6000000635783,5.50000023841858,0.758333353946606,47.7399995326996,319.339995384216,186.700008392334,1,"26B_1992",1.48
"3220","261-4-B-BENA",1992,0.072,1.56515402638905,6,1986,21,"261-4","BENA",71,30,12,0,13,0,0,0,0,0,0,NA,NA,NA,0,0,0,0,405.679111,"East","26B","Low Shrub","Low Shrub","Sandy Loam","Mesic",0,886.626587,308,9.946874,-149.350886,68.302265,-0.55027847762275,0.576789165137937,"261-4-B-BENA_1992",8.63371260960897,-11.1414772669474,235.609367370605,157.304682731628,5.66666682561239,-13.3250002066294,0.733333379030228,10.6000000635783,5.50000023841858,0.758333353946606,47.7399995326996,319.339995384216,186.700008392334,1,"26B_1992",1.48
"3221","268-1-B-BENA",1992,0.02975,0.28737345734585,7,1985,22,"268-1","BENA",63,26,6,0,12,0,0,0,0,0,0,NA,NA,NA,0,0,1,2,212.091228,"West","26B","Low Shrub","Low Shrub","Sandy Gravel","Mesic",0,818.738892,195,1.432166,-149.327109,68.400098,-2.06128141643308,0.127290752880152,"268-1-B-BENA_1992",9.72731494903564,-10.5120944976807,242,145.045135498047,5.66666682561239,-13.3250002066294,0.733333379030228,10.6000000635783,5.50000023841858,0.758333353946606,47.7399995326996,319.339995384216,186.700008392334,1,"26B_1992",1.48
"3222","268-4-C-BENA",1992,0.06125,0.780129123468755,13,1979,22,"268-4","BENA",58,32,8,0,18,0,0,0,0,0,0,NA,NA,NA,0,0,0,5,171.881056,"West","26B","Dwarf Shrub-Lichen","Low Shrub","Sandy Gravel","Mesic",0,820.486511,188,1.085947,-149.326166,68.400831,-0.32388117088914,0.723336190669552,"268-4-C-BENA_1992",9.72731494903564,-10.5120944976807,242,145.045135498047,5.66666682561239,-13.3250002066294,0.733333379030228,10.6000000635783,5.50000023841858,0.758333353946606,47.7399995326996,319.339995384216,186.700008392334,1,"26B_1992",1.48
"3223","72-1-C-BENA",1992,0.03525,0.378817758209296,24,1968,2,"72-1","BENA",118,71,9,0,11,0,2,0,0,0.181818182,0,NA,"Hare",NA,1,0,0,0,895.937772,"West","20F","Tussock Tundra (Low shrub or Herbaceous)","Black Spruce Woodland","Clay Loam","Mesic",0,130.808105,148,1.606934,-150.14017,66.022623,-0.314644117019244,0.730048639929301,"72-1-C-BENA_1992",15.1668567657471,-6.55766382316748,136.416265487671,120.353057861328,12.6333335240682,-6.59166682263215,7.26666657129924,18.1000006993612,87.8000025749207,1.07500003402432,124.489998340607,268.139998570085,191.700008392334,1,"20F_1992",0.375
"3224","72-1-D-BENA",1992,0.08175,1.42891120333403,36,1956,2,"72-1","BENA",65,41,8,7,4,0,0,0,0,0,0,NA,NA,NA,0,0,0,0,895.937772,"West","20F","Tussock Tundra (Low shrub or Herbaceous)","Black Spruce Woodland","Clay Loam","Mesic",0,130.808105,148,1.606934,-150.14017,66.022623,1.49682586323899,4.46748612927188,"72-1-D-BENA_1992",15.1668567657471,-6.55766382316748,136.416265487671,120.353057861328,12.6333335240682,-6.59166682263215,7.26666657129924,18.1000006993612,87.8000025749207,1.07500003402432,124.489998340607,268.139998570085,191.700008392334,1,"20F_1992",0.375
"3225","72-2-A-BENA",1992,0.08125,1.17946678314359,23,1969,2,"72-2","BENA",121,72,12,21,14,0,0,0,0,0,0,NA,NA,NA,0,0,0,0,855.94066,"West","20F","Tussock Tundra (Low shrub or Herbaceous)","Black Spruce Woodland","Clay Loam","Mesic",0,131.055786,179,2.125059,-150.13956,66.022889,0.770330346531714,2.16047984293553,"72-2-A-BENA_1992",15.1668567657471,-6.55766382316748,136.416265487671,120.353057861328,12.6333335240682,-6.59166682263215,7.26666657129924,18.1000006993612,87.8000025749207,1.07500003402432,124.489998340607,268.139998570085,191.700008392334,1,"20F_1992",0.375
"3226","72-3-D-BENA",1992,0.02875,0.425072212246256,36,1956,2,"72-3","BENA",104,47,11,0,9,0,0,0,0,0,0,NA,NA,NA,0,0,1,0,885.368743,"West","20F","Tussock Tundra (Low shrub or Herbaceous)","Black Spruce Woodland","Clay Loam","Mesic",0,132.401993,119,2.284806,-150.140609,66.023021,0.28441689192311,1.32898685916814,"72-3-D-BENA_1992",15.1668567657471,-6.55766382316748,136.416265487671,120.353057861328,12.6333335240682,-6.59166682263215,7.26666657129924,18.1000006993612,87.8000025749207,1.07500003402432,124.489998340607,268.139998570085,191.700008392334,1,"20F_1992",0.375
"3227","102-3-B-BENA",1991,0.14075,4.6434339668815,11,1980,5,"102-3","BENA",72,NA,16,0,12,0,0,0,0,0,0,NA,NA,NA,0,0,0,0,939.238254,"West","24A","Tussock Tundra (Low shrub or Herbaceous)","Low Shrub","Sandy Loam","Mesic",2004,424.339783,330,3.896938,-150.565669,66.401242,1.26051673535439,3.52724366803907,"102-3-B-BENA_1991",12.4333333969116,-5.85833313067754,116,174,12.3666671117147,-5.1916667620341,6.93333339691162,17.8000008265177,106.700000286102,1.23333337157965,106.949996948242,248.469997286797,93.5000028610229,1,"24A_1991",1.17
"3228","121-1-C-BENA",1991,0.0485,0.705307971083155,19,1972,7,"121-1","BENA",60,36,11,0,11,0,0,0,0,0,0,NA,NA,NA,0,0,0,0,1394.51987,"East","24A","Tall Shrub (Open-Closed)","Low Shrub","Clay Loam","Mesic",2005,466.470276,61,7.209129,-150.675843,66.599029,0.0281535579207822,1.02855361484989,"121-1-C-BENA_1991",12.8999999364217,-5.69166674216588,116,163,12.2666670481364,-5.75833320617676,6.93333355585734,17.7000001271566,108.900000095367,1.20833336561918,102.809998035431,248.049996852875,87.8999996185303,1,"24A_1991",1.17
"3229","121-1-D-BENA",1991,0.17,5.65126965287327,7,1984,7,"121-1","BENA",73,42,19,0,25,0,0,0,0,0,0,NA,NA,NA,0,0,0,0,1394.51987,"East","24A","Tall Shrub (Open-Closed)","Low Shrub","Clay Loam","Mesic",2005,466.470276,61,7.209129,-150.675843,66.599029,0.917571484803528,2.50320393360915,"121-1-D-BENA_1991",12.8999999364217,-5.69166674216588,116,163,12.2666670481364,-5.75833320617676,6.93333355585734,17.7000001271566,108.900000095367,1.20833336561918,102.809998035431,248.049996852875,87.8999996185303,1,"24A_1991",1.17
"3230","129-3-A-BENA",1991,0.0175,0.334842725992052,39,1952,8,"129-3","BENA",51,35,12,0,6,0,0,0,0,0,0,NA,NA,NA,0,0,0,0,1022.673056,"East","24A","Tussock Tundra (Low shrub or Herbaceous)","Low Shrub-Tussock Tundra","Sandy Loam","Mesic - Hydric",2005,301.546051,352,6.265718,-150.646771,66.710061,0.141336829708705,1.15181254733787,"129-3-A-BENA_1991",13.1333332061768,-5.61666667461395,108,154,12.2666670481364,-5.75833320617676,6.93333355585734,17.7000001271566,108.900000095367,1.20833336561918,102.809998035431,248.049996852875,87.8999996185303,1,"24A_1991",1.17
"3231","129-4-D-BENA",1991,0.07825,2.44975367196027,30,1961,8,"129-4","BENA",87,41,18,0,9,0,0,0,0,0,0,NA,NA,NA,0,0,0,0,1057.255538,"East","24A","Tussock Tundra (Low shrub or Herbaceous)","Tall Shrub","Sandy Loam","Mesic - Hydric",2005,303.823029,358,6.979915,-150.646167,66.709845,1.81832922271889,6.16155525856905,"129-4-D-BENA_1991",13.1333332061768,-5.61666667461395,108,154,12.2666670481364,-5.75833320617676,6.93333355585734,17.7000001271566,108.900000095367,1.20833336561918,102.809998035431,248.049996852875,87.8999996185303,1,"24A_1991",1.17
"3232","151-1-D-BENA",1991,0.17,3.07063978350847,7,1984,10,"151-1","BENA",90,67,12,0,8,0,0,0,0,0,0,NA,NA,NA,0,0,0,0,725.03173,"East","24A","White Spruce or Black Spruce (Open-Closed)","Low Shrub","Clay Loam","Mesic",0,471.29071,296,22.022722,-150.362735,66.958242,0.307577185991739,1.36012578710824,"151-1-D-BENA_1991",11.7649389902751,-6.83664162953695,120.620733261108,177.936790466309,10.7000001271566,-6.92500007152557,5.46666669845581,16,80.0000021457672,1.14166668678323,96.6099977493286,262.809996604919,87.3000030517578,1,"24A_1991",1.17
"3233","173-1-A-BENA",1991,0.076,0.740159229185752,23,1968,12,"173-1","BENA",69,40,12,0,9,0,0,0,0,0,0,NA,NA,NA,0,0,0,0,1301.486525,"East","24A","Low Shrub","Low Shrub","Clay Loam","Mesic",0,349.871613,358,2.901099,-150.191497,67.228159,0.304377947518645,1.35578137347496,"173-1-A-BENA_1991",12.965887705485,-6.35949154694875,106.77717590332,216.451712608337,10.6000003814697,-7.34999990463257,5.43333339691162,15.8666671117147,74.6000003814697,1.23333337033788,97.1399977207184,262.709998369217,81.8000001907349,1,"24A_1991",1.17
"3234","173-2-A-BENA",1991,0.14425,2.35594218103235,32,1959,12,"173-2","BENA",94,43,12,0,6,0,0,0,0,0,0,NA,NA,NA,0,2,0,0,1323.706943,"East","24A","Tussock Tundra (Low shrub or Herbaceous)","Low Shrub","Clay Loam","Mesic",0,348.371155,13,2.823825,-150.190835,67.228457,1.85629878112256,6.40000506084639,"173-2-A-BENA_1991",12.965887705485,-6.35949154694875,106.77717590332,216.451712608337,10.6000003814697,-7.34999990463257,5.43333339691162,15.8666671117147,74.6000003814697,1.23333337033788,97.1399977207184,262.709998369217,81.8000001907349,1,"24A_1991",1.17
"3235","173-3-B-BENA",1991,0.1,0.827652584588232,26,1965,12,"173-3","BENA",70,51,14,0,9,0,0,0,0,0,0,NA,NA,NA,0,0,0,0,1278.311889,"East","24A","Low Shrub","Low Shrub","Clay Loam","Mesic",0,347.24527,24,1.739254,-150.191816,67.228627,0.562412181607649,1.75490053764919,"173-3-B-BENA_1991",12.965887705485,-6.35949154694875,106.77717590332,216.451712608337,10.6000003814697,-7.34999990463257,5.43333339691162,15.8666671117147,74.6000003814697,1.23333337033788,97.1399977207184,262.709998369217,81.8000001907349,1,"24A_1991",1.17
"3236","173-4-C-BENA",1991,0.15525,3.58129604822198,22,1969,12,"173-4","BENA",119,74,14,0,14,0,0,0,0,0,0,NA,NA,NA,0,1,0,0,1308.377258,"East","24A","Low Shrub","Low Shrub","Clay Loam","Mesic",0,346.165253,355,1.872125,-150.190975,67.22891,1.82794664219459,6.22109939160647,"173-4-C-BENA_1991",12.965887705485,-6.35949154694875,106.77717590332,216.451712608337,10.6000003814697,-7.34999990463257,5.43333339691162,15.8666671117147,74.6000003814697,1.23333337033788,97.1399977207184,262.709998369217,81.8000001907349,1,"24A_1991",1.17
"3237","184-1-B-BENA",1991,0.09625,1.96387141786435,39,1952,13,"184-1","BENA",128,51,19,0,13,0,1,0,0,0.076923077,0,NA,"Hare",NA,1,2,0,0,692.283244,"East","24A","White Spruce or Black Spruce (Open-Closed)","Tall Shrub","Clay Loam","Mesic",0,423.977753,249,10.469168,-150.109686,67.368938,1.91034890002397,6.75544536245368,"184-1-B-BENA_1991",12.4666668574015,-6.29999999205271,84,142,10.6000003814697,-7.34999990463257,5.43333339691162,15.8666671117147,74.6000003814697,1.23333337033788,97.1399977207184,262.709998369217,81.8000001907349,1,"24A_1991",1.17
"3238","184-2-A-BENA",1991,0.28475,4.2521077611724,6,1985,13,"184-2","BENA",89,39,11,0,12,0,1,0,0,0.083333333,0,NA,"Hare",NA,1,1,0,0,706.210196,"East","24A","White Spruce or Black Spruce (Open-Closed)","Tall Shrub","Clay Loam","Mesic",0,429.192566,258,16.706417,-150.109279,67.369156,0.449152087612197,1.56698295777411,"184-2-A-BENA_1991",12.4651622772217,-6.3015044927597,83.7291870117188,141.232694625854,10.6000003814697,-7.34999990463257,5.43333339691162,15.8666671117147,74.6000003814697,1.23333337033788,97.1399977207184,262.709998369217,81.8000001907349,1,"24A_1991",1.17
"3239","184-2-D-BENA",1991,0.071,1.07165851519622,20,1971,13,"184-2","BENA",84,38,12,10,7,0,0,0,0,0,0,NA,NA,NA,0,1,0,0,706.210196,"East","24A","White Spruce or Black Spruce (Open-Closed)","Tall Shrub","Clay Loam","Mesic",0,429.192566,258,16.706417,-150.109279,67.369156,0.507692024248746,1.66145217513562,"184-2-D-BENA_1991",12.4651622772217,-6.3015044927597,83.7291870117188,141.232694625854,10.6000003814697,-7.34999990463257,5.43333339691162,15.8666671117147,74.6000003814697,1.23333337033788,97.1399977207184,262.709998369217,81.8000001907349,1,"24A_1991",1.17
"3240","184-3-B-BENA",1991,0.328,8.36513129760568,14,1977,13,"184-3","BENA",71,35,17,0,17,0,2,0,0,0.117647059,0,NA,"Hare",NA,1,1,3,0,683.765397,"East","24A","White Spruce or Black Spruce (Open-Closed)","Tall Shrub","Clay Loam","Mesic",0,425.482941,261,10.788996,-150.109693,67.36937,2.13692259683454,8.47332163794968,"184-3-B-BENA_1991",12.4651622772217,-6.3015044927597,83.7291870117188,141.232694625854,10.6000003814697,-7.34999990463257,5.43333339691162,15.8666671117147,74.6000003814697,1.23333337033788,97.1399977207184,262.709998369217,81.8000001907349,1,"24A_1991",1.17
"3241","191-3-A-BENA",1991,0.156333333333333,2.77966400166762,10,1981,14,"191-3","BENA",102,51,9,0,9,0,1,0,0,0.111111111,0,NA,"Hare",NA,1,2,0,0,1608.343863,"East","24A","Low Shrub","Low Shrub","Clay Loam","Mesic",0,494.475037,298,4.15829,-149.859591,67.475979,0.633655300409876,1.88448636886685,"191-3-A-BENA_1991",11.6771984100342,-6.58333339293798,87.6389150619507,138.548644542694,8.50000015894572,-8.86666681369146,3.46666673819224,13.5666669209798,48.9000023603439,1.04166668653488,74.5299985408783,281.86999797821,81.3000011444092,1,"24A_1991",1.17
"3242","191-4-B-BENA",1991,0.14475,2.51758497704118,8,1983,14,"191-4","BENA",77,59,11,0,12,0,1,0,0,0.083333333,0,NA,"Hare",NA,1,1,0,0,1634.196324,"East","24A","Low Shrub","Low Shrub","Clay Loam","Mesic",0,497.007599,303,3.553675,-149.85875,67.475963,0.268339518600395,1.30779108404551,"191-4-B-BENA_1991",11.6771984100342,-6.58333339293798,87.6389150619507,138.548644542694,8.50000015894572,-8.86666681369146,3.46666673819224,13.5666669209798,48.9000023603439,1.04166668653488,74.5299985408783,281.86999797821,81.3000011444092,1,"24A_1991",1.17
"3243","203-2-C-BENA",1991,0.081,1.3430874080774,15,1976,15,"203-2","BENA",118,35,14,0,38,0,0,0,0,0,0,NA,NA,NA,0,0,1,0,933.944119,"East","24A","Low Shrub","Low Shrub","Loam","Mesic",0,566.911377,300,26.508135,-149.793674,67.571447,0.390153426011143,1.477207418539,"203-2-C-BENA_1991",11.9333333969116,-6.71666669845581,72,119,7.70000028610229,-9.79166683554649,2.73333340883255,12.6666669845581,33.7000004053116,1.03333335121473,65.6599980592728,290.289998054504,77.7000017166138,1,"24A_1991",1.17
"3244","203-4-B-BENA",1991,0.0835,1.91102295719703,12,1979,15,"203-4","BENA",99,36,12,0,12,0,0,0,0,0,0,NA,NA,NA,0,1,1,0,951.384807,"East","24A","Low Shrub","Low Shrub","Loam","Mesic",0,569.135193,316,29.227108,-149.792864,67.571712,0.476535281064999,1.61048484732109,"203-4-B-BENA_1991",11.9333333969116,-6.71666669845581,72,119,7.70000028610229,-9.79166683554649,2.73333340883255,12.6666669845581,33.7000004053116,1.03333335121473,65.6599980592728,290.289998054504,77.7000017166138,1,"24A_1991",1.17
"3245","209-1-D-BENA",1991,0.222,3.57992651017457,7,1984,16,"209-1","BENA",76,39,10,0,6,0,0,0,0,0,0,NA,NA,NA,0,0,1,0,698.873831,"East","24A","Low Shrub","Black Spruce Woodland","Sandy Loam","Mesic - Xeric",0,553.345276,287,19.679848,-149.692986,67.655886,0.461033519885343,1.58571200327425,"209-1-D-BENA_1991",11.1894680658976,-7.18252273400625,68,116,7.70000028610229,-9.79166683554649,2.73333340883255,12.6666669845581,33.7000004053116,1.03333335121473,65.6599980592728,290.289998054504,77.7000017166138,1,"24A_1991",1.17
"3246","209-2-B-BENA",1991,0.06175,1.5356028314426,23,1968,16,"209-2","BENA",104,57,18,0,18,0,0,0,0,0,0,NA,NA,NA,0,0,0,0,728.528855,"East","24A","Low Shrub","Black Spruce Woodland","Sandy Loam","Mesic - Xeric",0,561.911133,287,21.070175,-149.692261,67.656,1.03419091688404,2.81282950185682,"209-2-B-BENA_1991",11.1894680658976,-7.18252273400625,68,116,7.70000028610229,-9.79166683554649,2.73333340883255,12.6666669845581,33.7000004053116,1.03333335121473,65.6599980592728,290.289998054504,77.7000017166138,1,"24A_1991",1.17
"3247","209-2-D-BENA",1991,0.03425,0.313302985011336,30,1961,16,"209-2","BENA",86,47,10,0,6,0,0,0,0,0,0,NA,NA,NA,0,0,0,0,728.528855,"East","24A","Low Shrub","Black Spruce Woodland","Sandy Loam","Mesic - Xeric",0,561.911133,287,21.070175,-149.692261,67.656,-0.238242808149892,0.788011332289285,"209-2-D-BENA_1991",11.1894680658976,-7.18252273400625,68,116,7.70000028610229,-9.79166683554649,2.73333340883255,12.6666669845581,33.7000004053116,1.03333335121473,65.6599980592728,290.289998054504,77.7000017166138,1,"24A_1991",1.17
"3248","209-3-A-BENA",1991,0.0285,0.361409604267133,31,1960,16,"209-3","BENA",67,52,13,0,10,0,0,0,0,0,0,NA,NA,NA,0,0,1,0,711.058695,"East","24A","Low Shrub","Black Spruce Woodland","Sandy Loam","Mesic - Xeric",0,553.430786,276,18.070417,-149.69261,67.656251,-0.0562722179158455,0.945281778227746,"209-3-A-BENA_1991",11.1894680658976,-7.18252273400625,68,116,7.70000028610229,-9.79166683554649,2.73333340883255,12.6666669845581,33.7000004053116,1.03333335121473,65.6599980592728,290.289998054504,77.7000017166138,1,"24A_1991",1.17
"3249","209-3-D-BENA",1991,0.13425,2.96802221202298,9,1982,16,"209-3","BENA",84,39,10,0,8,0,0,0,0,0,0,NA,NA,NA,0,0,1,0,711.058695,"East","24A","Low Shrub","Black Spruce Woodland","Sandy Loam","Mesic - Xeric",0,553.430786,276,18.070417,-149.69261,67.656251,0.573490276591453,1.7744495756142,"209-3-D-BENA_1991",11.1894680658976,-7.18252273400625,68,116,7.70000028610229,-9.79166683554649,2.73333340883255,12.6666669845581,33.7000004053116,1.03333335121473,65.6599980592728,290.289998054504,77.7000017166138,1,"24A_1991",1.17
"3250","209-4-D-BENA",1991,0.0576666666666667,0.404662605766731,19,1972,16,"209-4","BENA",71,50,9,0,8,0,0,0,0,0,0,NA,NA,NA,0,0,0,0,738.024448,"East","24A","Low Shrub","Black Spruce Woodland","Sandy Loam","Mesic - Xeric",0,561.090881,296,18.584587,-149.691928,67.656444,-0.527427340193028,0.590121199561596,"209-4-D-BENA_1991",11.1894680658976,-7.18252273400625,68,116,7.70000028610229,-9.79166683554649,2.73333340883255,12.6666669845581,33.7000004053116,1.03333335121473,65.6599980592728,290.289998054504,77.7000017166138,1,"24A_1991",1.17
"3251","222-1-B-BENA",1991,0.29325,7.5841417979274,11,1980,17,"222-1","BENA",63,58,19,0,9,0,2,0,0,0.222222222,0,NA,"Hare",NA,1,2,18,0,769.468544,"East","24A","Low Shrub","Tall Shrub","Clay Loam","Mesic",0,669.484009,287,15.029548,-149.809491,67.826198,1.75112202553244,5.7610631108459,"222-1-B-BENA_1991",10.5333333015442,-7.79166680574417,68,114,7.70000028610229,-9.79166683554649,2.73333340883255,12.6666669845581,33.7000004053116,1.03333335121473,65.6599980592728,290.289998054504,77.7000017166138,1,"24A_1991",1.17
"3252","222-1-D-BENA",1991,0.06725,1.12961913250909,10,1981,17,"222-1","BENA",78,38,9,0,9,0,2,0,0,0.222222222,0,NA,"Hare",NA,1,2,18,0,769.468544,"East","24A","Low Shrub","Tall Shrub","Clay Loam","Mesic",0,669.484009,287,15.029548,-149.809491,67.826198,-0.266794232245772,0.765830638504314,"222-1-D-BENA_1991",10.5333333015442,-7.79166680574417,68,114,7.70000028610229,-9.79166683554649,2.73333340883255,12.6666669845581,33.7000004053116,1.03333335121473,65.6599980592728,290.289998054504,77.7000017166138,1,"24A_1991",1.17
"3253","222-3-A-BENA",1991,0.08425,1.23400051192002,29,1962,17,"222-3","BENA",126,65,16,0,21,0,3,0,0,0.142857143,0,NA,"Hare",NA,1,2,11,1,778.440723,"East","24A","Low Shrub","Low Shrub","Clay Loam","Mesic",0,672.469177,278,13.422374,-149.809021,67.826615,1.09214705378244,2.98066685933328,"222-3-A-BENA_1991",10.5333333015442,-7.79166680574417,68,114,7.70000028610229,-9.79166683554649,2.73333340883255,12.6666669845581,33.7000004053116,1.03333335121473,65.6599980592728,290.289998054504,77.7000017166138,1,"24A_1991",1.17
"3254","235-1-A-BENA",1991,0.08025,1.19772493424809,12,1979,18,"235-1","BENA",59,29,10,0,18,0,0,0,0,0,0,NA,NA,NA,0,0,5,0,477.732622,"East","24A","Low Shrub","Low Shrub","Sandy Gravel","Mesic",0,813.776917,295,20.303024,-149.727576,68.004859,0.00932047189047558,1.00936404275039,"235-1-A-BENA_1991",8.20000012715658,-9.11666665847103,70,121,6.50000015894572,-10.9916670024395,1.66666671385368,11.3333333333333,21.9000011086464,0.950000017881393,57.4999989271164,300.170000076294,76.8000030517578,1,"24A_1991",1.17
"3255","235-2-B-BENA",1991,0.06075,0.978353802433229,8,1983,18,"235-2","BENA",54,38,8,0,9,0,0,0,0,0,0,NA,NA,NA,NA,0,0,0,510.631222,"East","24A","Dwarf Shrub-Lichen","Low Shrub","Sandy Gravel","Mesic",0,828.022217,289,26.243103,-149.726481,68.004961,-0.676844494163191,0.508218150144796,"235-2-B-BENA_1991",8.20000012715658,-9.11666665847103,70,121,6.50000015894572,-10.9916670024395,1.66666671385368,11.3333333333333,21.9000011086464,0.950000017881393,57.4999989271164,300.170000076294,76.8000030517578,1,"24A_1991",1.17
"3256","235-3-B-BENA",1991,0.16875,2.89869354534357,6,1985,18,"235-3","BENA",59,31,10,0,15,0,0,0,0,0,0,NA,NA,NA,0,0,1,0,482.982181,"East","24A","Dwarf Shrub-Lichen","Low Shrub","Sandy Gravel","Mesic",0,817.546387,298,18.704132,-149.726784,68.005244,0.0659974176905131,1.06822395867757,"235-3-B-BENA_1991",8.20000012715658,-9.11666665847103,70,121,6.50000015894572,-10.9916670024395,1.66666671385368,11.3333333333333,21.9000011086464,0.950000017881393,57.4999989271164,300.170000076294,76.8000030517578,1,"24A_1991",1.17
"3257","240-3-D-BENA",1991,0.1565,3.66163226651096,7,1984,19,"240-3","BENA",97,46,12,0,13,0,0,2,0,0,0.153846154,NA,NA,"Ptarmagin",1,0,1,3,399.798137,"West","24A","Low Shrub","Low Shrub","Sandy Loam","Mesic",0,1034.808228,93,20.584356,-149.606025,68.07014,0.483600270020402,1.62190319272772,"240-3-D-BENA_1991",7.15162150065104,-9.60789864261945,87.6770391464233,172.173530578613,6.50000015894572,-10.9916670024395,1.66666671385368,11.3333333333333,21.9000011086464,0.950000017881393,57.4999989271164,300.170000076294,76.8000030517578,1,"24A_1991",1.17
"3258","240-4-B-BENA",1991,0.1015,2.67533317990729,23,1968,19,"240-4","BENA",102,72,15,0,13,0,0,0,0,0,0,NA,NA,NA,0,0,2,0,431.079046,"West","24A","Low Shrub","Low Shrub","Sandy Loam","Mesic",0,1046.807861,94,24.616484,-149.606605,68.070368,1.58934181470218,4.90052241481617,"240-4-B-BENA_1991",7.15162150065104,-9.60789864261945,87.6770391464233,172.173530578613,6.50000015894572,-10.9916670024395,1.66666671385368,11.3333333333333,21.9000011086464,0.950000017881393,57.4999989271164,300.170000076294,76.8000030517578,1,"24A_1991",1.17
"3259","240-4-D-BENA",1991,0.08125,1.81938957172575,6,1985,19,"240-4","BENA",83,41,16,0,29,0,0,3,0,0,0.103448276,NA,NA,"Ptarmagin",1,0,2,0,431.079046,"West","24A","Low Shrub","Low Shrub","Sandy Loam","Mesic",0,1046.807861,94,24.616484,-149.606605,68.070368,-0.39976167151111,0.670479821438042,"240-4-D-BENA_1991",7.15162150065104,-9.60789864261945,87.6770391464233,172.173530578613,6.50000015894572,-10.9916670024395,1.66666671385368,11.3333333333333,21.9000011086464,0.950000017881393,57.4999989271164,300.170000076294,76.8000030517578,1,"24A_1991",1.17
"3260","255-1-A-BENA",1991,0.07925,1.85527127221873,22,1969,20,"255-1","BENA",71,26,15,0,17,0,0,0,0,0,0,NA,NA,NA,0,0,0,0,585.543915,"East","26B","Low Shrub","Low Shrub","Sandy Gravel","Mesic - Xeric",0,991.483582,331,1.701594,-149.392735,68.222633,1.17025280641453,3.2228072819043,"255-1-A-BENA_1991",7.43784697850545,-10.0700517594814,88.9097290039062,165.864593505859,4.53333346048991,-12.5416667641451,-0.133333345254262,9.26666704813639,19.9999996423721,0.791666677842538,47.5899984240532,317.549998283386,80.5,1,"26B_1991",1.54
"3261","255-2-C-BENA",1991,0.0815,1.05565210062619,10,1981,20,"255-2","BENA",65,27,8,0,20,0,0,0,0,0,0,NA,NA,NA,0,0,1,1,631.079496,"East","26B","Low Shrub","Low Shrub","Sandy Gravel","Mesic - Xeric",0,993.382141,286,2.676414,-149.39171,68.222788,-0.334516076439849,0.715684339079188,"255-2-C-BENA_1991",7.43784697850545,-10.0700517594814,88.9097290039062,165.864593505859,4.53333346048991,-12.5416667641451,-0.133333345254262,9.26666704813639,19.9999996423721,0.791666677842538,47.5899984240532,317.549998283386,80.5,1,"26B_1991",1.54
"3262","255-4-D-BENA",1991,0.0545,0.485399626924526,14,1977,20,"255-4","BENA",56,29,5,0,12,0,0,0,0,0,0,NA,NA,NA,0,0,0,2,644.564014,"East","26B","Low Shrub","Low Shrub","Sandy Gravel","Mesic - Xeric",0,993.003235,239,7.430982,-149.391619,68.223199,-0.709932187832515,0.491677538050062,"255-4-D-BENA_1991",7.43784697850545,-10.0700517594814,88.9097290039062,165.864593505859,4.53333346048991,-12.5416667641451,-0.133333345254262,9.26666704813639,19.9999996423721,0.791666677842538,47.5899984240532,317.549998283386,80.5,1,"26B_1991",1.54
"3263","261-1-C-BENA",1991,0.0803333333333333,0.943123882038496,15,1976,21,"261-1","BENA",52,23,10,0,13,0,0,0,0,0,0,NA,NA,NA,0,0,0,0,356.206777,"East","26B","Dwarf Shrub","Low Shrub","Sandy Loam","Mesic",0,883.832947,287,13.943512,-149.352299,68.301689,0.0366247915495921,1.0373037426826,"261-1-C-BENA_1991",7.62949864069621,-10.2253373463949,96.3678903579712,169.798996925354,4.53333346048991,-12.5416667641451,-0.133333345254262,9.26666704813639,19.9999996423721,0.791666677842538,47.5899984240532,317.549998283386,80.5,1,"26B_1991",1.54
"3264","261-3-D-BENA",1991,0.251,6.95097791804829,11,1980,21,"261-3","BENA",74,41,14,0,26,0,0,0,0,0,0,NA,NA,NA,0,0,0,1,380.53651,"East","26B","Tussock Tundra (Low shrub or Herbaceous)","Low Shrub","Sandy Loam","Mesic",0,884.224731,295,11.657486,-149.351558,68.302088,1.66394492108157,5.28009938829414,"261-3-D-BENA_1991",7.62949864069621,-10.2253373463949,96.3678903579712,169.798996925354,4.53333346048991,-12.5416667641451,-0.133333345254262,9.26666704813639,19.9999996423721,0.791666677842538,47.5899984240532,317.549998283386,80.5,1,"26B_1991",1.54
"3265","261-4-A-BENA",1991,0.04525,0.463894050763915,26,1965,21,"261-4","BENA",45,23,13,0,13,0,0,0,0,0,0,NA,NA,NA,0,0,0,0,405.679111,"East","26B","Low Shrub","Low Shrub","Sandy Loam","Mesic",0,886.626587,308,9.946874,-149.350886,68.302265,-0.0165251136149537,0.983610677060683,"261-4-A-BENA_1991",7.62949864069621,-10.2253373463949,96.3678903579712,169.798996925354,4.53333346048991,-12.5416667641451,-0.133333345254262,9.26666704813639,19.9999996423721,0.791666677842538,47.5899984240532,317.549998283386,80.5,1,"26B_1991",1.54
"3266","268-1-B-BENA",1991,0.03,0.295419665180316,6,1985,22,"268-1","BENA",63,26,6,0,12,0,0,0,0,0,0,NA,NA,NA,0,0,1,2,212.091228,"West","26B","Low Shrub","Low Shrub","Sandy Gravel","Mesic",0,818.738892,195,1.432166,-149.327109,68.400098,-2.21762105592861,0.10886779139418,"268-1-B-BENA_1991",8.66365766525269,-9.63634236653646,99,149,4.53333346048991,-12.5416667641451,-0.133333345254262,9.26666704813639,19.9999996423721,0.791666677842538,47.5899984240532,317.549998283386,80.5,1,"26B_1991",1.54
"3267","268-4-C-BENA",1991,0.076,1.00076690617165,12,1979,22,"268-4","BENA",58,32,8,0,18,0,0,0,0,0,0,NA,NA,NA,0,0,0,5,171.881056,"West","26B","Dwarf Shrub-Lichen","Low Shrub","Sandy Gravel","Mesic",0,820.486511,188,1.085947,-149.326166,68.400831,-0.170336785056869,0.843380730733769,"268-4-C-BENA_1991",8.66365766525269,-9.63634236653646,99,149,4.53333346048991,-12.5416667641451,-0.133333345254262,9.26666704813639,19.9999996423721,0.791666677842538,47.5899984240532,317.549998283386,80.5,1,"26B_1991",1.54
"3268","72-1-C-BENA",1991,0.03,0.328547759712419,23,1968,2,"72-1","BENA",118,71,9,0,11,0,2,0,0,0.181818182,0,NA,"Hare",NA,1,0,0,0,895.937772,"West","20F","Tussock Tundra (Low shrub or Herbaceous)","Black Spruce Woodland","Clay Loam","Mesic",0,130.808105,148,1.606934,-150.14017,66.022623,-0.507805175498803,0.601815008650302,"72-1-C-BENA_1991",14.7619311014811,-5.20711312691371,58.1629981994629,92.93678855896,12.1666669845581,-5.3416668176651,6.80000019073486,17.5666669209798,96.1000008583069,1.2333333765467,104.109996795654,249.819996953011,91.600001335144,1,"20F_1991",0.375
"3269","72-1-D-BENA",1991,0.07025,1.26144821423535,35,1956,2,"72-1","BENA",65,41,8,7,4,0,0,0,0,0,0,NA,NA,NA,0,0,0,0,895.937772,"West","20F","Tussock Tundra (Low shrub or Herbaceous)","Black Spruce Woodland","Clay Loam","Mesic",0,130.808105,148,1.606934,-150.14017,66.022623,1.33855614634485,3.81353334433227,"72-1-D-BENA_1991",14.7619311014811,-5.20711312691371,58.1629981994629,92.93678855896,12.1666669845581,-5.3416668176651,6.80000019073486,17.5666669209798,96.1000008583069,1.2333333765467,104.109996795654,249.819996953011,91.600001335144,1,"20F_1991",0.375
"3270","72-2-A-BENA",1991,0.083,1.24769923033646,22,1969,2,"72-2","BENA",121,72,12,21,14,0,0,0,0,0,0,NA,NA,NA,0,0,0,0,855.94066,"West","20F","Tussock Tundra (Low shrub or Herbaceous)","Black Spruce Woodland","Clay Loam","Mesic",0,131.055786,179,2.125059,-150.13956,66.022889,0.773523122222863,2.16738879395565,"72-2-A-BENA_1991",14.7619311014811,-5.20711312691371,58.1629981994629,92.93678855896,12.1666669845581,-5.3416668176651,6.80000019073486,17.5666669209798,96.1000008583069,1.2333333765467,104.109996795654,249.819996953011,91.600001335144,1,"20F_1991",0.375
"3271","72-3-D-BENA",1991,0.02225,0.332533851741211,35,1956,2,"72-3","BENA",104,47,11,0,9,0,0,0,0,0,0,NA,NA,NA,0,0,1,0,885.368743,"West","20F","Tussock Tundra (Low shrub or Herbaceous)","Black Spruce Woodland","Clay Loam","Mesic",0,132.401993,119,2.284806,-150.140609,66.023021,0.00528209471104413,1.00529606956798,"72-3-D-BENA_1991",14.7619311014811,-5.20711312691371,58.1629981994629,92.93678855896,12.1666669845581,-5.3416668176651,6.80000019073486,17.5666669209798,96.1000008583069,1.2333333765467,104.109996795654,249.819996953011,91.600001335144,1,"20F_1991",0.375
"3272","102-3-B-BENA",1990,0.169,5.73987513207513,10,1980,5,"102-3","BENA",72,NA,16,0,12,0,0,0,0,0,0,NA,NA,NA,0,0,0,0,939.238254,"West","24A","Tussock Tundra (Low shrub or Herbaceous)","Low Shrub","Sandy Loam","Mesic",2004,424.339783,330,3.896938,-150.565669,66.401242,1.35876269882228,3.89137551837346,"102-3-B-BENA_1990",13.7333335876465,-7.12500007947286,243,247,13.7000001271566,-6.37500020861626,8.23333358764648,19.2333335876465,118.500000953674,1.27500001403193,133.779997825623,240.819999434054,222.200000762939,2,"24A_1990",1.21
"3273","121-1-C-BENA",1990,0.034,0.503254868771206,18,1972,7,"121-1","BENA",60,36,11,0,11,0,0,0,0,0,0,NA,NA,NA,0,0,0,0,1394.51987,"East","24A","Tall Shrub (Open-Closed)","Low Shrub","Clay Loam","Mesic",2005,466.470276,61,7.209129,-150.675843,66.599029,-0.373904753489133,0.688042442350115,"121-1-C-BENA_1990",14.2333335876465,-6.89999997615814,253,215,13.8000001907349,-6.66666694482168,8.40000041325887,19.2666670481364,117.500002861023,1.23333334798614,127.439996480942,241.31999874115,200.700004577637,2,"24A_1990",1.21
"3274","121-1-D-BENA",1990,0.26475,9.16261892606122,6,1984,7,"121-1","BENA",73,42,19,0,25,0,0,0,0,0,0,NA,NA,NA,0,0,0,0,1394.51987,"East","24A","Tall Shrub (Open-Closed)","Low Shrub","Clay Loam","Mesic",2005,466.470276,61,7.209129,-150.675843,66.599029,1.21686933059059,3.37660015035878,"121-1-D-BENA_1990",14.2333335876465,-6.89999997615814,253,215,13.8000001907349,-6.66666694482168,8.40000041325887,19.2666670481364,117.500002861023,1.23333334798614,127.439996480942,241.31999874115,200.700004577637,2,"24A_1990",1.21
"3275","129-3-A-BENA",1990,0.03125,0.602719459329718,38,1952,8,"129-3","BENA",51,35,12,0,6,0,0,0,0,0,0,NA,NA,NA,0,0,0,0,1022.673056,"East","24A","Tussock Tundra (Low shrub or Herbaceous)","Low Shrub-Tussock Tundra","Sandy Loam","Mesic - Hydric",2005,301.546051,352,6.265718,-150.646771,66.710061,0.698130177855309,2.00999086614725,"129-3-A-BENA_1990",14.5333334604899,-6.79166660706202,240,193,13.8000001907349,-6.66666694482168,8.40000041325887,19.2666670481364,117.500002861023,1.23333334798614,127.439996480942,241.31999874115,200.700004577637,2,"24A_1990",1.21
"3276","129-4-D-BENA",1990,0.06425,2.04022232952268,29,1961,8,"129-4","BENA",87,41,18,0,9,0,0,0,0,0,0,NA,NA,NA,0,0,0,0,1057.255538,"East","24A","Tussock Tundra (Low shrub or Herbaceous)","Tall Shrub","Sandy Loam","Mesic - Hydric",2005,303.823029,358,6.979915,-150.646167,66.709845,1.59494450043111,4.92805555957027,"129-4-D-BENA_1990",14.5333334604899,-6.79166660706202,240,193,13.8000001907349,-6.66666694482168,8.40000041325887,19.2666670481364,117.500002861023,1.23333334798614,127.439996480942,241.31999874115,200.700004577637,2,"24A_1990",1.21
"3277","151-1-D-BENA",1990,0.158,3.01669863764633,6,1984,10,"151-1","BENA",90,67,12,0,8,0,0,0,0,0,0,NA,NA,NA,0,0,0,0,725.03173,"East","24A","White Spruce or Black Spruce (Open-Closed)","Low Shrub","Clay Loam","Mesic",0,471.29071,296,22.022722,-150.362735,66.958242,0.105900350912457,1.11171108999101,"151-1-D-BENA_1990",13.1628322601318,-7.9220817287763,277.115043640137,213.873580932617,12.266666730245,-7.900000055631,6.90000025431315,17.6666666666667,76.4000005722046,1.1666666927437,121.069996118546,253.85999661684,204.800003051758,2,"24A_1990",1.21
"3278","173-1-A-BENA",1990,0.04975,0.504166126990284,22,1968,12,"173-1","BENA",69,40,12,0,9,0,0,0,0,0,0,NA,NA,NA,0,0,0,0,1301.486525,"East","24A","Low Shrub","Low Shrub","Clay Loam","Mesic",0,349.871613,358,2.901099,-150.191497,67.228159,-0.132627565524236,0.875791206215699,"173-1-A-BENA_1990",14.3957045873006,-7.35145956277847,253.533424377441,246.617561340332,12.0666666030884,-8.12500029802322,6.80000003178914,17.4000002543132,70.5000014305115,1.20833336065213,111.989997386932,254.569999694824,177.299999237061,2,"24A_1990",1.21
"3279","173-2-A-BENA",1990,0.0965,1.64905889758296,31,1959,12,"173-2","BENA",94,43,12,0,6,0,0,0,0,0,0,NA,NA,NA,0,2,0,0,1323.706943,"East","24A","Tussock Tundra (Low shrub or Herbaceous)","Low Shrub","Clay Loam","Mesic",0,348.371155,13,2.823825,-150.190835,67.228457,1.46167586818056,4.31318179900199,"173-2-A-BENA_1990",14.3957045873006,-7.35145956277847,253.533424377441,246.617561340332,12.0666666030884,-8.12500029802322,6.80000003178914,17.4000002543132,70.5000014305115,1.20833336065213,111.989997386932,254.569999694824,177.299999237061,2,"24A_1990",1.21
"3280","173-3-B-BENA",1990,0.10575,0.943597577508403,25,1965,12,"173-3","BENA",70,51,14,0,9,0,0,0,0,0,0,NA,NA,NA,0,0,0,0,1278.311889,"East","24A","Low Shrub","Low Shrub","Clay Loam","Mesic",0,347.24527,24,1.739254,-150.191816,67.228627,0.646714886563059,1.90925838501808,"173-3-B-BENA_1990",14.3957045873006,-7.35145956277847,253.533424377441,246.617561340332,12.0666666030884,-8.12500029802322,6.80000003178914,17.4000002543132,70.5000014305115,1.20833336065213,111.989997386932,254.569999694824,177.299999237061,2,"24A_1990",1.21
"3281","173-4-C-BENA",1990,0.14725,3.53668896683275,21,1969,12,"173-4","BENA",119,74,14,0,14,0,0,0,0,0,0,NA,NA,NA,0,1,0,0,1308.377258,"East","24A","Low Shrub","Low Shrub","Clay Loam","Mesic",0,346.165253,355,1.872125,-150.190975,67.22891,1.75989871947746,5.81184873751631,"173-4-C-BENA_1990",14.3957045873006,-7.35145956277847,253.533424377441,246.617561340332,12.0666666030884,-8.12500029802322,6.80000003178914,17.4000002543132,70.5000014305115,1.20833336065213,111.989997386932,254.569999694824,177.299999237061,2,"24A_1990",1.21
"3282","184-1-B-BENA",1990,0.132,2.78796241813111,38,1952,13,"184-1","BENA",128,51,19,0,13,0,1,0,0,0.076923077,0,NA,"Hare",NA,1,2,0,0,692.283244,"East","24A","White Spruce or Black Spruce (Open-Closed)","Tall Shrub","Clay Loam","Mesic",0,423.977753,249,10.469168,-150.109686,67.368938,2.22974462288516,9.29749140974687,"184-1-B-BENA_1990",13.8999999364217,-7.25833332538605,204,162,12.0666666030884,-8.12500029802322,6.80000003178914,17.4000002543132,70.5000014305115,1.20833336065213,111.989997386932,254.569999694824,177.299999237061,2,"24A_1990",1.21
"3283","184-2-D-BENA",1990,0.07275,1.13092682045115,19,1971,13,"184-2","BENA",84,38,12,10,7,0,0,0,0,0,0,NA,NA,NA,0,1,0,0,706.210196,"East","24A","White Spruce or Black Spruce (Open-Closed)","Tall Shrub","Clay Loam","Mesic",0,429.192566,258,16.706417,-150.109279,67.369156,0.500311782698524,1.64923539361017,"184-2-D-BENA_1990",13.8984953562419,-7.25870947043101,203.27783203125,161.052147865295,12.0666666030884,-8.12500029802322,6.80000003178914,17.4000002543132,70.5000014305115,1.20833336065213,111.989997386932,254.569999694824,177.299999237061,2,"24A_1990",1.21
"3284","184-3-B-BENA",1990,0.255333333333333,6.97980249911931,13,1977,13,"184-3","BENA",71,35,17,0,17,0,2,0,0,0.117647059,0,NA,"Hare",NA,1,1,3,0,683.765397,"East","24A","White Spruce or Black Spruce (Open-Closed)","Tall Shrub","Clay Loam","Mesic",0,425.482941,261,10.788996,-150.109693,67.36937,1.86743528032027,6.47167705890805,"184-3-B-BENA_1990",13.8984953562419,-7.25870947043101,203.27783203125,161.052147865295,12.0666666030884,-8.12500029802322,6.80000003178914,17.4000002543132,70.5000014305115,1.20833336065213,111.989997386932,254.569999694824,177.299999237061,2,"24A_1990",1.21
"3285","191-3-A-BENA",1990,0.115666666666667,2.15543512348588,9,1981,14,"191-3","BENA",102,51,9,0,9,0,1,0,0,0.111111111,0,NA,"Hare",NA,1,2,0,0,1608.343863,"East","24A","Low Shrub","Low Shrub","Clay Loam","Mesic",0,494.475037,298,4.15829,-149.859591,67.475979,0.253587084103545,1.28863959462303,"191-3-A-BENA_1990",13.1105314890544,-7.4992478787899,213.232696533203,156.593780517578,10.2333335876465,-9.55833329260349,5.10000006357829,15.4333337148031,32.8000004291534,1.05000001564622,87.7899985313416,270.759998321533,179.200000762939,2,"24A_1990",1.21
"3286","191-4-B-BENA",1990,0.15,2.7477940144623,7,1983,14,"191-4","BENA",77,59,11,0,12,0,1,0,0,0.083333333,0,NA,"Hare",NA,1,1,0,0,1634.196324,"East","24A","Low Shrub","Low Shrub","Clay Loam","Mesic",0,497.007599,303,3.553675,-149.85875,67.475963,0.196489660771167,1.21712273670265,"191-4-B-BENA_1990",13.1105314890544,-7.4992478787899,213.232696533203,156.593780517578,10.2333335876465,-9.55833329260349,5.10000006357829,15.4333337148031,32.8000004291534,1.05000001564622,87.7899985313416,270.759998321533,179.200000762939,2,"24A_1990",1.21
"3287","203-2-C-BENA",1990,0.1085,1.86366737493499,14,1976,15,"203-2","BENA",118,35,14,0,38,0,0,0,0,0,0,NA,NA,NA,0,0,1,0,933.944119,"East","24A","Low Shrub","Low Shrub","Loam","Mesic",0,566.911377,300,26.508135,-149.793674,67.571447,0.635396819867868,1.88777109792615,"203-2-C-BENA_1990",13.4333333969116,-7.60000002384186,176,136,9.36666695276896,-10.5250000674278,4.46666677792867,14.3333336512248,20.4000005125999,1.01666668429971,67.499998986721,278.729996681213,153.200000762939,2,"24A_1990",1.21
"3288","203-4-B-BENA",1990,0.1625,3.84464181955502,11,1979,15,"203-4","BENA",99,36,12,0,12,0,0,0,0,0,0,NA,NA,NA,0,1,1,0,951.384807,"East","24A","Low Shrub","Low Shrub","Loam","Mesic",0,569.135193,316,29.227108,-149.792864,67.571712,1.07174300752668,2.92046545953385,"203-4-B-BENA_1990",13.4333333969116,-7.60000002384186,176,136,9.36666695276896,-10.5250000674278,4.46666677792867,14.3333336512248,20.4000005125999,1.01666668429971,67.499998986721,278.729996681213,153.200000762939,2,"24A_1990",1.21
"3289","209-1-D-BENA",1990,0.108,1.85355223198859,6,1984,16,"209-1","BENA",76,39,10,0,6,0,0,0,0,0,0,NA,NA,NA,0,0,1,0,698.873831,"East","24A","Low Shrub","Black Spruce Woodland","Sandy Loam","Mesic - Xeric",0,553.345276,287,19.679848,-149.692986,67.655886,-0.381158792784856,0.683069414513015,"209-1-D-BENA_1990",12.6909726460775,-8.0488133529822,167,134,9.36666695276896,-10.5250000674278,4.46666677792867,14.3333336512248,20.4000005125999,1.01666668429971,67.499998986721,278.729996681213,153.200000762939,2,"24A_1990",1.21
"3290","209-2-B-BENA",1990,0.068,1.71874649122305,22,1968,16,"209-2","BENA",104,57,18,0,18,0,0,0,0,0,0,NA,NA,NA,0,0,0,0,728.528855,"East","24A","Low Shrub","Black Spruce Woodland","Sandy Loam","Mesic - Xeric",0,561.911133,287,21.070175,-149.692261,67.656,1.09381712361452,2.98564894018801,"209-2-B-BENA_1990",12.6909726460775,-8.0488133529822,167,134,9.36666695276896,-10.5250000674278,4.46666677792867,14.3333336512248,20.4000005125999,1.01666668429971,67.499998986721,278.729996681213,153.200000762939,2,"24A_1990",1.21
"3291","209-2-D-BENA",1990,0.043,0.403779478987934,29,1961,16,"209-2","BENA",86,47,10,0,6,0,0,0,0,0,0,NA,NA,NA,0,0,0,0,728.528855,"East","24A","Low Shrub","Black Spruce Woodland","Sandy Loam","Mesic - Xeric",0,561.911133,287,21.070175,-149.692261,67.656,-0.025000680684085,0.975309248150624,"209-2-D-BENA_1990",12.6909726460775,-8.0488133529822,167,134,9.36666695276896,-10.5250000674278,4.46666677792867,14.3333336512248,20.4000005125999,1.01666668429971,67.499998986721,278.729996681213,153.200000762939,2,"24A_1990",1.21
"3292","209-3-A-BENA",1990,0.071,0.922547532282565,30,1960,16,"209-3","BENA",67,52,13,0,10,0,0,0,0,0,0,NA,NA,NA,0,0,1,0,711.058695,"East","24A","Low Shrub","Black Spruce Woodland","Sandy Loam","Mesic - Xeric",0,553.430786,276,18.070417,-149.69261,67.656251,0.841725366388691,2.32036700827435,"209-3-A-BENA_1990",12.6909726460775,-8.0488133529822,167,134,9.36666695276896,-10.5250000674278,4.46666677792867,14.3333336512248,20.4000005125999,1.01666668429971,67.499998986721,278.729996681213,153.200000762939,2,"24A_1990",1.21
"3293","209-3-D-BENA",1990,0.0785,1.7879589189743,8,1982,16,"209-3","BENA",84,39,10,0,8,0,0,0,0,0,0,NA,NA,NA,0,0,1,0,711.058695,"East","24A","Low Shrub","Black Spruce Woodland","Sandy Loam","Mesic - Xeric",0,553.430786,276,18.070417,-149.69261,67.656251,-0.0738858804530317,0.928777679481672,"209-3-D-BENA_1990",12.6909726460775,-8.0488133529822,167,134,9.36666695276896,-10.5250000674278,4.46666677792867,14.3333336512248,20.4000005125999,1.01666668429971,67.499998986721,278.729996681213,153.200000762939,2,"24A_1990",1.21
"3294","209-4-D-BENA",1990,0.133,1.0129635408407,18,1972,16,"209-4","BENA",71,50,9,0,8,0,0,0,0,0,0,NA,NA,NA,0,0,0,0,738.024448,"East","24A","Low Shrub","Black Spruce Woodland","Sandy Loam","Mesic - Xeric",0,561.090881,296,18.584587,-149.691928,67.656444,0.325634019708854,1.38490842692377,"209-4-D-BENA_1990",12.6909726460775,-8.0488133529822,167,134,9.36666695276896,-10.5250000674278,4.46666677792867,14.3333336512248,20.4000005125999,1.01666668429971,67.499998986721,278.729996681213,153.200000762939,2,"24A_1990",1.21
"3295","222-1-B-BENA",1990,0.2535,6.99154062313672,10,1980,17,"222-1","BENA",63,58,19,0,9,0,2,0,0,0.222222222,0,NA,"Hare",NA,1,2,18,0,769.468544,"East","24A","Low Shrub","Tall Shrub","Clay Loam","Mesic",0,669.484009,287,15.029548,-149.809491,67.826198,1.55602617856388,4.73994806342621,"222-1-B-BENA_1990",12.0666666030884,-8.6166666050752,169,126,9.36666695276896,-10.5250000674278,4.46666677792867,14.3333336512248,20.4000005125999,1.01666668429971,67.499998986721,278.729996681213,153.200000762939,2,"24A_1990",1.21
"3296","222-1-D-BENA",1990,0.04175,0.71558431700259,9,1981,17,"222-1","BENA",78,38,9,0,9,0,2,0,0,0.222222222,0,NA,"Hare",NA,1,2,18,0,769.468544,"East","24A","Low Shrub","Tall Shrub","Clay Loam","Mesic",0,669.484009,287,15.029548,-149.809491,67.826198,-0.849061375979813,0.427816302208856,"222-1-D-BENA_1990",12.0666666030884,-8.6166666050752,169,126,9.36666695276896,-10.5250000674278,4.46666677792867,14.3333336512248,20.4000005125999,1.01666668429971,67.499998986721,278.729996681213,153.200000762939,2,"24A_1990",1.21
"3297","222-3-A-BENA",1990,0.0635,0.95955235214919,28,1962,17,"222-3","BENA",126,65,16,0,21,0,3,0,0,0.142857143,0,NA,"Hare",NA,1,2,11,1,778.440723,"East","24A","Low Shrub","Low Shrub","Clay Loam","Mesic",0,672.469177,278,13.422374,-149.809021,67.826615,0.798721482218552,2.2226973530103,"222-3-A-BENA_1990",12.0666666030884,-8.6166666050752,169,126,9.36666695276896,-10.5250000674278,4.46666677792867,14.3333336512248,20.4000005125999,1.01666668429971,67.499998986721,278.729996681213,153.200000762939,2,"24A_1990",1.21
"3298","235-1-A-BENA",1990,0.2065,3.2680221229427,11,1979,18,"235-1","BENA",59,29,10,0,18,0,0,0,0,0,0,NA,NA,NA,0,0,5,0,477.732622,"East","24A","Low Shrub","Low Shrub","Sandy Gravel","Mesic",0,813.776917,295,20.303024,-149.727576,68.004859,0.909247510311561,2.4824538094816,"235-1-A-BENA_1990",9.83333333333333,-9.90000023444494,181,126,8.13333336512248,-11.6750000566244,3.40000009536743,12.9666668574015,11.5999999046326,0.925000015646219,43.1799988150597,288.64999628067,133.000003814697,2,"24A_1990",1.21
"3299","235-2-B-BENA",1990,0.0615,1.01405191610551,7,1983,18,"235-2","BENA",54,38,8,0,9,0,0,0,0,0,0,NA,NA,NA,NA,0,0,0,510.631222,"East","24A","Dwarf Shrub-Lichen","Low Shrub","Sandy Gravel","Mesic",0,828.022217,289,26.243103,-149.726481,68.004961,-0.800354649258915,0.44916963818717,"235-2-B-BENA_1990",9.83333333333333,-9.90000023444494,181,126,8.13333336512248,-11.6750000566244,3.40000009536743,12.9666668574015,11.5999999046326,0.925000015646219,43.1799988150597,288.64999628067,133.000003814697,2,"24A_1990",1.21
"3300","240-3-D-BENA",1990,0.12425,3.01666741806934,6,1984,19,"240-3","BENA",97,46,12,0,13,0,0,2,0,0,0.153846154,NA,NA,"Ptarmagin",1,0,1,3,399.798137,"West","24A","Low Shrub","Low Shrub","Sandy Loam","Mesic",0,1034.808228,93,20.584356,-149.606025,68.07014,0.105890001937537,1.11169958498035,"240-3-D-BENA_1990",8.75162140528361,-10.3988130092621,226.760299682617,171.128393173218,8.13333336512248,-11.6750000566244,3.40000009536743,12.9666668574015,11.5999999046326,0.925000015646219,43.1799988150597,288.64999628067,133.000003814697,2,"24A_1990",1.21
"3301","240-4-B-BENA",1990,0.0915,2.46723251173714,22,1968,19,"240-4","BENA",102,72,15,0,13,0,0,0,0,0,0,NA,NA,NA,0,0,2,0,431.079046,"West","24A","Low Shrub","Low Shrub","Sandy Loam","Mesic",0,1046.807861,94,24.616484,-149.606605,68.070368,1.4553189645389,4.28585028186652,"240-4-B-BENA_1990",8.75162140528361,-10.3988130092621,226.760299682617,171.128393173218,8.13333336512248,-11.6750000566244,3.40000009536743,12.9666668574015,11.5999999046326,0.925000015646219,43.1799988150597,288.64999628067,133.000003814697,2,"24A_1990",1.21
"3302","255-1-A-BENA",1990,0.09225,2.20930873662513,21,1969,20,"255-1","BENA",71,26,15,0,17,0,0,0,0,0,0,NA,NA,NA,0,0,0,0,585.543915,"East","26B","Low Shrub","Low Shrub","Sandy Gravel","Mesic - Xeric",0,991.483582,331,1.701594,-149.392735,68.222633,1.28938742786393,3.6305618933851,"255-1-A-BENA_1990",9.07118034362793,-10.8283850948016,236.774322509766,148.774322509766,6.33333349227905,-13.0666667384406,1.70000004768372,11.0333334604899,7.10000002384186,0.825000014776985,32.4599995017052,304.229997634888,137.700004577637,2,"26B_1990",1.35
"3303","255-2-C-BENA",1990,0.04925,0.658154825197727,9,1981,20,"255-2","BENA",65,27,8,0,20,0,0,0,0,0,0,NA,NA,NA,0,0,1,1,631.079496,"East","26B","Low Shrub","Low Shrub","Sandy Gravel","Mesic - Xeric",0,993.382141,286,2.676414,-149.39171,68.222788,-0.932720611202568,0.393481741992941,"255-2-C-BENA_1990",9.07118034362793,-10.8283850948016,236.774322509766,148.774322509766,6.33333349227905,-13.0666667384406,1.70000004768372,11.0333334604899,7.10000002384186,0.825000014776985,32.4599995017052,304.229997634888,137.700004577637,2,"26B_1990",1.35
"3304","255-4-D-BENA",1990,0.07775,0.724777009806074,13,1977,20,"255-4","BENA",56,29,5,0,12,0,0,0,0,0,0,NA,NA,NA,0,0,0,2,644.564014,"East","26B","Low Shrub","Low Shrub","Sandy Gravel","Mesic - Xeric",0,993.003235,239,7.430982,-149.391619,68.223199,-0.397476584917501,0.672013677719073,"255-4-D-BENA_1990",9.07118034362793,-10.8283850948016,236.774322509766,148.774322509766,6.33333349227905,-13.0666667384406,1.70000004768372,11.0333334604899,7.10000002384186,0.825000014776985,32.4599995017052,304.229997634888,137.700004577637,2,"26B_1990",1.35
"3305","261-1-C-BENA",1990,0.065,0.792786144843853,14,1976,21,"261-1","BENA",52,23,10,0,13,0,0,0,0,0,0,NA,NA,NA,0,0,0,0,356.206777,"East","26B","Dwarf Shrub","Low Shrub","Sandy Loam","Mesic",0,883.832947,287,13.943512,-149.352299,68.301689,-0.219351205899028,0.803039636364687,"261-1-C-BENA_1990",9.29616514841715,-10.9570902585983,254.419727325439,150.115049362183,6.33333349227905,-13.0666667384406,1.70000004768372,11.0333334604899,7.10000002384186,0.825000014776985,32.4599995017052,304.229997634888,137.700004577637,2,"26B_1990",1.35
"3306","261-3-D-BENA",1990,0.101333333333333,2.91840175802516,10,1980,21,"261-3","BENA",74,41,14,0,26,0,0,0,0,0,0,NA,NA,NA,0,0,0,1,380.53651,"East","26B","Tussock Tundra (Low shrub or Herbaceous)","Low Shrub","Sandy Loam","Mesic",0,884.224731,295,11.657486,-149.351558,68.302088,0.682361366012489,1.97854428757433,"261-3-D-BENA_1990",9.29616514841715,-10.9570902585983,254.419727325439,150.115049362183,6.33333349227905,-13.0666667384406,1.70000004768372,11.0333334604899,7.10000002384186,0.825000014776985,32.4599995017052,304.229997634888,137.700004577637,2,"26B_1990",1.35
"3307","261-4-A-BENA",1990,0.06675,0.707794345318936,25,1965,21,"261-4","BENA",45,23,13,0,13,0,0,0,0,0,0,NA,NA,NA,0,0,0,0,405.679111,"East","26B","Low Shrub","Low Shrub","Sandy Loam","Mesic",0,886.626587,308,9.946874,-149.350886,68.302265,0.359168685104376,1.4321383616063,"261-4-A-BENA_1990",9.29616514841715,-10.9570902585983,254.419727325439,150.115049362183,6.33333349227905,-13.0666667384406,1.70000004768372,11.0333334604899,7.10000002384186,0.825000014776985,32.4599995017052,304.229997634888,137.700004577637,2,"26B_1990",1.35
"3308","268-4-C-BENA",1990,0.0575,0.781274823039611,11,1979,22,"268-4","BENA",58,32,8,0,18,0,0,0,0,0,0,NA,NA,NA,0,0,0,5,171.881056,"West","26B","Dwarf Shrub-Lichen","Low Shrub","Sandy Gravel","Mesic",0,820.486511,188,1.085947,-149.326166,68.400831,-0.521765741175182,0.593471704824427,"268-4-C-BENA_1990",10.3273150126139,-10.3280091981093,258.909729003906,136,6.33333349227905,-13.0666667384406,1.70000004768372,11.0333334604899,7.10000002384186,0.825000014776985,32.4599995017052,304.229997634888,137.700004577637,2,"26B_1990",1.35
"3309","72-1-C-BENA",1990,0.0315,0.351061198066207,22,1968,2,"72-1","BENA",118,71,9,0,11,0,2,0,0,0.181818182,0,NA,"Hare",NA,1,0,0,0,895.937772,"West","20F","Tussock Tundra (Low shrub or Herbaceous)","Black Spruce Woodland","Clay Loam","Mesic",0,130.808105,148,1.606934,-150.14017,66.022623,-0.494572834595011,0.609831350522002,"72-1-C-BENA_1990",15.9673643112183,-6.4961108888189,120.413414001465,139.329273223877,13.5000003178914,-6.47500020265579,8.03333361943563,19.0333340962728,104.400001049042,1.28333334252238,132.119996070862,242.47999663651,223.200008392334,2,"20F_1990",0.375
"3310","72-1-D-BENA",1990,0.125,2.32124427192116,34,1956,2,"72-1","BENA",65,41,8,7,4,0,0,0,0,0,0,NA,NA,NA,0,0,0,0,895.937772,"West","20F","Tussock Tundra (Low shrub or Herbaceous)","Black Spruce Woodland","Clay Loam","Mesic",0,130.808105,148,1.606934,-150.14017,66.022623,1.91380712700016,6.77884766776108,"72-1-D-BENA_1990",15.9673643112183,-6.4961108888189,120.413414001465,139.329273223877,13.5000003178914,-6.47500020265579,8.03333361943563,19.0333340962728,104.400001049042,1.28333334252238,132.119996070862,242.47999663651,223.200008392334,2,"20F_1990",0.375
"3311","72-2-A-BENA",1990,0.08725,1.35825364296214,21,1969,2,"72-2","BENA",121,72,12,21,14,0,0,0,0,0,0,NA,NA,NA,0,0,0,0,855.94066,"West","20F","Tussock Tundra (Low shrub or Herbaceous)","Black Spruce Woodland","Clay Loam","Mesic",0,131.055786,179,2.125059,-150.13956,66.022889,0.802907538666073,2.23202119103672,"72-2-A-BENA_1990",15.9673643112183,-6.4961108888189,120.413414001465,139.329273223877,13.5000003178914,-6.47500020265579,8.03333361943563,19.0333340962728,104.400001049042,1.28333334252238,132.119996070862,242.47999663651,223.200008392334,2,"20F_1990",0.375
"3312","72-3-D-BENA",1990,0.088,1.34566979723865,34,1956,2,"72-3","BENA",104,47,11,0,9,0,0,0,0,0,0,NA,NA,NA,0,0,1,0,885.368743,"West","20F","Tussock Tundra (Low shrub or Herbaceous)","Black Spruce Woodland","Clay Loam","Mesic",0,132.401993,119,2.284806,-150.140609,66.023021,1.36859564059806,3.92982792760451,"72-3-D-BENA_1990",15.9673643112183,-6.4961108888189,120.413414001465,139.329273223877,13.5000003178914,-6.47500020265579,8.03333361943563,19.0333340962728,104.400001049042,1.28333334252238,132.119996070862,242.47999663651,223.200008392334,2,"20F_1990",0.375
"3313","102-3-B-BENA",1989,0.10625,3.70052616531008,9,1980,5,"102-3","BENA",72,NA,16,0,12,0,0,0,0,0,0,NA,NA,NA,0,0,0,0,939.238254,"West","24A","Tussock Tundra (Low shrub or Herbaceous)","Low Shrub","Sandy Loam","Mesic",2004,424.339783,330,3.896938,-150.565669,66.401242,0.794069483859394,2.21238138211509,"102-3-B-BENA_1989",12.9333330790202,-6.55000013113022,226,197,13.2000001271566,-5.99999998013179,8.1333335240682,18.3333333333333,98.1000018119812,1.05000001254181,119.479997158051,245.319996889681,158.900001525879,2,"24A_1989",1.25
"3314","121-1-C-BENA",1989,0.0385,0.578631101308783,17,1972,7,"121-1","BENA",60,36,11,0,11,0,0,0,0,0,0,NA,NA,NA,0,0,0,0,1394.51987,"East","24A","Tall Shrub (Open-Closed)","Low Shrub","Clay Loam","Mesic",2005,466.470276,61,7.209129,-150.675843,66.599029,-0.302545693085974,0.738934723279697,"121-1-C-BENA_1989",13.4333330790202,-6.3333335518837,235,173,13.2333335876465,-6.15833363930384,8.20000028610229,18.3000005086263,99.4000015258789,1.05833335655431,118.189997196198,246.039999678731,150.5,2,"24A_1989",1.25
"3315","129-3-A-BENA",1989,0.043,0.839372295982454,37,1952,8,"129-3","BENA",51,35,12,0,6,0,0,0,0,0,0,NA,NA,NA,0,0,0,0,1022.673056,"East","24A","Tussock Tundra (Low shrub or Herbaceous)","Low Shrub-Tussock Tundra","Sandy Loam","Mesic - Hydric",2005,301.546051,352,6.265718,-150.646771,66.710061,0.997508426868387,2.71151746094867,"129-3-A-BENA_1989",13.6666666666667,-6.25833324591319,223,157,13.2333335876465,-6.15833363930384,8.20000028610229,18.3000005086263,99.4000015258789,1.05833335655431,118.189997196198,246.039999678731,150.5,2,"24A_1989",1.25
"3316","129-4-D-BENA",1989,0.04775,1.5330754201528,28,1961,8,"129-4","BENA",87,41,18,0,9,0,0,0,0,0,0,NA,NA,NA,0,0,0,0,1057.255538,"East","24A","Tussock Tundra (Low shrub or Herbaceous)","Tall Shrub","Sandy Loam","Mesic - Hydric",2005,303.823029,358,6.979915,-150.646167,66.709845,1.26728568176583,3.55120038078859,"129-4-D-BENA_1989",13.6666666666667,-6.25833324591319,223,157,13.2333335876465,-6.15833363930384,8.20000028610229,18.3000005086263,99.4000015258789,1.05833335655431,118.189997196198,246.039999678731,150.5,2,"24A_1989",1.25
"3317","173-1-A-BENA",1989,0.04725,0.493229850264057,21,1968,12,"173-1","BENA",69,40,12,0,9,0,0,0,0,0,0,NA,NA,NA,0,0,0,0,1301.486525,"East","24A","Low Shrub","Low Shrub","Clay Loam","Mesic",0,349.871613,358,2.901099,-150.191497,67.228159,-0.21007223575337,0.810525694921275,"173-1-A-BENA_1989",13.9020401636759,-6.75200998783112,212.789543151855,196.608047485352,12.1000003814697,-7.47500006357829,7.19999996821086,17.0666672388713,63.9000005722046,1.05000002371768,107.209997415543,257.519997477531,144,2,"24A_1989",1.25
"3318","173-2-A-BENA",1989,0.08725,1.54135508759132,30,1959,12,"173-2","BENA",94,43,12,0,6,0,0,0,0,0,0,NA,NA,NA,0,2,0,0,1323.706943,"East","24A","Tussock Tundra (Low shrub or Herbaceous)","Low Shrub","Clay Loam","Mesic",0,348.371155,13,2.823825,-150.190835,67.228457,1.35500370179805,3.8767753076459,"173-2-A-BENA_1989",13.9020401636759,-6.75200998783112,212.789543151855,196.608047485352,12.1000003814697,-7.47500006357829,7.19999996821086,17.0666672388713,63.9000005722046,1.05000002371768,107.209997415543,257.519997477531,144,2,"24A_1989",1.25
"3319","173-3-B-BENA",1989,0.1095,1.05110543065828,24,1965,12,"173-3","BENA",70,51,14,0,9,0,0,0,0,0,0,NA,NA,NA,0,0,0,0,1278.311889,"East","24A","Low Shrub","Low Shrub","Clay Loam","Mesic",0,347.24527,24,1.739254,-150.191816,67.228627,0.705898323054086,2.02566556990819,"173-3-B-BENA_1989",13.9020401636759,-6.75200998783112,212.789543151855,196.608047485352,12.1000003814697,-7.47500006357829,7.19999996821086,17.0666672388713,63.9000005722046,1.05000002371768,107.209997415543,257.519997477531,144,2,"24A_1989",1.25
"3320","173-4-C-BENA",1989,0.16675,4.1695372814581,20,1969,12,"173-4","BENA",119,74,14,0,14,0,0,0,0,0,0,NA,NA,NA,0,1,0,0,1308.377258,"East","24A","Low Shrub","Low Shrub","Clay Loam","Mesic",0,346.165253,355,1.872125,-150.190975,67.22891,1.86628962757965,6.46426700983117,"173-4-C-BENA_1989",13.9020401636759,-6.75200998783112,212.789543151855,196.608047485352,12.1000003814697,-7.47500006357829,7.19999996821086,17.0666672388713,63.9000005722046,1.05000002371768,107.209997415543,257.519997477531,144,2,"24A_1989",1.25
"3321","184-1-B-BENA",1989,0.0955,2.08530359505309,37,1952,13,"184-1","BENA",128,51,19,0,13,0,1,0,0,0.076923077,0,NA,"Hare",NA,1,2,0,0,692.283244,"East","24A","White Spruce or Black Spruce (Open-Closed)","Tall Shrub","Clay Loam","Mesic",0,423.977753,249,10.469168,-150.109686,67.368938,1.9075238138326,6.73638757965833,"184-1-B-BENA_1989",13.5666666030884,-6.63333350419998,174,131,12.1000003814697,-7.47500006357829,7.19999996821086,17.0666672388713,63.9000005722046,1.05000002371768,107.209997415543,257.519997477531,144,2,"24A_1989",1.25
"3322","184-2-D-BENA",1989,0.11825,1.90919710281668,18,1971,13,"184-2","BENA",84,38,12,10,7,0,0,0,0,0,0,NA,NA,NA,0,1,0,0,706.210196,"East","24A","White Spruce or Black Spruce (Open-Closed)","Tall Shrub","Clay Loam","Mesic",0,429.192566,258,16.706417,-150.109279,67.369156,0.959436575025711,2.61022539286541,"184-2-D-BENA_1989",13.5651620229085,-6.63408571481705,173.413238525391,130.277831077576,12.1000003814697,-7.47500006357829,7.19999996821086,17.0666672388713,63.9000005722046,1.05000002371768,107.209997415543,257.519997477531,144,2,"24A_1989",1.25
"3323","184-3-B-BENA",1989,0.309666666666667,9.01472019287681,12,1977,13,"184-3","BENA",71,35,17,0,17,0,2,0,0,0.117647059,0,NA,"Hare",NA,1,1,3,0,683.765397,"East","24A","White Spruce or Black Spruce (Open-Closed)","Tall Shrub","Clay Loam","Mesic",0,425.482941,261,10.788996,-150.109693,67.36937,2.02775542091692,7.59701510585815,"184-3-B-BENA_1989",13.5651620229085,-6.63408571481705,173.413238525391,130.277831077576,12.1000003814697,-7.47500006357829,7.19999996821086,17.0666672388713,63.9000005722046,1.05000002371768,107.209997415543,257.519997477531,144,2,"24A_1989",1.25
"3324","191-3-A-BENA",1989,0.133666666666667,2.59556403376699,8,1981,14,"191-3","BENA",102,51,9,0,9,0,1,0,0,0.111111111,0,NA,"Hare",NA,1,2,0,0,1608.343863,"East","24A","Low Shrub","Low Shrub","Clay Loam","Mesic",0,494.475037,298,4.15829,-149.859591,67.475979,0.298843266077427,1.34829828283255,"191-3-A-BENA_1989",12.8453690210978,-6.86553835868835,176.368103027344,126.684051513672,10.3333336512248,-8.94999998807907,5.56666660308838,15.1333332061768,29.900000333786,0.900000002856056,83.2299973964691,271.479996681213,145.600002288818,2,"24A_1989",1.25
"3325","191-4-B-BENA",1989,0.20025,3.88864866039789,6,1983,14,"191-4","BENA",77,59,11,0,12,0,1,0,0,0.083333333,0,NA,"Hare",NA,1,1,0,0,1634.196324,"East","24A","Low Shrub","Low Shrub","Clay Loam","Mesic",0,497.007599,303,3.553675,-149.85875,67.475963,0.359798993014704,1.43304133428983,"191-4-B-BENA_1989",12.8453690210978,-6.86553835868835,176.368103027344,126.684051513672,10.3333336512248,-8.94999998807907,5.56666660308838,15.1333332061768,29.900000333786,0.900000002856056,83.2299973964691,271.479996681213,145.600002288818,2,"24A_1989",1.25
"3326","203-2-C-BENA",1989,0.09975,1.77863172673533,13,1976,15,"203-2","BENA",118,35,14,0,38,0,0,0,0,0,0,NA,NA,NA,0,0,1,0,933.944119,"East","24A","Low Shrub","Low Shrub","Loam","Mesic",0,566.911377,300,26.508135,-149.793674,67.571447,0.500259035064253,1.6491484026391,"203-2-C-BENA_1989",13.2000001271566,-6.95000020662944,144,113,9.53333346048991,-9.75000001986822,4.86666679382324,14.2666670481364,23.0999997854233,0.891666666294138,70.2799980044365,277.849996805191,139.400001525879,2,"24A_1989",1.25
"3327","203-4-B-BENA",1989,0.153,3.77152753372803,10,1979,15,"203-4","BENA",99,36,12,0,12,0,0,0,0,0,0,NA,NA,NA,0,1,1,0,951.384807,"East","24A","Low Shrub","Low Shrub","Loam","Mesic",0,569.135193,316,29.227108,-149.792864,67.571712,0.938805343477644,2.55692494591163,"203-4-B-BENA_1989",13.2000001271566,-6.95000020662944,144,113,9.53333346048991,-9.75000001986822,4.86666679382324,14.2666670481364,23.0999997854233,0.891666666294138,70.2799980044365,277.849996805191,139.400001525879,2,"24A_1989",1.25
"3328","209-2-B-BENA",1989,0.06675,1.71540913807725,21,1968,16,"209-2","BENA",104,57,18,0,18,0,0,0,0,0,0,NA,NA,NA,0,0,0,0,728.528855,"East","24A","Low Shrub","Black Spruce Woodland","Sandy Loam","Mesic - Xeric",0,561.911133,287,21.070175,-149.692261,67.656,1.03635936676276,2.81893559963982,"209-2-B-BENA_1989",12.4273147583008,-7.41397500038147,134,109,9.53333346048991,-9.75000001986822,4.86666679382324,14.2666670481364,23.0999997854233,0.891666666294138,70.2799980044365,277.849996805191,139.400001525879,2,"24A_1989",1.25
"3329","209-2-D-BENA",1989,0.05425,0.525993912747427,28,1961,16,"209-2","BENA",86,47,10,0,6,0,0,0,0,0,0,NA,NA,NA,0,0,0,0,728.528855,"East","24A","Low Shrub","Black Spruce Woodland","Sandy Loam","Mesic - Xeric",0,561.911133,287,21.070175,-149.692261,67.656,0.197544246300066,1.21840697377756,"209-2-D-BENA_1989",12.4273147583008,-7.41397500038147,134,109,9.53333346048991,-9.75000001986822,4.86666679382324,14.2666670481364,23.0999997854233,0.891666666294138,70.2799980044365,277.849996805191,139.400001525879,2,"24A_1989",1.25
"3330","209-3-A-BENA",1989,0.039,0.52022889387855,29,1960,16,"209-3","BENA",67,52,13,0,10,0,0,0,0,0,0,NA,NA,NA,0,0,1,0,711.058695,"East","24A","Low Shrub","Black Spruce Woodland","Sandy Loam","Mesic - Xeric",0,553.430786,276,18.070417,-149.69261,67.656251,0.228399329731268,1.25658701781147,"209-3-A-BENA_1989",12.4273147583008,-7.41397500038147,134,109,9.53333346048991,-9.75000001986822,4.86666679382324,14.2666670481364,23.0999997854233,0.891666666294138,70.2799980044365,277.849996805191,139.400001525879,2,"24A_1989",1.25
"3331","209-3-D-BENA",1989,0.083,1.93256485802271,7,1982,16,"209-3","BENA",84,39,10,0,8,0,0,0,0,0,0,NA,NA,NA,0,0,1,0,711.058695,"East","24A","Low Shrub","Black Spruce Woodland","Sandy Loam","Mesic - Xeric",0,553.430786,276,18.070417,-149.69261,67.656251,-0.155460689796728,0.856020726616305,"209-3-D-BENA_1989",12.4273147583008,-7.41397500038147,134,109,9.53333346048991,-9.75000001986822,4.86666679382324,14.2666670481364,23.0999997854233,0.891666666294138,70.2799980044365,277.849996805191,139.400001525879,2,"24A_1989",1.25
"3332","209-4-D-BENA",1989,0.0266666666666667,0.216476690042552,17,1972,16,"209-4","BENA",71,50,9,0,8,0,0,0,0,0,0,NA,NA,NA,0,0,0,0,738.024448,"East","24A","Low Shrub","Black Spruce Woodland","Sandy Loam","Mesic - Xeric",0,561.090881,296,18.584587,-149.691928,67.656444,-1.28572796247138,0.276449265674254,"209-4-D-BENA_1989",12.4273147583008,-7.41397500038147,134,109,9.53333346048991,-9.75000001986822,4.86666679382324,14.2666670481364,23.0999997854233,0.891666666294138,70.2799980044365,277.849996805191,139.400001525879,2,"24A_1989",1.25
"3333","222-1-B-BENA",1989,0.26775,7.82301161724586,9,1980,17,"222-1","BENA",63,58,19,0,9,0,2,0,0,0.222222222,0,NA,"Hare",NA,1,2,18,0,769.468544,"East","24A","Low Shrub","Tall Shrub","Clay Loam","Mesic",0,669.484009,287,15.029548,-149.809491,67.826198,1.54266406519254,4.67703361114178,"222-1-B-BENA_1989",11.8999999364217,-7.96666653951009,141,109,9.53333346048991,-9.75000001986822,4.86666679382324,14.2666670481364,23.0999997854233,0.891666666294138,70.2799980044365,277.849996805191,139.400001525879,2,"24A_1989",1.25
"3334","222-1-D-BENA",1989,0.109,1.91985397414628,8,1981,17,"222-1","BENA",78,38,9,0,9,0,2,0,0,0.222222222,0,NA,"Hare",NA,1,2,18,0,769.468544,"East","24A","Low Shrub","Tall Shrub","Clay Loam","Mesic",0,669.484009,287,15.029548,-149.809491,67.826198,-0.00271145296003938,0.997292219708365,"222-1-D-BENA_1989",11.8999999364217,-7.96666653951009,141,109,9.53333346048991,-9.75000001986822,4.86666679382324,14.2666670481364,23.0999997854233,0.891666666294138,70.2799980044365,277.849996805191,139.400001525879,2,"24A_1989",1.25
"3335","222-3-A-BENA",1989,0.056,0.867242935208769,27,1962,17,"222-3","BENA",126,65,16,0,21,0,3,0,0,0.142857143,0,NA,"Hare",NA,1,2,11,1,778.440723,"East","24A","Low Shrub","Low Shrub","Clay Loam","Mesic",0,672.469177,278,13.422374,-149.809021,67.826615,0.654174830667136,1.92355460404842,"222-3-A-BENA_1989",11.8999999364217,-7.96666653951009,141,109,9.53333346048991,-9.75000001986822,4.86666679382324,14.2666670481364,23.0999997854233,0.891666666294138,70.2799980044365,277.849996805191,139.400001525879,2,"24A_1989",1.25
"3336","235-1-A-BENA",1989,0.1395,2.35933058505879,10,1979,18,"235-1","BENA",59,29,10,0,18,0,0,0,0,0,0,NA,NA,NA,0,0,5,0,477.732622,"East","24A","Low Shrub","Low Shrub","Sandy Gravel","Mesic",0,813.776917,295,20.303024,-149.727576,68.004859,0.469703171123624,1.59951933921745,"235-1-A-BENA_1989",9.63333336512248,-9.2583333880951,156,121,8.36666695276896,-10.8916668742895,3.63333328564962,13.1000003814697,14.9000002741814,0.833333368723591,50.5399987101555,288.229999065399,138.500003814697,2,"24A_1989",1.25
"3337","235-2-B-BENA",1989,0.03075,0.515937674663284,6,1983,18,"235-2","BENA",54,38,8,0,9,0,0,0,0,0,0,NA,NA,NA,NA,0,0,0,510.631222,"East","24A","Dwarf Shrub-Lichen","Low Shrub","Sandy Gravel","Mesic",0,828.022217,289,26.243103,-149.726481,68.004961,-1.66003202252192,0.190132891469349,"235-2-B-BENA_1989",9.63333336512248,-9.2583333880951,156,121,8.36666695276896,-10.8916668742895,3.63333328564962,13.1000003814697,14.9000002741814,0.833333368723591,50.5399987101555,288.229999065399,138.500003814697,2,"24A_1989",1.25
"3338","240-4-B-BENA",1989,0.0755,2.07541464677776,21,1968,19,"240-4","BENA",102,72,15,0,13,0,0,0,0,0,0,NA,NA,NA,0,0,2,0,431.079046,"West","24A","Low Shrub","Low Shrub","Sandy Loam","Mesic",0,1046.807861,94,24.616484,-149.606605,68.070368,1.22686871361207,3.41053344181979,"240-4-B-BENA_1989",8.58645947774251,-9.74047969281673,197.579750061035,167.17353105545,8.36666695276896,-10.8916668742895,3.63333328564962,13.1000003814697,14.9000002741814,0.833333368723591,50.5399987101555,288.229999065399,138.500003814697,2,"24A_1989",1.25
"3339","255-1-A-BENA",1989,0.0535,1.30577628292705,20,1969,20,"255-1","BENA",71,26,15,0,17,0,0,0,0,0,0,NA,NA,NA,0,0,0,0,585.543915,"East","26B","Low Shrub","Low Shrub","Sandy Gravel","Mesic - Xeric",0,991.483582,331,1.701594,-149.392735,68.222633,0.705282278342492,2.02441805364874,"255-1-A-BENA_1989",9.00451374053955,-10.1283850222826,211.819458007812,166.909729003906,6.53333330154419,-12.5083335389694,1.96666673074166,11.1666666666667,4.80000007152557,0.69166668318212,40.7999997138977,303.449998855591,139.500003814697,2,"26B_1989",1.42
"3340","255-2-C-BENA",1989,0.051,0.697603215100222,8,1981,20,"255-2","BENA",65,27,8,0,20,0,0,0,0,0,0,NA,NA,NA,0,0,1,1,631.079496,"East","26B","Low Shrub","Low Shrub","Sandy Gravel","Mesic - Xeric",0,993.382141,286,2.676414,-149.39171,68.222788,-1.01506537857131,0.362378737253892,"255-2-C-BENA_1989",9.00451374053955,-10.1283850222826,211.819458007812,166.909729003906,6.53333330154419,-12.5083335389694,1.96666673074166,11.1666666666667,4.80000007152557,0.69166668318212,40.7999997138977,303.449998855591,139.500003814697,2,"26B_1989",1.42
"3341","255-4-D-BENA",1989,0.01875,0.18046977173317,12,1977,20,"255-4","BENA",56,29,5,0,12,0,0,0,0,0,0,NA,NA,NA,0,0,0,2,644.564014,"East","26B","Low Shrub","Low Shrub","Sandy Gravel","Mesic - Xeric",0,993.003235,239,7.430982,-149.391619,68.223199,-1.88329538216237,0.152088090664313,"255-4-D-BENA_1989",9.00451374053955,-10.1283850222826,211.819458007812,166.909729003906,6.53333330154419,-12.5083335389694,1.96666673074166,11.1666666666667,4.80000007152557,0.69166668318212,40.7999997138977,303.449998855591,139.500003814697,2,"26B_1989",1.42
"3342","261-1-C-BENA",1989,0.0986666666666667,1.25414059000965,13,1976,21,"261-1","BENA",52,23,10,0,13,0,0,0,0,0,0,NA,NA,NA,0,0,0,0,356.206777,"East","26B","Dwarf Shrub","Low Shrub","Sandy Loam","Mesic",0,883.832947,287,13.943512,-149.352299,68.301689,0.150865208373262,1.16283990643503,"261-1-C-BENA_1989",9.19827238718669,-10.2508640487989,236.546157836914,171.798996448517,6.53333330154419,-12.5083335389694,1.96666673074166,11.1666666666667,4.80000007152557,0.69166668318212,40.7999997138977,303.449998855591,139.500003814697,2,"26B_1989",1.42
"3343","261-3-D-BENA",1989,0.138333333333333,4.08815960978971,9,1980,21,"261-3","BENA",74,41,14,0,26,0,0,0,0,0,0,NA,NA,NA,0,0,0,1,380.53651,"East","26B","Tussock Tundra (Low shrub or Herbaceous)","Low Shrub","Sandy Loam","Mesic",0,884.224731,295,11.657486,-149.351558,68.302088,0.893689363108948,2.44413032195269,"261-3-D-BENA_1989",9.19827238718669,-10.2508640487989,236.546157836914,171.798996448517,6.53333330154419,-12.5083335389694,1.96666673074166,11.1666666666667,4.80000007152557,0.69166668318212,40.7999997138977,303.449998855591,139.500003814697,2,"26B_1989",1.42
"3344","261-4-A-BENA",1989,0.15825,1.78988962400946,24,1965,21,"261-4","BENA",45,23,13,0,13,0,0,0,0,0,0,NA,NA,NA,0,0,0,0,405.679111,"East","26B","Low Shrub","Low Shrub","Sandy Loam","Mesic",0,886.626587,308,9.946874,-149.350886,68.302265,1.23820987696434,3.44943302502129,"261-4-A-BENA_1989",9.19827238718669,-10.2508640487989,236.546157836914,171.798996448517,6.53333330154419,-12.5083335389694,1.96666673074166,11.1666666666667,4.80000007152557,0.69166668318212,40.7999997138977,303.449998855591,139.500003814697,2,"26B_1989",1.42
"3345","268-4-C-BENA",1989,0.0555,0.773802544913049,10,1979,22,"268-4","BENA",58,32,8,0,18,0,0,0,0,0,0,NA,NA,NA,0,0,0,5,171.881056,"West","26B","Dwarf Shrub-Lichen","Low Shrub","Sandy Gravel","Mesic",0,820.486511,188,1.085947,-149.326166,68.400831,-0.645113305148639,0.524603098506971,"268-4-C-BENA_1989",10.3273150126139,-9.62876140574614,251.045135498047,150,6.53333330154419,-12.5083335389694,1.96666673074166,11.1666666666667,4.80000007152557,0.69166668318212,40.7999997138977,303.449998855591,139.500003814697,2,"26B_1989",1.42
"3346","72-1-C-BENA",1989,0.0385,0.437541389837906,21,1968,2,"72-1","BENA",118,71,9,0,11,0,2,0,0,0.181818182,0,NA,"Hare",NA,1,0,0,0,895.937772,"West","20F","Tussock Tundra (Low shrub or Herbaceous)","Black Spruce Woodland","Clay Loam","Mesic",0,130.808105,148,1.606934,-150.14017,66.022623,-0.329876222195177,0.719012725741008,"72-1-C-BENA_1989",15.2668568293254,-6.00592929124832,110.310771942139,110.247561454773,13.0000003178914,-6.14166694879532,7.9333332379659,18.1666673024495,89.5000019073486,1.04166667784254,116.649997234344,247.429996982217,159.400001525879,2,"20F_1989",0.375
"3347","72-1-D-BENA",1989,0.11525,2.22717418864793,33,1956,2,"72-1","BENA",65,41,8,7,4,0,0,0,0,0,0,NA,NA,NA,0,0,0,0,895.937772,"West","20F","Tussock Tundra (Low shrub or Herbaceous)","Black Spruce Woodland","Clay Loam","Mesic",0,130.808105,148,1.606934,-150.14017,66.022623,1.83681266826516,6.27650105438324,"72-1-D-BENA_1989",15.2668568293254,-6.00592929124832,110.310771942139,110.247561454773,13.0000003178914,-6.14166694879532,7.9333332379659,18.1666673024495,89.5000019073486,1.04166667784254,116.649997234344,247.429996982217,159.400001525879,2,"20F_1989",0.375
"3348","72-2-A-BENA",1989,0.0485,0.775701637672146,20,1969,2,"72-2","BENA",121,72,12,21,14,0,0,0,0,0,0,NA,NA,NA,0,0,0,0,855.94066,"West","20F","Tussock Tundra (Low shrub or Herbaceous)","Black Spruce Woodland","Clay Loam","Mesic",0,131.055786,179,2.125059,-150.13956,66.022889,0.184497241335883,1.20261366367314,"72-2-A-BENA_1989",15.2668568293254,-6.00592929124832,110.310771942139,110.247561454773,13.0000003178914,-6.14166694879532,7.9333332379659,18.1666673024495,89.5000019073486,1.04166667784254,116.649997234344,247.429996982217,159.400001525879,2,"20F_1989",0.375
"3349","72-3-D-BENA",1989,0.04525,0.710891955675369,33,1956,2,"72-3","BENA",104,47,11,0,9,0,0,0,0,0,0,NA,NA,NA,0,0,1,0,885.368743,"West","20F","Tussock Tundra (Low shrub or Herbaceous)","Black Spruce Woodland","Clay Loam","Mesic",0,132.401993,119,2.284806,-150.140609,66.023021,0.694844244521504,2.00339700957909,"72-3-D-BENA_1989",15.2668568293254,-6.00592929124832,110.310771942139,110.247561454773,13.0000003178914,-6.14166694879532,7.9333332379659,18.1666673024495,89.5000019073486,1.04166667784254,116.649997234344,247.429996982217,159.400001525879,2,"20F_1989",0.375
"3350","102-3-B-BENA",1988,0.11325,4.02242042448133,8,1980,5,"102-3","BENA",72,NA,16,0,12,0,0,0,0,0,0,NA,NA,NA,0,0,0,0,939.238254,"West","24A","Tussock Tundra (Low shrub or Herbaceous)","Low Shrub","Sandy Loam","Mesic",2004,424.339783,330,3.896938,-150.565669,66.401242,0.736923236110951,2.08949672618466,"102-3-B-BENA_1988",13.2000001271566,-5.44999984900157,170,129,13.1666669845581,-4.99166677395503,7.86666695276896,18.466667175293,59.7000007629395,1.09166669410964,113.119996547699,248.269998148084,136.100002288818,2,"24A_1988",1.29
"3351","121-1-C-BENA",1988,0.0455,0.695843923214217,16,1972,7,"121-1","BENA",60,36,11,0,11,0,0,0,0,0,0,NA,NA,NA,0,0,0,0,1394.51987,"East","24A","Tall Shrub (Open-Closed)","Low Shrub","Clay Loam","Mesic",2005,466.470276,61,7.209129,-150.675843,66.599029,-0.190431154142121,0.826602663939679,"121-1-C-BENA_1988",13.6666666666667,-5.30833351612091,177,117,13.200000445048,-5.35833334922791,8.00000015894572,18.5000006357829,60.7000007629395,1.15000000720223,102.729998111725,248.469997938722,129.89999961853,2,"24A_1988",1.29
"3352","129-3-A-BENA",1988,0.0155,0.305413071411389,36,1952,8,"129-3","BENA",51,35,12,0,6,0,0,0,0,0,0,NA,NA,NA,0,0,0,0,1022.673056,"East","24A","Tussock Tundra (Low shrub or Herbaceous)","Low Shrub-Tussock Tundra","Sandy Loam","Mesic - Hydric",2005,301.546051,352,6.265718,-150.646771,66.710061,-0.0461769809129795,0.954872952948459,"129-3-A-BENA_1988",13.8999999364217,-5.2250000834465,169,108,13.200000445048,-5.35833334922791,8.00000015894572,18.5000006357829,60.7000007629395,1.15000000720223,102.729998111725,248.469997938722,129.89999961853,2,"24A_1988",1.29
"3353","129-4-D-BENA",1988,0.05,1.62066911017064,27,1961,8,"129-4","BENA",87,41,18,0,9,0,0,0,0,0,0,NA,NA,NA,0,0,0,0,1057.255538,"East","24A","Tussock Tundra (Low shrub or Herbaceous)","Tall Shrub","Sandy Loam","Mesic - Hydric",2005,303.823029,358,6.979915,-150.646167,66.709845,1.27945006497178,3.59466235116385,"129-4-D-BENA_1988",13.8999999364217,-5.2250000834465,169,108,13.200000445048,-5.35833334922791,8.00000015894572,18.5000006357829,60.7000007629395,1.15000000720223,102.729998111725,248.469997938722,129.89999961853,2,"24A_1988",1.29
"3354","173-1-A-BENA",1988,0.0615,0.662993074233794,20,1968,12,"173-1","BENA",69,40,12,0,9,0,0,0,0,0,0,NA,NA,NA,0,0,0,0,1301.486525,"East","24A","Low Shrub","Low Shrub","Clay Loam","Mesic",0,349.871613,358,2.901099,-150.191497,67.228159,0.0274938266512705,1.02787526965518,"173-1-A-BENA_1988",13.6304477055868,-6.1430232723554,177.732040405273,149.737746238708,11.3666667938232,-7.22500023245811,6.30000019073486,16.4666665395101,37.0000007152557,1.06666667759418,101.939997196198,264.229997515678,124.600002288818,2,"24A_1988",1.29
"3355","173-2-A-BENA",1988,0.09325,1.7002289623751,29,1959,12,"173-2","BENA",94,43,12,0,6,0,0,0,0,0,0,NA,NA,NA,0,2,0,0,1323.706943,"East","24A","Tussock Tundra (Low shrub or Herbaceous)","Low Shrub","Clay Loam","Mesic",0,348.371155,13,2.823825,-150.190835,67.228457,1.41264863919648,4.10681849195096,"173-2-A-BENA_1988",13.6304477055868,-6.1430232723554,177.732040405273,149.737746238708,11.3666667938232,-7.22500023245811,6.30000019073486,16.4666665395101,37.0000007152557,1.06666667759418,101.939997196198,264.229997515678,124.600002288818,2,"24A_1988",1.29
"3356","173-3-B-BENA",1988,0.0915,0.936099577591987,23,1965,12,"173-3","BENA",70,51,14,0,9,0,0,0,0,0,0,NA,NA,NA,0,0,0,0,1278.311889,"East","24A","Low Shrub","Low Shrub","Clay Loam","Mesic",0,347.24527,24,1.739254,-150.191816,67.228627,0.539234467027012,1.71469370504666,"173-3-B-BENA_1988",13.6304477055868,-6.1430232723554,177.732040405273,149.737746238708,11.3666667938232,-7.22500023245811,6.30000019073486,16.4666665395101,37.0000007152557,1.06666667759418,101.939997196198,264.229997515678,124.600002288818,2,"24A_1988",1.29
"3357","173-4-C-BENA",1988,0.15925,4.14509922490491,19,1969,12,"173-4","BENA",119,74,14,0,14,0,0,0,0,0,0,NA,NA,NA,0,1,0,0,1308.377258,"East","24A","Low Shrub","Low Shrub","Clay Loam","Mesic",0,346.165253,355,1.872125,-150.190975,67.22891,1.79920101781884,6.0448158343368,"173-4-C-BENA_1988",13.6304477055868,-6.1430232723554,177.732040405273,149.737746238708,11.3666667938232,-7.22500023245811,6.30000019073486,16.4666665395101,37.0000007152557,1.06666667759418,101.939997196198,264.229997515678,124.600002288818,2,"24A_1988",1.29
"3358","184-1-B-BENA",1988,0.046,1.0248880545659,36,1952,13,"184-1","BENA",128,51,19,0,13,0,1,0,0,0.076923077,0,NA,"Hare",NA,1,2,0,0,692.283244,"East","24A","White Spruce or Black Spruce (Open-Closed)","Tall Shrub","Clay Loam","Mesic",0,423.977753,249,10.469168,-150.109686,67.368938,1.16449649681475,3.20430909712676,"184-1-B-BENA_1988",13.1666666666667,-6.1166667342186,144,101,11.3666667938232,-7.22500023245811,6.30000019073486,16.4666665395101,37.0000007152557,1.06666667759418,101.939997196198,264.229997515678,124.600002288818,2,"24A_1988",1.29
"3359","184-2-D-BENA",1988,0.10625,1.7903887445423,17,1971,13,"184-2","BENA",84,38,12,10,7,0,0,0,0,0,0,NA,NA,NA,0,1,0,0,706.210196,"East","24A","White Spruce or Black Spruce (Open-Closed)","Tall Shrub","Clay Loam","Mesic",0,429.192566,258,16.706417,-150.109279,67.369156,0.826977214100082,2.28639699545886,"184-2-D-BENA_1988",13.163657506307,-6.11779516935349,143.503509521484,100.368099927902,11.3666667938232,-7.22500023245811,6.30000019073486,16.4666665395101,37.0000007152557,1.06666667759418,101.939997196198,264.229997515678,124.600002288818,2,"24A_1988",1.29
"3360","184-3-B-BENA",1988,0.163666666666667,5.00788433816987,11,1977,13,"184-3","BENA",71,35,17,0,17,0,2,0,0,0.117647059,0,NA,"Hare",NA,1,1,3,0,683.765397,"East","24A","White Spruce or Black Spruce (Open-Closed)","Tall Shrub","Clay Loam","Mesic",0,425.482941,261,10.788996,-150.109693,67.36937,1.33607610188814,3.80408733021022,"184-3-B-BENA_1988",13.163657506307,-6.11779516935349,143.503509521484,100.368099927902,11.3666667938232,-7.22500023245811,6.30000019073486,16.4666665395101,37.0000007152557,1.06666667759418,101.939997196198,264.229997515678,124.600002288818,2,"24A_1988",1.29
"3361","191-3-A-BENA",1988,0.104333333333333,2.10397314838303,7,1981,14,"191-3","BENA",102,51,9,0,9,0,1,0,0,0.111111111,0,NA,"Hare",NA,1,2,0,0,1608.343863,"East","24A","Low Shrub","Low Shrub","Clay Loam","Mesic",0,494.475037,298,4.15829,-149.859591,67.475979,-0.0704812198137077,0.931945241466704,"191-3-A-BENA_1988",12.4120362599691,-6.39129062493642,148.458374023438,96.7291870117188,9.53333346048991,-8.67500021060308,4.73333334922791,14.4333337148031,15.6000001430511,0.900000012790163,79.5699973106384,278.399997234344,125.39999961853,2,"24A_1988",1.29
"3362","203-2-C-BENA",1988,0.10625,1.96329415021424,12,1976,15,"203-2","BENA",118,35,14,0,38,0,0,0,0,0,0,NA,NA,NA,0,0,1,0,933.944119,"East","24A","Low Shrub","Low Shrub","Loam","Mesic",0,566.911377,300,26.508135,-149.793674,67.571447,0.503520354043937,1.65453558150436,"203-2-C-BENA_1988",12.6666663487752,-6.52500017484029,123,85,8.5666667620341,-9.65000016490618,3.70000004768372,13.4666668574015,9.70000028610229,0.883333356430133,69.9599993228912,287.159999370575,120.000001907349,2,"24A_1988",1.29
"3363","203-4-B-BENA",1988,0.12325,3.14513931534616,9,1979,15,"203-4","BENA",99,36,12,0,12,0,0,0,0,0,0,NA,NA,NA,0,1,1,0,951.384807,"East","24A","Low Shrub","Low Shrub","Loam","Mesic",0,569.135193,316,29.227108,-149.792864,67.571712,0.631452654057755,1.88034007992131,"203-4-B-BENA_1988",12.6666663487752,-6.52500017484029,123,85,8.5666667620341,-9.65000016490618,3.70000004768372,13.4666668574015,9.70000028610229,0.883333356430133,69.9599993228912,287.159999370575,120.000001907349,2,"24A_1988",1.29
"3364","209-2-B-BENA",1988,0.059,1.53955004626227,20,1968,16,"209-2","BENA",104,57,18,0,18,0,0,0,0,0,0,NA,NA,NA,0,0,0,0,728.528855,"East","24A","Low Shrub","Black Spruce Woodland","Sandy Loam","Mesic - Xeric",0,561.911133,287,21.070175,-149.692261,67.656,0.869974757586512,2.38685060289399,"209-2-B-BENA_1988",11.9894682566325,-6.99047974745433,115,82,8.5666667620341,-9.65000016490618,3.70000004768372,13.4666668574015,9.70000028610229,0.883333356430133,69.9599993228912,287.159999370575,120.000001907349,2,"24A_1988",1.29
"3365","209-2-D-BENA",1988,0.06075,0.610964176549988,27,1961,16,"209-2","BENA",86,47,10,0,6,0,0,0,0,0,0,NA,NA,NA,0,0,0,0,728.528855,"East","24A","Low Shrub","Black Spruce Woodland","Sandy Loam","Mesic - Xeric",0,561.911133,287,21.070175,-149.692261,67.656,0.303894017651283,1.35512542910306,"209-2-D-BENA_1988",11.9894682566325,-6.99047974745433,115,82,8.5666667620341,-9.65000016490618,3.70000004768372,13.4666668574015,9.70000028610229,0.883333356430133,69.9599993228912,287.159999370575,120.000001907349,2,"24A_1988",1.29
"3366","209-3-A-BENA",1988,0.032,0.43399217553751,28,1960,16,"209-3","BENA",67,52,13,0,10,0,0,0,0,0,0,NA,NA,NA,0,0,1,0,711.058695,"East","24A","Low Shrub","Black Spruce Woodland","Sandy Loam","Mesic - Xeric",0,553.430786,276,18.070417,-149.69261,67.656251,0.00528111157531475,1.00529508122599,"209-3-A-BENA_1988",11.9894682566325,-6.99047974745433,115,82,8.5666667620341,-9.65000016490618,3.70000004768372,13.4666668574015,9.70000028610229,0.883333356430133,69.9599993228912,287.159999370575,120.000001907349,2,"24A_1988",1.29
"3367","209-3-D-BENA",1988,0.09425,2.24699174780585,6,1982,16,"209-3","BENA",84,39,10,0,8,0,0,0,0,0,0,NA,NA,NA,0,0,1,0,711.058695,"East","24A","Low Shrub","Black Spruce Woodland","Sandy Loam","Mesic - Xeric",0,553.430786,276,18.070417,-149.69261,67.656251,-0.188670395532027,0.828059393795801,"209-3-D-BENA_1988",11.9894682566325,-6.99047974745433,115,82,8.5666667620341,-9.65000016490618,3.70000004768372,13.4666668574015,9.70000028610229,0.883333356430133,69.9599993228912,287.159999370575,120.000001907349,2,"24A_1988",1.29
"3368","209-4-D-BENA",1988,0.104,0.886951136489847,16,1972,16,"209-4","BENA",71,50,9,0,8,0,0,0,0,0,0,NA,NA,NA,0,0,0,0,738.024448,"East","24A","Low Shrub","Black Spruce Woodland","Sandy Loam","Mesic - Xeric",0,561.090881,296,18.584587,-149.691928,67.656444,0.0522333512064354,1.05362157769556,"209-4-D-BENA_1988",11.9894682566325,-6.99047974745433,115,82,8.5666667620341,-9.65000016490618,3.70000004768372,13.4666668574015,9.70000028610229,0.883333356430133,69.9599993228912,287.159999370575,120.000001907349,2,"24A_1988",1.29
"3369","222-1-B-BENA",1988,0.27,8.34488690202441,8,1980,17,"222-1","BENA",63,58,19,0,9,0,2,0,0,0.222222222,0,NA,"Hare",NA,1,2,18,0,769.468544,"East","24A","Low Shrub","Tall Shrub","Clay Loam","Mesic",0,669.484009,287,15.029548,-149.809491,67.826198,1.46668842326354,4.33485613687674,"222-1-B-BENA_1988",11.3000001907349,-7.61666652560234,119,81,8.5666667620341,-9.65000016490618,3.70000004768372,13.4666668574015,9.70000028610229,0.883333356430133,69.9599993228912,287.159999370575,120.000001907349,2,"24A_1988",1.29
"3370","222-1-D-BENA",1988,0.161,2.97231264584009,7,1981,17,"222-1","BENA",78,38,9,0,9,0,2,0,0,0.222222222,0,NA,"Hare",NA,1,2,18,0,769.468544,"East","24A","Low Shrub","Tall Shrub","Clay Loam","Mesic",0,669.484009,287,15.029548,-149.809491,67.826198,0.27503156601013,1.31657223314415,"222-1-D-BENA_1988",11.3000001907349,-7.61666652560234,119,81,8.5666667620341,-9.65000016490618,3.70000004768372,13.4666668574015,9.70000028610229,0.883333356430133,69.9599993228912,287.159999370575,120.000001907349,2,"24A_1988",1.29
"3371","222-3-A-BENA",1988,0.04625,0.731106533604907,26,1962,17,"222-3","BENA",126,65,16,0,21,0,3,0,0,0.142857143,0,NA,"Hare",NA,1,2,11,1,778.440723,"East","24A","Low Shrub","Low Shrub","Clay Loam","Mesic",0,672.469177,278,13.422374,-149.809021,67.826615,0.438377885039773,1.55019059058506,"222-3-A-BENA_1988",11.3000001907349,-7.61666652560234,119,81,8.5666667620341,-9.65000016490618,3.70000004768372,13.4666668574015,9.70000028610229,0.883333356430133,69.9599993228912,287.159999370575,120.000001907349,2,"24A_1988",1.29
"3372","235-1-A-BENA",1988,0.27025,4.91855855082055,9,1979,18,"235-1","BENA",59,29,10,0,18,0,0,0,0,0,0,NA,NA,NA,0,0,5,0,477.732622,"East","24A","Low Shrub","Low Shrub","Sandy Gravel","Mesic",0,813.776917,295,20.303024,-149.727576,68.004859,1.07860997758152,2.94058922395609,"235-1-A-BENA_1988",9.03333346048991,-8.94166648387909,128,86,7.33333349227905,-10.8750002831221,2.60000010331472,12.1000000635783,5.50000011920929,0.850000008940697,58.6099982857704,297.429998397827,117.89999961853,2,"24A_1988",1.29
"3373","240-4-B-BENA",1988,0.12475,3.50772544606205,20,1968,19,"240-4","BENA",102,72,15,0,13,0,0,0,0,0,0,NA,NA,NA,0,0,2,0,431.079046,"West","24A","Low Shrub","Low Shrub","Sandy Loam","Mesic",0,1046.807861,94,24.616484,-149.606605,68.070368,1.69345236796141,5.43822308085821,"240-4-B-BENA_1988",7.95162169138591,-9.46585607528687,161.218667984009,119.902716159821,7.33333349227905,-10.8750002831221,2.60000010331472,12.1000000635783,5.50000011920929,0.850000008940697,58.6099982857704,297.429998397827,117.89999961853,2,"24A_1988",1.29
"3374","255-1-A-BENA",1988,0.06425,1.59191941404993,19,1969,20,"255-1","BENA",71,26,15,0,17,0,0,0,0,0,0,NA,NA,NA,0,0,0,0,585.543915,"East","26B","Low Shrub","Low Shrub","Sandy Gravel","Mesic - Xeric",0,991.483582,331,1.701594,-149.392735,68.222633,0.842214757886569,2.32150285407412,"255-1-A-BENA_1988",8.2378470102946,-9.93671814600627,167.909729003906,120.864593505859,5.56666668256124,-12.3416667580605,0.966666678587596,10.2000002861023,2.80000013113022,0.716666675483187,48.8199987411499,312.729996681213,120.200000762939,2,"26B_1988",1.465
"3375","255-2-C-BENA",1988,0.0475,0.664427211280156,7,1981,20,"255-2","BENA",65,27,8,0,20,0,0,0,0,0,0,NA,NA,NA,0,0,1,1,631.079496,"East","26B","Low Shrub","Low Shrub","Sandy Gravel","Mesic - Xeric",0,993.382141,286,2.676414,-149.39171,68.222788,-1.22313869834283,0.294304981187339,"255-2-C-BENA_1988",8.2378470102946,-9.93671814600627,167.909729003906,120.864593505859,5.56666668256124,-12.3416667580605,0.966666678587596,10.2000002861023,2.80000013113022,0.716666675483187,48.8199987411499,312.729996681213,120.200000762939,2,"26B_1988",1.465
"3376","255-4-D-BENA",1988,0.027,0.263757123621111,11,1977,20,"255-4","BENA",56,29,5,0,12,0,0,0,0,0,0,NA,NA,NA,0,0,0,2,644.564014,"East","26B","Low Shrub","Low Shrub","Sandy Gravel","Mesic - Xeric",0,993.003235,239,7.430982,-149.391619,68.223199,-1.6076640217962,0.200355092982526,"255-4-D-BENA_1988",8.2378470102946,-9.93671814600627,167.909729003906,120.864593505859,5.56666668256124,-12.3416667580605,0.966666678587596,10.2000002861023,2.80000013113022,0.716666675483187,48.8199987411499,312.729996681213,120.200000762939,2,"26B_1988",1.465
"3377","261-1-C-BENA",1988,0.107,1.42919951663285,12,1976,21,"261-1","BENA",52,23,10,0,13,0,0,0,0,0,0,NA,NA,NA,0,0,0,0,356.206777,"East","26B","Dwarf Shrub","Low Shrub","Sandy Loam","Mesic",0,883.832947,287,13.943512,-149.352299,68.301689,0.186011111652629,1.20443564357376,"261-1-C-BENA_1988",8.46283181508382,-10.0758641262849,185.862201690674,122.178261756897,5.56666668256124,-12.3416667580605,0.966666678587596,10.2000002861023,2.80000013113022,0.716666675483187,48.8199987411499,312.729996681213,120.200000762939,2,"26B_1988",1.465
"3378","261-3-D-BENA",1988,0.214666666666667,6.58209834430633,8,1980,21,"261-3","BENA",74,41,14,0,26,0,0,0,0,0,0,NA,NA,NA,0,0,0,1,380.53651,"East","26B","Tussock Tundra (Low shrub or Herbaceous)","Low Shrub","Sandy Loam","Mesic",0,884.224731,295,11.657486,-149.351558,68.302088,1.22939301083604,3.41915351715801,"261-3-D-BENA_1988",8.46283181508382,-10.0758641262849,185.862201690674,122.178261756897,5.56666668256124,-12.3416667580605,0.966666678587596,10.2000002861023,2.80000013113022,0.716666675483187,48.8199987411499,312.729996681213,120.200000762939,2,"26B_1988",1.465
"3379","261-4-A-BENA",1988,0.09,1.08813773946063,23,1965,21,"261-4","BENA",45,23,13,0,13,0,0,0,0,0,0,NA,NA,NA,0,0,0,0,405.679111,"East","26B","Low Shrub","Low Shrub","Sandy Loam","Mesic",0,886.626587,308,9.946874,-149.350886,68.302265,0.689735628063716,1.99318852047392,"261-4-A-BENA_1988",8.46283181508382,-10.0758641262849,185.862201690674,122.178261756897,5.56666668256124,-12.3416667580605,0.966666678587596,10.2000002861023,2.80000013113022,0.716666675483187,48.8199987411499,312.729996681213,120.200000762939,2,"26B_1988",1.465
"3380","268-4-C-BENA",1988,0.0545,0.778694004674688,9,1979,22,"268-4","BENA",58,32,8,0,18,0,0,0,0,0,0,NA,NA,NA,0,0,0,5,171.881056,"West","26B","Dwarf Shrub-Lichen","Low Shrub","Sandy Gravel","Mesic",0,820.486511,188,1.085947,-149.326166,68.400831,-0.764542648096161,0.465546801008112,"268-4-C-BENA_1988",9.49548625946045,-9.50338528801998,194.045135498047,109,5.56666668256124,-12.3416667580605,0.966666678587596,10.2000002861023,2.80000013113022,0.716666675483187,48.8199987411499,312.729996681213,120.200000762939,2,"26B_1988",1.465
"3381","72-1-C-BENA",1988,0.04525,0.526158846361738,20,1968,2,"72-1","BENA",118,71,9,0,11,0,2,0,0,0.181818182,0,NA,"Hare",NA,1,0,0,0,895.937772,"West","20F","Tussock Tundra (Low shrub or Herbaceous)","Black Spruce Woodland","Clay Loam","Mesic",0,130.808105,148,1.606934,-150.14017,66.022623,-0.20366756094816,0.815733507790482,"72-1-C-BENA_1988",15.532621383667,-4.81496725479762,82.2081317901611,68.144923210144,12.9666668574015,-5.1666667064031,7.70000012715658,18.3000001907349,53.3000011444092,1.11666669572393,110.719996452332,250.58999799192,137,2,"20F_1988",0.375
"3382","72-1-D-BENA",1988,0.0885,1.76688668625033,32,1956,2,"72-1","BENA",65,41,8,7,4,0,0,0,0,0,0,NA,NA,NA,0,0,0,0,895.937772,"West","20F","Tussock Tundra (Low shrub or Herbaceous)","Black Spruce Woodland","Clay Loam","Mesic",0,130.808105,148,1.606934,-150.14017,66.022623,1.56857712031467,4.79981377513651,"72-1-D-BENA_1988",15.532621383667,-4.81496725479762,82.2081317901611,68.144923210144,12.9666668574015,-5.1666667064031,7.70000012715658,18.3000001907349,53.3000011444092,1.11666669572393,110.719996452332,250.58999799192,137,2,"20F_1988",0.375
"3383","72-2-A-BENA",1988,0.05025,0.819280043816875,19,1969,2,"72-2","BENA",121,72,12,21,14,0,0,0,0,0,0,NA,NA,NA,0,0,0,0,855.94066,"West","20F","Tussock Tundra (Low shrub or Herbaceous)","Black Spruce Woodland","Clay Loam","Mesic",0,131.055786,179,2.125059,-150.13956,66.022889,0.177944971328167,1.19475957339333,"72-2-A-BENA_1988",15.532621383667,-4.81496725479762,82.2081317901611,68.144923210144,12.9666668574015,-5.1666667064031,7.70000012715658,18.3000001907349,53.3000011444092,1.11666669572393,110.719996452332,250.58999799192,137,2,"20F_1988",0.375
"3384","72-3-D-BENA",1988,0.024,0.382268994088799,32,1956,2,"72-3","BENA",104,47,11,0,9,0,0,0,0,0,0,NA,NA,NA,0,0,1,0,885.368743,"West","20F","Tussock Tundra (Low shrub or Herbaceous)","Black Spruce Woodland","Clay Loam","Mesic",0,132.401993,119,2.284806,-150.140609,66.023021,0.0377273116103884,1.03844802154734,"72-3-D-BENA_1988",15.532621383667,-4.81496725479762,82.2081317901611,68.144923210144,12.9666668574015,-5.1666667064031,7.70000012715658,18.3000001907349,53.3000011444092,1.11666669572393,110.719996452332,250.58999799192,137,2,"20F_1988",0.375
"3385","102-3-B-BENA",1987,0.0665,2.39950370111656,7,1980,5,"102-3","BENA",72,NA,16,0,12,0,0,0,0,0,0,NA,NA,NA,0,0,0,0,939.238254,"West","24A","Tussock Tundra (Low shrub or Herbaceous)","Low Shrub","Sandy Loam","Mesic",2004,424.339783,330,3.896938,-150.565669,66.401242,0.0609531723358501,1.06284914227918,"102-3-B-BENA_1987",12.8666667938232,-5.39166653156281,195,131,12.8000001907349,-4.90000009536743,7.46666669845581,18.2000001271566,57.7000011503696,1.11666667150954,102.289997577667,253.359998330474,125.100002288818,1,"24A_1987",1.33
"3386","121-1-C-BENA",1987,0.04,0.622475168382283,15,1972,7,"121-1","BENA",60,36,11,0,11,0,0,0,0,0,0,NA,NA,NA,0,0,0,0,1394.51987,"East","24A","Tall Shrub (Open-Closed)","Low Shrub","Clay Loam","Mesic",2005,466.470276,61,7.209129,-150.675843,66.599029,-0.378869115197542,0.684635215147239,"121-1-C-BENA_1987",13.3666667938232,-5.23333323001862,208,119,12.9333337148031,-5.23333348830541,7.63333336512248,18.2666670481364,58.2000011503696,1.13333335518837,99.9199987649918,252.769997175783,120,1,"24A_1987",1.33
"3387","129-3-A-BENA",1987,0.02575,0.510716740372094,35,1952,8,"129-3","BENA",51,35,12,0,6,0,0,0,0,0,0,NA,NA,NA,0,0,0,0,1022.673056,"East","24A","Tussock Tundra (Low shrub or Herbaceous)","Low Shrub-Tussock Tundra","Sandy Loam","Mesic - Hydric",2005,301.546051,352,6.265718,-150.646771,66.710061,0.434355542433619,1.54396771658063,"129-3-A-BENA_1987",13.6666666666667,-5.14999987681707,197,108,12.9333337148031,-5.23333348830541,7.63333336512248,18.2666670481364,58.2000011503696,1.13333335518837,99.9199987649918,252.769997175783,120,1,"24A_1987",1.33
"3388","129-4-D-BENA",1987,0.069,2.2623189893141,26,1961,8,"129-4","BENA",87,41,18,0,9,0,0,0,0,0,0,NA,NA,NA,0,0,0,0,1057.255538,"East","24A","Tussock Tundra (Low shrub or Herbaceous)","Tall Shrub","Sandy Loam","Mesic - Hydric",2005,303.823029,358,6.979915,-150.646167,66.709845,1.56796436675343,4.79687357305418,"129-4-D-BENA_1987",13.6666666666667,-5.14999987681707,197,108,12.9333337148031,-5.23333348830541,7.63333336512248,18.2666670481364,58.2000011503696,1.13333335518837,99.9199987649918,252.769997175783,120,1,"24A_1987",1.33
"3389","173-1-A-BENA",1987,0.069,0.772134359213991,19,1968,12,"173-1","BENA",69,40,12,0,9,0,0,0,0,0,0,NA,NA,NA,0,0,0,0,1301.486525,"East","24A","Low Shrub","Low Shrub","Clay Loam","Mesic",0,349.871613,358,2.901099,-150.191497,67.228159,0.118677587392941,1.12600682096321,"173-1-A-BENA_1987",13.6006307601929,-5.99209646383921,177.686904907227,148.780029296875,11.4000002543132,-6.99166666467984,6.23333358764648,16.5666669209798,35.3000001013279,1.07500003402432,96.1099977493286,266.349997341633,116.400001525879,1,"24A_1987",1.33
"3390","173-2-A-BENA",1987,0.09675,1.82179485360115,28,1959,12,"173-2","BENA",94,43,12,0,6,0,0,0,0,0,0,NA,NA,NA,0,2,0,0,1323.706943,"East","24A","Tussock Tundra (Low shrub or Herbaceous)","Low Shrub","Clay Loam","Mesic",0,348.371155,13,2.823825,-150.190835,67.228457,1.43983208376174,4.21998715313189,"173-2-A-BENA_1987",13.6006307601929,-5.99209646383921,177.686904907227,148.780029296875,11.4000002543132,-6.99166666467984,6.23333358764648,16.5666669209798,35.3000001013279,1.07500003402432,96.1099977493286,266.349997341633,116.400001525879,1,"24A_1987",1.33
"3391","173-3-B-BENA",1987,0.0835,0.900161328431245,22,1965,12,"173-3","BENA",70,51,14,0,9,0,0,0,0,0,0,NA,NA,NA,0,0,0,0,1278.311889,"East","24A","Low Shrub","Low Shrub","Clay Loam","Mesic",0,347.24527,24,1.739254,-150.191816,67.228627,0.447040604744705,1.56367779073488,"173-3-B-BENA_1987",13.6006307601929,-5.99209646383921,177.686904907227,148.780029296875,11.4000002543132,-6.99166666467984,6.23333358764648,16.5666669209798,35.3000001013279,1.07500003402432,96.1099977493286,266.349997341633,116.400001525879,1,"24A_1987",1.33
"3392","173-4-C-BENA",1987,0.13975,3.7688082889368,18,1969,12,"173-4","BENA",119,74,14,0,14,0,0,0,0,0,0,NA,NA,NA,0,1,0,0,1308.377258,"East","24A","Low Shrub","Low Shrub","Clay Loam","Mesic",0,346.165253,355,1.872125,-150.190975,67.22891,1.63951263412108,5.152657670657,"173-4-C-BENA_1987",13.6006307601929,-5.99209646383921,177.686904907227,148.780029296875,11.4000002543132,-6.99166666467984,6.23333358764648,16.5666669209798,35.3000001013279,1.07500003402432,96.1099977493286,266.349997341633,116.400001525879,1,"24A_1987",1.33
"3393","184-1-B-BENA",1987,0.0505,1.14045860891168,35,1952,13,"184-1","BENA",128,51,19,0,13,0,1,0,0,0.076923077,0,NA,"Hare",NA,1,2,0,0,692.283244,"East","24A","White Spruce or Black Spruce (Open-Closed)","Tall Shrub","Clay Loam","Mesic",0,423.977753,249,10.469168,-150.109686,67.368938,1.23772617906062,3.44776494495401,"184-1-B-BENA_1987",13.1666666666667,-5.93333342671394,144,102,11.4000002543132,-6.99166666467984,6.23333358764648,16.5666669209798,35.3000001013279,1.07500003402432,96.1099977493286,266.349997341633,116.400001525879,1,"24A_1987",1.33
"3394","184-2-D-BENA",1987,0.104,1.82116869491539,16,1971,13,"184-2","BENA",84,38,12,10,7,0,0,0,0,0,0,NA,NA,NA,0,1,0,0,706.210196,"East","24A","White Spruce or Black Spruce (Open-Closed)","Tall Shrub","Clay Loam","Mesic",0,429.192566,258,16.706417,-150.109279,67.369156,0.771677172976825,2.16339159469411,"184-2-D-BENA_1987",13.163657506307,-5.93483800689379,143.503509521484,101.368099689484,11.4000002543132,-6.99166666467984,6.23333358764648,16.5666669209798,35.3000001013279,1.07500003402432,96.1099977493286,266.349997341633,116.400001525879,1,"24A_1987",1.33
"3395","184-3-B-BENA",1987,0.152666666666667,4.82302436673026,10,1977,13,"184-3","BENA",71,35,17,0,17,0,2,0,0,0.117647059,0,NA,"Hare",NA,1,1,3,0,683.765397,"East","24A","White Spruce or Black Spruce (Open-Closed)","Tall Shrub","Clay Loam","Mesic",0,425.482941,261,10.788996,-150.109693,67.36937,1.18472643598909,3.26979220163411,"184-3-B-BENA_1987",13.163657506307,-5.93483800689379,143.503509521484,101.368099689484,11.4000002543132,-6.99166666467984,6.23333358764648,16.5666669209798,35.3000001013279,1.07500003402432,96.1099977493286,266.349997341633,116.400001525879,1,"24A_1987",1.33
"3396","191-3-A-BENA",1987,0.063,1.30356930881003,6,1981,14,"191-3","BENA",102,51,9,0,9,0,1,0,0,0.111111111,0,NA,"Hare",NA,1,2,0,0,1608.343863,"East","24A","Low Shrub","Low Shrub","Clay Loam","Mesic",0,494.475037,298,4.15829,-149.859591,67.475979,-0.733156591896332,0.480390198441132,"191-3-A-BENA_1987",12.3802070617676,-6.21516215801239,147.458374023438,94.7743225097656,9.56666660308838,-8.43333345403274,4.63333328564962,14.5666666030884,13.8000004291534,0.966666672378778,74.4099982976913,279.239997386932,120.299999237061,1,"24A_1987",1.33
"3397","203-2-C-BENA",1987,0.095,1.81547927061974,11,1976,15,"203-2","BENA",118,35,14,0,38,0,0,0,0,0,0,NA,NA,NA,0,0,1,0,933.944119,"East","24A","Low Shrub","Low Shrub","Loam","Mesic",0,566.911377,300,26.508135,-149.793674,67.571447,0.321412057576781,1.3790737216083,"203-2-C-BENA_1987",12.6666666666667,-6.34166676799456,119,81,8.66666682561239,-9.4166669373711,3.83333349227905,13.5333331425985,9.00000035762787,0.90833335245649,70.1099984645844,286.639998912811,118.400003433228,1,"24A_1987",1.33
"3398","203-4-B-BENA",1987,0.0735,1.92103128599321,8,1979,15,"203-4","BENA",99,36,12,0,12,0,0,0,0,0,0,NA,NA,NA,0,1,1,0,951.384807,"East","24A","Low Shrub","Low Shrub","Loam","Mesic",0,569.135193,316,29.227108,-149.792864,67.571712,-0.00209841101576591,0.997903789109438,"203-4-B-BENA_1987",12.6666666666667,-6.34166676799456,119,81,8.66666682561239,-9.4166669373711,3.83333349227905,13.5333331425985,9.00000035762787,0.90833335245649,70.1099984645844,286.639998912811,118.400003433228,1,"24A_1987",1.33
"3399","209-2-B-BENA",1987,0.05075,1.34177206250328,19,1968,16,"209-2","BENA",104,57,18,0,18,0,0,0,0,0,0,NA,NA,NA,0,0,0,0,728.528855,"East","24A","Low Shrub","Black Spruce Woodland","Sandy Loam","Mesic - Xeric",0,561.911133,287,21.070175,-149.692261,67.656,0.671265466081078,1.95671190710196,"209-2-B-BENA_1987",11.9894682566325,-6.79956531524658,111,77,8.66666682561239,-9.4166669373711,3.83333349227905,13.5333331425985,9.00000035762787,0.90833335245649,70.1099984645844,286.639998912811,118.400003433228,1,"24A_1987",1.33
"3400","209-2-D-BENA",1987,0.054,0.562546146922404,26,1961,16,"209-2","BENA",86,47,10,0,6,0,0,0,0,0,0,NA,NA,NA,0,0,0,0,728.528855,"East","24A","Low Shrub","Black Spruce Woodland","Sandy Loam","Mesic - Xeric",0,561.911133,287,21.070175,-149.692261,67.656,0.176291868789678,1.1927861448989,"209-2-D-BENA_1987",11.9894682566325,-6.79956531524658,111,77,8.66666682561239,-9.4166669373711,3.83333349227905,13.5333331425985,9.00000035762787,0.90833335245649,70.1099984645844,286.639998912811,118.400003433228,1,"24A_1987",1.33
"3401","209-3-A-BENA",1987,0.05075,0.701477780589806,27,1960,16,"209-3","BENA",67,52,13,0,10,0,0,0,0,0,0,NA,NA,NA,0,0,1,0,711.058695,"East","24A","Low Shrub","Black Spruce Woodland","Sandy Loam","Mesic - Xeric",0,553.430786,276,18.070417,-149.69261,67.656251,0.442044915949104,1.55588562294413,"209-3-A-BENA_1987",11.9894682566325,-6.79956531524658,111,77,8.66666682561239,-9.4166669373711,3.83333349227905,13.5333331425985,9.00000035762787,0.90833335245649,70.1099984645844,286.639998912811,118.400003433228,1,"24A_1987",1.33
"3402","209-4-D-BENA",1987,0.109666666666667,1.00889306852349,15,1972,16,"209-4","BENA",71,50,9,0,8,0,0,0,0,0,0,NA,NA,NA,0,0,0,0,738.024448,"East","24A","Low Shrub","Black Spruce Woodland","Sandy Loam","Mesic - Xeric",0,561.090881,296,18.584587,-149.691928,67.656444,0.10403618446834,1.10964060594453,"209-4-D-BENA_1987",11.9894682566325,-6.79956531524658,111,77,8.66666682561239,-9.4166669373711,3.83333349227905,13.5333331425985,9.00000035762787,0.90833335245649,70.1099984645844,286.639998912811,118.400003433228,1,"24A_1987",1.33
"3403","222-1-B-BENA",1987,0.30225,9.88501519768452,7,1980,17,"222-1","BENA",63,58,19,0,9,0,2,0,0,0.222222222,0,NA,"Hare",NA,1,2,18,0,769.468544,"East","24A","Low Shrub","Tall Shrub","Clay Loam","Mesic",0,669.484009,287,15.029548,-149.809491,67.826198,1.47671124163815,4.37852207495522,"222-1-B-BENA_1987",11.3666667938232,-7.41666658719381,116,76,8.66666682561239,-9.4166669373711,3.83333349227905,13.5333331425985,9.00000035762787,0.90833335245649,70.1099984645844,286.639998912811,118.400003433228,1,"24A_1987",1.33
"3404","222-1-D-BENA",1987,0.18625,3.64165075548643,6,1981,17,"222-1","BENA",78,38,9,0,9,0,2,0,0,0.222222222,0,NA,"Hare",NA,1,2,18,0,769.468544,"East","24A","Low Shrub","Tall Shrub","Clay Loam","Mesic",0,669.484009,287,15.029548,-149.809491,67.826198,0.294174366911272,1.34201788678071,"222-1-D-BENA_1987",11.3666667938232,-7.41666658719381,116,76,8.66666682561239,-9.4166669373711,3.83333349227905,13.5333331425985,9.00000035762787,0.90833335245649,70.1099984645844,286.639998912811,118.400003433228,1,"24A_1987",1.33
"3405","222-3-A-BENA",1987,0.098,1.59356659034811,25,1962,17,"222-3","BENA",126,65,16,0,21,0,3,0,0,0.142857143,0,NA,"Hare",NA,1,2,11,1,778.440723,"East","24A","Low Shrub","Low Shrub","Clay Loam","Mesic",0,672.469177,278,13.422374,-149.809021,67.826615,1.17074502803796,3.22439400781496,"222-3-A-BENA_1987",11.3666667938232,-7.41666658719381,116,76,8.66666682561239,-9.4166669373711,3.83333349227905,13.5333331425985,9.00000035762787,0.90833335245649,70.1099984645844,286.639998912811,118.400003433228,1,"24A_1987",1.33
"3406","235-1-A-BENA",1987,0.37825,7.65477933064612,8,1979,18,"235-1","BENA",59,29,10,0,18,0,0,0,0,0,0,NA,NA,NA,0,0,5,0,477.732622,"East","24A","Low Shrub","Low Shrub","Sandy Gravel","Mesic",0,813.776917,295,20.303024,-149.727576,68.004859,1.38036962089279,3.97637110574126,"235-1-A-BENA_1987",9.09999974568685,-8.74166680375735,124,87,7.46666669845581,-10.616666863362,2.80000003178914,12.1666669845581,4.80000019073486,0.850000005215406,57.4299981594086,296.139997959137,120.700004577637,1,"24A_1987",1.33
"3407","240-4-B-BENA",1987,0.13675,3.95748566782705,19,1968,19,"240-4","BENA",102,72,15,0,13,0,0,0,0,0,0,NA,NA,NA,0,0,2,0,431.079046,"West","24A","Low Shrub","Low Shrub","Sandy Loam","Mesic",0,1046.807861,94,24.616484,-149.606605,68.070368,1.75288318230551,5.77121818587845,"240-4-B-BENA_1987",8.01828797658285,-9.24956535796324,155.173526763916,118.857580423355,7.46666669845581,-10.616666863362,2.80000003178914,12.1666669845581,4.80000019073486,0.850000005215406,57.4299981594086,296.139997959137,120.700004577637,1,"24A_1987",1.33
"3408","255-1-A-BENA",1987,0.09175,2.31825131587,18,1969,20,"255-1","BENA",71,26,15,0,17,0,0,0,0,0,0,NA,NA,NA,0,0,0,0,585.543915,"East","26B","Low Shrub","Low Shrub","Sandy Gravel","Mesic - Xeric",0,991.483582,331,1.701594,-149.392735,68.222633,1.1535669446743,3.16947812397165,"255-1-A-BENA_1987",8.33784691492716,-9.71209455529849,160.864593505859,115.909729003906,5.69999996821086,-12.1666669050852,1.16666671882073,10.266666730245,2.40000000596046,0.750000013659398,47.4199985861778,311.639996528625,124.900003433228,1,"26B_1987",1.33
"3409","255-2-C-BENA",1987,0.04425,0.631721071911336,6,1981,20,"255-2","BENA",65,27,8,0,20,0,0,0,0,0,0,NA,NA,NA,0,0,1,1,631.079496,"East","26B","Low Shrub","Low Shrub","Sandy Gravel","Mesic - Xeric",0,993.382141,286,2.676414,-149.39171,68.222788,-1.45757004035765,0.232801285703757,"255-2-C-BENA_1987",8.33784691492716,-9.71209455529849,160.864593505859,115.909729003906,5.69999996821086,-12.1666669050852,1.16666671882073,10.266666730245,2.40000000596046,0.750000013659398,47.4199985861778,311.639996528625,124.900003433228,1,"26B_1987",1.33
"3410","255-4-D-BENA",1987,0.0255,0.2533097572516,10,1977,20,"255-4","BENA",56,29,5,0,12,0,0,0,0,0,0,NA,NA,NA,0,0,0,2,644.564014,"East","26B","Low Shrub","Low Shrub","Sandy Gravel","Mesic - Xeric",0,993.003235,239,7.430982,-149.391619,68.223199,-1.76181695945977,0.171732549097742,"255-4-D-BENA_1987",8.33784691492716,-9.71209455529849,160.864593505859,115.909729003906,5.69999996821086,-12.1666669050852,1.16666671882073,10.266666730245,2.40000000596046,0.750000013659398,47.4199985861778,311.639996528625,124.900003433228,1,"26B_1987",1.33
"3411","261-1-C-BENA",1987,0.1,1.40073145076376,11,1976,21,"261-1","BENA",52,23,10,0,13,0,0,0,0,0,0,NA,NA,NA,0,0,0,0,356.206777,"East","26B","Dwarf Shrub","Low Shrub","Sandy Loam","Mesic",0,883.832947,287,13.943512,-149.352299,68.301689,0.0620571287856503,1.06402312934102,"261-1-C-BENA_1987",8.56283203760783,-9.85761699080467,174.925415039062,121.178259372711,5.69999996821086,-12.1666669050852,1.16666671882073,10.266666730245,2.40000000596046,0.750000013659398,47.4199985861778,311.639996528625,124.900003433228,1,"26B_1987",1.33
"3412","261-3-D-BENA",1987,0.186666666666667,5.95891815106632,7,1980,21,"261-3","BENA",74,41,14,0,26,0,0,0,0,0,0,NA,NA,NA,0,0,0,1,380.53651,"East","26B","Tussock Tundra (Low shrub or Herbaceous)","Low Shrub","Sandy Loam","Mesic",0,884.224731,295,11.657486,-149.351558,68.302088,0.970580193890992,2.63947542269909,"261-3-D-BENA_1987",8.56283203760783,-9.85761699080467,174.925415039062,121.178259372711,5.69999996821086,-12.1666669050852,1.16666671882073,10.266666730245,2.40000000596046,0.750000013659398,47.4199985861778,311.639996528625,124.900003433228,1,"26B_1987",1.33
"3413","261-4-A-BENA",1987,0.1765,2.28173089032064,22,1965,21,"261-4","BENA",45,23,13,0,13,0,0,0,0,0,0,NA,NA,NA,0,0,0,0,405.679111,"East","26B","Low Shrub","Low Shrub","Sandy Loam","Mesic",0,886.626587,308,9.946874,-149.350886,68.302265,1.37715620002373,3.96361386002444,"261-4-A-BENA_1987",8.56283203760783,-9.85761699080467,174.925415039062,121.178259372711,5.69999996821086,-12.1666669050852,1.16666671882073,10.266666730245,2.40000000596046,0.750000013659398,47.4199985861778,311.639996528625,124.900003433228,1,"26B_1987",1.33
"3414","268-4-C-BENA",1987,0.06,0.878860544841744,8,1979,22,"268-4","BENA",58,32,8,0,18,0,0,0,0,0,0,NA,NA,NA,0,0,0,5,171.881056,"West","26B","Dwarf Shrub-Lichen","Low Shrub","Sandy Gravel","Mesic",0,820.486511,188,1.085947,-149.326166,68.400831,-0.784089626915946,0.456535129953871,"268-4-C-BENA_1987",9.59699090321859,-9.2946757376194,184,111,5.69999996821086,-12.1666669050852,1.16666671882073,10.266666730245,2.40000000596046,0.750000013659398,47.4199985861778,311.639996528625,124.900003433228,1,"26B_1987",1.33
"3415","72-1-C-BENA",1987,0.0455,0.542037830079769,19,1968,2,"72-1","BENA",118,71,9,0,11,0,2,0,0,0.181818182,0,NA,"Hare",NA,1,0,0,0,895.937772,"West","20F","Tussock Tundra (Low shrub or Herbaceous)","Black Spruce Woodland","Clay Loam","Mesic",0,130.808105,148,1.606934,-150.14017,66.022623,-0.235145191722106,0.790456073618096,"72-1-C-BENA_1987",15.0356308619181,-4.71446434656779,89.3107738494873,69.0422821044922,12.6000000635783,-5.04166682561239,7.30000019073486,18,50.8000001013279,1.13333333966633,99.8899972438812,254.819999158382,126.200000762939,1,"20F_1987",0.375
"3416","72-1-D-BENA",1987,0.08275,1.69660827684184,31,1956,2,"72-1","BENA",65,41,8,7,4,0,0,0,0,0,0,NA,NA,NA,0,0,0,0,895.937772,"West","20F","Tussock Tundra (Low shrub or Herbaceous)","Black Spruce Woodland","Clay Loam","Mesic",0,130.808105,148,1.606934,-150.14017,66.022623,1.49010223495642,4.4375491684597,"72-1-D-BENA_1987",15.0356308619181,-4.71446434656779,89.3107738494873,69.0422821044922,12.6000000635783,-5.04166682561239,7.30000019073486,18,50.8000001013279,1.13333333966633,99.8899972438812,254.819999158382,126.200000762939,1,"20F_1987",0.375
"3417","72-2-A-BENA",1987,0.094,1.57518199013931,18,1969,2,"72-2","BENA",121,72,12,21,14,0,0,0,0,0,0,NA,NA,NA,0,0,0,0,855.94066,"West","20F","Tussock Tundra (Low shrub or Herbaceous)","Black Spruce Woodland","Clay Loam","Mesic",0,131.055786,179,2.125059,-150.13956,66.022889,0.767124601259851,2.15356498445341,"72-2-A-BENA_1987",15.0356308619181,-4.71446434656779,89.3107738494873,69.0422821044922,12.6000000635783,-5.04166682561239,7.30000019073486,18,50.8000001013279,1.13333333966633,99.8899972438812,254.819999158382,126.200000762939,1,"20F_1987",0.375
"3418","72-3-D-BENA",1987,0.02825,0.454599648898278,31,1956,2,"72-3","BENA",104,47,11,0,9,0,0,0,0,0,0,NA,NA,NA,0,0,1,0,885.368743,"West","20F","Tussock Tundra (Low shrub or Herbaceous)","Black Spruce Woodland","Clay Loam","Mesic",0,132.401993,119,2.284806,-150.140609,66.023021,0.173132968194253,1.1890241969736,"72-3-D-BENA_1987",15.0356308619181,-4.71446434656779,89.3107738494873,69.0422821044922,12.6000000635783,-5.04166682561239,7.30000019073486,18,50.8000001013279,1.13333333966633,99.8899972438812,254.819999158382,126.200000762939,1,"20F_1987",0.375
"3419","102-3-B-BENA",1986,0.07525,2.74873825940427,6,1980,5,"102-3","BENA",72,NA,16,0,12,0,0,0,0,0,0,NA,NA,NA,0,0,0,0,939.238254,"West","24A","Tussock Tundra (Low shrub or Herbaceous)","Low Shrub","Sandy Loam","Mesic",2004,424.339783,330,3.896938,-150.565669,66.401242,0.0128792754387816,1.01296257051599,"102-3-B-BENA_1986",12.0666666030884,-6.34999978542328,217,134,12.1333335240682,-5.72500026226044,6.80000003178914,17.5000003178914,59.2000026702881,1.10000003315508,109.059998989105,256.799999594688,160.800003051758,NA,"24A_1986",NA
"3420","121-1-C-BENA",1986,0.03625,0.572801679790505,14,1972,7,"121-1","BENA",60,36,11,0,11,0,0,0,0,0,0,NA,NA,NA,0,0,0,0,1394.51987,"East","24A","Tall Shrub (Open-Closed)","Low Shrub","Clay Loam","Mesic",2005,466.470276,61,7.209129,-150.675843,66.599029,-0.544365164293539,0.580210004475604,"121-1-C-BENA_1986",12.5666666030884,-6.16666662693024,228,117,12.2333339055379,-6.08333323399226,6.93333355585734,17.5666672388713,60.3000001907349,1.04166667039196,102.439997196198,256.199998915195,149.899997711182,NA,"24A_1986",NA
"3421","129-3-A-BENA",1986,0.03625,0.726030897973933,34,1952,8,"129-3","BENA",51,35,12,0,6,0,0,0,0,0,0,NA,NA,NA,0,0,0,0,1022.673056,"East","24A","Tussock Tundra (Low shrub or Herbaceous)","Low Shrub-Tussock Tundra","Sandy Loam","Mesic - Hydric",2005,301.546051,352,6.265718,-150.646771,66.710061,0.751541055118155,2.12026494539487,"129-3-A-BENA_1986",12.8333333333333,-6.07500008742015,218,104,12.2333339055379,-6.08333323399226,6.93333355585734,17.5666672388713,60.3000001907349,1.04166667039196,102.439997196198,256.199998915195,149.899997711182,NA,"24A_1986",NA
"3422","129-4-D-BENA",1986,0.06375,2.11677273231455,25,1961,8,"129-4","BENA",87,41,18,0,9,0,0,0,0,0,0,NA,NA,NA,0,0,0,0,1057.255538,"East","24A","Tussock Tundra (Low shrub or Herbaceous)","Tall Shrub","Sandy Loam","Mesic - Hydric",2005,303.823029,358,6.979915,-150.646167,66.709845,1.45466301803748,4.28303991519437,"129-4-D-BENA_1986",12.8333333333333,-6.07500008742015,218,104,12.2333339055379,-6.08333323399226,6.93333355585734,17.5666672388713,60.3000001907349,1.04166667039196,102.439997196198,256.199998915195,149.899997711182,NA,"24A_1986",NA
"3423","173-1-A-BENA",1986,0.07425,0.864298673843735,18,1968,12,"173-1","BENA",69,40,12,0,9,0,0,0,0,0,0,NA,NA,NA,0,0,0,0,1301.486525,"East","24A","Low Shrub","Low Shrub","Clay Loam","Mesic",0,349.871613,358,2.901099,-150.191497,67.228159,0.166916903767723,1.18165607006132,"173-1-A-BENA_1986",12.8325548171997,-6.81125009059906,198.64176940918,134.782881736755,10.6333335240682,-7.73333329955737,5.46666685740153,15.8000005086263,35.4000000953674,1.00833335580925,98.509997844696,267.42999792099,140.600002288818,NA,"24A_1986",NA
"3424","173-2-A-BENA",1986,0.045,0.867385877674504,27,1959,12,"173-2","BENA",94,43,12,0,6,0,0,0,0,0,0,NA,NA,NA,0,2,0,0,1323.706943,"East","24A","Tussock Tundra (Low shrub or Herbaceous)","Low Shrub","Clay Loam","Mesic",0,348.371155,13,2.823825,-150.190835,67.228457,0.654339641103808,1.92387165204837,"173-2-A-BENA_1986",12.8325548171997,-6.81125009059906,198.64176940918,134.782881736755,10.6333335240682,-7.73333329955737,5.46666685740153,15.8000005086263,35.4000000953674,1.00833335580925,98.509997844696,267.42999792099,140.600002288818,NA,"24A_1986",NA
"3425","173-3-B-BENA",1986,0.066,0.742502857305337,21,1965,12,"173-3","BENA",70,51,14,0,9,0,0,0,0,0,0,NA,NA,NA,0,0,0,0,1278.311889,"East","24A","Low Shrub","Low Shrub","Clay Loam","Mesic",0,347.24527,24,1.739254,-150.191816,67.228627,0.198979190030298,1.22015657421433,"173-3-B-BENA_1986",12.8325548171997,-6.81125009059906,198.64176940918,134.782881736755,10.6333335240682,-7.73333329955737,5.46666685740153,15.8000005086263,35.4000000953674,1.00833335580925,98.509997844696,267.42999792099,140.600002288818,NA,"24A_1986",NA
"3426","173-4-C-BENA",1986,0.096,2.66004933164755,17,1969,12,"173-4","BENA",119,74,14,0,14,0,0,0,0,0,0,NA,NA,NA,0,1,0,0,1308.377258,"East","24A","Low Shrub","Low Shrub","Clay Loam","Mesic",0,346.165253,355,1.872125,-150.190975,67.22891,1.22288911045849,3.39698784311007,"173-4-C-BENA_1986",12.8325548171997,-6.81125009059906,198.64176940918,134.782881736755,10.6333335240682,-7.73333329955737,5.46666685740153,15.8000005086263,35.4000000953674,1.00833335580925,98.509997844696,267.42999792099,140.600002288818,NA,"24A_1986",NA
"3427","184-1-B-BENA",1986,0.051,1.16801273267815,34,1952,13,"184-1","BENA",128,51,19,0,13,0,1,0,0,0.076923077,0,NA,"Hare",NA,1,2,0,0,692.283244,"East","24A","White Spruce or Black Spruce (Open-Closed)","Tall Shrub","Clay Loam","Mesic",0,423.977753,249,10.469168,-150.109686,67.368938,1.22700754660053,3.41100696923958,"184-1-B-BENA_1986",12.4000002543132,-6.74166671435038,159,92,10.6333335240682,-7.73333329955737,5.46666685740153,15.8000005086263,35.4000000953674,1.00833335580925,98.509997844696,267.42999792099,140.600002288818,NA,"24A_1986",NA
"3428","184-2-D-BENA",1986,0.035,0.62817715904855,15,1971,13,"184-2","BENA",84,38,12,10,7,0,0,0,0,0,0,NA,NA,NA,0,1,0,0,706.210196,"East","24A","White Spruce or Black Spruce (Open-Closed)","Tall Shrub","Clay Loam","Mesic",0,429.192566,258,16.706417,-150.109279,67.369156,-0.369750625510684,0.690906603637664,"184-2-D-BENA_1986",12.3984956741333,-6.74354734023412,158.458374023438,91.4132356643677,10.6333335240682,-7.73333329955737,5.46666685740153,15.8000005086263,35.4000000953674,1.00833335580925,98.509997844696,267.42999792099,140.600002288818,NA,"24A_1986",NA
"3429","184-3-B-BENA",1986,0.154666666666667,5.0355403148695,9,1977,13,"184-3","BENA",71,35,17,0,17,0,2,0,0,0.117647059,0,NA,"Hare",NA,1,1,3,0,683.765397,"East","24A","White Spruce or Black Spruce (Open-Closed)","Tall Shrub","Clay Loam","Mesic",0,425.482941,261,10.788996,-150.109693,67.36937,1.10211529968348,3.01052746118707,"184-3-B-BENA_1986",12.3984956741333,-6.74354734023412,158.458374023438,91.4132356643677,10.6333335240682,-7.73333329955737,5.46666685740153,15.8000005086263,35.4000000953674,1.00833335580925,98.509997844696,267.42999792099,140.600002288818,NA,"24A_1986",NA
"3430","203-2-C-BENA",1986,0.071,1.39385868695206,10,1976,15,"203-2","BENA",118,35,14,0,38,0,0,0,0,0,0,NA,NA,NA,0,0,1,0,933.944119,"East","24A","Low Shrub","Low Shrub","Loam","Mesic",0,566.911377,300,26.508135,-149.793674,67.571447,-0.0565988224231715,0.944973095349638,"203-2-C-BENA_1986",11.9333333969116,-7.14166663090388,132,71,7.96666685740153,-10.1166666845481,3.0666667620341,12.9333333969116,8.40000033378601,0.891666687404116,67.9999982714653,291.439998149872,130.900001525879,NA,"24A_1986",NA
"3431","203-4-B-BENA",1986,0.05175,1.37292566605258,7,1979,15,"203-4","BENA",99,36,12,0,12,0,0,0,0,0,0,NA,NA,NA,0,1,1,0,951.384807,"East","24A","Low Shrub","Low Shrub","Loam","Mesic",0,569.135193,316,29.227108,-149.792864,67.571712,-0.49736476691362,0.608131117238132,"203-4-B-BENA_1986",11.9333333969116,-7.14166663090388,132,71,7.96666685740153,-10.1166666845481,3.0666667620341,12.9333333969116,8.40000033378601,0.891666687404116,67.9999982714653,291.439998149872,130.900001525879,NA,"24A_1986",NA
"3432","209-2-B-BENA",1986,0.05725,1.5330491093143,18,1968,16,"209-2","BENA",104,57,18,0,18,0,0,0,0,0,0,NA,NA,NA,0,0,0,0,728.528855,"East","24A","Low Shrub","Black Spruce Woodland","Sandy Loam","Mesic - Xeric",0,561.911133,287,21.070175,-149.692261,67.656,0.74001242051709,2.09596154725891,"209-2-B-BENA_1986",11.1909729639689,-7.59047977129618,122,66,7.96666685740153,-10.1166666845481,3.0666667620341,12.9333333969116,8.40000033378601,0.891666687404116,67.9999982714653,291.439998149872,130.900001525879,NA,"24A_1986",NA
"3433","209-2-D-BENA",1986,0.05075,0.54539010579069,25,1961,16,"209-2","BENA",86,47,10,0,6,0,0,0,0,0,0,NA,NA,NA,0,0,0,0,728.528855,"East","24A","Low Shrub","Black Spruce Woodland","Sandy Loam","Mesic - Xeric",0,561.911133,287,21.070175,-149.692261,67.656,0.0985164353684742,1.10353254120929,"209-2-D-BENA_1986",11.1909729639689,-7.59047977129618,122,66,7.96666685740153,-10.1166666845481,3.0666667620341,12.9333333969116,8.40000033378601,0.891666687404116,67.9999982714653,291.439998149872,130.900001525879,NA,"24A_1986",NA
"3434","209-3-A-BENA",1986,0.032,0.45063005023092,26,1960,16,"209-3","BENA",67,52,13,0,10,0,0,0,0,0,0,NA,NA,NA,0,0,1,0,711.058695,"East","24A","Low Shrub","Black Spruce Woodland","Sandy Loam","Mesic - Xeric",0,553.430786,276,18.070417,-149.69261,67.656251,-0.0455345857507691,0.955486555780602,"209-3-A-BENA_1986",11.1909729639689,-7.59047977129618,122,66,7.96666685740153,-10.1166666845481,3.0666667620341,12.9333333969116,8.40000033378601,0.891666687404116,67.9999982714653,291.439998149872,130.900001525879,NA,"24A_1986",NA
"3435","209-4-D-BENA",1986,0.0573333333333333,0.557525131503033,14,1972,16,"209-4","BENA",71,50,9,0,8,0,0,0,0,0,0,NA,NA,NA,0,0,0,0,738.024448,"East","24A","Low Shrub","Black Spruce Woodland","Sandy Loam","Mesic - Xeric",0,561.090881,296,18.584587,-149.691928,67.656444,-0.571397131283373,0.564735877106621,"209-4-D-BENA_1986",11.1909729639689,-7.59047977129618,122,66,7.96666685740153,-10.1166666845481,3.0666667620341,12.9333333969116,8.40000033378601,0.891666687404116,67.9999982714653,291.439998149872,130.900001525879,NA,"24A_1986",NA
"3436","222-1-B-BENA",1986,0.3185,11.0375883769171,6,1980,17,"222-1","BENA",63,58,19,0,9,0,2,0,0,0.222222222,0,NA,"Hare",NA,1,2,18,0,769.468544,"East","24A","Low Shrub","Tall Shrub","Clay Loam","Mesic",0,669.484009,287,15.029548,-149.809491,67.826198,1.40304385667681,4.06756221925708,"222-1-B-BENA_1986",10.6333335240682,-8.17500002185504,125,67,7.96666685740153,-10.1166666845481,3.0666667620341,12.9333333969116,8.40000033378601,0.891666687404116,67.9999982714653,291.439998149872,130.900001525879,NA,"24A_1986",NA
"3437","222-3-A-BENA",1986,0.207,3.56434735220541,24,1962,17,"222-3","BENA",126,65,16,0,21,0,3,0,0,0.142857143,0,NA,"Hare",NA,1,2,11,1,778.440723,"East","24A","Low Shrub","Low Shrub","Clay Loam","Mesic",0,672.469177,278,13.422374,-149.809021,67.826615,1.92703688777405,6.86912606476986,"222-3-A-BENA_1986",10.6333335240682,-8.17500002185504,125,67,7.96666685740153,-10.1166666845481,3.0666667620341,12.9333333969116,8.40000033378601,0.891666687404116,67.9999982714653,291.439998149872,130.900001525879,NA,"24A_1986",NA
"3438","235-1-A-BENA",1986,0.26025,5.78880877559697,7,1979,18,"235-1","BENA",59,29,10,0,18,0,0,0,0,0,0,NA,NA,NA,0,0,5,0,477.732622,"East","24A","Low Shrub","Low Shrub","Sandy Gravel","Mesic",0,813.776917,295,20.303024,-149.727576,68.004859,0.941617779746656,2.56412625623307,"235-1-A-BENA_1986",8.36666679382324,-9.49166642812391,131,76,6.76666688919067,-11.3000000665585,1.99999998013179,11.5333337783813,4.39999997615814,0.833333331470688,56.1399995088577,301.599997520447,124.5,NA,"24A_1986",NA
"3439","240-4-B-BENA",1986,0.12225,3.63733342178221,18,1968,19,"240-4","BENA",102,72,15,0,13,0,0,0,0,0,0,NA,NA,NA,0,0,2,0,431.079046,"West","24A","Low Shrub","Low Shrub","Sandy Loam","Mesic",0,1046.807861,94,24.616484,-149.606605,68.070368,1.60400462311271,4.97290722149477,"240-4-B-BENA_1986",7.25312598546346,-10.0151037772497,164.173526763916,109.812444210052,6.76666688919067,-11.3000000665585,1.99999998013179,11.5333337783813,4.39999997615814,0.833333331470688,56.1399995088577,301.599997520447,124.5,NA,"24A_1986",NA
"3440","255-1-A-BENA",1986,0.10025,2.59349056794089,17,1969,20,"255-1","BENA",71,26,15,0,17,0,0,0,0,0,0,NA,NA,NA,0,0,0,0,585.543915,"East","26B","Low Shrub","Low Shrub","Sandy Gravel","Mesic - Xeric",0,991.483582,331,1.701594,-149.392735,68.222633,1.19754912010034,3.31198967842418,"255-1-A-BENA_1986",7.6045134862264,-10.4454282621543,166.909729003906,115.954864501953,4.86666679382324,-12.8916666209698,0.233333356678486,9.53333377838135,2.60000014305115,0.741666677718361,46.7099987268448,317.779998779297,128.100002288818,NA,"26B_1986",NA
"3441","255-4-D-BENA",1986,0.022,0.221824715677319,9,1977,20,"255-4","BENA",56,29,5,0,12,0,0,0,0,0,0,NA,NA,NA,0,0,0,2,644.564014,"East","26B","Low Shrub","Low Shrub","Sandy Gravel","Mesic - Xeric",0,993.003235,239,7.430982,-149.391619,68.223199,-2.02027331052565,0.132619213899371,"255-4-D-BENA_1986",7.6045134862264,-10.4454282621543,166.909729003906,115.954864501953,4.86666679382324,-12.8916666209698,0.233333356678486,9.53333377838135,2.60000014305115,0.741666677718361,46.7099987268448,317.779998779297,128.100002288818,NA,"26B_1986",NA
"3442","261-1-C-BENA",1986,0.095,1.38889288213331,10,1976,21,"261-1","BENA",52,23,10,0,13,0,0,0,0,0,0,NA,NA,NA,0,0,0,0,356.206777,"East","26B","Dwarf Shrub","Low Shrub","Sandy Loam","Mesic",0,883.832947,287,13.943512,-149.352299,68.301689,-0.0601678151748042,0.941606504464634,"261-1-C-BENA_1986",7.79827229181925,-10.5914771457513,180.988628387451,120.178262233734,4.86666679382324,-12.8916666209698,0.233333356678486,9.53333377838135,2.60000014305115,0.741666677718361,46.7099987268448,317.779998779297,128.100002288818,NA,"26B_1986",NA
"3443","261-3-D-BENA",1986,0.0953333333333333,3.12776256022629,6,1980,21,"261-3","BENA",74,41,14,0,26,0,0,0,0,0,0,NA,NA,NA,0,0,0,1,380.53651,"East","26B","Tussock Tundra (Low shrub or Herbaceous)","Low Shrub","Sandy Loam","Mesic",0,884.224731,295,11.657486,-149.351558,68.302088,0.142055195755958,1.15264026763216,"261-3-D-BENA_1986",7.79827229181925,-10.5914771457513,180.988628387451,120.178262233734,4.86666679382324,-12.8916666209698,0.233333356678486,9.53333377838135,2.60000014305115,0.741666677718361,46.7099987268448,317.779998779297,128.100002288818,NA,"26B_1986",NA
"3444","261-4-A-BENA",1986,0.092,1.26694776852499,21,1965,21,"261-4","BENA",45,23,13,0,13,0,0,0,0,0,0,NA,NA,NA,0,0,0,0,405.679111,"East","26B","Low Shrub","Low Shrub","Sandy Loam","Mesic",0,886.626587,308,9.946874,-149.350886,68.302265,0.733318426083111,2.08197804727941,"261-4-A-BENA_1986",7.79827229181925,-10.5914771457513,180.988628387451,120.178262233734,4.86666679382324,-12.8916666209698,0.233333356678486,9.53333377838135,2.60000014305115,0.741666677718361,46.7099987268448,317.779998779297,128.100002288818,NA,"26B_1986",NA
"3445","268-4-C-BENA",1986,0.061,0.916696315965253,7,1979,22,"268-4","BENA",58,32,8,0,18,0,0,0,0,0,0,NA,NA,NA,0,0,0,5,171.881056,"West","26B","Dwarf Shrub-Lichen","Low Shrub","Sandy Gravel","Mesic",0,820.486511,188,1.085947,-149.326166,68.400831,-0.901287785255709,0.406046422308403,"268-4-C-BENA_1986",8.86215321222941,-10.0026329793036,188,108.045135498047,4.86666679382324,-12.8916666209698,0.233333356678486,9.53333377838135,2.60000014305115,0.741666677718361,46.7099987268448,317.779998779297,128.100002288818,NA,"26B_1986",NA
"3446","72-1-C-BENA",1986,0.04825,0.589009156290375,18,1968,2,"72-1","BENA",118,71,9,0,11,0,2,0,0,0.181818182,0,NA,"Hare",NA,1,0,0,0,895.937772,"West","20F","Tussock Tundra (Low shrub or Herbaceous)","Black Spruce Woodland","Clay Loam","Mesic",0,130.808105,148,1.606934,-150.14017,66.022623,-0.216559763604111,0.805284406786046,"72-1-C-BENA_1986",14.3002856572469,-5.68163418769836,101.310773849487,75.0394296646118,11.9333333969116,-5.90000019470851,6.6333335240682,17.3000001907349,53.5000014305115,1.07500000608464,107.149996757507,258.449998021126,161.200000762939,NA,"20F_1986",NA
"3447","72-1-D-BENA",1986,0.11125,2.3487420433694,30,1956,2,"72-1","BENA",65,41,8,7,4,0,0,0,0,0,0,NA,NA,NA,0,0,0,0,895.937772,"West","20F","Tussock Tundra (Low shrub or Herbaceous)","Black Spruce Woodland","Clay Loam","Mesic",0,130.808105,148,1.606934,-150.14017,66.022623,1.77622162941161,5.90749349781142,"72-1-D-BENA_1986",14.3002856572469,-5.68163418769836,101.310773849487,75.0394296646118,11.9333333969116,-5.90000019470851,6.6333335240682,17.3000001907349,53.5000014305115,1.07500000608464,107.149996757507,258.449998021126,161.200000762939,NA,"20F_1986",NA
"3448","72-2-A-BENA",1986,0.13525,2.36382718589378,17,1969,2,"72-2","BENA",121,72,12,21,14,0,0,0,0,0,0,NA,NA,NA,0,0,0,0,855.94066,"West","20F","Tussock Tundra (Low shrub or Herbaceous)","Black Spruce Woodland","Clay Loam","Mesic",0,131.055786,179,2.125059,-150.13956,66.022889,1.10482643656264,3.01870048730292,"72-2-A-BENA_1986",14.3002856572469,-5.68163418769836,101.310773849487,75.0394296646118,11.9333333969116,-5.90000019470851,6.6333335240682,17.3000001907349,53.5000014305115,1.07500000608464,107.149996757507,258.449998021126,161.200000762939,NA,"20F_1986",NA
"3449","72-3-D-BENA",1986,0.01925,0.312644035952244,30,1956,2,"72-3","BENA",104,47,11,0,9,0,0,0,0,0,0,NA,NA,NA,0,0,1,0,885.368743,"West","20F","Tussock Tundra (Low shrub or Herbaceous)","Black Spruce Woodland","Clay Loam","Mesic",0,132.401993,119,2.284806,-150.140609,66.023021,-0.24034825567323,0.786353961147585,"72-3-D-BENA_1986",14.3002856572469,-5.68163418769836,101.310773849487,75.0394296646118,11.9333333969116,-5.90000019470851,6.6333335240682,17.3000001907349,53.5000014305115,1.07500000608464,107.149996757507,258.449998021126,161.200000762939,NA,"20F_1986",NA
"3450","121-1-C-BENA",1985,0.05075,0.815793268670466,13,1972,7,"121-1","BENA",60,36,11,0,11,0,0,0,0,0,0,NA,NA,NA,0,0,0,0,1394.51987,"East","24A","Tall Shrub (Open-Closed)","Low Shrub","Clay Loam","Mesic",2005,466.470276,61,7.209129,-150.675843,66.599029,-0.279179644132008,0.756404007467607,"121-1-C-BENA_1985",12.4666665395101,-6.30000015099843,213,164,11.9666668574015,-6.25000009934107,7.03333346048991,16.9333337148031,95.8000011444092,1.03333334748944,123.719995975494,255.629999876022,138.100002288818,NA,"24A_1985",NA
"3451","129-3-A-BENA",1985,0.024,0.485225268532254,33,1952,8,"129-3","BENA",51,35,12,0,6,0,0,0,0,0,0,NA,NA,NA,0,0,0,0,1022.673056,"East","24A","Tussock Tundra (Low shrub or Herbaceous)","Low Shrub-Tussock Tundra","Sandy Loam","Mesic - Hydric",2005,301.546051,352,6.265718,-150.646771,66.710061,0.312937041645595,1.3674354368326,"129-3-A-BENA_1985",12.766666730245,-6.21666657924652,200,148,11.9666668574015,-6.25000009934107,7.03333346048991,16.9333337148031,95.8000011444092,1.03333334748944,123.719995975494,255.629999876022,138.100002288818,NA,"24A_1985",NA
"3452","129-4-D-BENA",1985,0.0585,1.96491776456755,24,1961,8,"129-4","BENA",87,41,18,0,9,0,0,0,0,0,0,NA,NA,NA,0,0,0,0,1057.255538,"East","24A","Tussock Tundra (Low shrub or Herbaceous)","Tall Shrub","Sandy Loam","Mesic - Hydric",2005,303.823029,358,6.979915,-150.646167,66.709845,1.33150631593007,3.78674312518082,"129-4-D-BENA_1985",12.766666730245,-6.21666657924652,200,148,11.9666668574015,-6.25000009934107,7.03333346048991,16.9333337148031,95.8000011444092,1.03333334748944,123.719995975494,255.629999876022,138.100002288818,NA,"24A_1985",NA
"3453","173-1-A-BENA",1985,0.06275,0.757441719421774,17,1968,12,"173-1","BENA",69,40,12,0,9,0,0,0,0,0,0,NA,NA,NA,0,0,0,0,1301.486525,"East","24A","Low Shrub","Low Shrub","Clay Loam","Mesic",0,349.871613,358,2.901099,-150.191497,67.228159,-0.033264240510868,0.967282930481032,"173-1-A-BENA_1985",12.7623713811239,-6.75216406583786,176.64176940918,174.732040405273,10.4000002543132,-7.69166693091393,5.6333335240682,15.200000445048,63.8000016212463,1.01666667747001,109.839996814728,267.290000200272,131.300003051758,NA,"24A_1985",NA
"3454","173-2-A-BENA",1985,0.0515,1.00828787898435,26,1959,12,"173-2","BENA",94,43,12,0,6,0,0,0,0,0,0,NA,NA,NA,0,2,0,0,1323.706943,"East","24A","Tussock Tundra (Low shrub or Herbaceous)","Low Shrub","Clay Loam","Mesic",0,348.371155,13,2.823825,-150.190835,67.228457,0.759827701190501,2.1379078297872,"173-2-A-BENA_1985",12.7623713811239,-6.75216406583786,176.64176940918,174.732040405273,10.4000002543132,-7.69166693091393,5.6333335240682,15.200000445048,63.8000016212463,1.01666667747001,109.839996814728,267.290000200272,131.300003051758,NA,"24A_1985",NA
"3455","173-3-B-BENA",1985,0.191,2.30296962745523,20,1965,12,"173-3","BENA",70,51,14,0,9,0,0,0,0,0,0,NA,NA,NA,0,0,0,0,1278.311889,"East","24A","Low Shrub","Low Shrub","Clay Loam","Mesic",0,347.24527,24,1.739254,-150.191816,67.228627,1.27268399410438,3.57042270700022,"173-3-B-BENA_1985",12.7623713811239,-6.75216406583786,176.64176940918,174.732040405273,10.4000002543132,-7.69166693091393,5.6333335240682,15.200000445048,63.8000016212463,1.01666667747001,109.839996814728,267.290000200272,131.300003051758,NA,"24A_1985",NA
"3456","173-4-C-BENA",1985,0.149,4.2433020733139,16,1969,12,"173-4","BENA",119,74,14,0,14,0,0,0,0,0,0,NA,NA,NA,0,1,0,0,1308.377258,"East","24A","Low Shrub","Low Shrub","Clay Loam","Mesic",0,346.165253,355,1.872125,-150.190975,67.22891,1.61754049492796,5.04067748626762,"173-4-C-BENA_1985",12.7623713811239,-6.75216406583786,176.64176940918,174.732040405273,10.4000002543132,-7.69166693091393,5.6333335240682,15.200000445048,63.8000016212463,1.01666667747001,109.839996814728,267.290000200272,131.300003051758,NA,"24A_1985",NA
"3457","184-1-B-BENA",1985,0.04025,0.933352451165963,33,1952,13,"184-1","BENA",128,51,19,0,13,0,1,0,0,0.076923077,0,NA,"Hare",NA,1,2,0,0,692.283244,"East","24A","White Spruce or Black Spruce (Open-Closed)","Tall Shrub","Clay Loam","Mesic",0,423.977753,249,10.469168,-150.109686,67.368938,0.967106678018455,2.63032306755078,"184-1-B-BENA_1985",12.2999998728434,-6.67500025033951,142,118,10.4000002543132,-7.69166693091393,5.6333335240682,15.200000445048,63.8000016212463,1.01666667747001,109.839996814728,267.290000200272,131.300003051758,NA,"24A_1985",NA
"3458","184-2-D-BENA",1985,0.1515,2.80787461776772,14,1971,13,"184-2","BENA",84,38,12,10,7,0,0,0,0,0,0,NA,NA,NA,0,1,0,0,706.210196,"East","24A","White Spruce or Black Spruce (Open-Closed)","Tall Shrub","Clay Loam","Mesic",0,429.192566,258,16.706417,-150.109279,67.369156,1.04527839982583,2.84419023550662,"184-2-D-BENA_1985",12.2954861323039,-6.67725704113642,141.458374023438,117.3229637146,10.4000002543132,-7.69166693091393,5.6333335240682,15.200000445048,63.8000016212463,1.01666667747001,109.839996814728,267.290000200272,131.300003051758,NA,"24A_1985",NA
"3459","184-3-B-BENA",1985,0.065,2.16108588933199,8,1977,13,"184-3","BENA",71,35,17,0,17,0,2,0,0,0.117647059,0,NA,"Hare",NA,1,1,3,0,683.765397,"East","24A","White Spruce or Black Spruce (Open-Closed)","Tall Shrub","Clay Loam","Mesic",0,425.482941,261,10.788996,-150.109693,67.36937,0.115650240938765,1.12260316283207,"184-3-B-BENA_1985",12.2954861323039,-6.67725704113642,141.458374023438,117.3229637146,10.4000002543132,-7.69166693091393,5.6333335240682,15.200000445048,63.8000016212463,1.01666667747001,109.839996814728,267.290000200272,131.300003051758,NA,"24A_1985",NA
"3460","203-2-C-BENA",1985,0.24075,4.96214736349095,9,1976,15,"203-2","BENA",118,35,14,0,38,0,0,0,0,0,0,NA,NA,NA,0,0,1,0,933.944119,"East","24A","Low Shrub","Low Shrub","Loam","Mesic",0,566.911377,300,26.508135,-149.793674,67.571447,1.08743305071378,2.96664905256223,"203-2-C-BENA_1985",11.7999998728434,-7.05833351612091,116,101,7.66666682561239,-10.1000001039356,2.96666661898295,12.3999999364217,25.8999999761581,0.883333349600434,76.7399994134903,291.86999797821,115.600002288818,NA,"24A_1985",NA
"3461","203-4-B-BENA",1985,0.05675,1.52491945292497,6,1979,15,"203-4","BENA",99,36,12,0,12,0,0,0,0,0,0,NA,NA,NA,0,1,1,0,951.384807,"East","24A","Low Shrub","Low Shrub","Loam","Mesic",0,569.135193,316,29.227108,-149.792864,67.571712,-0.576321125279565,0.561961956028322,"203-4-B-BENA_1985",11.7999998728434,-7.05833351612091,116,101,7.66666682561239,-10.1000001039356,2.96666661898295,12.3999999364217,25.8999999761581,0.883333349600434,76.7399994134903,291.86999797821,115.600002288818,NA,"24A_1985",NA
"3462","209-2-B-BENA",1985,0.05875,1.59462628882008,17,1968,16,"209-2","BENA",104,57,18,0,18,0,0,0,0,0,0,NA,NA,NA,0,0,0,0,728.528855,"East","24A","Low Shrub","Black Spruce Woodland","Sandy Loam","Mesic - Xeric",0,561.911133,287,21.070175,-149.692261,67.656,0.711183849208376,2.03640062346907,"209-2-B-BENA_1985",11.0576394399007,-7.51510378718376,108,98,7.66666682561239,-10.1000001039356,2.96666661898295,12.3999999364217,25.8999999761581,0.883333349600434,76.7399994134903,291.86999797821,115.600002288818,NA,"24A_1985",NA
"3463","209-2-D-BENA",1985,0.0245,0.269083693965272,24,1961,16,"209-2","BENA",86,47,10,0,6,0,0,0,0,0,0,NA,NA,NA,0,0,0,0,728.528855,"East","24A","Low Shrub","Black Spruce Woodland","Sandy Loam","Mesic - Xeric",0,561.911133,287,21.070175,-149.692261,67.656,-0.656676896211337,0.518571742082809,"209-2-D-BENA_1985",11.0576394399007,-7.51510378718376,108,98,7.66666682561239,-10.1000001039356,2.96666661898295,12.3999999364217,25.8999999761581,0.883333349600434,76.7399994134903,291.86999797821,115.600002288818,NA,"24A_1985",NA
"3464","209-3-A-BENA",1985,0.039,0.557904443776728,25,1960,16,"209-3","BENA",67,52,13,0,10,0,0,0,0,0,0,NA,NA,NA,0,0,1,0,711.058695,"East","24A","Low Shrub","Black Spruce Woodland","Sandy Loam","Mesic - Xeric",0,553.430786,276,18.070417,-149.69261,67.656251,0.121202806324183,1.12885382784917,"209-3-A-BENA_1985",11.0576394399007,-7.51510378718376,108,98,7.66666682561239,-10.1000001039356,2.96666661898295,12.3999999364217,25.8999999761581,0.883333349600434,76.7399994134903,291.86999797821,115.600002288818,NA,"24A_1985",NA
"3465","209-4-D-BENA",1985,0.0343333333333333,0.343754069395337,13,1972,16,"209-4","BENA",71,50,9,0,8,0,0,0,0,0,0,NA,NA,NA,0,0,0,0,738.024448,"East","24A","Low Shrub","Black Spruce Woodland","Sandy Loam","Mesic - Xeric",0,561.090881,296,18.584587,-149.691928,67.656444,-1.14341413262903,0.318728979092573,"209-4-D-BENA_1985",11.0576394399007,-7.51510378718376,108,98,7.66666682561239,-10.1000001039356,2.96666661898295,12.3999999364217,25.8999999761581,0.883333349600434,76.7399994134903,291.86999797821,115.600002288818,NA,"24A_1985",NA
"3466","222-3-A-BENA",1985,0.33975,6.43375575623038,23,1962,17,"222-3","BENA",126,65,16,0,21,0,3,0,0,0.142857143,0,NA,"Hare",NA,1,2,11,1,778.440723,"East","24A","Low Shrub","Low Shrub","Clay Loam","Mesic",0,672.469177,278,13.422374,-149.809021,67.826615,2.46682635555127,11.7849860838463,"222-3-A-BENA_1985",10.4333333969116,-8.1083333392938,109,99,7.66666682561239,-10.1000001039356,2.96666661898295,12.3999999364217,25.8999999761581,0.883333349600434,76.7399994134903,291.86999797821,115.600002288818,NA,"24A_1985",NA
"3467","235-1-A-BENA",1985,0.1695,3.99907466042385,6,1979,18,"235-1","BENA",59,29,10,0,18,0,0,0,0,0,0,NA,NA,NA,0,0,5,0,477.732622,"East","24A","Low Shrub","Low Shrub","Sandy Gravel","Mesic",0,813.776917,295,20.303024,-149.727576,68.004859,0.387800283273893,1.47373542528063,"235-1-A-BENA_1985",8.19999996821086,-9.4166667064031,114,109,6.50000015894572,-11.2583335936069,1.96666665871938,11.0666666030884,13.5000006556511,0.808333349724611,56.1499986052513,301.86999797821,102.400001525879,NA,"24A_1985",NA
"3468","240-4-B-BENA",1985,0.1125,3.43020684368426,17,1968,19,"240-4","BENA",102,72,15,0,13,0,0,0,0,0,0,NA,NA,NA,0,0,2,0,431.079046,"West","24A","Low Shrub","Low Shrub","Sandy Loam","Mesic",0,1046.807861,94,24.616484,-149.606605,68.070368,1.47716500574544,4.38050934195693,"240-4-B-BENA_1985",7.1197927792867,-9.90677060683568,143.038124084473,153.083260536194,6.50000015894572,-11.2583335936069,1.96666665871938,11.0666666030884,13.5000006556511,0.808333349724611,56.1499986052513,301.86999797821,102.400001525879,NA,"24A_1985",NA
"3469","255-1-A-BENA",1985,0.113,2.99903974534049,16,1969,20,"255-1","BENA",71,26,15,0,17,0,0,0,0,0,0,NA,NA,NA,0,0,0,0,585.543915,"East","26B","Low Shrub","Low Shrub","Sandy Gravel","Mesic - Xeric",0,991.483582,331,1.701594,-149.392735,68.222633,1.27049089045194,3.56260097998478,"255-1-A-BENA_1985",7.47118028004964,-10.3617187937101,144.864593505859,146.909729003906,4.60000014305115,-12.7750002543132,0.166666669150194,9.06666660308838,9.90000039339066,0.725000023841858,44.519998550415,318.599997520447,104.499998092651,NA,"26B_1985",NA
"3470","255-4-D-BENA",1985,0.0195,0.199159695478002,8,1977,20,"255-4","BENA",56,29,5,0,12,0,0,0,0,0,0,NA,NA,NA,0,0,0,2,644.564014,"East","26B","Low Shrub","Low Shrub","Sandy Gravel","Mesic - Xeric",0,993.003235,239,7.430982,-149.391619,68.223199,-2.26860886721649,0.103456001057592,"255-4-D-BENA_1985",7.47118028004964,-10.3617187937101,144.864593505859,146.909729003906,4.60000014305115,-12.7750002543132,0.166666669150194,9.06666660308838,9.90000039339066,0.725000023841858,44.519998550415,318.599997520447,104.499998092651,NA,"26B_1985",NA
"3471","261-1-C-BENA",1985,0.039,0.586595041136075,9,1976,21,"261-1","BENA",52,23,10,0,13,0,0,0,0,0,0,NA,NA,NA,0,0,0,0,356.206777,"East","26B","Dwarf Shrub","Low Shrub","Sandy Loam","Mesic",0,883.832947,287,13.943512,-149.352299,68.301689,-1.04782610856503,0.350699303254824,"261-1-C-BENA_1985",7.66283162434896,-10.499810496966,156.115047454834,151.925417900085,4.60000014305115,-12.7750002543132,0.166666669150194,9.06666660308838,9.90000039339066,0.725000023841858,44.519998550415,318.599997520447,104.499998092651,NA,"26B_1985",NA
"3472","261-4-A-BENA",1985,0.112,1.61415030541444,20,1965,21,"261-4","BENA",45,23,13,0,13,0,0,0,0,0,0,NA,NA,NA,0,0,0,0,405.679111,"East","26B","Low Shrub","Low Shrub","Sandy Loam","Mesic",0,886.626587,308,9.946874,-149.350886,68.302265,0.917293253148029,2.50250755991575,"261-4-A-BENA_1985",7.66283162434896,-10.499810496966,156.115047454834,151.925417900085,4.60000014305115,-12.7750002543132,0.166666669150194,9.06666660308838,9.90000039339066,0.725000023841858,44.519998550415,318.599997520447,104.499998092651,NA,"26B_1985",NA
"3473","268-4-C-BENA",1985,0.04175,0.640887846575431,6,1979,22,"268-4","BENA",58,32,8,0,18,0,0,0,0,0,0,NA,NA,NA,0,0,0,5,171.881056,"West","26B","Dwarf Shrub-Lichen","Low Shrub","Sandy Gravel","Mesic",0,820.486511,188,1.085947,-149.326166,68.400831,-1.44316351990076,0.236179417322987,"268-4-C-BENA_1985",8.69548638661703,-9.89505181709925,161,137,4.60000014305115,-12.7750002543132,0.166666669150194,9.06666660308838,9.90000039339066,0.725000023841858,44.519998550415,318.599997520447,104.499998092651,NA,"26B_1985",NA
"3474","72-1-C-BENA",1985,0.08375,1.05710371278168,17,1968,2,"72-1","BENA",118,71,9,0,11,0,2,0,0,0.181818182,0,NA,"Hare",NA,1,0,0,0,895.937772,"West","20F","Tussock Tundra (Low shrub or Herbaceous)","Black Spruce Woodland","Clay Loam","Mesic",0,130.808105,148,1.606934,-150.14017,66.022623,0.300077264124171,1.34996310726379,"72-1-C-BENA_1985",14.1986853281657,-5.91599718729655,101.371131896973,107.2024269104,11.6333335240682,-6.11666689316432,6.69999996821086,16.6000006993612,85.5000019073486,1.04166666852931,119.029996871948,258.200000166893,147.400001525879,NA,"20F_1985",NA
"3475","72-1-D-BENA",1985,0.14175,3.10533298023069,29,1956,2,"72-1","BENA",65,41,8,7,4,0,0,0,0,0,0,NA,NA,NA,0,0,0,0,895.937772,"West","20F","Tussock Tundra (Low shrub or Herbaceous)","Black Spruce Woodland","Clay Loam","Mesic",0,130.808105,148,1.606934,-150.14017,66.022623,2.01500666309882,7.50077735945721,"72-1-D-BENA_1985",14.1986853281657,-5.91599718729655,101.371131896973,107.2024269104,11.6333335240682,-6.11666689316432,6.69999996821086,16.6000006993612,85.5000019073486,1.04166666852931,119.029996871948,258.200000166893,147.400001525879,NA,"20F_1985",NA
"3476","72-2-A-BENA",1985,0.1105,2.0165710455797,16,1969,2,"72-2","BENA",121,72,12,21,14,0,0,0,0,0,0,NA,NA,NA,0,0,0,0,855.94066,"West","20F","Tussock Tundra (Low shrub or Herbaceous)","Black Spruce Woodland","Clay Loam","Mesic",0,131.055786,179,2.125059,-150.13956,66.022889,0.873597304743899,2.39551276182754,"72-2-A-BENA_1985",14.1986853281657,-5.91599718729655,101.371131896973,107.2024269104,11.6333335240682,-6.11666689316432,6.69999996821086,16.6000006993612,85.5000019073486,1.04166666852931,119.029996871948,258.200000166893,147.400001525879,NA,"20F_1985",NA
"3477","72-3-D-BENA",1985,0.0225,0.368379227569123,29,1956,2,"72-3","BENA",104,47,11,0,9,0,0,0,0,0,0,NA,NA,NA,0,0,1,0,885.368743,"West","20F","Tussock Tundra (Low shrub or Herbaceous)","Black Spruce Woodland","Clay Loam","Mesic",0,132.401993,119,2.284806,-150.140609,66.023021,-0.116756648271827,0.889801701600307,"72-3-D-BENA_1985",14.1986853281657,-5.91599718729655,101.371131896973,107.2024269104,11.6333335240682,-6.11666689316432,6.69999996821086,16.6000006993612,85.5000019073486,1.04166666852931,119.029996871948,258.200000166893,147.400001525879,NA,"20F_1985",NA
"3478","121-1-C-BENA",1984,0.0595,0.977055735618673,12,1972,7,"121-1","BENA",60,36,11,0,11,0,0,0,0,0,0,NA,NA,NA,0,0,0,0,1394.51987,"East","24A","Tall Shrub (Open-Closed)","Low Shrub","Clay Loam","Mesic",2005,466.470276,61,7.209129,-150.675843,66.599029,-0.19431497815661,0.823398510873984,"121-1-C-BENA_1984",12.1333335240682,-7.40833330154419,269,77,11.766666730245,-7.22500010331472,6.73333358764648,16.8666671117147,62.9000005722046,1.13333335705101,102.439998149872,263.609998762608,162.800004959106,NA,"24A_1984",NA
"3479","129-3-A-BENA",1984,0.02425,0.49395555816704,32,1952,8,"129-3","BENA",51,35,12,0,6,0,0,0,0,0,0,NA,NA,NA,0,0,0,0,1022.673056,"East","24A","Tussock Tundra (Low shrub or Herbaceous)","Low Shrub-Tussock Tundra","Sandy Loam","Mesic - Hydric",2005,301.546051,352,6.265718,-150.646771,66.710061,0.294048327726343,1.34184875059922,"129-3-A-BENA_1984",12.3999999364217,-7.35833330949148,258,68,11.766666730245,-7.22500010331472,6.73333358764648,16.8666671117147,62.9000005722046,1.13333335705101,102.439998149872,263.609998762608,162.800004959106,NA,"24A_1984",NA
"3480","129-4-D-BENA",1984,0.05425,1.84138346919444,23,1961,8,"129-4","BENA",87,41,18,0,9,0,0,0,0,0,0,NA,NA,NA,0,0,0,0,1057.255538,"East","24A","Tussock Tundra (Low shrub or Herbaceous)","Tall Shrub","Sandy Loam","Mesic - Hydric",2005,303.823029,358,6.979915,-150.646167,66.709845,1.21578506340237,3.37294099771604,"129-4-D-BENA_1984",12.3999999364217,-7.35833330949148,258,68,11.766666730245,-7.22500010331472,6.73333358764648,16.8666671117147,62.9000005722046,1.13333335705101,102.439998149872,263.609998762608,162.800004959106,NA,"24A_1984",NA
"3481","173-1-A-BENA",1984,0.04875,0.605527257763869,16,1968,12,"173-1","BENA",69,40,12,0,9,0,0,0,0,0,0,NA,NA,NA,0,0,0,0,1301.486525,"East","24A","Low Shrub","Low Shrub","Clay Loam","Mesic",0,349.871613,358,2.901099,-150.191497,67.228159,-0.329456962142728,0.719314242256612,"173-1-A-BENA_1984",12.4318571090698,-8.20060404141744,258.557205200195,100.86744594574,10.366666952769,-9.07500000794729,5.46666669845581,15.3000001907349,38.8999999761581,1.049999995778,96.019996881485,274.249998450279,154.600006103516,NA,"24A_1984",NA
"3482","173-2-A-BENA",1984,0.02975,0.5900513796532,25,1959,12,"173-2","BENA",94,43,12,0,6,0,0,0,0,0,0,NA,NA,NA,0,2,0,0,1323.706943,"East","24A","Tussock Tundra (Low shrub or Herbaceous)","Low Shrub","Clay Loam","Mesic",0,348.371155,13,2.823825,-150.190835,67.228457,0.17722472358552,1.19389936032803,"173-2-A-BENA_1984",12.4318571090698,-8.20060404141744,258.557205200195,100.86744594574,10.366666952769,-9.07500000794729,5.46666669845581,15.3000001907349,38.8999999761581,1.049999995778,96.019996881485,274.249998450279,154.600006103516,NA,"24A_1984",NA
"3483","173-3-B-BENA",1984,0.095,1.23081316982341,19,1965,12,"173-3","BENA",70,51,14,0,9,0,0,0,0,0,0,NA,NA,NA,0,0,0,0,1278.311889,"East","24A","Low Shrub","Low Shrub","Clay Loam","Mesic",0,347.24527,24,1.739254,-150.191816,67.228627,0.584949355683465,1.79490008185015,"173-3-B-BENA_1984",12.4318571090698,-8.20060404141744,258.557205200195,100.86744594574,10.366666952769,-9.07500000794729,5.46666669845581,15.3000001907349,38.8999999761581,1.049999995778,96.019996881485,274.249998450279,154.600006103516,NA,"24A_1984",NA
"3484","173-4-C-BENA",1984,0.14025,4.12156084194789,15,1969,12,"173-4","BENA",119,74,14,0,14,0,0,0,0,0,0,NA,NA,NA,0,1,0,0,1308.377258,"East","24A","Low Shrub","Low Shrub","Clay Loam","Mesic",0,346.165253,355,1.872125,-150.190975,67.22891,1.51141436314103,4.53313776532286,"173-4-C-BENA_1984",12.4318571090698,-8.20060404141744,258.557205200195,100.86744594574,10.366666952769,-9.07500000794729,5.46666669845581,15.3000001907349,38.8999999761581,1.049999995778,96.019996881485,274.249998450279,154.600006103516,NA,"24A_1984",NA
"3485","184-1-B-BENA",1984,0.05075,1.19134435956866,32,1952,13,"184-1","BENA",128,51,19,0,13,0,1,0,0,0.076923077,0,NA,"Hare",NA,1,2,0,0,692.283244,"East","24A","White Spruce or Black Spruce (Open-Closed)","Tall Shrub","Clay Loam","Mesic",0,423.977753,249,10.469168,-150.109686,67.368938,1.17444044019221,3.23633151604306,"184-1-B-BENA_1984",12.0333331425985,-8.13333342472712,207,70,10.366666952769,-9.07500000794729,5.46666669845581,15.3000001907349,38.8999999761581,1.049999995778,96.019996881485,274.249998450279,154.600006103516,NA,"24A_1984",NA
"3486","184-2-D-BENA",1984,0.12675,2.4599607064918,13,1971,13,"184-2","BENA",84,38,12,10,7,0,0,0,0,0,0,NA,NA,NA,0,1,0,0,706.210196,"East","24A","White Spruce or Black Spruce (Open-Closed)","Tall Shrub","Clay Loam","Mesic",0,429.192566,258,16.706417,-150.109279,67.369156,0.824560036047305,2.28087704086569,"184-2-D-BENA_1984",12.0318285624186,-8.13521403074265,206.27783203125,69.5486421585083,10.366666952769,-9.07500000794729,5.46666669845581,15.3000001907349,38.8999999761581,1.049999995778,96.019996881485,274.249998450279,154.600006103516,NA,"24A_1984",NA
"3487","184-3-B-BENA",1984,0.068,2.28924087895257,7,1977,13,"184-3","BENA",71,35,17,0,17,0,2,0,0,0.117647059,0,NA,"Hare",NA,1,1,3,0,683.765397,"East","24A","White Spruce or Black Spruce (Open-Closed)","Tall Shrub","Clay Loam","Mesic",0,425.482941,261,10.788996,-150.109693,67.36937,0.0139115162703533,1.01400873169438,"184-3-B-BENA_1984",12.0318285624186,-8.13521403074265,206.27783203125,69.5486421585083,10.366666952769,-9.07500000794729,5.46666669845581,15.3000001907349,38.8999999761581,1.049999995778,96.019996881485,274.249998450279,154.600006103516,NA,"24A_1984",NA
"3488","203-2-C-BENA",1984,0.273,6.06747884319513,8,1976,15,"203-2","BENA",118,35,14,0,38,0,0,0,0,0,0,NA,NA,NA,0,0,1,0,933.944119,"East","24A","Low Shrub","Low Shrub","Loam","Mesic",0,566.911377,300,26.508135,-149.793674,67.571447,1.14798259073085,3.1518279645484,"203-2-C-BENA_1984",11.6333332061768,-8.54999993244807,175,67,7.63333368301392,-11.500000278155,3.03333330154419,12.3000001907349,7.40000021457672,0.90833335618178,68.9299991130829,294.769998073578,161.300001144409,NA,"24A_1984",NA
"3489","209-2-B-BENA",1984,0.07025,1.93523580082686,16,1968,16,"209-2","BENA",104,57,18,0,18,0,0,0,0,0,0,NA,NA,NA,0,0,0,0,728.528855,"East","24A","Low Shrub","Black Spruce Woodland","Sandy Loam","Mesic - Xeric",0,561.911133,287,21.070175,-149.692261,67.656,0.832427917858175,2.29889349457243,"209-2-B-BENA_1984",10.924306233724,-9.01510373751322,166,68,7.63333368301392,-11.500000278155,3.03333330154419,12.3000001907349,7.40000021457672,0.90833335618178,68.9299991130829,294.769998073578,161.300001144409,NA,"24A_1984",NA
"3490","209-2-D-BENA",1984,0.03625,0.405052413061261,23,1961,16,"209-2","BENA",86,47,10,0,6,0,0,0,0,0,0,NA,NA,NA,0,0,0,0,728.528855,"East","24A","Low Shrub","Black Spruce Woodland","Sandy Loam","Mesic - Xeric",0,561.911133,287,21.070175,-149.692261,67.656,-0.298470916408961,0.741951860160788,"209-2-D-BENA_1984",10.924306233724,-9.01510373751322,166,68,7.63333368301392,-11.500000278155,3.03333330154419,12.3000001907349,7.40000021457672,0.90833335618178,68.9299991130829,294.769998073578,161.300001144409,NA,"24A_1984",NA
"3491","209-3-A-BENA",1984,0.0515,0.751362148588454,24,1960,16,"209-3","BENA",67,52,13,0,10,0,0,0,0,0,0,NA,NA,NA,0,0,1,0,711.058695,"East","24A","Low Shrub","Black Spruce Woodland","Sandy Loam","Mesic - Xeric",0,553.430786,276,18.070417,-149.69261,67.656251,0.370188399950029,1.44800739348733,"209-3-A-BENA_1984",10.924306233724,-9.01510373751322,166,68,7.63333368301392,-11.500000278155,3.03333330154419,12.3000001907349,7.40000021457672,0.90833335618178,68.9299991130829,294.769998073578,161.300001144409,NA,"24A_1984",NA
"3492","209-4-D-BENA",1984,0.0706666666666667,0.730843368343366,12,1972,16,"209-4","BENA",71,50,9,0,8,0,0,0,0,0,0,NA,NA,NA,0,0,0,0,738.024448,"East","24A","Low Shrub","Black Spruce Woodland","Sandy Loam","Mesic - Xeric",0,561.090881,296,18.584587,-149.691928,67.656444,-0.484659509889892,0.615906871264626,"209-4-D-BENA_1984",10.924306233724,-9.01510373751322,166,68,7.63333368301392,-11.500000278155,3.03333330154419,12.3000001907349,7.40000021457672,0.90833335618178,68.9299991130829,294.769998073578,161.300001144409,NA,"24A_1984",NA
"3493","222-3-A-BENA",1984,0.13125,2.67965581504907,22,1962,17,"222-3","BENA",126,65,16,0,21,0,3,0,0,0.142857143,0,NA,"Hare",NA,1,2,11,1,778.440723,"East","24A","Low Shrub","Low Shrub","Clay Loam","Mesic",0,672.469177,278,13.422374,-149.809021,67.826615,1.53791024170887,4.65485258304543,"222-3-A-BENA_1984",10.3333334922791,-9.60833332935969,169,69,7.63333368301392,-11.500000278155,3.03333330154419,12.3000001907349,7.40000021457672,0.90833335618178,68.9299991130829,294.769998073578,161.300001144409,NA,"24A_1984",NA
"3494","240-4-B-BENA",1984,0.124,3.87298055608674,16,1968,19,"240-4","BENA",102,72,15,0,13,0,0,0,0,0,0,NA,NA,NA,0,0,2,0,431.079046,"West","24A","Low Shrub","Low Shrub","Sandy Loam","Mesic",0,1046.807861,94,24.616484,-149.606605,68.070368,1.52622311805322,4.60076741097345,"240-4-B-BENA_1984",6.98495467503866,-11.4571468333403,224.715156555176,113.767308712006,6.46666685740153,-12.6750001907349,1.96666671832403,10.9666668574015,4.40000000596046,0.816666667660077,59.5299981832504,304.449996948242,170.600004196167,NA,"24A_1984",NA
"3495","255-1-A-BENA",1984,0.1015,2.76222570571476,15,1969,20,"255-1","BENA",71,26,15,0,17,0,0,0,0,0,0,NA,NA,NA,0,0,0,0,585.543915,"East","26B","Low Shrub","Low Shrub","Sandy Gravel","Mesic - Xeric",0,991.483582,331,1.701594,-149.392735,68.222633,1.11121919625544,3.03806012893974,"255-1-A-BENA_1984",7.33634249369303,-11.8958040575186,231.819458007812,116.909729003906,4.70000004768372,-14.2416666150093,0.333333333333333,9.10000022252401,2.60000014305115,0.775000024586916,50.7299995422363,319.48999786377,173.100004196167,NA,"26B_1984",NA
"3496","255-4-D-BENA",1984,0.026,0.269262764746525,7,1977,20,"255-4","BENA",56,29,5,0,12,0,0,0,0,0,0,NA,NA,NA,0,0,0,2,644.564014,"East","26B","Low Shrub","Low Shrub","Sandy Gravel","Mesic - Xeric",0,993.003235,239,7.430982,-149.391619,68.223199,-2.12637630797242,0.119268704784824,"255-4-D-BENA_1984",7.33634249369303,-11.8958040575186,231.819458007812,116.909729003906,4.70000004768372,-14.2416666150093,0.333333333333333,9.10000022252401,2.60000014305115,0.775000024586916,50.7299995422363,319.48999786377,173.100004196167,NA,"26B_1984",NA
"3497","261-1-C-BENA",1984,0.0403333333333333,0.616701919427275,8,1976,21,"261-1","BENA",52,23,10,0,13,0,0,0,0,0,0,NA,NA,NA,0,0,0,0,356.206777,"East","26B","Dwarf Shrub","Low Shrub","Sandy Loam","Mesic",0,883.832947,287,13.943512,-149.352299,68.301689,-1.13833006554825,0.32035354480412,"261-1-C-BENA_1984",7.52949889500936,-12.0341969430447,255.482944488525,120.115050792694,4.70000004768372,-14.2416666150093,0.333333333333333,9.10000022252401,2.60000014305115,0.775000024586916,50.7299995422363,319.48999786377,173.100004196167,NA,"26B_1984",NA
"3498","261-4-A-BENA",1984,0.0505,0.75358953777985,19,1965,21,"261-4","BENA",45,23,13,0,13,0,0,0,0,0,0,NA,NA,NA,0,0,0,0,405.679111,"East","26B","Low Shrub","Low Shrub","Sandy Loam","Mesic",0,886.626587,308,9.946874,-149.350886,68.302265,0.0943668522560758,1.09896282896984,"261-4-A-BENA_1984",7.52949889500936,-12.0341969430447,255.482944488525,120.115050792694,4.70000004768372,-14.2416666150093,0.333333333333333,9.10000022252401,2.60000014305115,0.775000024586916,50.7299995422363,319.48999786377,173.100004196167,NA,"26B_1984",NA
"3499","72-1-C-BENA",1984,0.04075,0.530290433400293,16,1968,2,"72-1","BENA",118,71,9,0,11,0,2,0,0,0.181818182,0,NA,"Hare",NA,1,0,0,0,895.937772,"West","20F","Tussock Tundra (Low shrub or Herbaceous)","Black Spruce Woodland","Clay Loam","Mesic",0,130.808105,148,1.606934,-150.14017,66.022623,-0.462131697070162,0.629939373308957,"72-1-C-BENA_1984",14.0326210657756,-6.78098078568776,114.313627243042,62.0817131996155,11.5333334604899,-7.01666667064031,6.46666669845581,16.6333335240682,57.8000012636185,1.12500001986821,105.389998435974,265.599997758865,170.200004577637,NA,"20F_1984",NA
"3500","72-1-D-BENA",1984,0.09,2.03716575622031,28,1956,2,"72-1","BENA",65,41,8,7,4,0,0,0,0,0,0,NA,NA,NA,0,0,0,0,895.937772,"West","20F","Tussock Tundra (Low shrub or Herbaceous)","Black Spruce Woodland","Clay Loam","Mesic",0,130.808105,148,1.606934,-150.14017,66.022623,1.551569391984,4.71887013131942,"72-1-D-BENA_1984",14.0326210657756,-6.78098078568776,114.313627243042,62.0817131996155,11.5333334604899,-7.01666667064031,6.46666669845581,16.6333335240682,57.8000012636185,1.12500001986821,105.389998435974,265.599997758865,170.200004577637,NA,"20F_1984",NA
"3501","72-2-A-BENA",1984,0.11,2.08364561953016,15,1969,2,"72-2","BENA",121,72,12,21,14,0,0,0,0,0,0,NA,NA,NA,0,0,0,0,855.94066,"West","20F","Tussock Tundra (Low shrub or Herbaceous)","Black Spruce Woodland","Clay Loam","Mesic",0,131.055786,179,2.125059,-150.13956,66.022889,0.829301487611496,2.29171738806061,"72-2-A-BENA_1984",14.0326210657756,-6.78098078568776,114.313627243042,62.0817131996155,11.5333334604899,-7.01666667064031,6.46666669845581,16.6333335240682,57.8000012636185,1.12500001986821,105.389998435974,265.599997758865,170.200004577637,NA,"20F_1984",NA
"3502","72-3-D-BENA",1984,0.02175,0.359123506563022,28,1956,2,"72-3","BENA",104,47,11,0,9,0,0,0,0,0,0,NA,NA,NA,0,0,1,0,885.368743,"West","20F","Tussock Tundra (Low shrub or Herbaceous)","Black Spruce Woodland","Clay Loam","Mesic",0,132.401993,119,2.284806,-150.140609,66.023021,-0.184079034899969,0.831870054461917,"72-3-D-BENA_1984",14.0326210657756,-6.78098078568776,114.313627243042,62.0817131996155,11.5333334604899,-7.01666667064031,6.46666669845581,16.6333335240682,57.8000012636185,1.12500001986821,105.389998435974,265.599997758865,170.200004577637,NA,"20F_1984",NA
"3503","121-1-C-BENA",1983,0.04525,0.757945945042681,11,1972,7,"121-1","BENA",60,36,11,0,11,0,0,0,0,0,0,NA,NA,NA,0,0,0,0,1394.51987,"East","24A","Tall Shrub (Open-Closed)","Low Shrub","Clay Loam","Mesic",2005,466.470276,61,7.209129,-150.675843,66.599029,-0.552080644720822,0.575750630769315,"121-1-C-BENA_1983",12.2999998728434,-6.24166667958101,185,73,12.0666669209798,-6.41666687031587,6.86666663487752,17.3000008265177,38.1000001430511,1.10833335233231,92.2699978351593,265.279999375343,145.199998855591,NA,"24A_1983",NA
"3504","129-3-A-BENA",1983,0.01875,0.384457309721571,31,1952,8,"129-3","BENA",51,35,12,0,6,0,0,0,0,0,0,NA,NA,NA,0,0,0,0,1022.673056,"East","24A","Tussock Tundra (Low shrub or Herbaceous)","Low Shrub-Tussock Tundra","Sandy Loam","Mesic - Hydric",2005,301.546051,352,6.265718,-150.646771,66.710061,0.00554858385652202,1.00556400575797,"129-3-A-BENA_1983",12.5666666030884,-6.15833331644535,177,62,12.0666669209798,-6.41666687031587,6.86666663487752,17.3000008265177,38.1000001430511,1.10833335233231,92.2699978351593,265.279999375343,145.199998855591,NA,"24A_1983",NA
"3505","129-4-D-BENA",1983,0.0745,2.55885391988646,22,1961,8,"129-4","BENA",87,41,18,0,9,0,0,0,0,0,0,NA,NA,NA,0,0,0,0,1057.255538,"East","24A","Tussock Tundra (Low shrub or Herbaceous)","Tall Shrub","Sandy Loam","Mesic - Hydric",2005,303.823029,358,6.979915,-150.646167,66.709845,1.49178135335921,4.44500659813332,"129-4-D-BENA_1983",12.5666666030884,-6.15833331644535,177,62,12.0666669209798,-6.41666687031587,6.86666663487752,17.3000008265177,38.1000001430511,1.10833335233231,92.2699978351593,265.279999375343,145.199998855591,NA,"24A_1983",NA
"3506","173-1-A-BENA",1983,0.07375,0.944436382746912,15,1968,12,"173-1","BENA",69,40,12,0,9,0,0,0,0,0,0,NA,NA,NA,0,0,0,0,1301.486525,"East","24A","Low Shrub","Low Shrub","Clay Loam","Mesic",0,349.871613,358,2.901099,-150.191497,67.228159,0.0380154765988951,1.03874730902955,"173-1-A-BENA_1983",12.5304476420085,-6.99229806599518,193.644622802734,80.6745352745056,10.4333335558573,-8.20000019172827,5.40000009536743,15.5000003178914,21.0999999046326,1.04166667535901,84.7999980449677,277.059996843338,133.800003051758,NA,"24A_1983",NA
"3507","173-2-A-BENA",1983,0.03575,0.716409770472313,24,1959,12,"173-2","BENA",94,43,12,0,6,0,0,0,0,0,0,NA,NA,NA,0,2,0,0,1323.706943,"East","24A","Tussock Tundra (Low shrub or Herbaceous)","Low Shrub","Clay Loam","Mesic",0,348.371155,13,2.823825,-150.190835,67.228457,0.322552950980747,1.38064799558951,"173-2-A-BENA_1983",12.5304476420085,-6.99229806599518,193.644622802734,80.6745352745056,10.4333335558573,-8.20000019172827,5.40000009536743,15.5000003178914,21.0999999046326,1.04166667535901,84.7999980449677,277.059996843338,133.800003051758,NA,"24A_1983",NA
"3508","173-3-B-BENA",1983,0.1325,1.81135985725272,18,1965,12,"173-3","BENA",70,51,14,0,9,0,0,0,0,0,0,NA,NA,NA,0,0,0,0,1278.311889,"East","24A","Low Shrub","Low Shrub","Clay Loam","Mesic",0,347.24527,24,1.739254,-150.191816,67.228627,0.906831651903734,2.4764637910055,"173-3-B-BENA_1983",12.5304476420085,-6.99229806599518,193.644622802734,80.6745352745056,10.4333335558573,-8.20000019172827,5.40000009536743,15.5000003178914,21.0999999046326,1.04166667535901,84.7999980449677,277.059996843338,133.800003051758,NA,"24A_1983",NA
"3509","173-4-C-BENA",1983,0.03625,1.08538786414105,14,1969,12,"173-4","BENA",119,74,14,0,14,0,0,0,0,0,0,NA,NA,NA,0,1,0,0,1308.377258,"East","24A","Low Shrub","Low Shrub","Clay Loam","Mesic",0,346.165253,355,1.872125,-150.190975,67.22891,0.09478796803454,1.09942571701495,"173-4-C-BENA_1983",12.5304476420085,-6.99229806599518,193.644622802734,80.6745352745056,10.4333335558573,-8.20000019172827,5.40000009536743,15.5000003178914,21.0999999046326,1.04166667535901,84.7999980449677,277.059996843338,133.800003051758,NA,"24A_1983",NA
"3510","184-1-B-BENA",1983,0.0175,0.414560639576895,31,1952,13,"184-1","BENA",128,51,19,0,13,0,1,0,0,0.076923077,0,NA,"Hare",NA,1,2,0,0,692.283244,"East","24A","White Spruce or Black Spruce (Open-Closed)","Tall Shrub","Clay Loam","Mesic",0,423.977753,249,10.469168,-150.109686,67.368938,0.0809350887046948,1.08430051093171,"184-1-B-BENA_1983",12.1333332061768,-6.98333320021629,155,54,10.4333335558573,-8.20000019172827,5.40000009536743,15.5000003178914,21.0999999046326,1.04166667535901,84.7999980449677,277.059996843338,133.800003051758,NA,"24A_1983",NA
"3511","184-2-D-BENA",1983,0.05825,1.16436907424861,12,1971,13,"184-2","BENA",84,38,12,10,7,0,0,0,0,0,0,NA,NA,NA,0,1,0,0,706.210196,"East","24A","White Spruce or Black Spruce (Open-Closed)","Tall Shrub","Clay Loam","Mesic",0,429.192566,258,16.706417,-150.109279,67.369156,-0.0189240241576169,0.981253911003298,"184-2-D-BENA_1983",12.1303240458171,-6.9859660367171,154.458374023438,53.7291858196259,10.4333335558573,-8.20000019172827,5.40000009536743,15.5000003178914,21.0999999046326,1.04166667535901,84.7999980449677,277.059996843338,133.800003051758,NA,"24A_1983",NA
"3512","184-3-B-BENA",1983,0.0996666666666667,3.40780750704712,6,1977,13,"184-3","BENA",71,35,17,0,17,0,2,0,0,0.117647059,0,NA,"Hare",NA,1,1,3,0,683.765397,"East","24A","White Spruce or Black Spruce (Open-Closed)","Tall Shrub","Clay Loam","Mesic",0,425.482941,261,10.788996,-150.109693,67.36937,0.227806408507982,1.25584218153615,"184-3-B-BENA_1983",12.1303240458171,-6.9859660367171,154.458374023438,53.7291858196259,10.4333335558573,-8.20000019172827,5.40000009536743,15.5000003178914,21.0999999046326,1.04166667535901,84.7999980449677,277.059996843338,133.800003051758,NA,"24A_1983",NA
"3513","203-2-C-BENA",1983,0.24375,5.81309996269361,7,1976,15,"203-2","BENA",118,35,14,0,38,0,0,0,0,0,0,NA,NA,NA,0,0,1,0,933.944119,"East","24A","Low Shrub","Low Shrub","Loam","Mesic",0,566.911377,300,26.508135,-149.793674,67.571447,0.9458052325425,2.57488592597586,"203-2-C-BENA_1983",11.7000001271566,-7.47499993940194,132,42,7.70000012715658,-10.6000000933806,2.96666665871938,12.4666668574015,5.30000001192093,0.875000022351742,62.9899986684322,297.519999504089,120.600004196167,NA,"24A_1983",NA
"3514","209-2-B-BENA",1983,0.09775,2.74439265136619,15,1968,16,"209-2","BENA",104,57,18,0,18,0,0,0,0,0,0,NA,NA,NA,0,0,0,0,728.528855,"East","24A","Low Shrub","Black Spruce Woodland","Sandy Loam","Mesic - Xeric",0,561.911133,287,21.070175,-149.692261,67.656,1.10474222053811,3.01844627505317,"209-2-B-BENA_1983",10.9894682566325,-7.96547988057137,124,39,7.70000012715658,-10.6000000933806,2.96666665871938,12.4666668574015,5.30000001192093,0.875000022351742,62.9899986684322,297.519999504089,120.600004196167,NA,"24A_1983",NA
"3515","209-2-D-BENA",1983,0.04025,0.45942120822337,22,1961,16,"209-2","BENA",86,47,10,0,6,0,0,0,0,0,0,NA,NA,NA,0,0,0,0,728.528855,"East","24A","Low Shrub","Black Spruce Woodland","Sandy Loam","Mesic - Xeric",0,561.911133,287,21.070175,-149.692261,67.656,-0.225565942089936,0.798064432676123,"209-2-D-BENA_1983",10.9894682566325,-7.96547988057137,124,39,7.70000012715658,-10.6000000933806,2.96666665871938,12.4666668574015,5.30000001192093,0.875000022351742,62.9899986684322,297.519999504089,120.600004196167,NA,"24A_1983",NA
"3516","209-3-A-BENA",1983,0.0605,0.903955586958617,23,1960,16,"209-3","BENA",67,52,13,0,10,0,0,0,0,0,0,NA,NA,NA,0,0,1,0,711.058695,"East","24A","Low Shrub","Black Spruce Woodland","Sandy Loam","Mesic - Xeric",0,553.430786,276,18.070417,-149.69261,67.656251,0.504292839606546,1.65581418013981,"209-3-A-BENA_1983",10.9894682566325,-7.96547988057137,124,39,7.70000012715658,-10.6000000933806,2.96666665871938,12.4666668574015,5.30000001192093,0.875000022351742,62.9899986684322,297.519999504089,120.600004196167,NA,"24A_1983",NA
"3517","209-4-D-BENA",1983,0.1,1.08782878057831,11,1972,16,"209-4","BENA",71,50,9,0,8,0,0,0,0,0,0,NA,NA,NA,0,0,0,0,738.024448,"East","24A","Low Shrub","Black Spruce Woodland","Sandy Loam","Mesic - Xeric",0,561.090881,296,18.584587,-149.691928,67.656444,-0.190753670971918,0.826336113654791,"209-4-D-BENA_1983",10.9894682566325,-7.96547988057137,124,39,7.70000012715658,-10.6000000933806,2.96666665871938,12.4666668574015,5.30000001192093,0.875000022351742,62.9899986684322,297.519999504089,120.600004196167,NA,"24A_1983",NA
"3518","222-3-A-BENA",1983,0.186,3.98283576799745,21,1962,17,"222-3","BENA",126,65,16,0,21,0,3,0,0,0.142857143,0,NA,"Hare",NA,1,2,11,1,778.440723,"East","24A","Low Shrub","Low Shrub","Clay Loam","Mesic",0,672.469177,278,13.422374,-149.809021,67.826615,1.87870182022779,6.54500275456806,"222-3-A-BENA_1983",10.3666664759318,-8.5583334416151,125,44,7.70000012715658,-10.6000000933806,2.96666665871938,12.4666668574015,5.30000001192093,0.875000022351742,62.9899986684322,297.519999504089,120.600004196167,NA,"24A_1983",NA
"3519","240-4-B-BENA",1983,0.119,3.80765742004064,15,1968,19,"240-4","BENA",102,72,15,0,13,0,0,0,0,0,0,NA,NA,NA,0,0,2,0,431.079046,"West","24A","Low Shrub","Low Shrub","Sandy Loam","Mesic",0,1046.807861,94,24.616484,-149.606605,68.070368,1.43219657604787,4.18788811086444,"240-4-B-BENA_1983",7.01828797658284,-10.3988133271535,164.263806343079,90.7673079967499,6.50000015894572,-11.791666785876,1.93333339691162,11.1000000635783,3.50000002980232,0.850000021358331,58.2999972105026,307.059999465942,116.500003814697,NA,"24A_1983",NA
"3520","255-1-A-BENA",1983,0.10675,2.97493921364802,14,1969,20,"255-1","BENA",71,26,15,0,17,0,0,0,0,0,0,NA,NA,NA,0,0,0,0,585.543915,"East","26B","Low Shrub","Low Shrub","Sandy Gravel","Mesic - Xeric",0,991.483582,331,1.701594,-149.392735,68.222633,1.10307417285294,3.0134155596343,"255-1-A-BENA_1983",7.37118021647135,-10.8537608981133,167.819458007812,108.045135498047,4.83333333333333,-13.3333334922791,0.366666662196318,9.30000019073486,2.00000002980232,0.783333349972963,47.9899995326996,321.189999580383,117.10000038147,NA,"26B_1983",NA
"3521","255-4-D-BENA",1983,0.02925,0.307997620417588,6,1977,20,"255-4","BENA",56,29,5,0,12,0,0,0,0,0,0,NA,NA,NA,0,0,0,2,644.564014,"East","26B","Low Shrub","Low Shrub","Sandy Gravel","Mesic - Xeric",0,993.003235,239,7.430982,-149.391619,68.223199,-2.17592593814525,0.113503008234267,"255-4-D-BENA_1983",7.37118021647135,-10.8537608981133,167.819458007812,108.045135498047,4.83333333333333,-13.3333334922791,0.366666662196318,9.30000019073486,2.00000002980232,0.783333349972963,47.9899995326996,321.189999580383,117.10000038147,NA,"26B_1983",NA
"3522","261-1-C-BENA",1983,0.0583333333333333,0.910005895175838,7,1976,21,"261-1","BENA",52,23,10,0,13,0,0,0,0,0,0,NA,NA,NA,0,0,0,0,356.206777,"East","26B","Dwarf Shrub","Low Shrub","Sandy Loam","Mesic",0,883.832947,287,13.943512,-149.352299,68.301689,-0.908612953709387,0.403082931152207,"261-1-C-BENA_1983",7.5961651802063,-10.9841974774996,181.925413131714,109.2414727211,4.83333333333333,-13.3333334922791,0.366666662196318,9.30000019073486,2.00000002980232,0.783333349972963,47.9899995326996,321.189999580383,117.10000038147,NA,"26B_1983",NA
"3523","261-4-A-BENA",1983,0.08525,1.30850534519531,18,1965,21,"261-4","BENA",45,23,13,0,13,0,0,0,0,0,0,NA,NA,NA,0,0,0,0,405.679111,"East","26B","Low Shrub","Low Shrub","Sandy Loam","Mesic",0,886.626587,308,9.946874,-149.350886,68.302265,0.581639314321705,1.78896871029711,"261-4-A-BENA_1983",7.5961651802063,-10.9841974774996,181.925413131714,109.2414727211,4.83333333333333,-13.3333334922791,0.366666662196318,9.30000019073486,2.00000002980232,0.783333349972963,47.9899995326996,321.189999580383,117.10000038147,NA,"26B_1983",NA
"3524","72-1-C-BENA",1983,0.06325,0.843754228685584,15,1968,2,"72-1","BENA",118,71,9,0,11,0,2,0,0,0.181818182,0,NA,"Hare",NA,1,0,0,0,895.937772,"West","20F","Tussock Tundra (Low shrub or Herbaceous)","Black Spruce Woodland","Clay Loam","Mesic",0,130.808105,148,1.606934,-150.14017,66.022623,-0.0747115986421404,0.928011087396156,"72-1-C-BENA_1983",14.2000951766968,-5.85678455233574,86.3079204559326,47.0997869968414,11.766666730245,-6.22500010828177,6.56666660308838,17.0333331425985,33.300000667572,1.15833333320916,95.0299973487854,266.64999628067,149.900007247925,NA,"20F_1983",NA
"3525","72-1-D-BENA",1983,0.22025,5.20007038532342,27,1956,2,"72-1","BENA",65,41,8,7,4,0,0,0,0,0,0,NA,NA,NA,0,0,0,0,895.937772,"West","20F","Tussock Tundra (Low shrub or Herbaceous)","Black Spruce Woodland","Clay Loam","Mesic",0,130.808105,148,1.606934,-150.14017,66.022623,2.44528313116666,11.5338147190058,"72-1-D-BENA_1983",14.2000951766968,-5.85678455233574,86.3079204559326,47.0997869968414,11.766666730245,-6.22500010828177,6.56666660308838,17.0333331425985,33.300000667572,1.15833333320916,95.0299973487854,266.64999628067,149.900007247925,NA,"20F_1983",NA
"3526","72-2-A-BENA",1983,0.15225,3.00939109678454,14,1969,2,"72-2","BENA",121,72,12,21,14,0,0,0,0,0,0,NA,NA,NA,0,0,0,0,855.94066,"West","20F","Tussock Tundra (Low shrub or Herbaceous)","Black Spruce Woodland","Clay Loam","Mesic",0,131.055786,179,2.125059,-150.13956,66.022889,1.11458833132095,3.04831302585008,"72-2-A-BENA_1983",14.2000951766968,-5.85678455233574,86.3079204559326,47.0997869968414,11.766666730245,-6.22500010828177,6.56666660308838,17.0333331425985,33.300000667572,1.15833333320916,95.0299973487854,266.64999628067,149.900007247925,NA,"20F_1983",NA
"3527","72-3-D-BENA",1983,0.01775,0.295280453355859,27,1956,2,"72-3","BENA",104,47,11,0,9,0,0,0,0,0,0,NA,NA,NA,0,0,1,0,885.368743,"West","20F","Tussock Tundra (Low shrub or Herbaceous)","Black Spruce Woodland","Clay Loam","Mesic",0,132.401993,119,2.284806,-150.140609,66.023021,-0.42321871488756,0.654935373329317,"72-3-D-BENA_1983",14.2000951766968,-5.85678455233574,86.3079204559326,47.0997869968414,11.766666730245,-6.22500010828177,6.56666660308838,17.0333331425985,33.300000667572,1.15833333320916,95.0299973487854,266.64999628067,149.900007247925,NA,"20F_1983",NA
"3528","121-1-C-BENA",1982,0.0495,0.8438687004679,10,1972,7,"121-1","BENA",60,36,11,0,11,0,0,0,0,0,0,NA,NA,NA,0,0,0,0,1394.51987,"East","24A","Tall Shrub (Open-Closed)","Low Shrub","Clay Loam","Mesic",2005,466.470276,61,7.209129,-150.675843,66.599029,-0.558433121932851,0.572104780358737,"121-1-C-BENA_1982",12.7000001271566,-6.95833341280619,296,122,12.266666730245,-7.06666678190231,6.83333349227905,17.7000001271566,69.800000667572,1.08333334947626,126.199996471405,257.21999886632,197.600002288818,NA,"24A_1982",NA
"3529","129-3-A-BENA",1982,0.02475,0.510865966023148,30,1952,8,"129-3","BENA",51,35,12,0,6,0,0,0,0,0,0,NA,NA,NA,0,0,0,0,1022.673056,"East","24A","Tussock Tundra (Low shrub or Herbaceous)","Low Shrub-Tussock Tundra","Sandy Loam","Mesic - Hydric",2005,301.546051,352,6.265718,-150.646771,66.710061,0.250693724678898,1.28491648585023,"129-3-A-BENA_1982",13,-6.85833354791005,279,112,12.266666730245,-7.06666678190231,6.83333349227905,17.7000001271566,69.800000667572,1.08333334947626,126.199996471405,257.21999886632,197.600002288818,NA,"24A_1982",NA
"3530","129-4-D-BENA",1982,0.08425,2.93575530657702,21,1961,8,"129-4","BENA",87,41,18,0,9,0,0,0,0,0,0,NA,NA,NA,0,0,0,0,1057.255538,"East","24A","Tussock Tundra (Low shrub or Herbaceous)","Tall Shrub","Sandy Loam","Mesic - Hydric",2005,303.823029,358,6.979915,-150.646167,66.709845,1.57367251495288,4.82433313536936,"129-4-D-BENA_1982",13,-6.85833354791005,279,112,12.266666730245,-7.06666678190231,6.83333349227905,17.7000001271566,69.800000667572,1.08333334947626,126.199996471405,257.21999886632,197.600002288818,NA,"24A_1982",NA
"3531","173-1-A-BENA",1982,0.152,2.05430000255298,14,1968,12,"173-1","BENA",69,40,12,0,9,0,0,0,0,0,0,NA,NA,NA,0,0,0,0,1301.486525,"East","24A","Low Shrub","Low Shrub","Clay Loam","Mesic",0,349.871613,358,2.901099,-150.191497,67.228159,0.732785725010385,2.08086927068969,"173-1-A-BENA_1982",13.0006306966146,-7.49950311581294,267.551498413086,128.840386390686,10.700000445048,-8.60833332935969,5.43333339691162,16.0000003178914,46.4000005722046,1.03333335121473,118.029997348785,269.879997611046,192.500003814697,NA,"24A_1982",NA
"3532","173-2-A-BENA",1982,0.04425,0.897866198648267,23,1959,12,"173-2","BENA",94,43,12,0,6,0,0,0,0,0,0,NA,NA,NA,0,2,0,0,1323.706943,"East","24A","Tussock Tundra (Low shrub or Herbaceous)","Low Shrub","Clay Loam","Mesic",0,348.371155,13,2.823825,-150.190835,67.228457,0.497533667814423,1.64465998666159,"173-2-A-BENA_1982",13.0006306966146,-7.49950311581294,267.551498413086,128.840386390686,10.700000445048,-8.60833332935969,5.43333339691162,16.0000003178914,46.4000005722046,1.03333335121473,118.029997348785,269.879997611046,192.500003814697,NA,"24A_1982",NA
"3533","173-3-B-BENA",1982,0.1225,1.77278895344827,17,1965,12,"173-3","BENA",70,51,14,0,9,0,0,0,0,0,0,NA,NA,NA,0,0,0,0,1278.311889,"East","24A","Low Shrub","Low Shrub","Clay Loam","Mesic",0,347.24527,24,1.739254,-150.191816,67.228627,0.817098428523589,2.26392136853104,"173-3-B-BENA_1982",13.0006306966146,-7.49950311581294,267.551498413086,128.840386390686,10.700000445048,-8.60833332935969,5.43333339691162,16.0000003178914,46.4000005722046,1.03333335121473,118.029997348785,269.879997611046,192.500003814697,NA,"24A_1982",NA
"3534","173-4-C-BENA",1982,0.0255,0.768461052003786,13,1969,12,"173-4","BENA",119,74,14,0,14,0,0,0,0,0,0,NA,NA,NA,0,1,0,0,1308.377258,"East","24A","Low Shrub","Low Shrub","Clay Loam","Mesic",0,346.165253,355,1.872125,-150.190975,67.22891,-0.338950738627966,0.712517547816683,"173-4-C-BENA_1982",13.0006306966146,-7.49950311581294,267.551498413086,128.840386390686,10.700000445048,-8.60833332935969,5.43333339691162,16.0000003178914,46.4000005722046,1.03333335121473,118.029997348785,269.879997611046,192.500003814697,NA,"24A_1982",NA
"3535","184-1-B-BENA",1982,0.04575,1.0928707451428,30,1952,13,"184-1","BENA",128,51,19,0,13,0,1,0,0,0.076923077,0,NA,"Hare",NA,1,2,0,0,692.283244,"East","24A","White Spruce or Black Spruce (Open-Closed)","Tall Shrub","Clay Loam","Mesic",0,423.977753,249,10.469168,-150.109686,67.368938,1.01114969051555,2.74875942171059,"184-1-B-BENA_1982",12.5333334604899,-7.46666673819224,215,88,10.700000445048,-8.60833332935969,5.43333339691162,16.0000003178914,46.4000005722046,1.03333335121473,118.029997348785,269.879997611046,192.500003814697,NA,"24A_1982",NA
"3536","184-2-D-BENA",1982,0.037,0.750670998204662,11,1971,13,"184-2","BENA",84,38,12,10,7,0,0,0,0,0,0,NA,NA,NA,0,1,0,0,706.210196,"East","24A","White Spruce or Black Spruce (Open-Closed)","Tall Shrub","Clay Loam","Mesic",0,429.192566,258,16.706417,-150.109279,67.369156,-0.561725244382027,0.570224438224586,"184-2-D-BENA_1982",12.5318288803101,-7.46704294284185,214.232696533203,87.5035076141357,10.700000445048,-8.60833332935969,5.43333339691162,16.0000003178914,46.4000005722046,1.03333335121473,118.029997348785,269.879997611046,192.500003814697,NA,"24A_1982",NA
"3537","203-2-C-BENA",1982,0.3705,9.550874421301,6,1976,15,"203-2","BENA",118,35,14,0,38,0,0,0,0,0,0,NA,NA,NA,0,0,1,0,933.944119,"East","24A","Low Shrub","Low Shrub","Loam","Mesic",0,566.911377,300,26.508135,-149.793674,67.571447,1.25836999655103,3.51967971900432,"203-2-C-BENA_1982",11.9999996821086,-7.93333353598913,181,79,7.96666653951009,-10.9916667540868,2.93333339691162,13.0333334604899,19.4000007212162,0.883333341528972,86.0499970912933,293.149998188019,184.900005340576,NA,"24A_1982",NA
"3538","209-2-B-BENA",1982,0.08925,2.55818220810719,14,1968,16,"209-2","BENA",104,57,18,0,18,0,0,0,0,0,0,NA,NA,NA,0,0,0,0,728.528855,"East","24A","Low Shrub","Black Spruce Woodland","Sandy Loam","Mesic - Xeric",0,561.911133,287,21.070175,-149.692261,67.656,0.952147497762021,2.59126843161169,"209-2-B-BENA_1982",11.2909723917643,-8.390479773283,171,80.0451354980469,7.96666653951009,-10.9916667540868,2.93333339691162,13.0333334604899,19.4000007212162,0.883333341528972,86.0499970912933,293.149998188019,184.900005340576,NA,"24A_1982",NA
"3539","209-2-D-BENA",1982,0.04725,0.55230907091114,21,1961,16,"209-2","BENA",86,47,10,0,6,0,0,0,0,0,0,NA,NA,NA,0,0,0,0,728.528855,"East","24A","Low Shrub","Black Spruce Woodland","Sandy Loam","Mesic - Xeric",0,561.911133,287,21.070175,-149.692261,67.656,-0.0969397282055438,0.907610707810799,"209-2-D-BENA_1982",11.2909723917643,-8.390479773283,171,80.0451354980469,7.96666653951009,-10.9916667540868,2.93333339691162,13.0333334604899,19.4000007212162,0.883333341528972,86.0499970912933,293.149998188019,184.900005340576,NA,"24A_1982",NA
"3540","209-3-A-BENA",1982,0.0465,0.710406775959933,22,1960,16,"209-3","BENA",67,52,13,0,10,0,0,0,0,0,0,NA,NA,NA,0,0,1,0,711.058695,"East","24A","Low Shrub","Black Spruce Woodland","Sandy Loam","Mesic - Xeric",0,553.430786,276,18.070417,-149.69261,67.656251,0.210304333536304,1.23405356670014,"209-3-A-BENA_1982",11.2909723917643,-8.390479773283,171,80.0451354980469,7.96666653951009,-10.9916667540868,2.93333339691162,13.0333334604899,19.4000007212162,0.883333341528972,86.0499970912933,293.149998188019,184.900005340576,NA,"24A_1982",NA
"3541","209-4-D-BENA",1982,0.078,0.89212432125352,10,1972,16,"209-4","BENA",71,50,9,0,8,0,0,0,0,0,0,NA,NA,NA,0,0,0,0,738.024448,"East","24A","Low Shrub","Black Spruce Woodland","Sandy Loam","Mesic - Xeric",0,561.090881,296,18.584587,-149.691928,67.656444,-0.502824539789818,0.604819906912577,"209-4-D-BENA_1982",11.2909723917643,-8.390479773283,171,80.0451354980469,7.96666653951009,-10.9916667540868,2.93333339691162,13.0333334604899,19.4000007212162,0.883333341528972,86.0499970912933,293.149998188019,184.900005340576,NA,"24A_1982",NA
"3542","222-3-A-BENA",1982,0.29025,6.64941823791768,20,1962,17,"222-3","BENA",126,65,16,0,21,0,3,0,0,0.142857143,0,NA,"Hare",NA,1,2,11,1,778.440723,"East","24A","Low Shrub","Low Shrub","Clay Loam","Mesic",0,672.469177,278,13.422374,-149.809021,67.826615,2.33301392942598,10.3089652516333,"222-3-A-BENA_1982",10.6666666666667,-8.97499999155601,173,83,7.96666653951009,-10.9916667540868,2.93333339691162,13.0333334604899,19.4000007212162,0.883333341528972,86.0499970912933,293.149998188019,184.900005340576,NA,"24A_1982",NA
"3543","240-4-B-BENA",1982,0.07475,2.43728390532001,14,1968,19,"240-4","BENA",102,72,15,0,13,0,0,0,0,0,0,NA,NA,NA,0,0,2,0,431.079046,"West","24A","Low Shrub","Low Shrub","Sandy Loam","Mesic",0,1046.807861,94,24.616484,-149.606605,68.070368,0.903734832183464,2.46880649185813,"240-4-B-BENA_1982",7.35312604904175,-10.765855918328,224.715160369873,139.992985725403,6.76666673024495,-12.1416666942338,1.93333341677984,11.6333332061768,11.8000001311302,0.850000007698933,60.8799982070923,302.559997081757,171.700000762939,NA,"24A_1982",NA
"3544","255-1-A-BENA",1982,0.06625,1.88228032965981,13,1969,20,"255-1","BENA",71,26,15,0,17,0,0,0,0,0,0,NA,NA,NA,0,0,0,0,585.543915,"East","26B","Low Shrub","Low Shrub","Sandy Gravel","Mesic - Xeric",0,991.483582,331,1.701594,-149.392735,68.222633,0.556898642332671,1.74525144936842,"255-1-A-BENA_1982",7.70451370875041,-11.203385134538,229.819458007812,144,4.96666677792867,-13.608333637317,0.26666663090388,9.70000028610229,8.89999979734421,0.775000024586916,50.1099984645844,317.939997673035,176.800003051758,NA,"26B_1982",NA
"3545","261-1-C-BENA",1982,0.066,1.05538663742926,6,1976,21,"261-1","BENA",52,23,10,0,13,0,0,0,0,0,0,NA,NA,NA,0,0,0,0,356.206777,"East","26B","Dwarf Shrub","Low Shrub","Sandy Loam","Mesic",0,883.832947,287,13.943512,-149.352299,68.301689,-0.944355535424032,0.388930141849979,"261-1-C-BENA_1982",7.92949835459391,-11.3331439197063,248.54615020752,144.988629341125,4.96666677792867,-13.608333637317,0.26666663090388,9.70000028610229,8.89999979734421,0.775000024586916,50.1099984645844,317.939997673035,176.800003051758,NA,"26B_1982",NA
"3546","261-4-A-BENA",1982,0.0635,1.00433811162061,17,1965,21,"261-4","BENA",45,23,13,0,13,0,0,0,0,0,0,NA,NA,NA,0,0,0,0,405.679111,"East","26B","Low Shrub","Low Shrub","Sandy Loam","Mesic",0,886.626587,308,9.946874,-149.350886,68.302265,0.248873171244133,1.28257935481002,"261-4-A-BENA_1982",7.92949835459391,-11.3331439197063,248.54615020752,144.988629341125,4.96666677792867,-13.608333637317,0.26666663090388,9.70000028610229,8.89999979734421,0.775000024586916,50.1099984645844,317.939997673035,176.800003051758,NA,"26B_1982",NA
"3547","72-1-C-BENA",1982,0.10725,1.48816124808166,14,1968,2,"72-1","BENA",118,71,9,0,11,0,2,0,0,0.181818182,0,NA,"Hare",NA,1,0,0,0,895.937772,"West","20F","Tussock Tundra (Low shrub or Herbaceous)","Black Spruce Woodland","Clay Loam","Mesic",0,130.808105,148,1.606934,-150.14017,66.022623,0.410391862637349,1.50740836640995,"72-1-C-BENA_1982",14.3335234324137,-6.70502670605977,136.521760940552,76.1420698165894,11.9333337148031,-6.92499999205271,6.50000015894572,17.4000005722046,62.3000001907349,1.10000002446274,127.029995918274,259.419999063015,202.200004577637,NA,"20F_1982",NA
"3548","72-1-D-BENA",1982,0.22975,5.74916541060041,26,1956,2,"72-1","BENA",65,41,8,7,4,0,0,0,0,0,0,NA,NA,NA,0,0,0,0,895.937772,"West","20F","Tussock Tundra (Low shrub or Herbaceous)","Black Spruce Woodland","Clay Loam","Mesic",0,130.808105,148,1.606934,-150.14017,66.022623,2.50062867637711,12.1901552148433,"72-1-D-BENA_1982",14.3335234324137,-6.70502670605977,136.521760940552,76.1420698165894,11.9333337148031,-6.92499999205271,6.50000015894572,17.4000005722046,62.3000001907349,1.10000002446274,127.029995918274,259.419999063015,202.200004577637,NA,"20F_1982",NA
"3549","72-2-A-BENA",1982,0.18925,3.94377497208858,13,1969,2,"72-2","BENA",121,72,12,21,14,0,0,0,0,0,0,NA,NA,NA,0,0,0,0,855.94066,"West","20F","Tussock Tundra (Low shrub or Herbaceous)","Black Spruce Woodland","Clay Loam","Mesic",0,131.055786,179,2.125059,-150.13956,66.022889,1.29655303855559,3.65667051690672,"72-2-A-BENA_1982",14.3335234324137,-6.70502670605977,136.521760940552,76.1420698165894,11.9333337148031,-6.92499999205271,6.50000015894572,17.4000005722046,62.3000001907349,1.10000002446274,127.029995918274,259.419999063015,202.200004577637,NA,"20F_1982",NA
"3550","72-3-D-BENA",1982,0.023,0.385561383189764,26,1956,2,"72-3","BENA",104,47,11,0,9,0,0,0,0,0,0,NA,NA,NA,0,0,1,0,885.368743,"West","20F","Tussock Tundra (Low shrub or Herbaceous)","Black Spruce Woodland","Clay Loam","Mesic",0,132.401993,119,2.284806,-150.140609,66.023021,-0.201480890505186,0.817519199789741,"72-3-D-BENA_1982",14.3335234324137,-6.70502670605977,136.521760940552,76.1420698165894,11.9333337148031,-6.92499999205271,6.50000015894572,17.4000005722046,62.3000001907349,1.10000002446274,127.029995918274,259.419999063015,202.200004577637,NA,"20F_1982",NA
"3551","121-1-C-BENA",1981,0.06675,1.16232193393571,9,1972,7,"121-1","BENA",60,36,11,0,11,0,0,0,0,0,0,NA,NA,NA,0,0,0,0,1394.51987,"East","24A","Tall Shrub (Open-Closed)","Low Shrub","Clay Loam","Mesic",2005,466.470276,61,7.209129,-150.675843,66.599029,-0.363985860883111,0.694901019960198,"121-1-C-BENA_1981",11.4666668574015,-4.19166668256124,303,153,11.233333269755,-4.10833342870076,6.0666667620341,16.4666674931844,81.7000017166138,1.12500001862645,118.099997997284,256.399996161461,198.700004577637,NA,"24A_1981",NA
"3552","129-3-A-BENA",1981,0.0185,0.384373075768552,29,1952,8,"129-3","BENA",51,35,12,0,6,0,0,0,0,0,0,NA,NA,NA,0,0,0,0,1022.673056,"East","24A","Tussock Tundra (Low shrub or Herbaceous)","Low Shrub-Tussock Tundra","Sandy Loam","Mesic - Hydric",2005,301.546051,352,6.265718,-150.646771,66.710061,-0.0742559331111891,0.928434046417629,"129-3-A-BENA_1981",11.766666730245,-4.099999944369,283,137,11.233333269755,-4.10833342870076,6.0666667620341,16.4666674931844,81.7000017166138,1.12500001862645,118.099997997284,256.399996161461,198.700004577637,NA,"24A_1981",NA
"3553","129-4-D-BENA",1981,0.062,2.18892353094461,20,1961,8,"129-4","BENA",87,41,18,0,9,0,0,0,0,0,0,NA,NA,NA,0,0,0,0,1057.255538,"East","24A","Tussock Tundra (Low shrub or Herbaceous)","Tall Shrub","Sandy Loam","Mesic - Hydric",2005,303.823029,358,6.979915,-150.646167,66.709845,1.22189444620734,3.39361066060073,"129-4-D-BENA_1981",11.766666730245,-4.099999944369,283,137,11.233333269755,-4.10833342870076,6.0666667620341,16.4666674931844,81.7000017166138,1.12500001862645,118.099997997284,256.399996161461,198.700004577637,NA,"24A_1981",NA
"3554","173-1-A-BENA",1981,0.0835,1.19029055158292,13,1968,12,"173-1","BENA",69,40,12,0,9,0,0,0,0,0,0,NA,NA,NA,0,0,0,0,1301.486525,"East","24A","Low Shrub","Low Shrub","Clay Loam","Mesic",0,349.871613,358,2.901099,-150.191497,67.228159,0.0986120975164556,1.10363811255206,"173-1-A-BENA_1981",11.7972094217936,-4.87630863984426,264.551498413086,167.650329589844,9.60000022252401,-5.88333342472712,4.59999998410543,14.7000001271566,52.0000014305115,1.04166667287548,108.059998512268,272.299998402596,190.099998474121,NA,"24A_1981",NA
"3555","173-2-A-BENA",1981,0.0555,1.14352951573055,22,1959,12,"173-2","BENA",94,43,12,0,6,0,0,0,0,0,0,NA,NA,NA,0,2,0,0,1323.706943,"East","24A","Tussock Tundra (Low shrub or Herbaceous)","Low Shrub","Clay Loam","Mesic",0,348.371155,13,2.823825,-150.190835,67.228457,0.686341428546788,1.98643470933582,"173-2-A-BENA_1981",11.7972094217936,-4.87630863984426,264.551498413086,167.650329589844,9.60000022252401,-5.88333342472712,4.59999998410543,14.7000001271566,52.0000014305115,1.04166667287548,108.059998512268,272.299998402596,190.099998474121,NA,"24A_1981",NA
"3556","173-3-B-BENA",1981,0.16175,2.48524738576054,16,1965,12,"173-3","BENA",70,51,14,0,9,0,0,0,0,0,0,NA,NA,NA,0,0,0,0,1278.311889,"East","24A","Low Shrub","Low Shrub","Clay Loam","Mesic",0,347.24527,24,1.739254,-150.191816,67.228627,1.08257094411599,2.95225989777935,"173-3-B-BENA_1981",11.7972094217936,-4.87630863984426,264.551498413086,167.650329589844,9.60000022252401,-5.88333342472712,4.59999998410543,14.7000001271566,52.0000014305115,1.04166667287548,108.059998512268,272.299998402596,190.099998474121,NA,"24A_1981",NA
"3557","173-4-C-BENA",1981,0.02775,0.840908731139594,12,1969,12,"173-4","BENA",119,74,14,0,14,0,0,0,0,0,0,NA,NA,NA,0,1,0,0,1308.377258,"East","24A","Low Shrub","Low Shrub","Clay Loam","Mesic",0,346.165253,355,1.872125,-150.190975,67.22891,-0.344375546414365,0.708662742318219,"173-4-C-BENA_1981",11.7972094217936,-4.87630863984426,264.551498413086,167.650329589844,9.60000022252401,-5.88333342472712,4.59999998410543,14.7000001271566,52.0000014305115,1.04166667287548,108.059998512268,272.299998402596,190.099998474121,NA,"24A_1981",NA
"3558","184-1-B-BENA",1981,0.07225,1.75268334951392,29,1952,13,"184-1","BENA",128,51,19,0,13,0,1,0,0,0.076923077,0,NA,"Hare",NA,1,2,0,0,692.283244,"East","24A","White Spruce or Black Spruce (Open-Closed)","Tall Shrub","Clay Loam","Mesic",0,423.977753,249,10.469168,-150.109686,67.368938,1.44303366959868,4.23351945508755,"184-1-B-BENA_1981",11.3333330154419,-4.83333341280619,212,114,9.60000022252401,-5.88333342472712,4.59999998410543,14.7000001271566,52.0000014305115,1.04166667287548,108.059998512268,272.299998402596,190.099998474121,NA,"24A_1981",NA
"3559","184-2-D-BENA",1981,0.053,1.09027088087242,10,1971,13,"184-2","BENA",84,38,12,10,7,0,0,0,0,0,0,NA,NA,NA,0,1,0,0,706.210196,"East","24A","White Spruce or Black Spruce (Open-Closed)","Tall Shrub","Clay Loam","Mesic",0,429.192566,258,16.706417,-150.109279,67.369156,-0.302248577350419,0.739154305032513,"184-2-D-BENA_1981",11.3303238550822,-4.83446184794108,211.187561035156,113.277827262878,9.60000022252401,-5.88333342472712,4.59999998410543,14.7000001271566,52.0000014305115,1.04166667287548,108.059998512268,272.299998402596,190.099998474121,NA,"24A_1981",NA
"3560","209-2-B-BENA",1981,0.0575,1.67463774496849,13,1968,16,"209-2","BENA",104,57,18,0,18,0,0,0,0,0,0,NA,NA,NA,0,0,0,0,728.528855,"East","24A","Low Shrub","Black Spruce Woodland","Sandy Loam","Mesic - Xeric",0,561.911133,287,21.070175,-149.692261,67.656,0.440011529427756,1.55272512044024,"209-2-B-BENA_1981",10.0894683202108,-5.7154800593853,166,88.9548645019531,6.90000025431315,-8.30833354592323,2.19999999304612,11.7000001271566,18.1000000834465,0.900000024586916,75.8699983358383,296.769997596741,176.200000762939,NA,"24A_1981",NA
"3561","209-2-D-BENA",1981,0.0465,0.557237640735999,20,1961,16,"209-2","BENA",86,47,10,0,6,0,0,0,0,0,0,NA,NA,NA,0,0,0,0,728.528855,"East","24A","Low Shrub","Black Spruce Woodland","Sandy Loam","Mesic - Xeric",0,561.911133,287,21.070175,-149.692261,67.656,-0.1462789243863,0.863916702139713,"209-2-D-BENA_1981",10.0894683202108,-5.7154800593853,166,88.9548645019531,6.90000025431315,-8.30833354592323,2.19999999304612,11.7000001271566,18.1000000834465,0.900000024586916,75.8699983358383,296.769997596741,176.200000762939,NA,"24A_1981",NA
"3562","209-3-A-BENA",1981,0.0845,1.32573010866632,21,1960,16,"209-3","BENA",67,52,13,0,10,0,0,0,0,0,0,NA,NA,NA,0,0,1,0,711.058695,"East","24A","Low Shrub","Black Spruce Woodland","Sandy Loam","Mesic - Xeric",0,553.430786,276,18.070417,-149.69261,67.656251,0.778671083208285,2.17857519578257,"209-3-A-BENA_1981",10.0894683202108,-5.7154800593853,166,88.9548645019531,6.90000025431315,-8.30833354592323,2.19999999304612,11.7000001271566,18.1000000834465,0.900000024586916,75.8699983358383,296.769997596741,176.200000762939,NA,"24A_1981",NA
"3563","209-4-D-BENA",1981,0.0903333333333333,1.08095808005297,9,1972,16,"209-4","BENA",71,50,9,0,8,0,0,0,0,0,0,NA,NA,NA,0,0,0,0,738.024448,"East","24A","Low Shrub","Black Spruce Woodland","Sandy Loam","Mesic - Xeric",0,561.090881,296,18.584587,-149.691928,67.656444,-0.436557773475174,0.646257160285661,"209-4-D-BENA_1981",10.0894683202108,-5.7154800593853,166,88.9548645019531,6.90000025431315,-8.30833354592323,2.19999999304612,11.7000001271566,18.1000000834465,0.900000024586916,75.8699983358383,296.769997596741,176.200000762939,NA,"24A_1981",NA
"3564","222-3-A-BENA",1981,0.2805,6.929007221367,19,1962,17,"222-3","BENA",126,65,16,0,21,0,3,0,0,0.142857143,0,NA,"Hare",NA,1,2,11,1,778.440723,"East","24A","Low Shrub","Low Shrub","Clay Loam","Mesic",0,672.469177,278,13.422374,-149.809021,67.826615,2.31299083590034,10.1046007092663,"222-3-A-BENA_1981",9.46666653951009,-6.3333333649983,169,88,6.90000025431315,-8.30833354592323,2.19999999304612,11.7000001271566,18.1000000834465,0.900000024586916,75.8699983358383,296.769997596741,176.200000762939,NA,"24A_1981",NA
"3565","240-4-B-BENA",1981,0.0785,2.59734942546721,13,1968,19,"240-4","BENA",102,72,15,0,13,0,0,0,0,0,0,NA,NA,NA,0,0,2,0,431.079046,"West","24A","Low Shrub","Low Shrub","Sandy Loam","Mesic",0,1046.807861,94,24.616484,-149.606605,68.070368,0.878906132491107,2.40826394341174,"240-4-B-BENA_1981",6.15312592188517,-8.16548005739848,220.715156555176,140.038125038147,5.69999996821086,-9.51666688919067,1.06666668256124,10.3666671117147,10.2000002264977,0.833333341404796,57.3799978494644,307.679998397827,158.299999237061,NA,"24A_1981",NA
"3566","255-1-A-BENA",1981,0.1105,3.20085958439793,12,1969,20,"255-1","BENA",71,26,15,0,17,0,0,0,0,0,0,NA,NA,NA,0,0,0,0,585.543915,"East","26B","Low Shrub","Low Shrub","Sandy Gravel","Mesic - Xeric",0,991.483582,331,1.701594,-149.392735,68.222633,0.992315996551868,2.69747458535835,"255-1-A-BENA_1981",6.53784688313802,-8.59580404559771,226.819458007812,139.954864501953,3.83333341280619,-11.0833335071802,-0.666666706403097,8.33333365122477,5.50000035762787,0.73333334363997,47.7499994039536,323.359998703003,158.900005340576,NA,"26B_1981",NA
"3567","261-4-A-BENA",1981,0.08425,1.37163368607378,16,1965,21,"261-4","BENA",45,23,13,0,13,0,0,0,0,0,0,NA,NA,NA,0,0,0,0,405.679111,"East","26B","Low Shrub","Low Shrub","Sandy Loam","Mesic",0,886.626587,308,9.946874,-149.350886,68.302265,0.488201238905648,1.62938271217603,"261-4-A-BENA_1981",6.76283168792725,-8.75814379254977,245.54615020752,142.051840782166,3.83333341280619,-11.0833335071802,-0.666666706403097,8.33333365122477,5.50000035762787,0.73333334363997,47.7499994039536,323.359998703003,158.900005340576,NA,"26B_1981",NA
"3568","72-1-C-BENA",1981,0.07325,1.05792681005693,13,1968,2,"72-1","BENA",118,71,9,0,11,0,2,0,0,0.181818182,0,NA,"Hare",NA,1,0,0,0,895.937772,"West","20F","Tussock Tundra (Low shrub or Herbaceous)","Black Spruce Woodland","Clay Loam","Mesic",0,130.808105,148,1.606934,-150.14017,66.022623,-0.019274187395315,0.980910372107673,"72-1-C-BENA_1981",13.2000948588053,-3.74897825717926,144.413412094116,94.0940799713135,10.9000002543132,-3.95833341280619,5.70000004768372,16.1333332061768,69.7000024318695,1.16666670019428,117.259996414185,258.659997701645,207.800003051758,NA,"20F_1981",NA
"3569","72-1-D-BENA",1981,0.07175,1.86340210670529,25,1956,2,"72-1","BENA",65,41,8,7,4,0,0,0,0,0,0,NA,NA,NA,0,0,0,0,895.937772,"West","20F","Tussock Tundra (Low shrub or Herbaceous)","Black Spruce Woodland","Clay Loam","Mesic",0,130.808105,148,1.606934,-150.14017,66.022623,1.3271742919057,3.77037434356464,"72-1-D-BENA_1981",13.2000948588053,-3.74897825717926,144.413412094116,94.0940799713135,10.9000002543132,-3.95833341280619,5.70000004768372,16.1333332061768,69.7000024318695,1.16666670019428,117.259996414185,258.659997701645,207.800003051758,NA,"20F_1981",NA
"3570","72-2-A-BENA",1981,0.2215,4.90165737139286,12,1969,2,"72-2","BENA",121,72,12,21,14,0,0,0,0,0,0,NA,NA,NA,0,0,0,0,855.94066,"West","20F","Tussock Tundra (Low shrub or Herbaceous)","Black Spruce Woodland","Clay Loam","Mesic",0,131.055786,179,2.125059,-150.13956,66.022889,1.41846998968017,4.13079544317271,"72-2-A-BENA_1981",13.2000948588053,-3.74897825717926,144.413412094116,94.0940799713135,10.9000002543132,-3.95833341280619,5.70000004768372,16.1333332061768,69.7000024318695,1.16666670019428,117.259996414185,258.659997701645,207.800003051758,NA,"20F_1981",NA
"3571","72-3-D-BENA",1981,0.01825,0.308299606011414,25,1956,2,"72-3","BENA",104,47,11,0,9,0,0,0,0,0,0,NA,NA,NA,0,0,1,0,885.368743,"West","20F","Tussock Tundra (Low shrub or Herbaceous)","Black Spruce Woodland","Clay Loam","Mesic",0,132.401993,119,2.284806,-150.140609,66.023021,-0.471912836728295,0.623807883684208,"72-3-D-BENA_1981",13.2000948588053,-3.74897825717926,144.413412094116,94.0940799713135,10.9000002543132,-3.95833341280619,5.70000004768372,16.1333332061768,69.7000024318695,1.16666670019428,117.259996414185,258.659997701645,207.800003051758,NA,"20F_1981",NA
"3572","121-1-C-BENA",1980,0.0615,1.09568227421822,8,1972,7,"121-1","BENA",60,36,11,0,11,0,0,0,0,0,0,NA,NA,NA,0,0,0,0,1394.51987,"East","24A","Tall Shrub (Open-Closed)","Low Shrub","Clay Loam","Mesic",2005,466.470276,61,7.209129,-150.675843,66.599029,-0.563583330263617,0.56916589598233,"121-1-C-BENA_1980",12.1666666666667,-6.0249999165535,239,116,11.8666667938232,-6.00833342472712,6.53333346048991,17.2333342234294,60.4000010490417,1.18333335779607,100.09999704361,262.019997417927,147.400001525879,NA,"24A_1980",NA
"3573","129-3-A-BENA",1980,0.02325,0.486112964806436,28,1952,8,"129-3","BENA",51,35,12,0,6,0,0,0,0,0,0,NA,NA,NA,0,0,0,0,1022.673056,"East","24A","Tussock Tundra (Low shrub or Herbaceous)","Low Shrub-Tussock Tundra","Sandy Loam","Mesic - Hydric",2005,301.546051,352,6.265718,-150.646771,66.710061,0.118695641117165,1.12602714976333,"129-3-A-BENA_1980",12.4333333969116,-5.9416665037473,223,107,11.8666667938232,-6.00833342472712,6.53333346048991,17.2333342234294,60.4000010490417,1.18333335779607,100.09999704361,262.019997417927,147.400001525879,NA,"24A_1980",NA
"3574","129-4-D-BENA",1980,0.0855,3.05821556996171,19,1961,8,"129-4","BENA",87,41,18,0,9,0,0,0,0,0,0,NA,NA,NA,0,0,0,0,1057.255538,"East","24A","Tussock Tundra (Low shrub or Herbaceous)","Tall Shrub","Sandy Loam","Mesic - Hydric",2005,303.823029,358,6.979915,-150.646167,66.709845,1.49510588985752,4.45980877636144,"129-4-D-BENA_1980",12.4333333969116,-5.9416665037473,223,107,11.8666667938232,-6.00833342472712,6.53333346048991,17.2333342234294,60.4000010490417,1.18333335779607,100.09999704361,262.019997417927,147.400001525879,NA,"24A_1980",NA
"3575","173-1-A-BENA",1980,0.126,1.87905568115044,12,1968,12,"173-1","BENA",69,40,12,0,9,0,0,0,0,0,0,NA,NA,NA,0,0,0,0,1301.486525,"East","24A","Low Shrub","Low Shrub","Clay Loam","Mesic",0,349.871613,358,2.901099,-150.191497,67.228159,0.459665956081684,1.58354492308351,"173-1-A-BENA_1980",12.5006306966146,-6.70753149688244,194.686904907227,137.78288269043,10.3000001907349,-7.70833346868555,5.13333336512248,15.5333340962728,38.8000009059906,1.05833335469166,94.0599975585938,276.989998579025,141.900001525879,NA,"24A_1980",NA
"3576","173-2-A-BENA",1980,0.05725,1.19986553694244,21,1959,12,"173-2","BENA",94,43,12,0,6,0,0,0,0,0,0,NA,NA,NA,0,2,0,0,1323.706943,"East","24A","Tussock Tundra (Low shrub or Herbaceous)","Low Shrub","Clay Loam","Mesic",0,348.371155,13,2.823825,-150.190835,67.228457,0.678917248087942,1.97174166896368,"173-2-A-BENA_1980",12.5006306966146,-6.70753149688244,194.686904907227,137.78288269043,10.3000001907349,-7.70833346868555,5.13333336512248,15.5333340962728,38.8000009059906,1.05833335469166,94.0599975585938,276.989998579025,141.900001525879,NA,"24A_1980",NA
"3577","173-3-B-BENA",1980,0.0365,0.583546123015318,15,1965,12,"173-3","BENA",70,51,14,0,9,0,0,0,0,0,0,NA,NA,NA,0,0,0,0,1278.311889,"East","24A","Low Shrub","Low Shrub","Clay Loam","Mesic",0,347.24527,24,1.739254,-150.191816,67.228627,-0.443449358547297,0.641818735544441,"173-3-B-BENA_1980",12.5006306966146,-6.70753149688244,194.686904907227,137.78288269043,10.3000001907349,-7.70833346868555,5.13333336512248,15.5333340962728,38.8000009059906,1.05833335469166,94.0599975585938,276.989998579025,141.900001525879,NA,"24A_1980",NA
"3578","173-4-C-BENA",1980,0.03125,0.952761603278922,11,1969,12,"173-4","BENA",119,74,14,0,14,0,0,0,0,0,0,NA,NA,NA,0,1,0,0,1308.377258,"East","24A","Low Shrub","Low Shrub","Clay Loam","Mesic",0,346.165253,355,1.872125,-150.190975,67.22891,-0.323327996808306,0.723736432193372,"173-4-C-BENA_1980",12.5006306966146,-6.70753149688244,194.686904907227,137.78288269043,10.3000001907349,-7.70833346868555,5.13333336512248,15.5333340962728,38.8000009059906,1.05833335469166,94.0599975585938,276.989998579025,141.900001525879,NA,"24A_1980",NA
"3579","184-1-B-BENA",1980,0.0905,2.2416747985892,28,1952,13,"184-1","BENA",128,51,19,0,13,0,1,0,0,0.076923077,0,NA,"Hare",NA,1,2,0,0,692.283244,"East","24A","White Spruce or Black Spruce (Open-Closed)","Tall Shrub","Clay Loam","Mesic",0,423.977753,249,10.469168,-150.109686,67.368938,1.64723314977163,5.19259280640003,"184-1-B-BENA_1980",12.0666669209798,-6.65833314259847,157,93,10.3000001907349,-7.70833346868555,5.13333336512248,15.5333340962728,38.8000009059906,1.05833335469166,94.0599975585938,276.989998579025,141.900001525879,NA,"24A_1980",NA
"3580","184-2-D-BENA",1980,0.01825,0.379508515894008,9,1971,13,"184-2","BENA",84,38,12,10,7,0,0,0,0,0,0,NA,NA,NA,0,1,0,0,706.210196,"East","24A","White Spruce or Black Spruce (Open-Closed)","Tall Shrub","Clay Loam","Mesic",0,429.192566,258,16.706417,-150.109279,67.369156,-1.48328377514572,0.22689140338714,"184-2-D-BENA_1980",12.0636577606201,-6.66058985392253,156.503509521484,92.4583716392517,10.3000001907349,-7.70833346868555,5.13333336512248,15.5333340962728,38.8000009059906,1.05833335469166,94.0599975585938,276.989998579025,141.900001525879,NA,"24A_1980",NA
"3581","209-2-B-BENA",1980,0.09675,2.8646441787658,12,1968,16,"209-2","BENA",104,57,18,0,18,0,0,0,0,0,0,NA,NA,NA,0,0,0,0,728.528855,"East","24A","Low Shrub","Black Spruce Woodland","Sandy Loam","Mesic - Xeric",0,561.911133,287,21.070175,-149.692261,67.656,0.88134074925425,2.4141342862964,"209-2-B-BENA_1980",10.8561347325643,-7.5658560693264,122,70,7.5666667620341,-10.1166667292515,2.69999998807907,12.5000003178914,14.2999999523163,0.941666676352421,68.6599980592728,298.349996566772,135.700004577637,NA,"24A_1980",NA
"3582","209-2-D-BENA",1980,0.0595,0.732838532904727,19,1961,16,"209-2","BENA",86,47,10,0,6,0,0,0,0,0,0,NA,NA,NA,0,0,0,0,728.528855,"East","24A","Low Shrub","Black Spruce Woodland","Sandy Loam","Mesic - Xeric",0,561.911133,287,21.070175,-149.692261,67.656,0.0664444071686364,1.06870155027864,"209-2-D-BENA_1980",10.8561347325643,-7.5658560693264,122,70,7.5666667620341,-10.1166667292515,2.69999998807907,12.5000003178914,14.2999999523163,0.941666676352421,68.6599980592728,298.349996566772,135.700004577637,NA,"24A_1980",NA
"3583","209-3-A-BENA",1980,0.0755,1.22247852451343,20,1960,16,"209-3","BENA",67,52,13,0,10,0,0,0,0,0,0,NA,NA,NA,0,0,1,0,711.058695,"East","24A","Low Shrub","Black Spruce Woodland","Sandy Loam","Mesic - Xeric",0,553.430786,276,18.070417,-149.69261,67.656251,0.639364936957395,1.89527687673673,"209-3-A-BENA_1980",10.8561347325643,-7.5658560693264,122,70,7.5666667620341,-10.1166667292515,2.69999998807907,12.5000003178914,14.2999999523163,0.941666676352421,68.6599980592728,298.349996566772,135.700004577637,NA,"24A_1980",NA
"3584","209-4-D-BENA",1980,0.158666666666667,2.02277554922413,8,1972,16,"209-4","BENA",71,50,9,0,8,0,0,0,0,0,0,NA,NA,NA,0,0,0,0,738.024448,"East","24A","Low Shrub","Black Spruce Woodland","Sandy Loam","Mesic - Xeric",0,561.090881,296,18.584587,-149.691928,67.656444,0.049510021585975,1.05075612240488,"209-4-D-BENA_1980",10.8561347325643,-7.5658560693264,122,70,7.5666667620341,-10.1166667292515,2.69999998807907,12.5000003178914,14.2999999523163,0.941666676352421,68.6599980592728,298.349996566772,135.700004577637,NA,"24A_1980",NA
"3585","222-3-A-BENA",1980,0.3075,8.16400185101239,18,1962,17,"222-3","BENA",126,65,16,0,21,0,3,0,0,0.142857143,0,NA,"Hare",NA,1,2,11,1,778.440723,"East","24A","Low Shrub","Low Shrub","Clay Loam","Mesic",0,672.469177,278,13.422374,-149.809021,67.826615,2.41248825803895,11.1616998095555,"222-3-A-BENA_1980",10.2000001271566,-8.18333318829536,126,72,7.5666667620341,-10.1166667292515,2.69999998807907,12.5000003178914,14.2999999523163,0.941666676352421,68.6599980592728,298.349996566772,135.700004577637,NA,"24A_1980",NA
"3586","240-4-B-BENA",1980,0.099,3.33084376583838,12,1968,19,"240-4","BENA",102,72,15,0,13,0,0,0,0,0,0,NA,NA,NA,0,0,2,0,431.079046,"West","24A","Low Shrub","Low Shrub","Sandy Loam","Mesic",0,1046.807861,94,24.616484,-149.606605,68.070368,1.03212225772467,2.80701673073808,"240-4-B-BENA_1980",6.88645919164022,-10.0075226575136,169.263805389404,119.902715682983,6.36666679382324,-11.3166668713093,1.70000006258488,11.0666669209798,9.70000028610229,0.874999998758237,59.3999972939491,307.879995346069,128,NA,"24A_1980",NA
"3587","255-1-A-BENA",1980,0.07975,2.3577882594154,11,1969,20,"255-1","BENA",71,26,15,0,17,0,0,0,0,0,0,NA,NA,NA,0,0,0,0,585.543915,"East","26B","Low Shrub","Low Shrub","Sandy Gravel","Mesic - Xeric",0,991.483582,331,1.701594,-149.392735,68.222633,0.582786565168043,1.79102228392087,"255-1-A-BENA_1980",7.20601812998454,-10.4533850153287,174.864593505859,129.954864501953,4.5,-12.9166667461395,-0.0333333015441895,9.0666667620341,6.10000014305115,0.775000015894572,49.1899989843369,323.939997673035,131.500003814697,NA,"26B_1980",NA
"3588","261-4-A-BENA",1980,0.05675,0.949057665540341,15,1965,21,"261-4","BENA",45,23,13,0,13,0,0,0,0,0,0,NA,NA,NA,0,0,0,0,405.679111,"East","26B","Low Shrub","Low Shrub","Sandy Loam","Mesic",0,886.626587,308,9.946874,-149.350886,68.302265,0.0428967087034555,1.04383007072068,"261-4-A-BENA_1980",7.42949835459391,-10.6003372073174,190.79899597168,134.051840782166,4.5,-12.9166667461395,-0.0333333015441895,9.0666667620341,6.10000014305115,0.775000015894572,49.1899989843369,323.939997673035,131.500003814697,NA,"26B_1980",NA
"3589","72-1-C-BENA",1980,0.04975,0.737747860474578,12,1968,2,"72-1","BENA",118,71,9,0,11,0,2,0,0,0.181818182,0,NA,"Hare",NA,1,0,0,0,895.937772,"West","20F","Tussock Tundra (Low shrub or Herbaceous)","Black Spruce Woodland","Clay Loam","Mesic",0,130.808105,148,1.606934,-150.14017,66.022623,-0.47525656253788,0.621725524522499,"72-1-C-BENA_1980",13.8987808227539,-5.62310266494751,110.313629150391,65.1420693397522,11.5666666030884,-5.82500013709068,6.23333342870076,16.9666668574015,51.2000007629395,1.23333337157965,101.739997386932,263.229997158051,155.800003051758,NA,"20F_1980",NA
"3590","72-1-D-BENA",1980,0.1145,3.04064856924099,24,1956,2,"72-1","BENA",65,41,8,7,4,0,0,0,0,0,0,NA,NA,NA,0,0,0,0,895.937772,"West","20F","Tussock Tundra (Low shrub or Herbaceous)","Black Spruce Woodland","Clay Loam","Mesic",0,130.808105,148,1.606934,-150.14017,66.022623,1.76812675938579,5.85986613449867,"72-1-D-BENA_1980",13.8987808227539,-5.62310266494751,110.313629150391,65.1420693397522,11.5666666030884,-5.82500013709068,6.23333342870076,16.9666668574015,51.2000007629395,1.23333337157965,101.739997386932,263.229997158051,155.800003051758,NA,"20F_1980",NA
"3591","72-2-A-BENA",1980,0.2255,5.30684271309327,11,1969,2,"72-2","BENA",121,72,12,21,14,0,0,0,0,0,0,NA,NA,NA,0,0,0,0,855.94066,"West","20F","Tussock Tundra (Low shrub or Herbaceous)","Black Spruce Woodland","Clay Loam","Mesic",0,131.055786,179,2.125059,-150.13956,66.022889,1.39405962954615,4.0311819852601,"72-2-A-BENA_1980",13.8987808227539,-5.62310266494751,110.313629150391,65.1420693397522,11.5666666030884,-5.82500013709068,6.23333342870076,16.9666668574015,51.2000007629395,1.23333337157965,101.739997386932,263.229997158051,155.800003051758,NA,"20F_1980",NA
"3592","72-3-D-BENA",1980,0.0295,0.50277263429887,24,1956,2,"72-3","BENA",104,47,11,0,9,0,0,0,0,0,0,NA,NA,NA,0,0,1,0,885.368743,"West","20F","Tussock Tundra (Low shrub or Herbaceous)","Black Spruce Woodland","Clay Loam","Mesic",0,132.401993,119,2.284806,-150.140609,66.023021,-0.0315613087830188,0.968931550618512,"72-3-D-BENA_1980",13.8987808227539,-5.62310266494751,110.313629150391,65.1420693397522,11.5666666030884,-5.82500013709068,6.23333342870076,16.9666668574015,51.2000007629395,1.23333337157965,101.739997386932,263.229997158051,155.800003051758,NA,"20F_1980",NA
"3593","121-1-C-BENA",1979,0.0725,1.32217853817144,7,1972,7,"121-1","BENA",60,36,11,0,11,0,0,0,0,0,0,NA,NA,NA,0,0,0,0,1394.51987,"East","24A","Tall Shrub (Open-Closed)","Low Shrub","Clay Loam","Mesic",2005,466.470276,61,7.209129,-150.675843,66.599029,-0.535027968554616,0.58565291005033,"121-1-C-BENA_1979",13.1333332061768,-5.82499992847443,206,174,12.9666668574015,-5.47500012318293,7.46666669845581,18.5666669209798,86.8000009059906,1.2250000325342,110.099998354912,251.329998612404,129.10000038147,NA,"24A_1979",NA
"3594","129-3-A-BENA",1979,0.02625,0.552919325284091,27,1952,8,"129-3","BENA",51,35,12,0,6,0,0,0,0,0,0,NA,NA,NA,0,0,0,0,1022.673056,"East","24A","Tussock Tundra (Low shrub or Herbaceous)","Low Shrub-Tussock Tundra","Sandy Loam","Mesic - Hydric",2005,301.546051,352,6.265718,-150.646771,66.710061,0.204067796367406,1.22638129483468,"129-3-A-BENA_1979",13.3666664759318,-5.73333346843719,193,156,12.9666668574015,-5.47500012318293,7.46666669845581,18.5666669209798,86.8000009059906,1.2250000325342,110.099998354912,251.329998612404,129.10000038147,NA,"24A_1979",NA
"3595","129-4-D-BENA",1979,0.05675,2.05522932492979,18,1961,8,"129-4","BENA",87,41,18,0,9,0,0,0,0,0,0,NA,NA,NA,0,0,0,0,1057.255538,"East","24A","Tussock Tundra (Low shrub or Herbaceous)","Tall Shrub","Sandy Loam","Mesic - Hydric",2005,303.823029,358,6.979915,-150.646167,66.709845,1.03314122172465,2.8098784374745,"129-4-D-BENA_1979",13.3666664759318,-5.73333346843719,193,156,12.9666668574015,-5.47500012318293,7.46666669845581,18.5666669209798,86.8000009059906,1.2250000325342,110.099998354912,251.329998612404,129.10000038147,NA,"24A_1979",NA
"3596","173-1-A-BENA",1979,0.1505,2.3751594996439,11,1968,12,"173-1","BENA",69,40,12,0,9,0,0,0,0,0,0,NA,NA,NA,0,0,0,0,1301.486525,"East","24A","Low Shrub","Low Shrub","Clay Loam","Mesic",0,349.871613,358,2.901099,-150.191497,67.228159,0.590127156746831,1.8042178192809,"173-1-A-BENA_1979",13.6972093582153,-6.1330109834671,173.77717590332,173.599487304688,11.7000001271566,-6.80000015099843,6.33333349227905,17.1333338419596,56.4000006914139,1.15833335618178,101.739996612072,263.959998011589,125.39999961853,NA,"24A_1979",NA
"3597","173-2-A-BENA",1979,0.0435,0.925456647079794,20,1959,12,"173-2","BENA",94,43,12,0,6,0,0,0,0,0,0,NA,NA,NA,0,2,0,0,1323.706943,"East","24A","Tussock Tundra (Low shrub or Herbaceous)","Low Shrub","Clay Loam","Mesic",0,348.371155,13,2.823825,-150.190835,67.228457,0.361016570837778,1.4347872363081,"173-2-A-BENA_1979",13.6972093582153,-6.1330109834671,173.77717590332,173.599487304688,11.7000001271566,-6.80000015099843,6.33333349227905,17.1333338419596,56.4000006914139,1.15833335618178,101.739996612072,263.959998011589,125.39999961853,NA,"24A_1979",NA
"3598","173-3-B-BENA",1979,0.024,0.388263152871858,14,1965,12,"173-3","BENA",70,51,14,0,9,0,0,0,0,0,0,NA,NA,NA,0,0,0,0,1278.311889,"East","24A","Low Shrub","Low Shrub","Clay Loam","Mesic",0,347.24527,24,1.739254,-150.191816,67.228627,-0.93322137374976,0.393284750400669,"173-3-B-BENA_1979",13.6972093582153,-6.1330109834671,173.77717590332,173.599487304688,11.7000001271566,-6.80000015099843,6.33333349227905,17.1333338419596,56.4000006914139,1.15833335618178,101.739996612072,263.959998011589,125.39999961853,NA,"24A_1979",NA
"3599","173-4-C-BENA",1979,0.044,1.35189015069275,10,1969,12,"173-4","BENA",119,74,14,0,14,0,0,0,0,0,0,NA,NA,NA,0,1,0,0,1308.377258,"East","24A","Low Shrub","Low Shrub","Clay Loam","Mesic",0,346.165253,355,1.872125,-150.190975,67.22891,-0.0871710324464473,0.916520327513484,"173-4-C-BENA_1979",13.6972093582153,-6.1330109834671,173.77717590332,173.599487304688,11.7000001271566,-6.80000015099843,6.33333349227905,17.1333338419596,56.4000006914139,1.15833335618178,101.739996612072,263.959998011589,125.39999961853,NA,"24A_1979",NA
"3600","184-1-B-BENA",1979,0.0905,2.29313565705133,27,1952,13,"184-1","BENA",128,51,19,0,13,0,1,0,0,0.076923077,0,NA,"Hare",NA,1,2,0,0,692.283244,"East","24A","White Spruce or Black Spruce (Open-Closed)","Tall Shrub","Clay Loam","Mesic",0,423.977753,249,10.469168,-150.109686,67.368938,1.62653113354062,5.08620073078699,"184-1-B-BENA_1979",13.3000001907349,-6.00833324591319,139,117,11.7000001271566,-6.80000015099843,6.33333349227905,17.1333338419596,56.4000006914139,1.15833335618178,101.739996612072,263.959998011589,125.39999961853,NA,"24A_1979",NA
"3601","184-2-D-BENA",1979,0.05,1.05047004354408,8,1971,13,"184-2","BENA",84,38,12,10,7,0,0,0,0,0,0,NA,NA,NA,0,1,0,0,706.210196,"East","24A","White Spruce or Black Spruce (Open-Closed)","Tall Shrub","Clay Loam","Mesic",0,429.192566,258,16.706417,-150.109279,67.369156,-0.605722856457716,0.545679835847452,"184-2-D-BENA_1979",13.2969910303752,-6.01021395126979,138.593780517578,116.368097782135,11.7000001271566,-6.80000015099843,6.33333349227905,17.1333338419596,56.4000006914139,1.15833335618178,101.739996612072,263.959998011589,125.39999961853,NA,"24A_1979",NA
"3602","209-2-B-BENA",1979,0.115,3.48150512472656,11,1968,16,"209-2","BENA",104,57,18,0,18,0,0,0,0,0,0,NA,NA,NA,0,0,0,0,728.528855,"East","24A","Low Shrub","Black Spruce Woodland","Sandy Loam","Mesic - Xeric",0,561.911133,287,21.070175,-149.692261,67.656,0.972527271157887,2.64461969181067,"209-2-B-BENA_1979",12.0924774805705,-6.8067702849706,110,92,9,-9.15833346048991,3.90000017484029,14.2000001271566,21.1000006198883,0.991666704416275,72.3999977707863,283.899997711182,127.500001907349,NA,"24A_1979",NA
"3603","209-2-D-BENA",1979,0.05875,0.745426305619041,18,1961,16,"209-2","BENA",86,47,10,0,6,0,0,0,0,0,0,NA,NA,NA,0,0,0,0,728.528855,"East","24A","Low Shrub","Black Spruce Woodland","Sandy Loam","Mesic - Xeric",0,561.911133,287,21.070175,-149.692261,67.656,0.018954784410866,1.01913556676055,"209-2-D-BENA_1979",12.0924774805705,-6.8067702849706,110,92,9,-9.15833346048991,3.90000017484029,14.2000001271566,21.1000006198883,0.991666704416275,72.3999977707863,283.899997711182,127.500001907349,NA,"24A_1979",NA
"3604","209-3-A-BENA",1979,0.043,0.712254032440248,19,1960,16,"209-3","BENA",67,52,13,0,10,0,0,0,0,0,0,NA,NA,NA,0,0,1,0,711.058695,"East","24A","Low Shrub","Black Spruce Woodland","Sandy Loam","Mesic - Xeric",0,553.430786,276,18.070417,-149.69261,67.656251,0.0379536469925739,1.03868308567784,"209-3-A-BENA_1979",12.0924774805705,-6.8067702849706,110,92,9,-9.15833346048991,3.90000017484029,14.2000001271566,21.1000006198883,0.991666704416275,72.3999977707863,283.899997711182,127.500001907349,NA,"24A_1979",NA
"3605","209-4-D-BENA",1979,0.249333333333333,3.49823453805067,7,1972,16,"209-4","BENA",71,50,9,0,8,0,0,0,0,0,0,NA,NA,NA,0,0,0,0,738.024448,"East","24A","Low Shrub","Black Spruce Woodland","Sandy Loam","Mesic - Xeric",0,561.090881,296,18.584587,-149.691928,67.656444,0.437949671101785,1.54952691947439,"209-4-D-BENA_1979",12.0924774805705,-6.8067702849706,110,92,9,-9.15833346048991,3.90000017484029,14.2000001271566,21.1000006198883,0.991666704416275,72.3999977707863,283.899997711182,127.500001907349,NA,"24A_1979",NA
"3606","222-3-A-BENA",1979,0.2575,7.29358433642712,17,1962,17,"222-3","BENA",126,65,16,0,21,0,3,0,0,0.142857143,0,NA,"Hare",NA,1,2,11,1,778.440723,"East","24A","Low Shrub","Low Shrub","Clay Loam","Mesic",0,672.469177,278,13.422374,-149.809021,67.826615,2.23153954581322,9.31419467630525,"222-3-A-BENA_1979",11.5333331425985,-7.35000000397364,114,95,9,-9.15833346048991,3.90000017484029,14.2000001271566,21.1000006198883,0.991666704416275,72.3999977707863,283.899997711182,127.500001907349,NA,"24A_1979",NA
"3607","240-4-B-BENA",1979,0.149,5.12917622375481,11,1968,19,"240-4","BENA",102,72,15,0,13,0,0,0,0,0,0,NA,NA,NA,0,0,2,0,431.079046,"West","24A","Low Shrub","Low Shrub","Sandy Loam","Mesic",0,1046.807861,94,24.616484,-149.606605,68.070368,1.36000762989396,3.89622302945035,"240-4-B-BENA_1979",8.21979284286499,-9.14010379711787,150.173530578613,150.128396034241,7.80000034968058,-10.3249999750406,2.80000001192093,12.8666667938232,8.10000002384186,0.925000001986822,60.0999994277954,293.679996967316,127.000003814697,NA,"24A_1979",NA
"3608","255-1-A-BENA",1979,0.13175,3.98269577077484,10,1969,20,"255-1","BENA",71,26,15,0,17,0,0,0,0,0,0,NA,NA,NA,0,0,0,0,585.543915,"East","26B","Low Shrub","Low Shrub","Sandy Gravel","Mesic - Xeric",0,991.483582,331,1.701594,-149.392735,68.222633,0.993284162074075,2.70008745188847,"255-1-A-BENA_1979",8.57268492380778,-9.53634235821664,155.909729003906,132.954864501953,6.06666684150696,-11.7166667729616,1.1666667064031,11.0000003178914,5.20000000298023,0.816666669522723,50.3999991416931,309.349998474121,134.000001907349,NA,"26B_1979",NA
"3609","261-4-A-BENA",1979,0.06675,1.14219060821151,14,1965,21,"261-4","BENA",45,23,13,0,13,0,0,0,0,0,0,NA,NA,NA,0,0,0,0,405.679111,"East","26B","Low Shrub","Low Shrub","Sandy Loam","Mesic",0,886.626587,308,9.946874,-149.350886,68.302265,0.145798571123234,1.15696311879667,"261-4-A-BENA_1979",8.82949876785278,-9.65033713728189,169.988628387451,133.304682731628,6.06666684150696,-11.7166667729616,1.1666667064031,11.0000003178914,5.20000000298023,0.816666669522723,50.3999991416931,309.349998474121,134.000001907349,NA,"26B_1979",NA
"3610","72-1-C-BENA",1979,0.04925,0.745650929493773,11,1968,2,"72-1","BENA",118,71,9,0,11,0,2,0,0,0.181818182,0,NA,"Hare",NA,1,0,0,0,895.937772,"West","20F","Tussock Tundra (Low shrub or Herbaceous)","Black Spruce Woodland","Clay Loam","Mesic",0,130.808105,148,1.606934,-150.14017,66.022623,-0.568435147448665,0.566411095405479,"72-1-C-BENA_1979",14.9000949859619,-5.46584655841192,94.3136291503906,104.2024269104,12.6666666666667,-5.33333335320155,7.13333368301392,18.2666670481364,74.8000032901764,1.25000003787378,110.879996657372,253.109997093678,139.100002288818,NA,"20F_1979",NA
"3611","72-1-D-BENA",1979,0.06225,1.68766966034419,23,1956,2,"72-1","BENA",65,41,8,7,4,0,0,0,0,0,0,NA,NA,NA,0,0,0,0,895.937772,"West","20F","Tussock Tundra (Low shrub or Herbaceous)","Black Spruce Woodland","Clay Loam","Mesic",0,130.808105,148,1.606934,-150.14017,66.022623,1.12861656704798,3.09137682791664,"72-1-D-BENA_1979",14.9000949859619,-5.46584655841192,94.3136291503906,104.2024269104,12.6666666666667,-5.33333335320155,7.13333368301392,18.2666670481364,74.8000032901764,1.25000003787378,110.879996657372,253.109997093678,139.100002288818,NA,"20F_1979",NA
"3612","72-2-A-BENA",1979,0.159,3.93391645799208,10,1969,2,"72-2","BENA",121,72,12,21,14,0,0,0,0,0,0,NA,NA,NA,0,0,0,0,855.94066,"West","20F","Tussock Tundra (Low shrub or Herbaceous)","Black Spruce Woodland","Clay Loam","Mesic",0,131.055786,179,2.125059,-150.13956,66.022889,0.980960726568454,2.66701728586601,"72-2-A-BENA_1979",14.9000949859619,-5.46584655841192,94.3136291503906,104.2024269104,12.6666666666667,-5.33333335320155,7.13333368301392,18.2666670481364,74.8000032901764,1.25000003787378,110.879996657372,253.109997093678,139.100002288818,NA,"20F_1979",NA
"3613","72-3-D-BENA",1979,0.023,0.395785696480888,23,1956,2,"72-3","BENA",104,47,11,0,9,0,0,0,0,0,0,NA,NA,NA,0,0,1,0,885.368743,"West","20F","Tussock Tundra (Low shrub or Herbaceous)","Black Spruce Woodland","Clay Loam","Mesic",0,132.401993,119,2.284806,-150.140609,66.023021,-0.321614495842119,0.724977618352355,"72-3-D-BENA_1979",14.9000949859619,-5.46584655841192,94.3136291503906,104.2024269104,12.6666666666667,-5.33333335320155,7.13333368301392,18.2666670481364,74.8000032901764,1.25000003787378,110.879996657372,253.109997093678,139.100002288818,NA,"20F_1979",NA
"3614","121-1-C-BENA",1978,0.109,2.04997874185797,6,1972,7,"121-1","BENA",60,36,11,0,11,0,0,0,0,0,0,NA,NA,NA,0,0,0,0,1394.51987,"East","24A","Tall Shrub (Open-Closed)","Low Shrub","Clay Loam","Mesic",2005,466.470276,61,7.209129,-150.675843,66.599029,-0.280433292918746,0.755456336648664,"121-1-C-BENA_1978",13,-4.4083331823349,183,136,12.2666670481364,-4.57500000794729,6.39999993642171,18.1666669845581,74.2000021934509,1.24166668516894,103.299996852875,257.349999427795,106.89999961853,NA,"24A_1978",NA
"3615","129-3-A-BENA",1978,0.02025,0.429495967401601,26,1952,8,"129-3","BENA",51,35,12,0,6,0,0,0,0,0,0,NA,NA,NA,0,0,0,0,1022.673056,"East","24A","Tussock Tundra (Low shrub or Herbaceous)","Low Shrub-Tussock Tundra","Sandy Loam","Mesic - Hydric",2005,301.546051,352,6.265718,-150.646771,66.710061,-0.093568948570129,0.910675225506867,"129-3-A-BENA_1978",13.266666730245,-4.33333345254262,170,121,12.2666670481364,-4.57500000794729,6.39999993642171,18.1666669845581,74.2000021934509,1.24166668516894,103.299996852875,257.349999427795,106.89999961853,NA,"24A_1978",NA
"3616","129-4-D-BENA",1978,0.054,1.97442500933548,17,1961,8,"129-4","BENA",87,41,18,0,9,0,0,0,0,0,0,NA,NA,NA,0,0,0,0,1057.255538,"East","24A","Tussock Tundra (Low shrub or Herbaceous)","Tall Shrub","Sandy Loam","Mesic - Hydric",2005,303.823029,358,6.979915,-150.646167,66.709845,0.924821663556216,2.52141855944113,"129-4-D-BENA_1978",13.266666730245,-4.33333345254262,170,121,12.2666670481364,-4.57500000794729,6.39999993642171,18.1666669845581,74.2000021934509,1.24166668516894,103.299996852875,257.349999427795,106.89999961853,NA,"24A_1978",NA
"3617","173-1-A-BENA",1978,0.15075,2.52177546894199,10,1968,12,"173-1","BENA",69,40,12,0,9,0,0,0,0,0,0,NA,NA,NA,0,0,0,0,1301.486525,"East","24A","Low Shrub","Low Shrub","Clay Loam","Mesic",0,349.871613,358,2.901099,-150.191497,67.228159,0.536288447332438,1.70964961726056,"173-1-A-BENA_1978",13.0657930374146,-5.26004219055176,132.819458007812,140.780028343201,10.5666669209798,-6.42500003178914,4.93333331743876,16.2666670481364,47.300000667572,1.13333335022132,93.2599968910217,273.059998035431,103.100002288818,NA,"24A_1978",NA
"3618","173-2-A-BENA",1978,0.056,1.20889741947197,19,1959,12,"173-2","BENA",94,43,12,0,6,0,0,0,0,0,0,NA,NA,NA,0,2,0,0,1323.706943,"East","24A","Tussock Tundra (Low shrub or Herbaceous)","Low Shrub","Clay Loam","Mesic",0,348.371155,13,2.823825,-150.190835,67.228457,0.566983011676134,1.76294024987561,"173-2-A-BENA_1978",13.0657930374146,-5.26004219055176,132.819458007812,140.780028343201,10.5666669209798,-6.42500003178914,4.93333331743876,16.2666670481364,47.300000667572,1.13333335022132,93.2599968910217,273.059998035431,103.100002288818,NA,"24A_1978",NA
"3619","173-3-B-BENA",1978,0.15875,2.65934149155279,13,1965,12,"173-3","BENA",70,51,14,0,9,0,0,0,0,0,0,NA,NA,NA,0,0,0,0,1278.311889,"East","24A","Low Shrub","Low Shrub","Clay Loam","Mesic",0,347.24527,24,1.739254,-150.191816,67.228627,0.902493191780474,2.46574302422684,"173-3-B-BENA_1978",13.0657930374146,-5.26004219055176,132.819458007812,140.780028343201,10.5666669209798,-6.42500003178914,4.93333331743876,16.2666670481364,47.300000667572,1.13333335022132,93.2599968910217,273.059998035431,103.100002288818,NA,"24A_1978",NA
"3620","173-4-C-BENA",1978,0.09575,2.98393516421158,9,1969,12,"173-4","BENA",119,74,14,0,14,0,0,0,0,0,0,NA,NA,NA,0,1,0,0,1308.377258,"East","24A","Low Shrub","Low Shrub","Clay Loam","Mesic",0,346.165253,355,1.872125,-150.190975,67.22891,0.578837421773416,1.78396322788521,"173-4-C-BENA_1978",13.0657930374146,-5.26004219055176,132.819458007812,140.780028343201,10.5666669209798,-6.42500003178914,4.93333331743876,16.2666670481364,47.300000667572,1.13333335022132,93.2599968910217,273.059998035431,103.100002288818,NA,"24A_1978",NA
"3621","184-1-B-BENA",1978,0.09975,2.5871363040999,26,1952,13,"184-1","BENA",128,51,19,0,13,0,1,0,0,0.076923077,0,NA,"Hare",NA,1,2,0,0,692.283244,"East","24A","White Spruce or Black Spruce (Open-Closed)","Tall Shrub","Clay Loam","Mesic",0,423.977753,249,10.469168,-150.109686,67.368938,1.70212556799529,5.48559501363178,"184-1-B-BENA_1978",12.5666669209798,-5.24166651566823,109,96,10.5666669209798,-6.42500003178914,4.93333331743876,16.2666670481364,47.300000667572,1.13333335022132,93.2599968910217,273.059998035431,103.100002288818,NA,"24A_1978",NA
"3622","184-2-D-BENA",1978,0.13325,2.87621427180989,7,1971,13,"184-2","BENA",84,38,12,10,7,0,0,0,0,0,0,NA,NA,NA,0,1,0,0,706.210196,"East","24A","White Spruce or Black Spruce (Open-Closed)","Tall Shrub","Clay Loam","Mesic",0,429.192566,258,16.706417,-150.109279,67.369156,0.242166188062139,1.27400589979576,"184-2-D-BENA_1978",12.5636577606201,-5.24354724089305,108.593780517578,95.4132332801819,10.5666669209798,-6.42500003178914,4.93333331743876,16.2666670481364,47.300000667572,1.13333335022132,93.2599968910217,273.059998035431,103.100002288818,NA,"24A_1978",NA
"3623","209-2-B-BENA",1978,0.1335,4.14579489132815,10,1968,16,"209-2","BENA",104,57,18,0,18,0,0,0,0,0,0,NA,NA,NA,0,0,0,0,728.528855,"East","24A","Low Shrub","Black Spruce Woodland","Sandy Loam","Mesic - Xeric",0,561.911133,287,21.070175,-149.692261,67.656,1.03341978405146,2.81066127277923,"209-2-B-BENA_1978",11.190972328186,-6.19843713442485,80.0451354980469,84.0451354980469,7.83333333333333,-8.85000010828177,2.50000003973643,13.2333335876465,13.9000004529953,0.991666682064533,61.9199973940849,295.659998416901,99.1000003814697,NA,"24A_1978",NA
"3624","209-2-D-BENA",1978,0.04025,0.523214781346241,17,1961,16,"209-2","BENA",86,47,10,0,6,0,0,0,0,0,0,NA,NA,NA,0,0,0,0,728.528855,"East","24A","Low Shrub","Black Spruce Woodland","Sandy Loam","Mesic - Xeric",0,561.911133,287,21.070175,-149.692261,67.656,-0.403218785324965,0.668165898437619,"209-2-D-BENA_1978",11.190972328186,-6.19843713442485,80.0451354980469,84.0451354980469,7.83333333333333,-8.85000010828177,2.50000003973643,13.2333335876465,13.9000004529953,0.991666682064533,61.9199973940849,295.659998416901,99.1000003814697,NA,"24A_1978",NA
"3625","209-3-A-BENA",1978,0.066,1.11582773710937,18,1960,16,"209-3","BENA",67,52,13,0,10,0,0,0,0,0,0,NA,NA,NA,0,0,1,0,711.058695,"East","24A","Low Shrub","Black Spruce Woodland","Sandy Loam","Mesic - Xeric",0,553.430786,276,18.070417,-149.69261,67.656251,0.422350280978663,1.52554279972951,"209-3-A-BENA_1978",11.190972328186,-6.19843713442485,80.0451354980469,84.0451354980469,7.83333333333333,-8.85000010828177,2.50000003973643,13.2333335876465,13.9000004529953,0.991666682064533,61.9199973940849,295.659998416901,99.1000003814697,NA,"24A_1978",NA
"3626","209-4-D-BENA",1978,0.237,3.68729667762285,6,1972,16,"209-4","BENA",71,50,9,0,8,0,0,0,0,0,0,NA,NA,NA,0,0,0,0,738.024448,"East","24A","Low Shrub","Black Spruce Woodland","Sandy Loam","Mesic - Xeric",0,561.090881,296,18.584587,-149.691928,67.656444,0.306630865684082,1.35883928127424,"209-4-D-BENA_1978",11.190972328186,-6.19843713442485,80.0451354980469,84.0451354980469,7.83333333333333,-8.85000010828177,2.50000003973643,13.2333335876465,13.9000004529953,0.991666682064533,61.9199973940849,295.659998416901,99.1000003814697,NA,"24A_1978",NA
"3627","222-3-A-BENA",1978,0.1065,3.13835681315658,16,1962,17,"222-3","BENA",126,65,16,0,21,0,3,0,0,0.142857143,0,NA,"Hare",NA,1,2,11,1,778.440723,"East","24A","Low Shrub","Low Shrub","Clay Loam","Mesic",0,672.469177,278,13.422374,-149.809021,67.826615,1.3158980929433,3.72809766041436,"222-3-A-BENA_1978",10.5666666030884,-6.80000007152557,83,87,7.83333333333333,-8.85000010828177,2.50000003973643,13.2333335876465,13.9000004529953,0.991666682064533,61.9199973940849,295.659998416901,99.1000003814697,NA,"24A_1978",NA
"3628","240-4-B-BENA",1978,0.0795,2.79377750613288,10,1968,19,"240-4","BENA",102,72,15,0,13,0,0,0,0,0,0,NA,NA,NA,0,0,2,0,431.079046,"West","24A","Low Shrub","Low Shrub","Sandy Loam","Mesic",0,1046.807861,94,24.616484,-149.606605,68.070368,0.638719867648243,1.89405468603244,"240-4-B-BENA_1978",7.21828810373942,-8.63252284998695,111.767309188843,136.94785118103,6.6333335240682,-10.0416667064031,1.50000000496705,11.8000001907349,7.70000028610229,0.941666685044765,54.8499990701675,305.139998435974,93.1000022888184,NA,"24A_1978",NA
"3629","255-1-A-BENA",1978,0.1115,3.45576212912488,9,1969,20,"255-1","BENA",71,26,15,0,17,0,0,0,0,0,0,NA,NA,NA,0,0,0,0,585.543915,"East","26B","Low Shrub","Low Shrub","Sandy Gravel","Mesic - Xeric",0,991.483582,331,1.701594,-149.392735,68.222633,0.725637487673896,2.06604776022538,"255-1-A-BENA_1978",7.53784688313802,-9.08671829484714,114.864593505859,129.954864501953,4.56666668256124,-11.7000002426406,-0.433333357175191,9.60000022252401,4.20000010728836,0.833333346992731,44.2299985289574,322.539999008179,98.5,NA,"26B_1978",NA
"3630","261-4-A-BENA",1978,0.057,0.997513786978849,13,1965,21,"261-4","BENA",45,23,13,0,13,0,0,0,0,0,0,NA,NA,NA,0,0,0,0,405.679111,"East","26B","Low Shrub","Low Shrub","Sandy Loam","Mesic",0,886.626587,308,9.946874,-149.350886,68.302265,-0.0780746495795388,0.924895380915155,"261-4-A-BENA_1978",7.73160552978516,-9.24200409650803,124.241470336914,130.178262710571,4.56666668256124,-11.7000002426406,-0.433333357175191,9.60000022252401,4.20000010728836,0.833333346992731,44.2299985289574,322.539999008179,98.5,NA,"26B_1978",NA
"3631","72-1-C-BENA",1978,0.042,0.647925210469016,10,1968,2,"72-1","BENA",118,71,9,0,11,0,2,0,0,0.181818182,0,NA,"Hare",NA,1,0,0,0,895.937772,"West","20F","Tussock Tundra (Low shrub or Herbaceous)","Black Spruce Woodland","Clay Loam","Mesic",0,130.808105,148,1.606934,-150.14017,66.022623,-0.822654762512364,0.439263963717025,"72-1-C-BENA_1978",14.6952648162842,-4.05763999621073,86.313627243042,90.142068862915,11.9666668574015,-4.400000055631,6.10000006357829,17.8666664759318,64.3000011444092,1.26666668492059,101.909997940063,259.649998784065,116.800001144409,NA,"20F_1978",NA
"3632","72-1-D-BENA",1978,0.06575,1.80899836132493,22,1956,2,"72-1","BENA",65,41,8,7,4,0,0,0,0,0,0,NA,NA,NA,0,0,0,0,895.937772,"West","20F","Tussock Tundra (Low shrub or Herbaceous)","Black Spruce Woodland","Clay Loam","Mesic",0,130.808105,148,1.606934,-150.14017,66.022623,1.14499518322102,3.14242622043015,"72-1-D-BENA_1978",14.6952648162842,-4.05763999621073,86.313627243042,90.142068862915,11.9666668574015,-4.400000055631,6.10000006357829,17.8666664759318,64.3000011444092,1.26666668492059,101.909997940063,259.649998784065,116.800001144409,NA,"20F_1978",NA
"3633","72-2-A-BENA",1978,0.1325,3.39960380424747,9,1969,2,"72-2","BENA",121,72,12,21,14,0,0,0,0,0,0,NA,NA,NA,0,0,0,0,855.94066,"West","20F","Tussock Tundra (Low shrub or Herbaceous)","Black Spruce Woodland","Clay Loam","Mesic",0,131.055786,179,2.125059,-150.13956,66.022889,0.709253364148761,2.03247317465043,"72-2-A-BENA_1978",14.6952648162842,-4.05763999621073,86.313627243042,90.142068862915,11.9666668574015,-4.400000055631,6.10000006357829,17.8666664759318,64.3000011444092,1.26666668492059,101.909997940063,259.649998784065,116.800001144409,NA,"20F_1978",NA
"3634","72-3-D-BENA",1978,0.02225,0.386042635914384,22,1956,2,"72-3","BENA",104,47,11,0,9,0,0,0,0,0,0,NA,NA,NA,0,0,1,0,885.368743,"West","20F","Tussock Tundra (Low shrub or Herbaceous)","Black Spruce Woodland","Clay Loam","Mesic",0,132.401993,119,2.284806,-150.140609,66.023021,-0.399585577226262,0.670597899498834,"72-3-D-BENA_1978",14.6952648162842,-4.05763999621073,86.313627243042,90.142068862915,11.9666668574015,-4.400000055631,6.10000006357829,17.8666664759318,64.3000011444092,1.26666668492059,101.909997940063,259.649998784065,116.800001144409,NA,"20F_1978",NA
"3635","129-3-A-BENA",1977,0.023,0.490947679550762,25,1952,8,"129-3","BENA",51,35,12,0,6,0,0,0,0,0,0,NA,NA,NA,0,0,0,0,1022.673056,"East","24A","Tussock Tundra (Low shrub or Herbaceous)","Low Shrub-Tussock Tundra","Sandy Loam","Mesic - Hydric",2005,301.546051,352,6.265718,-150.646771,66.710061,-0.00664733052364608,0.993374714104876,"129-3-A-BENA_1977",14.6333332061768,-5.77499985694885,172,104,13.6666666666667,-5.81666696071625,7.53333346048991,19.8333333333333,71.8000018596649,1.21666669038435,115.779997348785,248.84999871254,119.500003814697,NA,"24A_1977",NA
"3636","129-4-D-BENA",1977,0.065,2.40092291559783,16,1961,8,"129-4","BENA",87,41,18,0,9,0,0,0,0,0,0,NA,NA,NA,0,0,0,0,1057.255538,"East","24A","Tussock Tundra (Low shrub or Herbaceous)","Tall Shrub","Sandy Loam","Mesic - Hydric",2005,303.823029,358,6.979915,-150.646167,66.709845,1.0480519495084,2.85208968812971,"129-4-D-BENA_1977",14.6333332061768,-5.77499985694885,172,104,13.6666666666667,-5.81666696071625,7.53333346048991,19.8333333333333,71.8000018596649,1.21666669038435,115.779997348785,248.84999871254,119.500003814697,NA,"24A_1977",NA
"3637","173-1-A-BENA",1977,0.22925,4.10861865831235,9,1968,12,"173-1","BENA",69,40,12,0,9,0,0,0,0,0,0,NA,NA,NA,0,0,0,0,1301.486525,"East","24A","Low Shrub","Low Shrub","Clay Loam","Mesic",0,349.871613,358,2.901099,-150.191497,67.228159,0.898681346627323,2.45636188471573,"173-1-A-BENA_1977",14.3658879597982,-6.45095658302307,149.732040405273,137.692611694336,11.8333336512248,-7.38333332538605,5.83333349227905,17.8666667938232,44.9000016450882,1.13333336015542,106.779999732971,262.029998540878,116.200000762939,NA,"24A_1977",NA
"3638","173-2-A-BENA",1977,0.0475,1.04084891604245,18,1959,12,"173-2","BENA",94,43,12,0,6,0,0,0,0,0,0,NA,NA,NA,0,2,0,0,1323.706943,"East","24A","Tussock Tundra (Low shrub or Herbaceous)","Low Shrub","Clay Loam","Mesic",0,348.371155,13,2.823825,-150.190835,67.228457,0.352790431978037,1.42303288999456,"173-2-A-BENA_1977",14.3658879597982,-6.45095658302307,149.732040405273,137.692611694336,11.8333336512248,-7.38333332538605,5.83333349227905,17.8666667938232,44.9000016450882,1.13333336015542,106.779999732971,262.029998540878,116.200000762939,NA,"24A_1977",NA
"3639","173-3-B-BENA",1977,0.0485,0.844038346471196,12,1965,12,"173-3","BENA",70,51,14,0,9,0,0,0,0,0,0,NA,NA,NA,0,0,0,0,1278.311889,"East","24A","Low Shrub","Low Shrub","Clay Loam","Mesic",0,347.24527,24,1.739254,-150.191816,67.228627,-0.340660748516945,0.711300176918628,"173-3-B-BENA_1977",14.3658879597982,-6.45095658302307,149.732040405273,137.692611694336,11.8333336512248,-7.38333332538605,5.83333349227905,17.8666667938232,44.9000016450882,1.13333336015542,106.779999732971,262.029998540878,116.200000762939,NA,"24A_1977",NA
"3640","173-4-C-BENA",1977,0.12675,4.03861219301791,8,1969,12,"173-4","BENA",119,74,14,0,14,0,0,0,0,0,0,NA,NA,NA,0,1,0,0,1308.377258,"East","24A","Low Shrub","Low Shrub","Clay Loam","Mesic",0,346.165253,355,1.872125,-150.190975,67.22891,0.740940535402755,2.09790774337779,"173-4-C-BENA_1977",14.3658879597982,-6.45095658302307,149.732040405273,137.692611694336,11.8333336512248,-7.38333332538605,5.83333349227905,17.8666667938232,44.9000016450882,1.13333336015542,106.779999732971,262.029998540878,116.200000762939,NA,"24A_1977",NA
"3641","184-1-B-BENA",1977,0.08575,2.27400159064513,25,1952,13,"184-1","BENA",128,51,19,0,13,0,1,0,0,0.076923077,0,NA,"Hare",NA,1,2,0,0,692.283244,"East","24A","White Spruce or Black Spruce (Open-Closed)","Tall Shrub","Clay Loam","Mesic",0,423.977753,249,10.469168,-150.109686,67.368938,1.52631148012177,4.60117396226041,"184-1-B-BENA_1977",13.8666664759318,-6.36666667461395,119,94,11.8333336512248,-7.38333332538605,5.83333349227905,17.8666667938232,44.9000016450882,1.13333336015542,106.779999732971,262.029998540878,116.200000762939,NA,"24A_1977",NA
"3642","184-2-D-BENA",1977,0.08125,1.80854125959383,6,1971,13,"184-2","BENA",84,38,12,10,7,0,0,0,0,0,0,NA,NA,NA,0,1,0,0,706.210196,"East","24A","White Spruce or Black Spruce (Open-Closed)","Tall Shrub","Clay Loam","Mesic",0,429.192566,258,16.706417,-150.109279,67.369156,-0.405742129777586,0.666482011131692,"184-2-D-BENA_1977",13.865161895752,-6.36779510974884,118.638916015625,93.4132344722748,11.8333336512248,-7.38333332538605,5.83333349227905,17.8666667938232,44.9000016450882,1.13333336015542,106.779999732971,262.029998540878,116.200000762939,NA,"24A_1977",NA
"3643","209-2-B-BENA",1977,0.15075,4.81610689469707,9,1968,16,"209-2","BENA",104,57,18,0,18,0,0,0,0,0,0,NA,NA,NA,0,0,0,0,728.528855,"East","24A","Low Shrub","Black Spruce Woodland","Sandy Loam","Mesic - Xeric",0,561.911133,287,21.070175,-149.692261,67.656,1.05756037098203,2.87933789740171,"209-2-B-BENA_1977",12.5561348597209,-7.21623212099075,91,75,9.0666667620341,-9.79166684361796,3.60000006357829,14.6333335240682,14.3000001907349,0.975000018874804,71.6999970674515,284.949998378754,107.60000038147,NA,"24A_1977",NA
"3644","209-2-D-BENA",1977,0.038,0.503308275846313,16,1961,16,"209-2","BENA",86,47,10,0,6,0,0,0,0,0,0,NA,NA,NA,0,0,0,0,728.528855,"East","24A","Low Shrub","Black Spruce Woodland","Sandy Loam","Mesic - Xeric",0,561.911133,287,21.070175,-149.692261,67.656,-0.514353684258859,0.597886893479951,"209-2-D-BENA_1977",12.5561348597209,-7.21623212099075,91,75,9.0666667620341,-9.79166684361796,3.60000006357829,14.6333335240682,14.3000001907349,0.975000018874804,71.6999970674515,284.949998378754,107.60000038147,NA,"24A_1977",NA
"3645","209-3-A-BENA",1977,0.091,1.58337369298354,17,1960,16,"209-3","BENA",67,52,13,0,10,0,0,0,0,0,0,NA,NA,NA,0,0,1,0,711.058695,"East","24A","Low Shrub","Black Spruce Woodland","Sandy Loam","Mesic - Xeric",0,553.430786,276,18.070417,-149.69261,67.656251,0.704102261463654,2.02203061506156,"209-3-A-BENA_1977",12.5561348597209,-7.21623212099075,91,75,9.0666667620341,-9.79166684361796,3.60000006357829,14.6333335240682,14.3000001907349,0.975000018874804,71.6999970674515,284.949998378754,107.60000038147,NA,"24A_1977",NA
"3646","222-3-A-BENA",1977,0.1935,5.88445436758597,15,1962,17,"222-3","BENA",126,65,16,0,21,0,3,0,0,0.142857143,0,NA,"Hare",NA,1,2,11,1,778.440723,"East","24A","Low Shrub","Low Shrub","Clay Loam","Mesic",0,672.469177,278,13.422374,-149.809021,67.826615,1.8674964470159,6.47207292211562,"222-3-A-BENA_1977",11.8999999364217,-7.82500004768372,93,76,9.0666667620341,-9.79166684361796,3.60000006357829,14.6333335240682,14.3000001907349,0.975000018874804,71.6999970674515,284.949998378754,107.60000038147,NA,"24A_1977",NA
"3647","240-4-B-BENA",1977,0.07725,2.75274968052383,9,1968,19,"240-4","BENA",102,72,15,0,13,0,0,0,0,0,0,NA,NA,NA,0,0,2,0,431.079046,"West","24A","Low Shrub","Low Shrub","Sandy Loam","Mesic",0,1046.807861,94,24.616484,-149.606605,68.070368,0.498194763433548,1.64574762365013,"240-4-B-BENA_1977",8.55162159601847,-9.63214640816053,120.857576370239,127.992985725403,7.83333365122477,-10.9666667630275,2.60000002384186,13.1333335240682,9.30000025033951,0.891666695475578,54.0999991893768,295.019996643066,95.0000019073486,NA,"24A_1977",NA
"3648","255-1-A-BENA",1977,0.09625,3.0459321390357,8,1969,20,"255-1","BENA",71,26,15,0,17,0,0,0,0,0,0,NA,NA,NA,0,0,0,0,585.543915,"East","26B","Low Shrub","Low Shrub","Sandy Gravel","Mesic - Xeric",0,991.483582,331,1.701594,-149.392735,68.222633,0.458846394535075,1.58224764223059,"255-1-A-BENA_1977",8.8378472328186,-10.0783849110206,122.864593505859,134,5.86666663487752,-12.6083336422841,0.73333336909612,11.0000003178914,5.99999994039536,0.775000016515454,42.8999991416931,312.499997138977,99.3000011444092,NA,"26B_1977",NA
"3649","261-4-A-BENA",1977,0.0425,0.757045289698808,12,1965,21,"261-4","BENA",45,23,13,0,13,0,0,0,0,0,0,NA,NA,NA,0,0,0,0,405.679111,"East","26B","Low Shrub","Low Shrub","Sandy Loam","Mesic",0,886.626587,308,9.946874,-149.350886,68.302265,-0.449435596768936,0.63798813258842,"261-4-A-BENA_1977",8.99827226003011,-10.2326171994209,131.241470336914,138.9886302948,5.86666663487752,-12.6083336422841,0.73333336909612,11.0000003178914,5.99999994039536,0.775000016515454,42.8999991416931,312.499997138977,99.3000011444092,NA,"26B_1977",NA
"3650","72-1-C-BENA",1977,0.08975,1.42170242629128,9,1968,2,"72-1","BENA",118,71,9,0,11,0,2,0,0,0.181818182,0,NA,"Hare",NA,1,0,0,0,895.937772,"West","20F","Tussock Tundra (Low shrub or Herbaceous)","Black Spruce Woodland","Clay Loam","Mesic",0,130.808105,148,1.606934,-150.14017,66.022623,-0.162550487250148,0.849973176333733,"72-1-C-BENA_1977",16.1022974650065,-5.44586499532064,91.2081317901611,75.0394287109375,13.3666667938232,-5.70833333333333,7.23333326975505,19.5666675567627,61.3000013828278,1.24166668392718,117.419998168945,251.349999547005,130.300004959106,NA,"20F_1977",NA
"3651","72-1-D-BENA",1977,0.05225,1.45693852949396,21,1956,2,"72-1","BENA",65,41,8,7,4,0,0,0,0,0,0,NA,NA,NA,0,0,0,0,895.937772,"West","20F","Tussock Tundra (Low shrub or Herbaceous)","Black Spruce Woodland","Clay Loam","Mesic",0,130.808105,148,1.606934,-150.14017,66.022623,0.873045086665712,2.3941902815563,"72-1-D-BENA_1977",16.1022974650065,-5.44586499532064,91.2081317901611,75.0394287109375,13.3666667938232,-5.70833333333333,7.23333326975505,19.5666675567627,61.3000013828278,1.24166668392718,117.419998168945,251.349999547005,130.300004959106,NA,"20F_1977",NA
"3652","72-2-A-BENA",1977,0.1085,2.86597444690507,8,1969,2,"72-2","BENA",121,72,12,21,14,0,0,0,0,0,0,NA,NA,NA,0,0,0,0,855.94066,"West","20F","Tussock Tundra (Low shrub or Herbaceous)","Black Spruce Woodland","Clay Loam","Mesic",0,131.055786,179,2.125059,-150.13956,66.022889,0.397947832447189,1.48876636258359,"72-2-A-BENA_1977",16.1022974650065,-5.44586499532064,91.2081317901611,75.0394287109375,13.3666667938232,-5.70833333333333,7.23333326975505,19.5666675567627,61.3000013828278,1.24166668392718,117.419998168945,251.349999547005,130.300004959106,NA,"20F_1977",NA
"3653","72-3-D-BENA",1977,0.02725,0.477031405843064,21,1956,2,"72-3","BENA",104,47,11,0,9,0,0,0,0,0,0,NA,NA,NA,0,0,1,0,885.368743,"West","20F","Tussock Tundra (Low shrub or Herbaceous)","Black Spruce Woodland","Clay Loam","Mesic",0,132.401993,119,2.284806,-150.140609,66.023021,-0.243465199799014,0.783906755670253,"72-3-D-BENA_1977",16.1022974650065,-5.44586499532064,91.2081317901611,75.0394287109375,13.3666667938232,-5.70833333333333,7.23333326975505,19.5666675567627,61.3000013828278,1.24166668392718,117.419998168945,251.349999547005,130.300004959106,NA,"20F_1977",NA
"3654","129-3-A-BENA",1976,0.03625,0.780523786045859,24,1952,8,"129-3","BENA",51,35,12,0,6,0,0,0,0,0,0,NA,NA,NA,0,0,0,0,1022.673056,"East","24A","Tussock Tundra (Low shrub or Herbaceous)","Low Shrub-Tussock Tundra","Sandy Loam","Mesic - Hydric",2005,301.546051,352,6.265718,-150.646771,66.710061,0.408265857481497,1.50420701270404,"129-3-A-BENA_1976",13.3666664759318,-6.24166671435038,193,151,12.6666666666667,-6.33333353201548,6.73333342870076,18.7000001271566,76.0000023841858,1.13333336139719,107.959998607635,259.149996876717,128.100002288818,NA,"24A_1976",NA
"3655","129-4-D-BENA",1976,0.05825,2.17415078053975,15,1961,8,"129-4","BENA",87,41,18,0,9,0,0,0,0,0,0,NA,NA,NA,0,0,0,0,1057.255538,"East","24A","Tussock Tundra (Low shrub or Herbaceous)","Tall Shrub","Sandy Loam","Mesic - Hydric",2005,303.823029,358,6.979915,-150.646167,66.709845,0.871820568958325,2.39126034740591,"129-4-D-BENA_1976",13.3666664759318,-6.24166671435038,193,151,12.6666666666667,-6.33333353201548,6.73333342870076,18.7000001271566,76.0000023841858,1.13333336139719,107.959998607635,259.149996876717,128.100002288818,NA,"24A_1976",NA
"3656","173-1-A-BENA",1976,0.0905,1.71285050721042,8,1968,12,"173-1","BENA",69,40,12,0,9,0,0,0,0,0,0,NA,NA,NA,0,0,0,0,1301.486525,"East","24A","Low Shrub","Low Shrub","Clay Loam","Mesic",0,349.871613,358,2.901099,-150.191497,67.228159,-0.116801635020912,0.889761673214803,"173-1-A-BENA_1976",13.1637808481852,-6.98567191759745,182.732040405273,178.723054409027,10.9000002543132,-7.93333339691162,5.10000006357829,16.7666673660278,50.7000007629395,1.13333335394661,100.659997701645,273.599997997284,122.60000038147,NA,"24A_1976",NA
"3657","173-2-A-BENA",1976,0.0675,1.50348770419174,17,1959,12,"173-2","BENA",94,43,12,0,6,0,0,0,0,0,0,NA,NA,NA,0,2,0,0,1323.706943,"East","24A","Tussock Tundra (Low shrub or Herbaceous)","Low Shrub","Clay Loam","Mesic",0,348.371155,13,2.823825,-150.190835,67.228457,0.652331987394483,1.92001305864561,"173-2-A-BENA_1976",13.1637808481852,-6.98567191759745,182.732040405273,178.723054409027,10.9000002543132,-7.93333339691162,5.10000006357829,16.7666673660278,50.7000007629395,1.13333335394661,100.659997701645,273.599997997284,122.60000038147,NA,"24A_1976",NA
"3658","173-3-B-BENA",1976,0.10325,1.84606758384096,11,1965,12,"173-3","BENA",70,51,14,0,9,0,0,0,0,0,0,NA,NA,NA,0,0,0,0,1278.311889,"East","24A","Low Shrub","Low Shrub","Clay Loam","Mesic",0,347.24527,24,1.739254,-150.191816,67.228627,0.338120310145668,1.4023092052816,"173-3-B-BENA_1976",13.1637808481852,-6.98567191759745,182.732040405273,178.723054409027,10.9000002543132,-7.93333339691162,5.10000006357829,16.7666673660278,50.7000007629395,1.13333335394661,100.659997701645,273.599997997284,122.60000038147,NA,"24A_1976",NA
"3659","173-4-C-BENA",1976,0.1155,3.76805685924397,7,1969,12,"173-4","BENA",119,74,14,0,14,0,0,0,0,0,0,NA,NA,NA,0,1,0,0,1308.377258,"East","24A","Low Shrub","Low Shrub","Clay Loam","Mesic",0,346.165253,355,1.872125,-150.190975,67.22891,0.512250694200797,1.66904347721699,"173-4-C-BENA_1976",13.1637808481852,-6.98567191759745,182.732040405273,178.723054409027,10.9000002543132,-7.93333339691162,5.10000006357829,16.7666673660278,50.7000007629395,1.13333335394661,100.659997701645,273.599997997284,122.60000038147,NA,"24A_1976",NA
"3660","184-1-B-BENA",1976,0.05275,1.42182769729834,24,1952,13,"184-1","BENA",128,51,19,0,13,0,1,0,0,0.076923077,0,NA,"Hare",NA,1,2,0,0,692.283244,"East","24A","White Spruce or Black Spruce (Open-Closed)","Tall Shrub","Clay Loam","Mesic",0,423.977753,249,10.469168,-150.109686,67.368938,1.00799907634709,2.74011276961565,"184-1-B-BENA_1976",12.7000001271566,-6.91666646798452,145,121,10.9000002543132,-7.93333339691162,5.10000006357829,16.7666673660278,50.7000007629395,1.13333335394661,100.659997701645,273.599997997284,122.60000038147,NA,"24A_1976",NA
"3661","209-2-B-BENA",1976,0.21525,7.12422912680329,8,1968,16,"209-2","BENA",104,57,18,0,18,0,0,0,0,0,0,NA,NA,NA,0,0,0,0,728.528855,"East","24A","Low Shrub","Black Spruce Woodland","Sandy Loam","Mesic - Xeric",0,561.911133,287,21.070175,-149.692261,67.656,1.30854094659685,3.70077014984438,"209-2-B-BENA_1976",11.522801399231,-7.74881303310394,113.954864501953,96.9548645019531,8.16666682561239,-10.3583335305254,2.73333334922791,13.6333338419596,27.2000004649162,0.941666683803002,77.0199984908104,294.919998168945,118.300003051758,NA,"24A_1976",NA
"3662","209-2-D-BENA",1976,0.0235,0.315796820529665,15,1961,16,"209-2","BENA",86,47,10,0,6,0,0,0,0,0,0,NA,NA,NA,0,0,0,0,728.528855,"East","24A","Low Shrub","Black Spruce Woodland","Sandy Loam","Mesic - Xeric",0,561.911133,287,21.070175,-149.692261,67.656,-1.0574738188081,0.347332126883112,"209-2-D-BENA_1976",11.522801399231,-7.74881303310394,113.954864501953,96.9548645019531,8.16666682561239,-10.3583335305254,2.73333334922791,13.6333338419596,27.2000004649162,0.941666683803002,77.0199984908104,294.919998168945,118.300003051758,NA,"24A_1976",NA
"3663","209-3-A-BENA",1976,0.04825,0.860643823490372,16,1960,16,"209-3","BENA",67,52,13,0,10,0,0,0,0,0,0,NA,NA,NA,0,0,1,0,711.058695,"East","24A","Low Shrub","Black Spruce Woodland","Sandy Loam","Mesic - Xeric",0,553.430786,276,18.070417,-149.69261,67.656251,0.0221242000542647,1.02237075508866,"209-3-A-BENA_1976",11.522801399231,-7.74881303310394,113.954864501953,96.9548645019531,8.16666682561239,-10.3583335305254,2.73333334922791,13.6333338419596,27.2000004649162,0.941666683803002,77.0199984908104,294.919998168945,118.300003051758,NA,"24A_1976",NA
"3664","222-3-A-BENA",1976,0.066,2.0609067719035,14,1962,17,"222-3","BENA",126,65,16,0,21,0,3,0,0,0.142857143,0,NA,"Hare",NA,1,2,11,1,778.440723,"East","24A","Low Shrub","Low Shrub","Clay Loam","Mesic",0,672.469177,278,13.422374,-149.809021,67.826615,0.735996632937443,2.08756148862424,"222-3-A-BENA_1976",10.8666667938232,-8.35833332935969,115,100,8.16666682561239,-10.3583335305254,2.73333334922791,13.6333338419596,27.2000004649162,0.941666683803002,77.0199984908104,294.919998168945,118.300003051758,NA,"24A_1976",NA
"3665","240-4-B-BENA",1976,0.13425,4.8731067737066,8,1968,19,"240-4","BENA",102,72,15,0,13,0,0,0,0,0,0,NA,NA,NA,0,0,2,0,431.079046,"West","24A","Low Shrub","Low Shrub","Sandy Loam","Mesic",0,1046.807861,94,24.616484,-149.606605,68.070368,0.928771093934113,2.53139641695241,"240-4-B-BENA_1976",7.55162191390991,-10.1904796529561,147.083251953125,167.263801574707,6.90000009536743,-11.583333671093,1.66666668653488,12.2000001271566,21.400000333786,0.866666678339243,60.8099983334541,304.96999835968,114.000003814697,NA,"24A_1976",NA
"3666","255-1-A-BENA",1976,0.07575,2.43811996166494,7,1969,20,"255-1","BENA",71,26,15,0,17,0,0,0,0,0,0,NA,NA,NA,0,0,0,0,585.543915,"East","26B","Low Shrub","Low Shrub","Sandy Gravel","Mesic - Xeric",0,991.483582,331,1.701594,-149.392735,68.222633,0.0769184823648923,1.07995403750513,"255-1-A-BENA_1976",7.83784691492717,-10.6537611633539,148.819458007812,166.954864501953,5.00000007947286,-13.1500001301368,-0.133333350221316,10.1333335240682,15.5000002384186,0.783333353698254,50.0199986696243,321.779997825623,118.100002288818,NA,"26B_1976",NA
"3667","261-4-A-BENA",1976,0.067,1.21650792767528,11,1965,21,"261-4","BENA",45,23,13,0,13,0,0,0,0,0,0,NA,NA,NA,0,0,0,0,405.679111,"East","26B","Low Shrub","Low Shrub","Sandy Loam","Mesic",0,886.626587,308,9.946874,-149.350886,68.302265,-0.0789530362191809,0.924083321872612,"261-4-A-BENA_1976",7.99827226003011,-10.8091973140836,160.05184173584,171.925416946411,5.00000007947286,-13.1500001301368,-0.133333350221316,10.1333335240682,15.5000002384186,0.783333353698254,50.0199986696243,321.779997825623,118.100002288818,NA,"26B_1976",NA
"3668","72-1-C-BENA",1976,0.15975,2.65576753721025,8,1968,2,"72-1","BENA",118,71,9,0,11,0,2,0,0,0.181818182,0,NA,"Hare",NA,1,0,0,0,895.937772,"West","20F","Tussock Tundra (Low shrub or Herbaceous)","Black Spruce Woodland","Clay Loam","Mesic",0,130.808105,148,1.606934,-150.14017,66.022623,0.321773123167808,1.37957174758127,"72-1-C-BENA_1976",14.9985901514689,-5.78268766403198,91.3107738494873,91.0997867584229,12.3666667938232,-6.15000009536743,6.40000009536743,18.4000002543132,64.7000000476837,1.21666668603818,105.179997444153,261.399997472763,134.700000762939,NA,"20F_1976",NA
"3669","72-1-D-BENA",1976,0.06025,1.70130456515985,20,1956,2,"72-1","BENA",65,41,8,7,4,0,0,0,0,0,0,NA,NA,NA,0,0,0,0,895.937772,"West","20F","Tussock Tundra (Low shrub or Herbaceous)","Black Spruce Woodland","Clay Loam","Mesic",0,130.808105,148,1.606934,-150.14017,66.022623,0.969879909643521,2.63762768668471,"72-1-D-BENA_1976",14.9985901514689,-5.78268766403198,91.3107738494873,91.0997867584229,12.3666667938232,-6.15000009536743,6.40000009536743,18.4000002543132,64.7000000476837,1.21666668603818,105.179997444153,261.399997472763,134.700000762939,NA,"20F_1976",NA
"3670","72-2-A-BENA",1976,0.0695,1.87467315939869,7,1969,2,"72-2","BENA",121,72,12,21,14,0,0,0,0,0,0,NA,NA,NA,0,0,0,0,855.94066,"West","20F","Tussock Tundra (Low shrub or Herbaceous)","Black Spruce Woodland","Clay Loam","Mesic",0,131.055786,179,2.125059,-150.13956,66.022889,-0.185874423191981,0.830377864636561,"72-2-A-BENA_1976",14.9985901514689,-5.78268766403198,91.3107738494873,91.0997867584229,12.3666667938232,-6.15000009536743,6.40000009536743,18.4000002543132,64.7000000476837,1.21666668603818,105.179997444153,261.399997472763,134.700000762939,NA,"20F_1976",NA
"3671","72-3-D-BENA",1976,0.021,0.370803751699537,20,1956,2,"72-3","BENA",104,47,11,0,9,0,0,0,0,0,0,NA,NA,NA,0,0,1,0,885.368743,"West","20F","Tussock Tundra (Low shrub or Herbaceous)","Black Spruce Woodland","Clay Loam","Mesic",0,132.401993,119,2.284806,-150.140609,66.023021,-0.553597765884598,0.574877809557495,"72-3-D-BENA_1976",14.9985901514689,-5.78268766403198,91.3107738494873,91.0997867584229,12.3666667938232,-6.15000009536743,6.40000009536743,18.4000002543132,64.7000000476837,1.21666668603818,105.179997444153,261.399997472763,134.700000762939,NA,"20F_1976",NA
"3672","129-3-A-BENA",1975,0.0265,0.575813878096685,23,1952,8,"129-3","BENA",51,35,12,0,6,0,0,0,0,0,0,NA,NA,NA,0,0,0,0,1022.673056,"East","24A","Tussock Tundra (Low shrub or Herbaceous)","Low Shrub-Tussock Tundra","Sandy Loam","Mesic - Hydric",2005,301.546051,352,6.265718,-150.646771,66.710061,0.0532970900661428,1.05474295223028,"129-3-A-BENA_1975",13.3333333333333,-7.73333319028219,149,90,12.5666669209798,-7.85000022252401,6.96666685740153,18.233333269755,55.6999998092651,1.12500004780789,100.699997425079,259.459998309612,121.500005722046,NA,"24A_1975",NA
"3673","129-4-D-BENA",1975,0.0515,1.9399672357127,14,1961,8,"129-4","BENA",87,41,18,0,9,0,0,0,0,0,0,NA,NA,NA,0,0,0,0,1057.255538,"East","24A","Tussock Tundra (Low shrub or Herbaceous)","Tall Shrub","Sandy Loam","Mesic - Hydric",2005,303.823029,358,6.979915,-150.646167,66.709845,0.675521650576041,1.96505778217526,"129-4-D-BENA_1975",13.3333333333333,-7.73333319028219,149,90,12.5666669209798,-7.85000022252401,6.96666685740153,18.233333269755,55.6999998092651,1.12500004780789,100.699997425079,259.459998309612,121.500005722046,NA,"24A_1975",NA
"3674","173-1-A-BENA",1975,0.17025,3.36170461222229,7,1968,12,"173-1","BENA",69,40,12,0,9,0,0,0,0,0,0,NA,NA,NA,0,0,0,0,1301.486525,"East","24A","Low Shrub","Low Shrub","Clay Loam","Mesic",0,349.871613,358,2.901099,-150.191497,67.228159,0.398139417963051,1.4890516159795,"173-1-A-BENA_1975",13.0971142450968,-8.43635258078575,130.732040405273,116.77717590332,10.8000001907349,-9.42500006655852,5.33333341280619,16.3000001907349,34.5000009536743,1.08333333830039,90.4799981117249,273.799998283386,111.000003814697,NA,"24A_1975",NA
"3675","173-2-A-BENA",1975,0.08675,1.97429836388161,16,1959,12,"173-2","BENA",94,43,12,0,6,0,0,0,0,0,0,NA,NA,NA,0,2,0,0,1323.706943,"East","24A","Tussock Tundra (Low shrub or Herbaceous)","Low Shrub","Clay Loam","Mesic",0,348.371155,13,2.823825,-150.190835,67.228457,0.852411814348039,2.34529645593224,"173-2-A-BENA_1975",13.0971142450968,-8.43635258078575,130.732040405273,116.77717590332,10.8000001907349,-9.42500006655852,5.33333341280619,16.3000001907349,34.5000009536743,1.08333333830039,90.4799981117249,273.799998283386,111.000003814697,NA,"24A_1975",NA
"3676","173-3-B-BENA",1975,0.175,3.28190403548075,10,1965,12,"173-3","BENA",70,51,14,0,9,0,0,0,0,0,0,NA,NA,NA,0,0,0,0,1278.311889,"East","24A","Low Shrub","Low Shrub","Clay Loam","Mesic",0,347.24527,24,1.739254,-150.191816,67.228627,0.799748995315389,2.22498237739603,"173-3-B-BENA_1975",13.0971142450968,-8.43635258078575,130.732040405273,116.77717590332,10.8000001907349,-9.42500006655852,5.33333341280619,16.3000001907349,34.5000009536743,1.08333333830039,90.4799981117249,273.799998283386,111.000003814697,NA,"24A_1975",NA
"3677","173-4-C-BENA",1975,0.0345,1.14178121941883,6,1969,12,"173-4","BENA",119,74,14,0,14,0,0,0,0,0,0,NA,NA,NA,0,1,0,0,1308.377258,"East","24A","Low Shrub","Low Shrub","Clay Loam","Mesic",0,346.165253,355,1.872125,-150.190975,67.22891,-0.8656732000003,0.420768196110471,"173-4-C-BENA_1975",13.0971142450968,-8.43635258078575,130.732040405273,116.77717590332,10.8000001907349,-9.42500006655852,5.33333341280619,16.3000001907349,34.5000009536743,1.08333333830039,90.4799981117249,273.799998283386,111.000003814697,NA,"24A_1975",NA
"3678","184-1-B-BENA",1975,0.0435,1.1856559170207,23,1952,13,"184-1","BENA",128,51,19,0,13,0,1,0,0,0.076923077,0,NA,"Hare",NA,1,2,0,0,692.283244,"East","24A","White Spruce or Black Spruce (Open-Closed)","Tall Shrub","Clay Loam","Mesic",0,423.977753,249,10.469168,-150.109686,67.368938,0.775564026800476,2.17181674464214,"184-1-B-BENA_1975",12.6666666666667,-8.36666679382324,104,78,10.8000001907349,-9.42500006655852,5.33333341280619,16.3000001907349,34.5000009536743,1.08333333830039,90.4799981117249,273.799998283386,111.000003814697,NA,"24A_1975",NA
"3679","209-2-B-BENA",1975,0.0845,2.87630871593904,7,1968,16,"209-2","BENA",104,57,18,0,18,0,0,0,0,0,0,NA,NA,NA,0,0,0,0,728.528855,"East","24A","Low Shrub","Black Spruce Woodland","Sandy Loam","Mesic - Xeric",0,561.911133,287,21.070175,-149.692261,67.656,0.242199023786348,1.27404773338894,"209-2-B-BENA_1975",11.4561347961426,-9.2404797449708,78,68,8.03333346048991,-11.8250001122554,3.03333338101705,13.0666669209798,10.9000000953674,0.900000019619862,62.6999992132187,293.579999446869,96.5000019073486,NA,"24A_1975",NA
"3680","209-2-D-BENA",1975,0.048,0.655813749622178,14,1961,16,"209-2","BENA",86,47,10,0,6,0,0,0,0,0,0,NA,NA,NA,0,0,0,0,728.528855,"East","24A","Low Shrub","Black Spruce Woodland","Sandy Loam","Mesic - Xeric",0,561.911133,287,21.070175,-149.692261,67.656,-0.409027882158036,0.664295710066027,"209-2-D-BENA_1975",11.4561347961426,-9.2404797449708,78,68,8.03333346048991,-11.8250001122554,3.03333338101705,13.0666669209798,10.9000000953674,0.900000019619862,62.6999992132187,293.579999446869,96.5000019073486,NA,"24A_1975",NA
"3681","209-3-A-BENA",1975,0.033,0.597050259036773,15,1960,16,"209-3","BENA",67,52,13,0,10,0,0,0,0,0,0,NA,NA,NA,0,0,1,0,711.058695,"East","24A","Low Shrub","Black Spruce Woodland","Sandy Loam","Mesic - Xeric",0,553.430786,276,18.070417,-149.69261,67.656251,-0.420571556751422,0.656671387569829,"209-3-A-BENA_1975",11.4561347961426,-9.2404797449708,78,68,8.03333346048991,-11.8250001122554,3.03333338101705,13.0666669209798,10.9000000953674,0.900000019619862,62.6999992132187,293.579999446869,96.5000019073486,NA,"24A_1975",NA
"3682","222-3-A-BENA",1975,0.14075,4.48646036295408,13,1962,17,"222-3","BENA",126,65,16,0,21,0,3,0,0,0.142857143,0,NA,"Hare",NA,1,2,11,1,778.440723,"East","24A","Low Shrub","Low Shrub","Clay Loam","Mesic",0,672.469177,278,13.422374,-149.809021,67.826615,1.42547871218173,4.15984873644974,"222-3-A-BENA_1975",10.766666730245,-9.86666662742694,81,71,8.03333346048991,-11.8250001122554,3.03333338101705,13.0666669209798,10.9000000953674,0.900000019619862,62.6999992132187,293.579999446869,96.5000019073486,NA,"24A_1975",NA
"3683","240-4-B-BENA",1975,0.2295,8.59282453583837,7,1968,19,"240-4","BENA",102,72,15,0,13,0,0,0,0,0,0,NA,NA,NA,0,0,2,0,431.079046,"West","24A","Low Shrub","Low Shrub","Sandy Loam","Mesic",0,1046.807861,94,24.616484,-149.606605,68.070368,1.33661874626028,3.80615215697375,"240-4-B-BENA_1975",7.45162153244019,-11.6901035557191,111.812438964844,119.902714729309,6.80000003178914,-13.0166668842236,2.00000002483527,11.6666666666667,6.50000017881393,0.816666671385368,55.4999976754189,303.189997196198,84,NA,"24A_1975",NA
"3684","255-1-A-BENA",1975,0.06875,2.24402490624363,6,1969,20,"255-1","BENA",71,26,15,0,17,0,0,0,0,0,0,NA,NA,NA,0,0,0,0,585.543915,"East","26B","Low Shrub","Low Shrub","Sandy Gravel","Mesic - Xeric",0,991.483582,331,1.701594,-149.392735,68.222633,-0.189991629552007,0.826966055990756,"255-1-A-BENA_1975",7.73784685134888,-12.137094716231,116.954864501953,125,4.93333347638448,-14.5250000754992,0.233333316942056,9.66666682561239,3.40000015497208,0.708333338921269,44.8199977278709,319.510000228882,87.6000003814697,NA,"26B_1975",NA
"3685","261-4-A-BENA",1975,0.1085,2.0298379913558,10,1965,21,"261-4","BENA",45,23,13,0,13,0,0,0,0,0,0,NA,NA,NA,0,0,0,0,405.679111,"East","26B","Low Shrub","Low Shrub","Sandy Loam","Mesic",0,886.626587,308,9.946874,-149.350886,68.302265,0.319281225376346,1.37613827549776,"261-4-A-BENA_1975",7.89827187856038,-12.2758640348911,128.178260803223,128.178262710571,4.93333347638448,-14.5250000754992,0.233333316942056,9.66666682561239,3.40000015497208,0.708333338921269,44.8199977278709,319.510000228882,87.6000003814697,NA,"26B_1975",NA
"3686","72-1-C-BENA",1975,0.08525,1.48285666888607,7,1968,2,"72-1","BENA",118,71,9,0,11,0,2,0,0,0.181818182,0,NA,"Hare",NA,1,0,0,0,895.937772,"West","20F","Tussock Tundra (Low shrub or Herbaceous)","Black Spruce Woodland","Clay Loam","Mesic",0,130.808105,148,1.606934,-150.14017,66.022623,-0.420338343383663,0.656824549974701,"72-1-C-BENA_1975",14.9666665395101,-7.35527608791987,87.2684936523438,61,12.266666730245,-7.68333347638448,6.63333368301392,17.9333333969116,49.2000007629395,1.16666669522723,98.2099976539612,260.829996645451,138.300003051758,NA,"20F_1975",NA
"3687","72-1-D-BENA",1975,0.06275,1.79614571307999,19,1956,2,"72-1","BENA",65,41,8,7,4,0,0,0,0,0,0,NA,NA,NA,0,0,0,0,895.937772,"West","20F","Tussock Tundra (Low shrub or Herbaceous)","Black Spruce Woodland","Clay Loam","Mesic",0,130.808105,148,1.606934,-150.14017,66.022623,0.962917389654386,2.61932693479761,"72-1-D-BENA_1975",14.9666665395101,-7.35527608791987,87.2684936523438,61,12.266666730245,-7.68333347638448,6.63333368301392,17.9333333969116,49.2000007629395,1.16666669522723,98.2099976539612,260.829996645451,138.300003051758,NA,"20F_1975",NA
"3688","72-2-A-BENA",1975,0.03325,0.907609062865191,6,1969,2,"72-2","BENA",121,72,12,21,14,0,0,0,0,0,0,NA,NA,NA,0,0,0,0,855.94066,"West","20F","Tussock Tundra (Low shrub or Herbaceous)","Black Spruce Woodland","Clay Loam","Mesic",0,131.055786,179,2.125059,-150.13956,66.022889,-1.09520425678825,0.334471281941112,"72-2-A-BENA_1975",14.9666665395101,-7.35527608791987,87.2684936523438,61,12.266666730245,-7.68333347638448,6.63333368301392,17.9333333969116,49.2000007629395,1.16666669522723,98.2099976539612,260.829996645451,138.300003051758,NA,"20F_1975",NA
"3689","72-3-D-BENA",1975,0.026,0.462929385469719,19,1956,2,"72-3","BENA",104,47,11,0,9,0,0,0,0,0,0,NA,NA,NA,0,0,1,0,885.368743,"West","20F","Tussock Tundra (Low shrub or Herbaceous)","Black Spruce Woodland","Clay Loam","Mesic",0,132.401993,119,2.284806,-150.140609,66.023021,-0.392906460650769,0.675091892289106,"72-3-D-BENA_1975",14.9666665395101,-7.35527608791987,87.2684936523438,61,12.266666730245,-7.68333347638448,6.63333368301392,17.9333333969116,49.2000007629395,1.16666669522723,98.2099976539612,260.829996645451,138.300003051758,NA,"20F_1975",NA
"3690","129-3-A-BENA",1974,0.028,0.613201186868873,22,1952,8,"129-3","BENA",51,35,12,0,6,0,0,0,0,0,0,NA,NA,NA,0,0,0,0,1022.673056,"East","24A","Tussock Tundra (Low shrub or Herbaceous)","Low Shrub-Tussock Tundra","Sandy Loam","Mesic - Hydric",2005,301.546051,352,6.265718,-150.646771,66.710061,0.0631596862007927,1.06519692290065,"129-3-A-BENA_1974",13.0666666030884,-8.02499969800313,163,109,12.266666730245,-7.91666678587596,6.76666673024495,17.8000005086263,76.1000003814697,1.14166669112941,93.5099973678589,255.109999656677,110.800003051758,NA,"24A_1974",NA
"3691","129-4-D-BENA",1974,0.052,1.97570992073077,13,1961,8,"129-4","BENA",87,41,18,0,9,0,0,0,0,0,0,NA,NA,NA,0,0,0,0,1057.255538,"East","24A","Tussock Tundra (Low shrub or Herbaceous)","Tall Shrub","Sandy Loam","Mesic - Hydric",2005,303.823029,358,6.979915,-150.646167,66.709845,0.605342446501121,1.83187942218475,"129-4-D-BENA_1974",13.0666666030884,-8.02499969800313,163,109,12.266666730245,-7.91666678587596,6.76666673024495,17.8000005086263,76.1000003814697,1.14166669112941,93.5099973678589,255.109999656677,110.800003051758,NA,"24A_1974",NA
"3692","173-1-A-BENA",1974,0.1295,2.6790166972936,6,1968,12,"173-1","BENA",69,40,12,0,9,0,0,0,0,0,0,NA,NA,NA,0,0,0,0,1301.486525,"East","24A","Low Shrub","Low Shrub","Clay Loam","Mesic",0,349.871613,358,2.901099,-150.191497,67.228159,-0.0128128929878144,0.987268842663076,"173-1-A-BENA_1974",12.8957049051921,-8.85206154982249,148.732040405273,116.674535274506,10.3333336512248,-9.94166674216588,5.00000007947286,15.766666730245,47.3000020980835,1.05833337207635,88.3399975299835,273.019999980927,104.500005722046,NA,"24A_1974",NA
"3693","173-2-A-BENA",1974,0.03975,0.920446788545009,15,1959,12,"173-2","BENA",94,43,12,0,6,0,0,0,0,0,0,NA,NA,NA,0,2,0,0,1323.706943,"East","24A","Tussock Tundra (Low shrub or Herbaceous)","Low Shrub","Clay Loam","Mesic",0,348.371155,13,2.823825,-150.190835,67.228457,0.0122863392892889,1.01236212641994,"173-2-A-BENA_1974",12.8957049051921,-8.85206154982249,148.732040405273,116.674535274506,10.3333336512248,-9.94166674216588,5.00000007947286,15.766666730245,47.3000020980835,1.05833337207635,88.3399975299835,273.019999980927,104.500005722046,NA,"24A_1974",NA
"3694","173-3-B-BENA",1974,0.3305,6.72296900877399,9,1965,12,"173-3","BENA",70,51,14,0,9,0,0,0,0,0,0,NA,NA,NA,0,0,0,0,1278.311889,"East","24A","Low Shrub","Low Shrub","Clay Loam","Mesic",0,347.24527,24,1.739254,-150.191816,67.228627,1.39112434122369,4.01936665303974,"173-3-B-BENA_1974",12.8957049051921,-8.85206154982249,148.732040405273,116.674535274506,10.3333336512248,-9.94166674216588,5.00000007947286,15.766666730245,47.3000020980835,1.05833337207635,88.3399975299835,273.019999980927,104.500005722046,NA,"24A_1974",NA
"3695","184-1-B-BENA",1974,0.0505,1.39136426238511,22,1952,13,"184-1","BENA",128,51,19,0,13,0,1,0,0,0.076923077,0,NA,"Hare",NA,1,2,0,0,692.283244,"East","24A","White Spruce or Black Spruce (Open-Closed)","Tall Shrub","Clay Loam","Mesic",0,423.977753,249,10.469168,-150.109686,67.368938,0.882506632186744,2.41695052564123,"184-1-B-BENA_1974",12.3333330154419,-8.85000022252401,120,79,10.3333336512248,-9.94166674216588,5.00000007947286,15.766666730245,47.3000020980835,1.05833337207635,88.3399975299835,273.019999980927,104.500005722046,NA,"24A_1974",NA
"3696","209-2-B-BENA",1974,0.033,1.13547368676858,6,1968,16,"209-2","BENA",104,57,18,0,18,0,0,0,0,0,0,NA,NA,NA,0,0,0,0,728.528855,"East","24A","Low Shrub","Black Spruce Woodland","Sandy Loam","Mesic - Xeric",0,561.911133,287,21.070175,-149.692261,67.656,-0.871212807150267,0.418443749806736,"209-2-B-BENA_1974",11.0228017171224,-9.78214663267136,92,69,7.59999990463257,-12.3916665595025,2.59999998410543,12.6666669845581,14.6000001430511,0.900000034521023,65.4499989748001,295.379997730255,105.600004196167,NA,"24A_1974",NA
"3697","209-2-D-BENA",1974,0.0525,0.73387211688776,13,1961,16,"209-2","BENA",86,47,10,0,6,0,0,0,0,0,0,NA,NA,NA,0,0,0,0,728.528855,"East","24A","Low Shrub","Black Spruce Woodland","Sandy Loam","Mesic - Xeric",0,561.911133,287,21.070175,-149.692261,67.656,-0.385005834018961,0.680446666454254,"209-2-D-BENA_1974",11.0228017171224,-9.78214663267136,92,69,7.59999990463257,-12.3916665595025,2.59999998410543,12.6666669845581,14.6000001430511,0.900000034521023,65.4499989748001,295.379997730255,105.600004196167,NA,"24A_1974",NA
"3698","209-3-A-BENA",1974,0.04125,0.755934933045301,14,1960,16,"209-3","BENA",67,52,13,0,10,0,0,0,0,0,0,NA,NA,NA,0,0,1,0,711.058695,"East","24A","Low Shrub","Black Spruce Woodland","Sandy Loam","Mesic - Xeric",0,553.430786,276,18.070417,-149.69261,67.656251,-0.266949407455704,0.765711809794085,"209-3-A-BENA_1974",11.0228017171224,-9.78214663267136,92,69,7.59999990463257,-12.3916665595025,2.59999998410543,12.6666669845581,14.6000001430511,0.900000034521023,65.4499989748001,295.379997730255,105.600004196167,NA,"24A_1974",NA
"3699","222-3-A-BENA",1974,0.19075,6.27888387778821,12,1962,17,"222-3","BENA",126,65,16,0,21,0,3,0,0,0.142857143,0,NA,"Hare",NA,1,2,11,1,778.440723,"East","24A","Low Shrub","Low Shrub","Clay Loam","Mesic",0,672.469177,278,13.422374,-149.809021,67.826615,1.6660888409118,5.29143164145883,"222-3-A-BENA_1974",10.3666664759318,-10.408333281676,96,71,7.59999990463257,-12.3916665595025,2.59999998410543,12.6666669845581,14.6000001430511,0.900000034521023,65.4499989748001,295.379997730255,105.600004196167,NA,"24A_1974",NA
"3700","240-4-B-BENA",1974,0.06225,2.38778929115995,6,1968,19,"240-4","BENA",102,72,15,0,13,0,0,0,0,0,0,NA,NA,NA,0,0,2,0,431.079046,"West","24A","Low Shrub","Low Shrub","Sandy Loam","Mesic",0,1046.807861,94,24.616484,-149.606605,68.070368,-0.127894761085318,0.879945978831804,"240-4-B-BENA_1974",7.05162143707275,-12.2491891781489,128.992984771729,121.902712345123,6.40000009536743,-13.5916669468085,1.60000007102887,11.266666730245,5.20000016689301,0.80833333854874,57.0399985313416,304.939998626709,108.700000762939,NA,"24A_1974",NA
"3701","261-4-A-BENA",1974,0.138,2.68859698409072,9,1965,21,"261-4","BENA",45,23,13,0,13,0,0,0,0,0,0,NA,NA,NA,0,0,0,0,405.679111,"East","26B","Low Shrub","Low Shrub","Sandy Loam","Mesic",0,886.626587,308,9.946874,-149.350886,68.302265,0.474613957776801,1.60739355591468,"261-4-A-BENA_1974",7.49616543451945,-12.8909503519535,147.115047454834,117.367893218994,4.26666680971781,-15.2750002145767,-0.433333364625772,9.00000031789144,3.10000005364418,0.691666675110658,47.8299990296364,322.889996528625,115.000005722046,NA,"26B_1974",NA
"3702","72-1-C-BENA",1974,0.292,5.42517865437238,6,1968,2,"72-1","BENA",118,71,9,0,11,0,2,0,0,0.181818182,0,NA,"Hare",NA,1,0,0,0,895.937772,"West","20F","Tussock Tundra (Low shrub or Herbaceous)","Black Spruce Woodland","Clay Loam","Mesic",0,130.808105,148,1.606934,-150.14017,66.022623,0.692788114375916,1.99928199654504,"72-1-C-BENA_1974",14.6659545898438,-7.50638037919998,80.1477756500244,89.9942951202393,12.0000003178914,-7.72499998410543,6.5,17.5666669209798,67.1000022888184,1.22500001080334,95.6899976730347,257.189999341965,121.500003814697,NA,"20F_1974",NA
"3703","72-1-D-BENA",1974,0.06925,2.01091794594911,18,1956,2,"72-1","BENA",65,41,8,7,4,0,0,0,0,0,0,NA,NA,NA,0,0,0,0,895.937772,"West","20F","Tussock Tundra (Low shrub or Herbaceous)","Black Spruce Woodland","Clay Loam","Mesic",0,130.808105,148,1.606934,-150.14017,66.022623,1.01134509370974,2.74929659056219,"72-1-D-BENA_1974",14.6659545898438,-7.50638037919998,80.1477756500244,89.9942951202393,12.0000003178914,-7.72499998410543,6.5,17.5666669209798,67.1000022888184,1.22500001080334,95.6899976730347,257.189999341965,121.500003814697,NA,"20F_1974",NA
"3704","72-3-D-BENA",1974,0.03025,0.543946151267279,18,1956,2,"72-3","BENA",104,47,11,0,9,0,0,0,0,0,0,NA,NA,NA,0,0,1,0,885.368743,"West","20F","Tussock Tundra (Low shrub or Herbaceous)","Black Spruce Woodland","Clay Loam","Mesic",0,132.401993,119,2.284806,-150.140609,66.023021,-0.296151237303965,0.743674948120635,"72-3-D-BENA_1974",14.6659545898438,-7.50638037919998,80.1477756500244,89.9942951202393,12.0000003178914,-7.72499998410543,6.5,17.5666669209798,67.1000022888184,1.22500001080334,95.6899976730347,257.189999341965,121.500003814697,NA,"20F_1974",NA
"3705","129-3-A-BENA",1973,0.0245,0.540591912060958,21,1952,8,"129-3","BENA",51,35,12,0,6,0,0,0,0,0,0,NA,NA,NA,0,0,0,0,1022.673056,"East","24A","Tussock Tundra (Low shrub or Herbaceous)","Low Shrub-Tussock Tundra","Sandy Loam","Mesic - Hydric",2005,301.546051,352,6.265718,-150.646771,66.710061,-0.118382856172912,0.888355874968742,"129-3-A-BENA_1973",12.2000001271566,-6.91666638851166,153,154,11.7666670481364,-6.87500015894572,6.80000003178914,16.8000001907349,89.5000021457672,1.02500001279016,101.639997959137,255.179996848106,135.600002288818,NA,"24A_1973",NA
"3706","129-4-D-BENA",1973,0.049,1.87727439811587,12,1961,8,"129-4","BENA",87,41,18,0,9,0,0,0,0,0,0,NA,NA,NA,0,0,0,0,1057.255538,"East","24A","Tussock Tundra (Low shrub or Herbaceous)","Tall Shrub","Sandy Loam","Mesic - Hydric",2005,303.823029,358,6.979915,-150.646167,66.709845,0.458717539339544,1.58204377453626,"129-4-D-BENA_1973",12.2000001271566,-6.91666638851166,153,154,11.7666670481364,-6.87500015894572,6.80000003178914,16.8000001907349,89.5000021457672,1.02500001279016,101.639997959137,255.179996848106,135.600002288818,NA,"24A_1973",NA
"3707","173-2-A-BENA",1973,0.029,0.677784477845064,14,1959,12,"173-2","BENA",94,43,12,0,6,0,0,0,0,0,0,NA,NA,NA,0,2,0,0,1323.706943,"East","24A","Tussock Tundra (Low shrub or Herbaceous)","Low Shrub","Clay Loam","Mesic",0,348.371155,13,2.823825,-150.190835,67.228457,-0.37607535440933,0.686550596478363,"173-2-A-BENA_1973",12.3971141179403,-7.27608307202657,153.77717590332,219.647476196289,10.266666730245,-8.00833354393641,5.43333339691162,15.1333338419596,57.1000018119812,1.01666668678323,96.3399965763092,268.249999761581,125.700000762939,NA,"24A_1973",NA
"3708","173-3-B-BENA",1973,0.3955,8.94724174025678,8,1965,12,"173-3","BENA",70,51,14,0,9,0,0,0,0,0,0,NA,NA,NA,0,0,0,0,1278.311889,"East","24A","Low Shrub","Low Shrub","Clay Loam","Mesic",0,347.24527,24,1.739254,-150.191816,67.228627,1.53638471836646,4.6477569104577,"173-3-B-BENA_1973",12.3971141179403,-7.27608307202657,153.77717590332,219.647476196289,10.266666730245,-8.00833354393641,5.43333339691162,15.1333338419596,57.1000018119812,1.01666668678323,96.3399965763092,268.249999761581,125.700000762939,NA,"24A_1973",NA
"3709","184-1-B-BENA",1973,0.06975,1.94808570017824,21,1952,13,"184-1","BENA",128,51,19,0,13,0,1,0,0,0.076923077,0,NA,"Hare",NA,1,2,0,0,692.283244,"East","24A","White Spruce or Black Spruce (Open-Closed)","Tall Shrub","Clay Loam","Mesic",0,423.977753,249,10.469168,-150.109686,67.368938,1.16355494830428,3.20129350455542,"184-1-B-BENA_1973",11.9666665395101,-7.16666658719381,125,146,10.266666730245,-8.00833354393641,5.43333339691162,15.1333338419596,57.1000018119812,1.01666668678323,96.3399965763092,268.249999761581,125.700000762939,NA,"24A_1973",NA
"3710","209-2-D-BENA",1973,0.044,0.628393928941639,12,1961,16,"209-2","BENA",86,47,10,0,6,0,0,0,0,0,0,NA,NA,NA,0,0,0,0,728.528855,"East","24A","Low Shrub","Black Spruce Woodland","Sandy Loam","Mesic - Xeric",0,561.911133,287,21.070175,-149.692261,67.656,-0.635691431090374,0.529569201090834,"209-2-D-BENA_1973",10.7924776077271,-7.96435135602951,97,110.954864501953,7.66666682561239,-10.3166668117046,3,12.3666667938232,15.700000166893,0.875000017384688,65.8299981355667,290.969997406006,110.300004959106,NA,"24A_1973",NA
"3711","209-3-A-BENA",1973,0.06725,1.25532603555166,13,1960,16,"209-3","BENA",67,52,13,0,10,0,0,0,0,0,0,NA,NA,NA,0,0,1,0,711.058695,"East","24A","Low Shrub","Black Spruce Woodland","Sandy Loam","Mesic - Xeric",0,553.430786,276,18.070417,-149.69261,67.656251,0.151809987329963,1.1639390522518,"209-3-A-BENA_1973",10.7924776077271,-7.96435135602951,97,110.954864501953,7.66666682561239,-10.3166668117046,3,12.3666667938232,15.700000166893,0.875000017384688,65.8299981355667,290.969997406006,110.300004959106,NA,"24A_1973",NA
"3712","222-3-A-BENA",1973,0.20425,6.97672074884201,11,1962,17,"222-3","BENA",126,65,16,0,21,0,3,0,0,0.142857143,0,NA,"Hare",NA,1,2,11,1,778.440723,"East","24A","Low Shrub","Low Shrub","Clay Loam","Mesic",0,672.469177,278,13.422374,-149.809021,67.826615,1.66764156339476,5.29965414831919,"222-3-A-BENA_1973",10.2333335876465,-8.51666663090388,102,107,7.66666682561239,-10.3166668117046,3,12.3666667938232,15.700000166893,0.875000017384688,65.8299981355667,290.969997406006,110.300004959106,NA,"24A_1973",NA
"3713","261-4-A-BENA",1973,0.1455,2.96430472616609,8,1965,21,"261-4","BENA",45,23,13,0,13,0,0,0,0,0,0,NA,NA,NA,0,0,0,0,405.679111,"East","26B","Low Shrub","Low Shrub","Sandy Loam","Mesic",0,886.626587,308,9.946874,-149.350886,68.302265,0.431681930271976,1.5398452590983,"261-4-A-BENA_1973",7.46283181508382,-10.8164771770438,167.051837921143,128.115050792694,4.60000014305115,-12.9750001778205,0.0666666825612386,9.13333368301392,3.50000014901161,0.74166668454806,48.3999993801117,318.46999835968,100.800001144409,NA,"26B_1973",NA
"3714","72-1-D-BENA",1973,0.061,1.79631084304386,17,1956,2,"72-1","BENA",65,41,8,7,4,0,0,0,0,0,0,NA,NA,NA,0,0,0,0,895.937772,"West","20F","Tussock Tundra (Low shrub or Herbaceous)","Black Spruce Woodland","Clay Loam","Mesic",0,130.808105,148,1.606934,-150.14017,66.022623,0.830279472200374,2.29395974866653,"72-1-D-BENA_1973",13.764749844869,-6.68160672982534,84.2052822113037,90.2024269104004,11.5333334604899,-6.68333359559377,6.60000022252401,16.5333337783813,73.8000009059906,1.0750000209858,103.909997463226,256.519995748997,145.900003433228,NA,"20F_1973",NA
"3715","72-3-D-BENA",1973,0.03725,0.67771712995255,17,1956,2,"72-3","BENA",104,47,11,0,9,0,0,0,0,0,0,NA,NA,NA,0,0,1,0,885.368743,"West","20F","Tussock Tundra (Low shrub or Herbaceous)","Black Spruce Woodland","Clay Loam","Mesic",0,132.401993,119,2.284806,-150.140609,66.023021,-0.144480848453748,0.865471487361609,"72-3-D-BENA_1973",13.764749844869,-6.68160672982534,84.2052822113037,90.2024269104004,11.5333334604899,-6.68333359559377,6.60000022252401,16.5333337783813,73.8000009059906,1.0750000209858,103.909997463226,256.519995748997,145.900003433228,NA,"20F_1973",NA
"3716","129-3-A-BENA",1972,0.02,0.444095537511455,20,1952,8,"129-3","BENA",51,35,12,0,6,0,0,0,0,0,0,NA,NA,NA,0,0,0,0,1022.673056,"East","24A","Tussock Tundra (Low shrub or Herbaceous)","Low Shrub-Tussock Tundra","Sandy Loam","Mesic - Hydric",2005,301.546051,352,6.265718,-150.646771,66.710061,-0.373231003516311,0.688506167126685,"129-3-A-BENA_1972",13.9666665395101,-7.79166656732559,160,194,13.1666666666667,-7.58333343267441,7.46666685740153,18.9000002543132,98.9000010490417,1.08333333581686,105.149998426437,259.389999657869,94.4000015258789,NA,"24A_1972",NA
"3717","129-4-D-BENA",1972,0.0545,2.10570981013449,11,1961,8,"129-4","BENA",87,41,18,0,9,0,0,0,0,0,0,NA,NA,NA,0,0,0,0,1057.255538,"East","24A","Tussock Tundra (Low shrub or Herbaceous)","Tall Shrub","Sandy Loam","Mesic - Hydric",2005,303.823029,358,6.979915,-150.646167,66.709845,0.469715176029074,1.59953854141115,"129-4-D-BENA_1972",13.9666665395101,-7.79166656732559,160,194,13.1666666666667,-7.58333343267441,7.46666685740153,18.9000002543132,98.9000010490417,1.08333333581686,105.149998426437,259.389999657869,94.4000015258789,NA,"24A_1972",NA
"3718","173-2-A-BENA",1972,0.03075,0.724457352753571,13,1959,12,"173-2","BENA",94,43,12,0,6,0,0,0,0,0,0,NA,NA,NA,0,2,0,0,1323.706943,"East","24A","Tussock Tundra (Low shrub or Herbaceous)","Low Shrub","Clay Loam","Mesic",0,348.371155,13,2.823825,-150.190835,67.228457,-0.397917724136865,0.67171729150848,"173-2-A-BENA_1972",13.8658882776896,-8.11722310384115,145.732040405273,261.475494384766,11.5666669209798,-8.72500038146973,6.03333346048991,17.1333338419596,58.9000012874603,1.10833334922791,96.9099972248077,270.039997458458,90.2000045776367,NA,"24A_1972",NA
"3719","173-3-B-BENA",1972,0.18625,4.5538553793552,7,1965,12,"173-3","BENA",70,51,14,0,9,0,0,0,0,0,0,NA,NA,NA,0,0,0,0,1278.311889,"East","24A","Low Shrub","Low Shrub","Clay Loam","Mesic",0,347.24527,24,1.739254,-150.191816,67.228627,0.701665457865922,2.01710932213143,"173-3-B-BENA_1972",13.8658882776896,-8.11722310384115,145.732040405273,261.475494384766,11.5666669209798,-8.72500038146973,6.03333346048991,17.1333338419596,58.9000012874603,1.10833334922791,96.9099972248077,270.039997458458,90.2000045776367,NA,"24A_1972",NA
"3720","184-1-B-BENA",1972,0.0345,0.974868401733603,20,1952,13,"184-1","BENA",128,51,19,0,13,0,1,0,0,0.076923077,0,NA,"Hare",NA,1,2,0,0,692.283244,"East","24A","White Spruce or Black Spruce (Open-Closed)","Tall Shrub","Clay Loam","Mesic",0,423.977753,249,10.469168,-150.109686,67.368938,0.413031771930152,1.51139304504542,"184-1-B-BENA_1972",13.4666668574015,-7.96666655937831,118,172,11.5666669209798,-8.72500038146973,6.03333346048991,17.1333338419596,58.9000012874603,1.10833334922791,96.9099972248077,270.039997458458,90.2000045776367,NA,"24A_1972",NA
"3721","209-2-D-BENA",1972,0.051,0.743586706770826,11,1961,16,"209-2","BENA",86,47,10,0,6,0,0,0,0,0,0,NA,NA,NA,0,0,0,0,728.528855,"East","24A","Low Shrub","Black Spruce Woodland","Sandy Loam","Mesic - Xeric",0,561.911133,287,21.070175,-149.692261,67.656,-0.571207336378959,0.564843071270567,"209-2-D-BENA_1972",12.222801844279,-8.75714660684268,91,101.954864501953,8.76666673024496,-11.1083335081736,3.66666666666667,13.9000002543132,14.0000002384186,0.966666681071123,61.8899989128113,290.699996471405,92.5000057220459,NA,"24A_1972",NA
"3722","209-3-A-BENA",1972,0.0355,0.674122166209141,12,1960,16,"209-3","BENA",67,52,13,0,10,0,0,0,0,0,0,NA,NA,NA,0,0,1,0,711.058695,"East","24A","Low Shrub","Black Spruce Woodland","Sandy Loam","Mesic - Xeric",0,553.430786,276,18.070417,-149.69261,67.656251,-0.565447326297688,0.568105961173525,"209-3-A-BENA_1972",12.222801844279,-8.75714660684268,91,101.954864501953,8.76666673024496,-11.1083335081736,3.66666666666667,13.9000002543132,14.0000002384186,0.966666681071123,61.8899989128113,290.699996471405,92.5000057220459,NA,"24A_1972",NA
"3723","222-3-A-BENA",1972,0.1105,3.88369574322997,10,1962,17,"222-3","BENA",126,65,16,0,21,0,3,0,0,0.142857143,0,NA,"Hare",NA,1,2,11,1,778.440723,"East","24A","Low Shrub","Low Shrub","Clay Loam","Mesic",0,672.469177,278,13.422374,-149.809021,67.826615,0.968112454147353,2.63296991454805,"222-3-A-BENA_1972",11.5666666030884,-9.30833339504898,93,96,8.76666673024496,-11.1083335081736,3.66666666666667,13.9000002543132,14.0000002384186,0.966666681071123,61.8899989128113,290.699996471405,92.5000057220459,NA,"24A_1972",NA
"3724","261-4-A-BENA",1972,0.14575,3.1027576596529,7,1965,21,"261-4","BENA",45,23,13,0,13,0,0,0,0,0,0,NA,NA,NA,0,0,0,0,405.679111,"East","26B","Low Shrub","Low Shrub","Sandy Loam","Mesic",0,886.626587,308,9.946874,-149.350886,68.302265,0.317982531257907,1.37435225281281,"261-4-A-BENA_1972",8.66283178329468,-11.6242836713791,137.241472244263,140.051839828491,5.63333336512248,-13.7416667143504,0.933333357175191,10.4000002543132,7.20000028610229,0.808333357796073,47.9499992728233,315.879995346069,102.900003433228,NA,"26B_1972",NA
"3725","72-1-D-BENA",1972,0.04675,1.39250603496516,16,1956,2,"72-1","BENA",65,41,8,7,4,0,0,0,0,0,0,NA,NA,NA,0,0,0,0,895.937772,"West","20F","Tussock Tundra (Low shrub or Herbaceous)","Black Spruce Woodland","Clay Loam","Mesic",0,130.808105,148,1.606934,-150.14017,66.022623,0.503303764625102,1.65417726540946,"72-1-D-BENA_1972",15.4321142832438,-7.64739787578583,71.2081317901611,117.181499481201,12.766666730245,-7.61666693290075,7.03333346048991,18.5333340962728,78.9000020027161,1.13333334090809,106.77999663353,262.449998736382,98.9000034332275,NA,"20F_1972",NA
"3726","72-3-D-BENA",1972,0.045,0.830346500288682,16,1956,2,"72-3","BENA",104,47,11,0,9,0,0,0,0,0,0,NA,NA,NA,0,0,1,0,885.368743,"West","20F","Tussock Tundra (Low shrub or Herbaceous)","Black Spruce Woodland","Clay Loam","Mesic",0,132.401993,119,2.284806,-150.140609,66.023021,-0.0137134571721853,0.986380143928216,"72-3-D-BENA_1972",15.4321142832438,-7.64739787578583,71.2081317901611,117.181499481201,12.766666730245,-7.61666693290075,7.03333346048991,18.5333340962728,78.9000020027161,1.13333334090809,106.77999663353,262.449998736382,98.9000034332275,NA,"20F_1972",NA
"3727","129-3-A-BENA",1971,0.019,0.424218680792196,19,1952,8,"129-3","BENA",51,35,12,0,6,0,0,0,0,0,0,NA,NA,NA,0,0,0,0,1022.673056,"East","24A","Tussock Tundra (Low shrub or Herbaceous)","Low Shrub-Tussock Tundra","Sandy Loam","Mesic - Hydric",2005,301.546051,352,6.265718,-150.646771,66.710061,-0.480231909060575,0.618639906969408,"129-3-A-BENA_1971",13.2999998728434,-8.5833335518837,159,177,12.5000003178914,-8.38333340485891,6.80000003178914,18.2666673660278,109.900002002716,1.04166668839753,116.829995632172,259.759997606277,132.200002670288,NA,"24A_1971",NA
"3728","129-4-D-BENA",1971,0.0785,3.06579466223847,10,1961,8,"129-4","BENA",87,41,18,0,9,0,0,0,0,0,0,NA,NA,NA,0,0,0,0,1057.255538,"East","24A","Tussock Tundra (Low shrub or Herbaceous)","Tall Shrub","Sandy Loam","Mesic - Hydric",2005,303.823029,358,6.979915,-150.646167,66.709845,0.731632048403209,2.07847000474412,"129-4-D-BENA_1971",13.2999998728434,-8.5833335518837,159,177,12.5000003178914,-8.38333340485891,6.80000003178914,18.2666673660278,109.900002002716,1.04166668839753,116.829995632172,259.759997606277,132.200002670288,NA,"24A_1971",NA
"3729","173-2-A-BENA",1971,0.031,0.736361043667567,12,1959,12,"173-2","BENA",94,43,12,0,6,0,0,0,0,0,0,NA,NA,NA,0,2,0,0,1323.706943,"East","24A","Tussock Tundra (Low shrub or Herbaceous)","Low Shrub","Clay Loam","Mesic",0,348.371155,13,2.823825,-150.190835,67.228457,-0.477138129377697,0.620556806247666,"173-2-A-BENA_1971",13.1290381749471,-9.01986054579417,165.774322509766,220.472640991211,10.866666952769,-9.79166681567828,5.30000003178914,16.4666665395101,69.9000005722046,1.04166668094695,108.349998474121,273.43999671936,124.900003433228,NA,"24A_1971",NA
"3730","173-3-B-BENA",1971,0.116,2.94637408609574,6,1965,12,"173-3","BENA",70,51,14,0,9,0,0,0,0,0,0,NA,NA,NA,0,0,0,0,1278.311889,"East","24A","Low Shrub","Low Shrub","Clay Loam","Mesic",0,347.24527,24,1.739254,-150.191816,67.228627,0.0823125748127889,1.08579514900777,"173-3-B-BENA_1971",13.1290381749471,-9.01986054579417,165.774322509766,220.472640991211,10.866666952769,-9.79166681567828,5.30000003178914,16.4666665395101,69.9000005722046,1.04166668094695,108.349998474121,273.43999671936,124.900003433228,NA,"24A_1971",NA
"3731","184-1-B-BENA",1971,0.114,3.27448830602197,19,1952,13,"184-1","BENA",128,51,19,0,13,0,1,0,0,0.076923077,0,NA,"Hare",NA,1,2,0,0,692.283244,"East","24A","White Spruce or Black Spruce (Open-Closed)","Tall Shrub","Clay Loam","Mesic",0,423.977753,249,10.469168,-150.109686,67.368938,1.563435905505,4.77520022745568,"184-1-B-BENA_1971",12.6666666666667,-8.93333319822947,133,148,10.866666952769,-9.79166681567828,5.30000003178914,16.4666665395101,69.9000005722046,1.04166668094695,108.349998474121,273.43999671936,124.900003433228,NA,"24A_1971",NA
"3732","209-2-D-BENA",1971,0.0855,1.2832659861659,10,1961,16,"209-2","BENA",86,47,10,0,6,0,0,0,0,0,0,NA,NA,NA,0,0,0,0,728.528855,"East","24A","Low Shrub","Black Spruce Woodland","Sandy Loam","Mesic - Xeric",0,561.911133,287,21.070175,-149.692261,67.656,-0.13926637733643,0.869996250305538,"209-2-D-BENA_1971",11.4576396942139,-9.76547968387604,109.045135498047,112.954864501953,8.1333335240682,-12.1583334319293,2.86666671435038,13.4333337148031,21.6000002026558,0.900000009064873,74.2499976158142,294.389998435974,125.39999961853,NA,"24A_1971",NA
"3733","209-3-A-BENA",1971,0.143,2.79566874491037,11,1960,16,"209-3","BENA",67,52,13,0,10,0,0,0,0,0,0,NA,NA,NA,0,0,1,0,711.058695,"East","24A","Low Shrub","Black Spruce Woodland","Sandy Loam","Mesic - Xeric",0,553.430786,276,18.070417,-149.69261,67.656251,0.753133906484659,2.12364490348129,"209-3-A-BENA_1971",11.4576396942139,-9.76547968387604,109.045135498047,112.954864501953,8.1333335240682,-12.1583334319293,2.86666671435038,13.4333337148031,21.6000002026558,0.900000009064873,74.2499976158142,294.389998435974,125.39999961853,NA,"24A_1971",NA
"3734","222-3-A-BENA",1971,0.18675,6.7380158631379,9,1962,17,"222-3","BENA",126,65,16,0,21,0,3,0,0,0.142857143,0,NA,"Hare",NA,1,2,11,1,778.440723,"East","24A","Low Shrub","Low Shrub","Clay Loam","Mesic",0,672.469177,278,13.422374,-149.809021,67.826615,1.39335996674057,4.02836250362071,"222-3-A-BENA_1971",10.8333334922791,-10.3249999632438,112,109,8.1333335240682,-12.1583334319293,2.86666671435038,13.4333337148031,21.6000002026558,0.900000009064873,74.2499976158142,294.389998435974,125.39999961853,NA,"24A_1971",NA
"3735","261-4-A-BENA",1971,0.17075,3.80474221840764,6,1965,21,"261-4","BENA",45,23,13,0,13,0,0,0,0,0,0,NA,NA,NA,0,0,0,0,405.679111,"East","26B","Low Shrub","Low Shrub","Sandy Loam","Mesic",0,886.626587,308,9.946874,-149.350886,68.302265,0.337985524709841,1.40212020716159,"261-4-A-BENA_1971",8.02949857711792,-12.683670759201,173.925413131714,156.988629341125,5.00000007947286,-14.866666674614,0.133333305517832,9.90000041325887,5.60000026226044,0.758333342770735,47.529999434948,319.519998550415,137.60000038147,NA,"26B_1971",NA
"3736","72-1-D-BENA",1971,0.0505,1.51963313423671,15,1956,2,"72-1","BENA",65,41,8,7,4,0,0,0,0,0,0,NA,NA,NA,0,0,0,0,895.937772,"West","20F","Tussock Tundra (Low shrub or Herbaceous)","Black Spruce Woodland","Clay Loam","Mesic",0,130.808105,148,1.606934,-150.14017,66.022623,0.513651373061917,1.67138290914777,"72-1-D-BENA_1971",14.7001905441284,-8.2635613878568,82.202428817749,122.184352874756,12.200000445048,-8.224999944369,6.46666685740153,17.9666668574015,94.2000012397766,1.13333333842456,117.789997577667,262.209999084473,139.10000038147,NA,"20F_1971",NA
"3737","72-3-D-BENA",1971,0.0305,0.570024708234272,15,1956,2,"72-3","BENA",104,47,11,0,9,0,0,0,0,0,0,NA,NA,NA,0,0,1,0,885.368743,"West","20F","Tussock Tundra (Low shrub or Herbaceous)","Black Spruce Woodland","Clay Loam","Mesic",0,132.401993,119,2.284806,-150.140609,66.023021,-0.466893144923296,0.626947079311511,"72-3-D-BENA_1971",14.7001905441284,-8.2635613878568,82.202428817749,122.184352874756,12.200000445048,-8.224999944369,6.46666685740153,17.9666668574015,94.2000012397766,1.13333333842456,117.789997577667,262.209999084473,139.10000038147,NA,"20F_1971",NA
"3738","129-3-A-BENA",1970,0.033,0.742191839632613,18,1952,8,"129-3","BENA",51,35,12,0,6,0,0,0,0,0,0,NA,NA,NA,0,0,0,0,1022.673056,"East","24A","Tussock Tundra (Low shrub or Herbaceous)","Low Shrub-Tussock Tundra","Sandy Loam","Mesic - Hydric",2005,301.546051,352,6.265718,-150.646771,66.710061,0.0146062611105329,1.0147134538013,"129-3-A-BENA_1970",12.266666730245,-6.62500015894572,220,211,11.6333338419596,-6.54999985794226,6.40000009536743,16.8666671117147,136.900004386902,1.10833335419496,120.339996814728,264.109998762608,151.299999237061,NA,"24A_1970",NA
"3739","129-4-D-BENA",1970,0.03925,1.54741679061641,9,1961,8,"129-4","BENA",87,41,18,0,9,0,0,0,0,0,0,NA,NA,NA,0,0,0,0,1057.255538,"East","24A","Tussock Tundra (Low shrub or Herbaceous)","Tall Shrub","Sandy Loam","Mesic - Hydric",2005,303.823029,358,6.979915,-150.646167,66.709845,-0.0778185785893814,0.925132250117509,"129-4-D-BENA_1970",12.266666730245,-6.62500015894572,220,211,11.6333338419596,-6.54999985794226,6.40000009536743,16.8666671117147,136.900004386902,1.10833335419496,120.339996814728,264.109998762608,151.299999237061,NA,"24A_1970",NA
"3740","173-2-A-BENA",1970,0.02725,0.652271800254799,11,1959,12,"173-2","BENA",94,43,12,0,6,0,0,0,0,0,0,NA,NA,NA,0,2,0,0,1323.706943,"East","24A","Tussock Tundra (Low shrub or Herbaceous)","Low Shrub","Clay Loam","Mesic",0,348.371155,13,2.823825,-150.190835,67.228457,-0.702231368595443,0.49547847427113,"173-2-A-BENA_1970",12.2672974268595,-7.35911551428338,208.644622802734,247.557205200195,10.1666669845581,-8.34166669348876,5.10000022252401,15.2666670481364,86.8000004291534,1.05000002061327,114.409997224808,276.869999170303,144.100002288818,NA,"24A_1970",NA
"3741","184-1-B-BENA",1970,0.11575,3.40830071446031,18,1952,13,"184-1","BENA",128,51,19,0,13,0,1,0,0,0.076923077,0,NA,"Hare",NA,1,2,0,0,692.283244,"East","24A","White Spruce or Black Spruce (Open-Closed)","Tall Shrub","Clay Loam","Mesic",0,423.977753,249,10.469168,-150.109686,67.368938,1.53896762924823,4.65977716930354,"184-1-B-BENA_1970",11.8333336512248,-7.32499983906746,166,167,10.1666669845581,-8.34166669348876,5.10000022252401,15.2666670481364,86.8000004291534,1.05000002061327,114.409997224808,276.869999170303,144.100002288818,NA,"24A_1970",NA
"3742","209-2-D-BENA",1970,0.05625,0.86930323094091,9,1961,16,"209-2","BENA",86,47,10,0,6,0,0,0,0,0,0,NA,NA,NA,0,0,0,0,728.528855,"East","24A","Low Shrub","Black Spruce Woodland","Sandy Loam","Mesic - Xeric",0,561.911133,287,21.070175,-149.692261,67.656,-0.654468804709294,0.519718061062544,"209-2-D-BENA_1970",10.6561349232992,-8.25714660684268,129,127.045135498047,7.4333332379659,-10.7583334793647,2.60000010331472,12.3000001907349,28.8000013381243,0.900000015894572,74.8199993669987,298.319999217987,129.900005340576,NA,"24A_1970",NA
"3743","209-3-A-BENA",1970,0.0925,1.87682279417189,10,1960,16,"209-3","BENA",67,52,13,0,10,0,0,0,0,0,0,NA,NA,NA,0,0,1,0,711.058695,"East","24A","Low Shrub","Black Spruce Woodland","Sandy Loam","Mesic - Xeric",0,553.430786,276,18.070417,-149.69261,67.656251,0.240905586796877,1.2724008981926,"209-3-A-BENA_1970",10.6561349232992,-8.25714660684268,129,127.045135498047,7.4333332379659,-10.7583334793647,2.60000010331472,12.3000001907349,28.8000013381243,0.900000015894572,74.8199993669987,298.319999217987,129.900005340576,NA,"24A_1970",NA
"3744","222-3-A-BENA",1970,0.06275,2.31323065811048,8,1962,17,"222-3","BENA",126,65,16,0,21,0,3,0,0,0.142857143,0,NA,"Hare",NA,1,2,11,1,778.440723,"East","24A","Low Shrub","Low Shrub","Clay Loam","Mesic",0,672.469177,278,13.422374,-149.809021,67.826615,0.18368451978826,1.2016366707006,"222-3-A-BENA_1970",10,-8.87500007947286,129,125,7.4333332379659,-10.7583334793647,2.60000010331472,12.3000001907349,28.8000013381243,0.900000015894572,74.8199993669987,298.319999217987,129.900005340576,NA,"24A_1970",NA
"3745","72-1-D-BENA",1970,0.064,1.94889328583974,14,1956,2,"72-1","BENA",65,41,8,7,4,0,0,0,0,0,0,NA,NA,NA,0,0,0,0,895.937772,"West","20F","Tussock Tundra (Low shrub or Herbaceous)","Black Spruce Woodland","Clay Loam","Mesic",0,130.808105,148,1.606934,-150.14017,66.022623,0.680112232188713,1.9740992772806,"72-1-D-BENA_1970",13.7301022211711,-6.15575495362282,101.310773849487,159.429061889648,11.3000001907349,-6.35000004867713,6.06666692097982,16.5666669209798,119.100001215935,1.12500002980232,126.829996347427,265.929997801781,157.000003814697,NA,"20F_1970",NA
"3746","72-3-D-BENA",1970,0.0285,0.537928626888876,14,1956,2,"72-3","BENA",104,47,11,0,9,0,0,0,0,0,0,NA,NA,NA,0,0,1,0,885.368743,"West","20F","Tussock Tundra (Low shrub or Herbaceous)","Black Spruce Woodland","Clay Loam","Mesic",0,132.401993,119,2.284806,-150.140609,66.023021,-0.607178824944986,0.544885921299849,"72-3-D-BENA_1970",13.7301022211711,-6.15575495362282,101.310773849487,159.429061889648,11.3000001907349,-6.35000004867713,6.06666692097982,16.5666669209798,119.100001215935,1.12500002980232,126.829996347427,265.929997801781,157.000003814697,NA,"20F_1970",NA
"3747","129-3-A-BENA",1969,0.01175,0.265917164919997,17,1952,8,"129-3","BENA",51,35,12,0,6,0,0,0,0,0,0,NA,NA,NA,0,0,0,0,1022.673056,"East","24A","Tussock Tundra (Low shrub or Herbaceous)","Low Shrub-Tussock Tundra","Sandy Loam","Mesic - Hydric",2005,301.546051,352,6.265718,-150.646771,66.710061,-1.08002598666913,0.339586700803041,"129-3-A-BENA_1969",11.9333333969116,-5.72499986489614,124,84,11.2333335876465,-5.85000032186508,5.56666668256124,17.0000003178914,55.7000002861023,1.22500002508362,79.789998292923,263.739996671677,112.600002288818,NA,"24A_1969",NA
"3748","129-4-D-BENA",1969,0.0885,3.52459835115587,8,1961,8,"129-4","BENA",87,41,18,0,9,0,0,0,0,0,0,NA,NA,NA,0,0,0,0,1057.255538,"East","24A","Tussock Tundra (Low shrub or Herbaceous)","Tall Shrub","Sandy Loam","Mesic - Hydric",2005,303.823029,358,6.979915,-150.646167,66.709845,0.604805905862495,1.83089680805946,"129-4-D-BENA_1969",11.9333333969116,-5.72499986489614,124,84,11.2333335876465,-5.85000032186508,5.56666668256124,17.0000003178914,55.7000002861023,1.22500002508362,79.789998292923,263.739996671677,112.600002288818,NA,"24A_1969",NA
"3749","173-2-A-BENA",1969,0.0345,0.832504774441696,10,1959,12,"173-2","BENA",94,43,12,0,6,0,0,0,0,0,0,NA,NA,NA,0,2,0,0,1323.706943,"East","24A","Tussock Tundra (Low shrub or Herbaceous)","Low Shrub","Clay Loam","Mesic",0,348.371155,13,2.823825,-150.190835,67.228457,-0.571991079357577,0.564400552912417,"173-2-A-BENA_1969",11.6658878326416,-6.5421475370725,132.77717590332,105.819458007812,9.30000003178914,-7.70000022649765,3.80000009636084,14.8000005086263,37.3000001907349,1.12500001738469,74.6099981069565,282.049997329712,106.100004196167,NA,"24A_1969",NA
"3750","184-1-B-BENA",1969,0.078,2.34421559740422,17,1952,13,"184-1","BENA",128,51,19,0,13,0,1,0,0,0.076923077,0,NA,"Hare",NA,1,2,0,0,692.283244,"East","24A","White Spruce or Black Spruce (Open-Closed)","Tall Shrub","Clay Loam","Mesic",0,423.977753,249,10.469168,-150.109686,67.368938,1.09649528800447,2.99365571580544,"184-1-B-BENA_1969",11.1666668256124,-6.52499999602636,107,72,9.30000003178914,-7.70000022649765,3.80000009636084,14.8000005086263,37.3000001907349,1.12500001738469,74.6099981069565,282.049997329712,106.100004196167,NA,"24A_1969",NA
"3751","209-2-D-BENA",1969,0.0825,1.31093949045322,8,1961,16,"209-2","BENA",86,47,10,0,6,0,0,0,0,0,0,NA,NA,NA,0,0,0,0,728.528855,"East","24A","Low Shrub","Black Spruce Woodland","Sandy Loam","Mesic - Xeric",0,561.911133,287,21.070175,-149.692261,67.656,-0.384216532519572,0.680983956042185,"209-2-D-BENA_1969",9.88946866989136,-7.46585607528687,87,64.0451354980469,6.5666667620341,-10.1083332747221,1.400000055631,11.7666668891907,14.4000002741814,0.958333343267441,55.2699988484383,304.589996337891,98.3000030517578,NA,"24A_1969",NA
"3752","209-3-A-BENA",1969,0.06375,1.32477918784,9,1960,16,"209-3","BENA",67,52,13,0,10,0,0,0,0,0,0,NA,NA,NA,0,0,1,0,711.058695,"East","24A","Low Shrub","Black Spruce Woodland","Sandy Loam","Mesic - Xeric",0,553.430786,276,18.070417,-149.69261,67.656251,-0.23315973765729,0.79202704687407,"209-3-A-BENA_1969",9.88946866989136,-7.46585607528687,87,64.0451354980469,6.5666667620341,-10.1083332747221,1.400000055631,11.7666668891907,14.4000002741814,0.958333343267441,55.2699988484383,304.589996337891,98.3000030517578,NA,"24A_1969",NA
"3753","222-3-A-BENA",1969,0.05725,2.132060114866,7,1962,17,"222-3","BENA",126,65,16,0,21,0,3,0,0,0.142857143,0,NA,"Hare",NA,1,2,11,1,778.440723,"East","24A","Low Shrub","Low Shrub","Clay Loam","Mesic",0,672.469177,278,13.422374,-149.809021,67.826615,-0.0572200500600525,0.944386234252737,"222-3-A-BENA_1969",9.26666673024496,-8.08333327372869,89,67,6.5666667620341,-10.1083332747221,1.400000055631,11.7666668891907,14.4000002741814,0.958333343267441,55.2699988484383,304.589996337891,98.3000030517578,NA,"24A_1969",NA
"3754","72-1-D-BENA",1969,0.05375,1.65664918178355,13,1956,2,"72-1","BENA",65,41,8,7,4,0,0,0,0,0,0,NA,NA,NA,0,0,0,0,895.937772,"West","20F","Tussock Tundra (Low shrub or Herbaceous)","Black Spruce Woodland","Clay Loam","Mesic",0,130.808105,148,1.606934,-150.14017,66.022623,0.429211656330742,1.53604611387788,"72-1-D-BENA_1969",13.5320192972819,-5.45457114775976,64.2684917449951,54.1420693397522,10.9666666984558,-5.68333335717519,5.20000016689301,16.7666673660278,48.8000009059906,1.24166669199864,82.2999981641769,265.459998250008,119.000000953674,NA,"20F_1969",NA
"3755","72-3-D-BENA",1969,0.034,0.64841529892297,13,1956,2,"72-3","BENA",104,47,11,0,9,0,0,0,0,0,0,NA,NA,NA,0,0,1,0,885.368743,"West","20F","Tussock Tundra (Low shrub or Herbaceous)","Black Spruce Woodland","Clay Loam","Mesic",0,132.401993,119,2.284806,-150.140609,66.023021,-0.508809235313271,0.60121105363859,"72-3-D-BENA_1969",13.5320192972819,-5.45457114775976,64.2684917449951,54.1420693397522,10.9666666984558,-5.68333335717519,5.20000016689301,16.7666673660278,48.8000009059906,1.24166669199864,82.2999981641769,265.459998250008,119.000000953674,NA,"20F_1969",NA
"3756","129-3-A-BENA",1968,0.0145,0.32934886583909,16,1952,8,"129-3","BENA",51,35,12,0,6,0,0,0,0,0,0,NA,NA,NA,0,0,0,0,1022.673056,"East","24A","Tussock Tundra (Low shrub or Herbaceous)","Low Shrub-Tussock Tundra","Sandy Loam","Mesic - Hydric",2005,301.546051,352,6.265718,-150.646771,66.710061,-0.938438969627091,0.391238093465816,"129-3-A-BENA_1968",13.9999996821086,-7.05833355585734,96,106,13.1333335240682,-6.81666688124339,7.10000022252401,19.2333335876465,73.8000030517578,1.20000002036492,89.3099977970123,261.859997779131,80.3000011444092,NA,"24A_1968",NA
"3757","129-4-D-BENA",1968,0.0285,1.1455157876858,7,1961,8,"129-4","BENA",87,41,18,0,9,0,0,0,0,0,0,NA,NA,NA,0,0,0,0,1057.255538,"East","24A","Tussock Tundra (Low shrub or Herbaceous)","Tall Shrub","Sandy Loam","Mesic - Hydric",2005,303.823029,358,6.979915,-150.646167,66.709845,-0.678453747262552,0.507400956223805,"129-4-D-BENA_1968",13.9999996821086,-7.05833355585734,96,106,13.1333335240682,-6.81666688124339,7.10000022252401,19.2333335876465,73.8000030517578,1.20000002036492,89.3099977970123,261.859997779131,80.3000011444092,NA,"24A_1968",NA
"3758","173-2-A-BENA",1968,0.026,0.63233662772191,9,1959,12,"173-2","BENA",94,43,12,0,6,0,0,0,0,0,0,NA,NA,NA,0,2,0,0,1323.706943,"East","24A","Tussock Tundra (Low shrub or Herbaceous)","Low Shrub","Clay Loam","Mesic",0,348.371155,13,2.823825,-150.190835,67.228457,-0.972738920357398,0.37804618043666,"173-2-A-BENA_1968",13.8637812932332,-7.55926595131556,94.8645935058594,158.629398345947,11.5666669209798,-8.20833365122477,5.69999996821086,17.5000003178914,47.8000009059906,1.10833335171143,85.909999370575,272.170000076294,77.1000022888184,NA,"24A_1968",NA
"3759","184-1-B-BENA",1968,0.0775,2.36704869281049,16,1952,13,"184-1","BENA",128,51,19,0,13,0,1,0,0,0.076923077,0,NA,"Hare",NA,1,2,0,0,692.283244,"East","24A","White Spruce or Black Spruce (Open-Closed)","Tall Shrub","Clay Loam","Mesic",0,423.977753,249,10.469168,-150.109686,67.368938,1.03384263975826,2.81185002825661,"184-1-B-BENA_1968",13.3999999364217,-7.44999984900157,78,107,11.5666669209798,-8.20833365122477,5.69999996821086,17.5000003178914,47.8000009059906,1.10833335171143,85.909999370575,272.170000076294,77.1000022888184,NA,"24A_1968",NA
"3760","209-2-D-BENA",1968,0.06975,1.14170169785479,7,1961,16,"209-2","BENA",86,47,10,0,6,0,0,0,0,0,0,NA,NA,NA,0,0,0,0,728.528855,"East","24A","Low Shrub","Black Spruce Woodland","Sandy Loam","Mesic - Xeric",0,561.911133,287,21.070175,-149.692261,67.656,-0.681788885604667,0.505711522653201,"209-2-D-BENA_1968",12.222801844279,-8.22343710064888,63,102,8.83333349227905,-10.5999999276052,3.36666671435038,14.3000005086263,14.7000002861023,0.983333360403776,59.9699995517731,292.57999753952,83.9000015258789,NA,"24A_1968",NA
"3761","209-3-A-BENA",1968,0.084,1.78458170687167,8,1960,16,"209-3","BENA",67,52,13,0,10,0,0,0,0,0,0,NA,NA,NA,0,0,1,0,711.058695,"East","24A","Low Shrub","Black Spruce Woodland","Sandy Loam","Mesic - Xeric",0,553.430786,276,18.070417,-149.69261,67.656251,-0.0757765310920709,0.927023344308474,"209-3-A-BENA_1968",12.222801844279,-8.22343710064888,63,102,8.83333349227905,-10.5999999276052,3.36666671435038,14.3000005086263,14.7000002861023,0.983333360403776,59.9699995517731,292.57999753952,83.9000015258789,NA,"24A_1968",NA
"3762","222-3-A-BENA",1968,0.08925,3.36485602235292,6,1962,17,"222-3","BENA",126,65,16,0,21,0,3,0,0,0.142857143,0,NA,"Hare",NA,1,2,11,1,778.440723,"East","24A","Low Shrub","Low Shrub","Clay Loam","Mesic",0,672.469177,278,13.422374,-149.809021,67.826615,0.215122459172052,1.24001373872444,"222-3-A-BENA_1968",11.5666666030884,-8.79166667039196,65,102,8.83333349227905,-10.5999999276052,3.36666671435038,14.3000005086263,14.7000002861023,0.983333360403776,59.9699995517731,292.57999753952,83.9000015258789,NA,"24A_1968",NA
"3763","72-1-D-BENA",1968,0.0465,1.44783910272237,12,1956,2,"72-1","BENA",65,41,8,7,4,0,0,0,0,0,0,NA,NA,NA,0,0,0,0,895.937772,"West","20F","Tussock Tundra (Low shrub or Herbaceous)","Black Spruce Woodland","Clay Loam","Mesic",0,130.808105,148,1.606934,-150.14017,66.022623,0.198968773578904,1.22014386457888,"72-1-D-BENA_1968",15.430609703064,-6.74832461277644,53.0394287109375,66.0394287109375,12.8333336512248,-6.66666676600774,6.76666688919067,18.9333337148031,63.5000023841858,1.21666670093934,93.4199967384338,263.809996306896,90.4000015258789,NA,"20F_1968",NA
"3764","72-3-D-BENA",1968,0.0365,0.70417699772787,12,1956,2,"72-3","BENA",104,47,11,0,9,0,0,0,0,0,0,NA,NA,NA,0,0,1,0,885.368743,"West","20F","Tussock Tundra (Low shrub or Herbaceous)","Black Spruce Woodland","Clay Loam","Mesic",0,132.401993,119,2.284806,-150.140609,66.023021,-0.521828934503263,0.593434202557236,"72-3-D-BENA_1968",15.430609703064,-6.74832461277644,53.0394287109375,66.0394287109375,12.8333336512248,-6.66666676600774,6.76666688919067,18.9333337148031,63.5000023841858,1.21666670093934,93.4199967384338,263.809996306896,90.4000015258789,NA,"20F_1968",NA
"3765","129-3-A-BENA",1967,0.05475,1.25548704217517,15,1952,8,"129-3","BENA",51,35,12,0,6,0,0,0,0,0,0,NA,NA,NA,0,0,0,0,1022.673056,"East","24A","Tussock Tundra (Low shrub or Herbaceous)","Low Shrub-Tussock Tundra","Sandy Loam","Mesic - Hydric",2005,301.546051,352,6.265718,-150.646771,66.710061,0.322706005104415,1.38085932563062,"129-3-A-BENA_1967",12.766666730245,-6.10833334922791,232,233,12.1000003814697,-6.14166673024495,7.30000003178914,16.9999996821086,142.500001907349,1.07500002284845,127.679995536804,254.709996700287,229.700002670288,NA,"24A_1967",NA
"3766","129-4-D-BENA",1967,0.14,5.70120526810207,6,1961,8,"129-4","BENA",87,41,18,0,9,0,0,0,0,0,0,NA,NA,NA,0,0,0,0,1057.255538,"East","24A","Tussock Tundra (Low shrub or Herbaceous)","Tall Shrub","Sandy Loam","Mesic - Hydric",2005,303.823029,358,6.979915,-150.646167,66.709845,0.742414886842296,2.10100307792404,"129-4-D-BENA_1967",12.766666730245,-6.10833334922791,232,233,12.1000003814697,-6.14166673024495,7.30000003178914,16.9999996821086,142.500001907349,1.07500002284845,127.679995536804,254.709996700287,229.700002670288,NA,"24A_1967",NA
"3767","173-2-A-BENA",1967,0.03525,0.864085438242357,8,1959,12,"173-2","BENA",94,43,12,0,6,0,0,0,0,0,0,NA,NA,NA,0,2,0,0,1323.706943,"East","24A","Tussock Tundra (Low shrub or Herbaceous)","Low Shrub","Clay Loam","Mesic",0,348.371155,13,2.823825,-150.190835,67.228457,-0.801044209187728,0.448860015567381,"173-2-A-BENA_1967",12.4957049687703,-6.7849468588829,242.64176940918,267.466933250427,10.2333335876465,-7.7166669567426,5.5666667620341,14.9333337148031,98.9000015258789,1.00000000620882,122.259996652603,269.809998273849,215.800001144409,NA,"24A_1967",NA
"3768","184-1-B-BENA",1967,0.09875,3.07075661148527,15,1952,13,"184-1","BENA",128,51,19,0,13,0,1,0,0,0.076923077,0,NA,"Hare",NA,1,2,0,0,692.283244,"East","24A","White Spruce or Black Spruce (Open-Closed)","Tall Shrub","Clay Loam","Mesic",0,423.977753,249,10.469168,-150.109686,67.368938,1.21710641087733,3.37740077059251,"184-1-B-BENA_1967",12,-6.74999992052714,195,181,10.2333335876465,-7.7166669567426,5.5666667620341,14.9333337148031,98.9000015258789,1.00000000620882,122.259996652603,269.809998273849,215.800001144409,NA,"24A_1967",NA
"3769","209-2-D-BENA",1967,0.0755,1.27027235895066,6,1961,16,"209-2","BENA",86,47,10,0,6,0,0,0,0,0,0,NA,NA,NA,0,0,0,0,728.528855,"East","24A","Low Shrub","Black Spruce Woodland","Sandy Loam","Mesic - Xeric",0,561.911133,287,21.070175,-149.692261,67.656,-0.759031382845127,0.468119636191529,"209-2-D-BENA_1967",10.7894684473673,-7.62381299336751,160,159.045135498047,7.5,-10.1083335721244,3.00000011920929,12.1000003814697,45.1000000834465,0.850000023841858,87.3299986124039,292.649997711182,193.500007629395,NA,"24A_1967",NA
"3770","209-3-A-BENA",1967,0.08475,1.84544515579646,7,1960,16,"209-3","BENA",67,52,13,0,10,0,0,0,0,0,0,NA,NA,NA,0,0,1,0,711.058695,"East","24A","Low Shrub","Black Spruce Woodland","Sandy Loam","Mesic - Xeric",0,553.430786,276,18.070417,-149.69261,67.656251,-0.201588227188005,0.817431454699912,"209-3-A-BENA_1967",10.7894684473673,-7.62381299336751,160,159.045135498047,7.5,-10.1083335721244,3.00000011920929,12.1000003814697,45.1000000834465,0.850000023841858,87.3299986124039,292.649997711182,193.500007629395,NA,"24A_1967",NA
"3771","72-1-D-BENA",1967,0.0575,1.80912539947785,11,1956,2,"72-1","BENA",65,41,8,7,4,0,0,0,0,0,0,NA,NA,NA,0,0,0,0,895.937772,"West","20F","Tussock Tundra (Low shrub or Herbaceous)","Black Spruce Woodland","Clay Loam","Mesic",0,130.808105,148,1.606934,-150.14017,66.022623,0.317906087558757,1.37424719625818,"72-1-D-BENA_1967",14.3334283828735,-5.84794859091441,131.516054153442,142.332130432129,11.8000005086263,-5.98333330949148,6.96666669845581,16.7000001271566,128.300001144409,1.05833336959283,130.529997348785,256.900000572205,241.300004959106,NA,"20F_1967",NA
"3772","72-3-D-BENA",1967,0.03825,0.746921311023059,11,1956,2,"72-3","BENA",104,47,11,0,9,0,0,0,0,0,0,NA,NA,NA,0,0,1,0,885.368743,"West","20F","Tussock Tundra (Low shrub or Herbaceous)","Black Spruce Woodland","Clay Loam","Mesic",0,132.401993,119,2.284806,-150.140609,66.023021,-0.566732875623464,0.567376102173557,"72-3-D-BENA_1967",14.3334283828735,-5.84794859091441,131.516054153442,142.332130432129,11.8000005086263,-5.98333330949148,6.96666669845581,16.7000001271566,128.300001144409,1.05833336959283,130.529997348785,256.900000572205,241.300004959106,NA,"20F_1967",NA
"3773","129-3-A-BENA",1966,0.08225,1.92149722345365,14,1952,8,"129-3","BENA",51,35,12,0,6,0,0,0,0,0,0,NA,NA,NA,0,0,0,0,1022.673056,"East","24A","Tussock Tundra (Low shrub or Herbaceous)","Low Shrub-Tussock Tundra","Sandy Loam","Mesic - Hydric",2005,301.546051,352,6.265718,-150.646771,66.710061,0.665955252484031,1.94634888820098,"129-3-A-BENA_1966",12.7999998728434,-7.94166660308838,150,136,12.200000445048,-7.7750003139178,6.50000015894572,17.9333333969116,90.800003349781,1.13333335394661,100.219998002052,259.369999289513,94.2999992370605,NA,"24A_1966",NA
"3774","173-2-A-BENA",1966,0.0325,0.803591911852555,7,1959,12,"173-2","BENA",94,43,12,0,6,0,0,0,0,0,0,NA,NA,NA,0,2,0,0,1323.706943,"East","24A","Tussock Tundra (Low shrub or Herbaceous)","Low Shrub","Clay Loam","Mesic",0,348.371155,13,2.823825,-150.190835,67.228457,-1.03297246341667,0.355947346052242,"173-2-A-BENA_1966",12.730447769165,-8.41933343807856,145.77717590332,148.629400253296,10.5666672388713,-9.20833330353101,5.03333338101705,16.1666669845581,60.4999995231628,1.07500002036492,90.6399974822998,272.43999838829,92.8000011444092,NA,"24A_1966",NA
"3775","184-1-B-BENA",1966,0.1375,4.37778972782329,14,1952,13,"184-1","BENA",128,51,19,0,13,0,1,0,0,0.076923077,0,NA,"Hare",NA,1,2,0,0,692.283244,"East","24A","White Spruce or Black Spruce (Open-Closed)","Tall Shrub","Clay Loam","Mesic",0,423.977753,249,10.469168,-150.109686,67.368938,1.48939453512108,4.43440982663074,"184-1-B-BENA_1966",12.266666730245,-8.34166675806046,121,101,10.5666672388713,-9.20833330353101,5.03333338101705,16.1666669845581,60.4999995231628,1.07500002036492,90.6399974822998,272.43999838829,92.8000011444092,NA,"24A_1966",NA
"3776","209-3-A-BENA",1966,0.083,1.85107979857021,6,1960,16,"209-3","BENA",67,52,13,0,10,0,0,0,0,0,0,NA,NA,NA,0,0,1,0,711.058695,"East","24A","Low Shrub","Black Spruce Woodland","Sandy Loam","Mesic - Xeric",0,553.430786,276,18.070417,-149.69261,67.656251,-0.382493572468809,0.682158275555954,"209-3-A-BENA_1966",11.1228017807007,-9.14047989249229,98,89,7.83333349227905,-11.5916667083899,2.60000002384186,13.1333335240682,25.1000004783273,0.933333354691664,70.4699981808662,295.239996433258,110.5,NA,"24A_1966",NA
"3777","72-1-D-BENA",1966,0.0695,2.2144112721432,10,1956,2,"72-1","BENA",65,41,8,7,4,0,0,0,0,0,0,NA,NA,NA,0,0,0,0,895.937772,"West","20F","Tussock Tundra (Low shrub or Herbaceous)","Black Spruce Woodland","Clay Loam","Mesic",0,130.808105,148,1.606934,-150.14017,66.022623,0.406311819532151,1.50127060497795,"72-1-D-BENA_1966",14.3966738382975,-7.67969787120819,71.1054935455322,106.244709968567,11.8999999364217,-7.62500009934107,6.16666682561239,17.6666673024495,84.300000846386,1.15000002148251,95.4799988269806,261.469998121262,99.1000022888184,NA,"20F_1966",NA
"3778","72-3-D-BENA",1966,0.061,1.2101886140526,10,1956,2,"72-3","BENA",104,47,11,0,9,0,0,0,0,0,0,NA,NA,NA,0,0,1,0,885.368743,"West","20F","Tussock Tundra (Low shrub or Herbaceous)","Black Spruce Woodland","Clay Loam","Mesic",0,132.401993,119,2.284806,-150.140609,66.023021,-0.197898530435659,0.820453099932864,"72-3-D-BENA_1966",14.3966738382975,-7.67969787120819,71.1054935455322,106.244709968567,11.8999999364217,-7.62500009934107,6.16666682561239,17.6666673024495,84.300000846386,1.15000002148251,95.4799988269806,261.469998121262,99.1000022888184,NA,"20F_1966",NA
"3779","129-3-A-BENA",1965,0.09425,2.25409803038828,13,1952,8,"129-3","BENA",51,35,12,0,6,0,0,0,0,0,0,NA,NA,NA,0,0,0,0,1022.673056,"East","24A","Tussock Tundra (Low shrub or Herbaceous)","Low Shrub-Tussock Tundra","Sandy Loam","Mesic - Hydric",2005,301.546051,352,6.265718,-150.646771,66.710061,0.737164565616064,2.09000104424649,"129-3-A-BENA_1965",11.5333331425985,-7.18333351612091,312,182,10.9666668574015,-7.16666690508525,6.0666667620341,15.9666665395101,107.400001049042,1.05833336959283,133.52999830246,260.819998979568,177.300003051758,NA,"24A_1965",NA
"3780","173-2-A-BENA",1965,0.03425,0.854044515422423,6,1959,12,"173-2","BENA",94,43,12,0,6,0,0,0,0,0,0,NA,NA,NA,0,2,0,0,1323.706943,"East","24A","Tussock Tundra (Low shrub or Herbaceous)","Low Shrub","Clay Loam","Mesic",0,348.371155,13,2.823825,-150.190835,67.228457,-1.1560346769546,0.314731722715888,"173-2-A-BENA_1965",11.6006304423014,-7.71744879086812,285.569564819336,234.509211540222,9.43333371480306,-8.59166666368643,4.66666674613953,14.2666670481364,71.5000033378601,0.966666688521703,128.769998550415,274.749998569489,170.100002288818,NA,"24A_1965",NA
"3781","184-1-B-BENA",1965,0.13775,4.50486499081604,13,1952,13,"184-1","BENA",128,51,19,0,13,0,1,0,0,0.076923077,0,NA,"Hare",NA,1,2,0,0,692.283244,"East","24A","White Spruce or Black Spruce (Open-Closed)","Tall Shrub","Clay Loam","Mesic",0,423.977753,249,10.469168,-150.109686,67.368938,1.42957258107037,4.17691351842989,"184-1-B-BENA_1965",11.1666666666667,-7.61666677395503,230,158,9.43333371480306,-8.59166666368643,4.66666674613953,14.2666670481364,71.5000033378601,0.966666688521703,128.769998550415,274.749998569489,170.100002288818,NA,"24A_1965",NA
"3782","72-1-D-BENA",1965,0.07125,2.30167509493242,9,1956,2,"72-1","BENA",65,41,8,7,4,0,0,0,0,0,0,NA,NA,NA,0,0,0,0,895.937772,"West","20F","Tussock Tundra (Low shrub or Herbaceous)","Black Spruce Woodland","Clay Loam","Mesic",0,130.808105,148,1.606934,-150.14017,66.022623,0.319231627475412,1.37607002362049,"72-1-D-BENA_1965",13.1001901626587,-6.85590557257334,129.45855140686,108.187206268311,10.6333338419596,-6.99166667461395,5.70000012715658,15.6333335240682,93.0000014305115,1.04166669646899,133.809997081757,262.679997086525,178.800003051758,NA,"20F_1965",NA
"3783","72-3-D-BENA",1965,0.0325,0.654319136917228,9,1956,2,"72-3","BENA",104,47,11,0,9,0,0,0,0,0,0,NA,NA,NA,0,0,1,0,885.368743,"West","20F","Tussock Tundra (Low shrub or Herbaceous)","Black Spruce Woodland","Clay Loam","Mesic",0,132.401993,119,2.284806,-150.140609,66.023021,-0.938565602130221,0.391188553143494,"72-3-D-BENA_1965",13.1001901626587,-6.85590557257334,129.45855140686,108.187206268311,10.6333338419596,-6.99166667461395,5.70000012715658,15.6333335240682,93.0000014305115,1.04166669646899,133.809997081757,262.679997086525,178.800003051758,NA,"20F_1965",NA
"3784","129-3-A-BENA",1964,0.04625,1.12653683741683,12,1952,8,"129-3","BENA",51,35,12,0,6,0,0,0,0,0,0,NA,NA,NA,0,0,0,0,1022.673056,"East","24A","Tussock Tundra (Low shrub or Herbaceous)","Low Shrub-Tussock Tundra","Sandy Loam","Mesic - Hydric",2005,301.546051,352,6.265718,-150.646771,66.710061,-0.0519552161812448,0.949371382366798,"129-3-A-BENA_1964",12.9333333969116,-8.37499992052714,156,170,12.1000003814697,-8.26666684945424,6.60000006357829,17.6333338419596,85.0000019073486,1.07500000918905,112.739997386932,263.989997506142,122.800001144409,NA,"24A_1964",NA
"3785","184-1-B-BENA",1964,0.0595,1.98271095995933,12,1952,13,"184-1","BENA",128,51,19,0,13,0,1,0,0,0.076923077,0,NA,"Hare",NA,1,2,0,0,692.283244,"East","24A","White Spruce or Black Spruce (Open-Closed)","Tall Shrub","Clay Loam","Mesic",0,423.977753,249,10.469168,-150.109686,67.368938,0.513361682635952,1.67089879564578,"184-1-B-BENA_1964",12.1000000635783,-9.07500002284845,118,140,10.0666669209798,-10.0500001988063,4.73333342870076,15.4666668574015,53.9000008106232,0.991666701932748,104.059996128082,278.869995594025,117.400001525879,NA,"24A_1964",NA
"3786","72-1-D-BENA",1964,0.0475,1.55217060934991,8,1956,2,"72-1","BENA",65,41,8,7,4,0,0,0,0,0,0,NA,NA,NA,0,0,0,0,895.937772,"West","20F","Tussock Tundra (Low shrub or Herbaceous)","Black Spruce Woodland","Clay Loam","Mesic",0,130.808105,148,1.606934,-150.14017,66.022623,-0.215306236551097,0.806294485523571,"72-1-D-BENA_1964",14.4986855189006,-7.97367709875107,83.2081317901611,100.099786758423,11.8000001907349,-8.10000023742517,6.26666673024495,17.3333336512248,73.3000011444092,1.09166668417553,114.039996623993,265.949996709824,128.700004577637,NA,"20F_1964",NA
"3787","72-3-D-BENA",1964,0.037,0.752995776768331,8,1956,2,"72-3","BENA",104,47,11,0,9,0,0,0,0,0,0,NA,NA,NA,0,0,1,0,885.368743,"West","20F","Tussock Tundra (Low shrub or Herbaceous)","Black Spruce Woodland","Clay Loam","Mesic",0,132.401993,119,2.284806,-150.140609,66.023021,-0.938656240714608,0.391153097973637,"72-3-D-BENA_1964",14.4986855189006,-7.97367709875107,83.2081317901611,100.099786758423,11.8000001907349,-8.10000023742517,6.26666673024495,17.3333336512248,73.3000011444092,1.09166668417553,114.039996623993,265.949996709824,128.700004577637,NA,"20F_1964",NA
"3788","129-3-A-BENA",1963,0.0335,0.82437119106155,11,1952,8,"129-3","BENA",51,35,12,0,6,0,0,0,0,0,0,NA,NA,NA,0,0,0,0,1022.673056,"East","24A","Tussock Tundra (Low shrub or Herbaceous)","Low Shrub-Tussock Tundra","Sandy Loam","Mesic - Hydric",2005,301.546051,352,6.265718,-150.646771,66.710061,-0.468071812146214,0.626208552662699,"129-3-A-BENA_1963",11.5333334604899,-6.35000002384186,377,236,11.3666667938232,-6.15000009536743,6.46666669845581,16.3333333333333,157,1.09166668976347,134.609995365143,258.619997143745,260.700000762939,NA,"24A_1963",NA
"3789","184-1-B-BENA",1963,0.06075,2.04731447493816,11,1952,13,"184-1","BENA",128,51,19,0,13,0,1,0,0,0.076923077,0,NA,"Hare",NA,1,2,0,0,692.283244,"East","24A","White Spruce or Black Spruce (Open-Closed)","Tall Shrub","Clay Loam","Mesic",0,423.977753,249,10.469168,-150.109686,67.368938,0.441591485879302,1.55518029753747,"184-1-B-BENA_1963",11.4333330790202,-6.78333328167597,303,206,9.89999993642171,-7.65833365917206,5.13333336512248,14.7333335876465,106.600003480911,1.05833336959283,124.129996776581,270.980000019073,249.000003814697,NA,"24A_1963",NA
"3790","72-1-D-BENA",1963,0.04325,1.42562274122391,7,1956,2,"72-1","BENA",65,41,8,7,4,0,0,0,0,0,0,NA,NA,NA,0,0,0,0,895.937772,"West","20F","Tussock Tundra (Low shrub or Herbaceous)","Black Spruce Woodland","Clay Loam","Mesic",0,130.808105,148,1.606934,-150.14017,66.022623,-0.459700022788221,0.631473044621036,"72-1-D-BENA_1963",13.1000947952271,-6.04794843991597,174.561191558838,140.142068862915,11.0666669209798,-5.99166655540466,6.13333336512248,16.0333334604899,132.70000243187,1.10833335854113,131.749995470047,261.069997668266,260.000007629395,NA,"20F_1963",NA
"3791","72-3-D-BENA",1963,0.037,0.761597457453851,7,1956,2,"72-3","BENA",104,47,11,0,9,0,0,0,0,0,0,NA,NA,NA,0,0,1,0,885.368743,"West","20F","Tussock Tundra (Low shrub or Herbaceous)","Black Spruce Woodland","Clay Loam","Mesic",0,132.401993,119,2.284806,-150.140609,66.023021,-1.08664588637011,0.33734609537804,"72-3-D-BENA_1963",13.1000947952271,-6.04794843991597,174.561191558838,140.142068862915,11.0666669209798,-5.99166655540466,6.13333336512248,16.0333334604899,132.70000243187,1.10833335854113,131.749995470047,261.069997668266,260.000007629395,NA,"20F_1963",NA
"3792","129-3-A-BENA",1962,0.035,0.868815302331895,10,1952,8,"129-3","BENA",51,35,12,0,6,0,0,0,0,0,0,NA,NA,NA,0,0,0,0,1022.673056,"East","24A","Tussock Tundra (Low shrub or Herbaceous)","Low Shrub-Tussock Tundra","Sandy Loam","Mesic - Hydric",2005,301.546051,352,6.265718,-150.646771,66.710061,-0.529299474054991,0.589017447189707,"129-3-A-BENA_1962",13.1666669845581,-6.06666662295659,160,148,12.7333335876465,-5.83333323399226,7.40000025431315,18.1000003814697,93.7000007629395,1.10000001328687,114.919997215271,260.399997979403,199.100006103516,NA,"24A_1962",NA
"3793","184-1-B-BENA",1962,0.12275,4.20751795854276,10,1952,13,"184-1","BENA",128,51,19,0,13,0,1,0,0,0.076923077,0,NA,"Hare",NA,1,2,0,0,692.283244,"East","24A","White Spruce or Black Spruce (Open-Closed)","Tall Shrub","Clay Loam","Mesic",0,423.977753,249,10.469168,-150.109686,67.368938,1.04819815801671,2.85250671839453,"184-1-B-BENA_1962",12.8666667938232,-6.30000004172325,126,141,11.233333269755,-7.1166667342186,6.0666667620341,16.4666668574015,62.3000016212463,1.03333335618178,101.869997501373,269.750000119209,188.700004577637,NA,"24A_1962",NA
"3794","72-1-D-BENA",1962,0.0725,2.41613607802282,6,1956,2,"72-1","BENA",65,41,8,7,4,0,0,0,0,0,0,NA,NA,NA,0,0,0,0,895.937772,"West","20F","Tussock Tundra (Low shrub or Herbaceous)","Black Spruce Woodland","Clay Loam","Mesic",0,130.808105,148,1.606934,-150.14017,66.022623,-0.116093114018523,0.890392311431225,"72-1-D-BENA_1962",14.7334286371867,-5.82400184869766,116.302219390869,87.0422821044922,12.4666668574015,-5.69166684150696,7.13333336512248,17.8666674296061,81.6000022888184,1.12500001986821,114.909996509552,261.649999260902,215.700000762939,NA,"20F_1962",NA
"3795","72-3-D-BENA",1962,0.045,0.937859654876159,6,1956,2,"72-3","BENA",104,47,11,0,9,0,0,0,0,0,0,NA,NA,NA,0,0,1,0,885.368743,"West","20F","Tussock Tundra (Low shrub or Herbaceous)","Black Spruce Woodland","Clay Loam","Mesic",0,132.401993,119,2.284806,-150.140609,66.023021,-1.06241767902747,0.345619203114845,"72-3-D-BENA_1962",14.7334286371867,-5.82400184869766,116.302219390869,87.0422821044922,12.4666668574015,-5.69166684150696,7.13333336512248,17.8666674296061,81.6000022888184,1.12500001986821,114.909996509552,261.649999260902,215.700000762939,NA,"20F_1962",NA
"3796","129-3-A-BENA",1961,0.036,0.901668507506819,9,1952,8,"129-3","BENA",51,35,12,0,6,0,0,0,0,0,0,NA,NA,NA,0,0,0,0,1022.673056,"East","24A","Tussock Tundra (Low shrub or Herbaceous)","Low Shrub-Tussock Tundra","Sandy Loam","Mesic - Hydric",2005,301.546051,352,6.265718,-150.646771,66.710061,-0.61791386729545,0.539067832447129,"129-3-A-BENA_1961",11.8333330154419,-8.22500000397364,257,111,11.6333335240682,-8.15833348035812,6.53333346048991,16.8000001907349,59.7000000476837,1.12500001924733,117.329998016357,258.089997887611,190.200000762939,NA,"24A_1961",NA
"3797","184-1-B-BENA",1961,0.1285,4.50603975011894,9,1952,13,"184-1","BENA",128,51,19,0,13,0,1,0,0,0.076923077,0,NA,"Hare",NA,1,2,0,0,692.283244,"East","24A","White Spruce or Black Spruce (Open-Closed)","Tall Shrub","Clay Loam","Mesic",0,423.977753,249,10.469168,-150.109686,67.368938,0.991013131047864,2.69396242720482,"184-1-B-BENA_1961",11.5666662851969,-8.74166681369146,211,93,10.1000003814697,-9.68333327770233,5.10000022252401,15.1000000635783,35.6000010967255,1.03333335494002,107.589997053146,271.729998826981,180.900001525879,NA,"24A_1961",NA
"3798","129-3-A-BENA",1960,0.041,1.0368182526679,8,1952,8,"129-3","BENA",51,35,12,0,6,0,0,0,0,0,0,NA,NA,NA,0,0,0,0,1022.673056,"East","24A","Tussock Tundra (Low shrub or Herbaceous)","Low Shrub-Tussock Tundra","Sandy Loam","Mesic - Hydric",2005,301.546051,352,6.265718,-150.646771,66.710061,-0.618803929703476,0.538588241898513,"129-3-A-BENA_1960",12.1000000635783,-6.14999982714653,246,118,11.5333337783813,-6.20833333333333,6.03333330154419,17.1000003814697,71.7000014781952,1.10833334301909,114.279996871948,260.279997825623,169.599998474121,NA,"24A_1960",NA
"3799","184-1-B-BENA",1960,0.11675,4.18396190412708,8,1952,13,"184-1","BENA",128,51,19,0,13,0,1,0,0,0.076923077,0,NA,"Hare",NA,1,2,0,0,692.283244,"East","24A","White Spruce or Black Spruce (Open-Closed)","Tall Shrub","Clay Loam","Mesic",0,423.977753,249,10.469168,-150.109686,67.368938,0.776298040613775,2.17341147333751,"184-1-B-BENA_1960",11.4666665395101,-7.00833344459534,192,115,9.73333358764648,-8.08333361148834,4.36666671435038,15.1333335240682,44.800000667572,1.0416666927437,106.219998121262,277.359997272491,162.200000762939,NA,"24A_1960",NA
"3800","129-3-A-BENA",1959,0.046,1.17583215679294,7,1952,8,"129-3","BENA",51,35,12,0,6,0,0,0,0,0,0,NA,NA,NA,0,0,0,0,1022.673056,"East","24A","Tussock Tundra (Low shrub or Herbaceous)","Low Shrub-Tussock Tundra","Sandy Loam","Mesic - Hydric",2005,301.546051,352,6.265718,-150.646771,66.710061,-0.652332636957474,0.520829452661445,"129-3-A-BENA_1959",12.233333269755,-7.50833336512248,176,153,11.4333333969116,-7.53333346048991,5.93333355585734,16.9666668574015,83.6000002622604,1.07500001850228,104.339997768402,265.409998655319,163.900001525879,NA,"24A_1959",NA
"3801","184-1-B-BENA",1959,0.1065,3.89132824258184,7,1952,13,"184-1","BENA",128,51,19,0,13,0,1,0,0,0.076923077,0,NA,"Hare",NA,1,2,0,0,692.283244,"East","24A","White Spruce or Black Spruce (Open-Closed)","Tall Shrub","Clay Loam","Mesic",0,423.977753,249,10.469168,-150.109686,67.368938,0.544441797452198,1.72364597021888,"184-1-B-BENA_1959",11.4666665395101,-8.31666675209999,149,129,9.56666692097982,-9.35833342870077,4.20000020662944,15.0333334604899,55.3000009059906,1.01666669920087,95.379997253418,281.019998073578,155.900003433228,NA,"24A_1959",NA
"3802","129-3-A-BENA",1958,0.07025,1.82135620872689,6,1952,8,"129-3","BENA",51,35,12,0,6,0,0,0,0,0,0,NA,NA,NA,0,0,0,0,1022.673056,"East","24A","Tussock Tundra (Low shrub or Herbaceous)","Low Shrub-Tussock Tundra","Sandy Loam","Mesic - Hydric",2005,301.546051,352,6.265718,-150.646771,66.710061,-0.398681322972092,0.671204564750773,"129-3-A-BENA_1958",13.5999997456868,-6.04166666666667,165,116,13.5333331425985,-5.78333367904027,7.96666685740153,19.1666666666667,64.3000016212463,1.18333333854874,94.4799973964691,254.679998457432,113.800001144409,NA,"24A_1958",NA
"3803","184-1-B-BENA",1958,0.14675,5.47875007404909,6,1952,13,"184-1","BENA",128,51,19,0,13,0,1,0,0,0.076923077,0,NA,"Hare",NA,1,2,0,0,692.283244,"East","24A","White Spruce or Black Spruce (Open-Closed)","Tall Shrub","Clay Loam","Mesic",0,423.977753,249,10.469168,-150.109686,67.368938,0.702614270076657,2.01902408831978,"184-1-B-BENA_1958",13.6333332061768,-6.45833353201548,108,100,12.266666730245,-7.20833343267441,6.76666688919067,17.7666673660278,40.7000008821487,1.1250000273188,84.8899977207184,264.679998636246,110.800004959106,NA,"24A_1958",NA
"3804","102-1-C-SAPU",2018,1.0845,14.6162755287898,8,2010,5,"102-1","SAPU",149,NA,21,0,55,1,0,4,0.018181818,0,0.072727273,"Moose",NA,"Ptarmagin",1,0,0,0,978.645101,"West","24A","Low Shrub","Low Shrub","Sandy Loam","Mesic",2004,428.203827,339,4.033863,-150.565499,66.400721,1.41015000260159,4.09656985412118,"102-1-C-SAPU_2018",NA,NA,NA,NA,12.8333336512248,-3.62499998013178,7.80000003178914,17.9000005722046,68.4000000953674,1.17500001875063,121.439995765686,242.559998769313,178.299999237061,3,"24A_2018",0.77
"3805","102-1-D-SAPU",2018,0.682,5.4099796291143,14,2004,5,"102-1","SAPU",67,NA,13,0,26,0,0,0,0,0,0,NA,NA,NA,0,0,0,0,978.645101,"West","24A","Low Shrub","Low Shrub","Sandy Loam","Mesic",2004,428.203827,339,4.033863,-150.565499,66.400721,1.4968915491291,4.46777958971286,"102-1-D-SAPU_2018",NA,NA,NA,NA,12.8333336512248,-3.62499998013178,7.80000003178914,17.9000005722046,68.4000000953674,1.17500001875063,121.439995765686,242.559998769313,178.299999237061,3,"24A_2018",0.77
"3806","102-2-A-SAPU",2018,0.059,0.317604021703641,11,2007,5,"102-2","SAPU",94,NA,13,0,22,1,0,7,0.045454545,0,0.318181818,"Moose",NA,"Ptarmagin",1,0,0,1,973.266715,"West","24A","Tall Shrub (Open-Closed)","Low Shrub","Sandy Loam","Mesic",2004,426.001434,321,4.435797,-150.566012,66.400957,-1.80399354506558,0.164640076035843,"102-2-A-SAPU_2018",NA,NA,NA,NA,12.8333336512248,-3.62499998013178,7.80000003178914,17.9000005722046,68.4000000953674,1.17500001875063,121.439995765686,242.559998769313,178.299999237061,3,"24A_2018",0.77
"3807","102-2-C-SAPU",2018,0.22825,1.10912573823156,14,2004,5,"102-2","SAPU",91,NA,21,0,42,0,0,5,0,0,0.119047619,NA,NA,"Ptarmagin",1,0,0,1,973.266715,"West","24A","Tall Shrub (Open-Closed)","Low Shrub","Sandy Loam","Mesic",2004,426.001434,321,4.435797,-150.566012,66.400957,-0.0877816965376414,0.915960812315929,"102-2-C-SAPU_2018",NA,NA,NA,NA,12.8333336512248,-3.62499998013178,7.80000003178914,17.9000005722046,68.4000000953674,1.17500001875063,121.439995765686,242.559998769313,178.299999237061,3,"24A_2018",0.77
"3808","102-3-A-SAPU",2018,0.41375,2.57984545294911,14,2004,5,"102-3","SAPU",138,NA,23,0,32,2,0,5,0.0625,0,0.15625,"Moose",NA,"Ptarmagin",1,0,0,0,939.238254,"West","24A","Tussock Tundra (Low shrub or Herbaceous)","Low Shrub","Sandy Loam","Mesic",2004,424.339783,330,3.896938,-150.565669,66.401242,0.756375716872679,2.13054052870557,"102-3-A-SAPU_2018",NA,NA,NA,NA,12.8333336512248,-3.62499998013178,7.80000003178914,17.9000005722046,68.4000000953674,1.17500001875063,121.439995765686,242.559998769313,178.299999237061,3,"24A_2018",0.77
"3809","102-3-D-SAPU",2018,0.204,1.05169212308633,10,2008,5,"102-3","SAPU",97,NA,16,0,28,0,0,3,0,0,0.107142857,NA,NA,"Ptarmagin",1,0,0,0,939.238254,"West","24A","Tussock Tundra (Low shrub or Herbaceous)","Low Shrub","Sandy Loam","Mesic",2004,424.339783,330,3.896938,-150.565669,66.401242,-0.790689553334584,0.453531952963513,"102-3-D-SAPU_2018",NA,NA,NA,NA,12.8333336512248,-3.62499998013178,7.80000003178914,17.9000005722046,68.4000000953674,1.17500001875063,121.439995765686,242.559998769313,178.299999237061,3,"24A_2018",0.77
"3810","102-4-A-SAPU",2018,0.20875,1.09798565068193,14,2004,5,"102-4","SAPU",98,NA,17,0,26,2,0,3,0.076923077,0,0.115384615,"Moose",NA,"Ptarmagin",1,0,0,0,934.189604,"West","24A","Low Shrub","Low Shrub","Sandy Loam","Mesic",2004,423.102509,349,3.666453,-150.566049,66.401434,-0.0978765039026921,0.906760878269229,"102-4-A-SAPU_2018",NA,NA,NA,NA,12.8333336512248,-3.62499998013178,7.80000003178914,17.9000005722046,68.4000000953674,1.17500001875063,121.439995765686,242.559998769313,178.299999237061,3,"24A_2018",0.77
"3811","102-4-C-SAPU",2018,0.61,4.58970978726201,14,2004,5,"102-4","SAPU",122,NA,18,0,37,3,0,3,0.081081081,0,0.081081081,"Moose",NA,"Ptarmagin",1,0,0,0,934.189604,"West","24A","Low Shrub","Low Shrub","Sandy Loam","Mesic",2004,423.102509,349,3.666453,-150.566049,66.401434,1.33246301658855,3.7903676383328,"102-4-C-SAPU_2018",NA,NA,NA,NA,12.8333336512248,-3.62499998013178,7.80000003178914,17.9000005722046,68.4000000953674,1.17500001875063,121.439995765686,242.559998769313,178.299999237061,3,"24A_2018",0.77
"3812","111-2-C-SAPU",2018,0.38775,1.98528412069213,20,1998,6,"111-2","SAPU",87,78,14,0,21,0,0,0,0,0,0,NA,NA,NA,0,0,0,0,685.564701,"West","24A","Tall Shrub (Open-Closed)","Low Shrub","Gravely Sand Loam","Mesic",0,516.430603,8,6.353059,-150.737535,66.498284,1.18315637340296,3.26466245130222,"111-2-C-SAPU_2018",NA,NA,NA,NA,12.8333336512248,-3.62499998013178,7.80000003178914,17.9000005722046,68.4000000953674,1.17500001875063,121.439995765686,242.559998769313,178.299999237061,3,"24A_2018",0.77
"3813","129-2-C-SAPU",2018,1.138,12.1858389210078,6,2012,8,"129-2","SAPU",111,102,17,16,33,0,0,0,0,0,0,NA,NA,NA,0,0,0,0,1017.146639,"East","24A","Tussock Tundra (Low shrub or Herbaceous)","Low Shrub","Sandy Loam","Mesic - Hydric",2005,305.151764,352,5.708165,-150.647276,66.70977,0.672767688454273,1.95965353244122,"129-2-C-SAPU_2018",NA,NA,NA,NA,12.9000002543132,-3.66666666666667,7.83333365122477,17.9999996821086,72.3000011444092,1.17500000881652,118.059997081757,243.039998054504,173.5,3,"24A_2018",0.77
"3814","129-4-A-SAPU",2018,0.704,5.70060836549788,14,2004,8,"129-4","SAPU",127,105,25,18,36,0,0,0,0,0,0,NA,NA,NA,0,0,0,0,1057.255538,"East","24A","Tussock Tundra (Low shrub or Herbaceous)","Tall Shrub","Sandy Loam","Mesic - Hydric",2005,303.823029,358,6.979915,-150.646167,66.709845,1.54921912162534,4.70779253349749,"129-4-A-SAPU_2018",NA,NA,NA,NA,12.9000002543132,-3.66666666666667,7.83333365122477,17.9999996821086,72.3000011444092,1.17500000881652,118.059997081757,243.039998054504,173.5,3,"24A_2018",0.77
"3815","129-4-B-SAPU",2018,0.7295,4.17984636757962,14,2004,8,"129-4","SAPU",194,177,37,34,72,0,0,0,0,0,0,NA,NA,NA,0,0,0,0,1057.255538,"East","24A","Tussock Tundra (Low shrub or Herbaceous)","Tall Shrub","Sandy Loam","Mesic - Hydric",2005,303.823029,358,6.979915,-150.646167,66.709845,1.23892071338472,3.45188587933094,"129-4-B-SAPU_2018",NA,NA,NA,NA,12.9000002543132,-3.66666666666667,7.83333365122477,17.9999996821086,72.3000011444092,1.17500000881652,118.059997081757,243.039998054504,173.5,3,"24A_2018",0.77
"3816","147-1-A-SAPU",2018,0.0393333333333333,0.0915236681334022,30,1988,9,"147-1","SAPU",191,167,22,11,73,23,0,0,0.315068493,0,0,"Moose",NA,NA,1,1,0,0,984.758365,"West","24A","Low Shrub","Tall Shrub","Clay Loam","Mesic - Hydric",0,426.634277,145,7.907337,-150.485282,66.911769,-1.11080021200523,0.329295349524736,"147-1-A-SAPU_2018",NA,NA,NA,NA,11.3666667938232,-5.0583334962527,6.40000009536743,16.3666671117147,48.2000012397766,1.09166669597228,111.439997673035,256.819996714592,171.700004577637,3,"24A_2018",0.77
"3817","147-1-D-SAPU",2018,0.261,0.883912225828718,24,1994,9,"147-1","SAPU",211,134,21,18,47,15,0,0,0.319148936,0,0,"Moose",NA,NA,1,1,0,0,984.758365,"West","24A","Low Shrub","Tall Shrub","Clay Loam","Mesic - Hydric",0,426.634277,145,7.907337,-150.485282,66.911769,0.726064245377898,2.06692965018717,"147-1-D-SAPU_2018",NA,NA,NA,NA,11.3666667938232,-5.0583334962527,6.40000009536743,16.3666671117147,48.2000012397766,1.09166669597228,111.439997673035,256.819996714592,171.700004577637,3,"24A_2018",0.77
"3818","147-2-B-SAPU",2018,0.0555,0.102174017872701,26,1992,9,"147-2","SAPU",104,97,14,31,12,5,0,0,0.416666667,0,0,"Moose",NA,NA,1,2,1,0,986.173835,"West","24A","Low Shrub","Tall Shrub","Clay Loam","Mesic - Hydric",0,428.943481,147,8.698308,-150.484958,66.912025,-1.27705166035098,0.278858258486891,"147-2-B-SAPU_2018",NA,NA,NA,NA,11.3666667938232,-5.0583334962527,6.40000009536743,16.3666671117147,48.2000012397766,1.09166669597228,111.439997673035,256.819996714592,171.700004577637,3,"24A_2018",0.77
"3819","147-2-C-SAPU",2018,0.2625,1.75613065840261,12,2006,9,"147-2","SAPU",124,112,17,11,15,3,2,0,0.2,0.133333333,0,"Moose","Hare",NA,1,2,1,0,986.173835,"West","24A","Low Shrub","Tall Shrub","Clay Loam","Mesic - Hydric",0,428.943481,147,8.698308,-150.484958,66.912025,0.0740903561706555,1.07690410603149,"147-2-C-SAPU_2018",NA,NA,NA,NA,11.3666667938232,-5.0583334962527,6.40000009536743,16.3666671117147,48.2000012397766,1.09166669597228,111.439997673035,256.819996714592,171.700004577637,3,"24A_2018",0.77
"3820","147-3-B-SAPU",2018,0.132,0.500738453055676,29,1989,9,"147-3","SAPU",167,149,20,7,58,18,0,0,0.310344828,0,0,"Moose",NA,NA,1,2,1,0,952.272152,"West","24A","White Spruce or Black Spruce (Woodland)","Black Spruce Woodland","Clay Loam","Mesic - Hydric",0,425.583191,170,6.572863,-150.484233,66.911912,0.523221363566298,1.68745480902057,"147-3-B-SAPU_2018",NA,NA,NA,NA,11.3666667938232,-5.0583334962527,6.40000009536743,16.3666671117147,48.2000012397766,1.09166669597228,111.439997673035,256.819996714592,171.700004577637,3,"24A_2018",0.77
"3821","147-3-C-SAPU",2018,0.171,1.0284930321359,12,2006,9,"147-3","SAPU",128,104,11,14,17,5,2,0,0.294117647,0.117647059,0,"Moose","Hare",NA,1,2,1,0,952.272152,"West","24A","White Spruce or Black Spruce (Woodland)","Black Spruce Woodland","Clay Loam","Mesic - Hydric",0,425.583191,170,6.572863,-150.484233,66.911912,-0.460927887804281,0.630698156787147,"147-3-C-SAPU_2018",NA,NA,NA,NA,11.3666667938232,-5.0583334962527,6.40000009536743,16.3666671117147,48.2000012397766,1.09166669597228,111.439997673035,256.819996714592,171.700004577637,3,"24A_2018",0.77
"3822","147-4-A-SAPU",2018,0.0895,0.309570969288408,27,1991,9,"147-4","SAPU",124,110,21,14,47,16,0,0,0.340425532,0,0,"Moose",NA,NA,1,0,1,0,956.341518,"West","24A","Tall Shrub (Open-Closed)","Tall Shrub","Clay Loam","Mesic - Hydric",0,428.39856,129,7.52786,-150.483929,66.912191,-0.0956642044945883,0.908769125426439,"147-4-A-SAPU_2018",NA,NA,NA,NA,11.3666667938232,-5.0583334962527,6.40000009536743,16.3666671117147,48.2000012397766,1.09166669597228,111.439997673035,256.819996714592,171.700004577637,3,"24A_2018",0.77
"3823","147-4-C-SAPU",2018,0.036,0.0545129157250901,32,1986,9,"147-4","SAPU",113,101,16,9,12,5,0,0,0.416666667,0,0,"Moose",NA,NA,1,0,1,0,956.341518,"West","24A","Tall Shrub (Open-Closed)","Tall Shrub","Clay Loam","Mesic - Hydric",0,428.39856,129,7.52786,-150.483929,66.912191,-1.50433468345959,0.222165054758237,"147-4-C-SAPU_2018",NA,NA,NA,NA,11.3666667938232,-5.0583334962527,6.40000009536743,16.3666671117147,48.2000012397766,1.09166669597228,111.439997673035,256.819996714592,171.700004577637,3,"24A_2018",0.77
"3824","151-4-B-SAPU",2018,0.05125,0.226576570915417,15,2003,10,"151-4","SAPU",61,54,9,0,8,0,0,0,0,0,0,NA,NA,NA,0,0,0,0,714.907956,"East","24A","Low Shrub","Low Shrub","Clay Loam","Mesic",0,485.466003,301,24.973797,-150.361301,66.958638,-1.54279917154312,0.213781851042071,"151-4-B-SAPU_2018",NA,NA,NA,NA,11.3666667938232,-5.0583334962527,6.40000009536743,16.3666671117147,48.2000012397766,1.09166669597228,111.439997673035,256.819996714592,171.700004577637,3,"24A_2018",0.77
"3825","158-1-A-SAPU",2018,1.6495,26.4388552328556,11,2007,11,"158-1","SAPU",157,139,27,13,83,0,0,17,0,0,0.204819277,NA,NA,"Ptarmagin",1,0,0,0,1304.611642,"East","24A","Low Shrub","Low Shrub","Sandy Loam","Mesic - Xeric",2005,586.787537,51,13.434302,-150.285356,67.046606,2.61779105908443,13.7054156697667,"158-1-A-SAPU_2018",NA,NA,NA,NA,11.266666730245,-5.20000012715658,6.30000019073486,16.266666730245,47.4000000953674,1.1083333529532,109.979997158051,257.61999976635,166.799999237061,3,"24A_2018",0.77
"3826","158-1-C-SAPU",2018,0.4405,2.34081875034751,12,2006,11,"158-1","SAPU",124,107,23,0,36,0,0,11,0,0,0.305555556,NA,NA,"Ptarmagin",1,0,0,0,1304.611642,"East","24A","Low Shrub","Low Shrub","Sandy Loam","Mesic - Xeric",2005,586.787537,51,13.434302,-150.285356,67.046606,0.361478218372705,1.43544975521223,"158-1-C-SAPU_2018",NA,NA,NA,NA,11.266666730245,-5.20000012715658,6.30000019073486,16.266666730245,47.4000000953674,1.1083333529532,109.979997158051,257.61999976635,166.799999237061,3,"24A_2018",0.77
"3827","158-1-D-SAGL",2018,0.60475,3.85627768969529,12,2006,11,"158-1","SAGL",134,119,17,9,22,0,0,2,0,0,0.090909091,NA,NA,"Ptarmagin",1,0,0,0,1304.611642,"East","24A","Low Shrub","Low Shrub","Sandy Loam","Mesic - Xeric",2005,586.787537,51,13.434302,-150.285356,67.046606,0.860679846008401,2.36476782530972,"158-1-D-SAGL_2018",NA,NA,NA,NA,11.266666730245,-5.20000012715658,6.30000019073486,16.266666730245,47.4000000953674,1.1083333529532,109.979997158051,257.61999976635,166.799999237061,3,"24A_2018",0.77
"3828","158-2-C-SAPU",2018,1.14325,12.0472108437305,12,2006,11,"158-2","SAPU",121,110,23,13,67,0,0,1,0,0,0.014925373,NA,NA,"Ptarmagin",1,0,0,1,1283.38641,"East","24A","Tussock Tundra (Low shrub or Herbaceous)","Low Shrub","Sandy Loam","Mesic - Xeric",2005,590.000549,54,15.617359,-150.286104,67.046812,1.99981062478445,7.38765692732763,"158-2-C-SAPU_2018",NA,NA,NA,NA,11.266666730245,-5.20000012715658,6.30000019073486,16.266666730245,47.4000000953674,1.1083333529532,109.979997158051,257.61999976635,166.799999237061,3,"24A_2018",0.77
"3829","158-2-D-SAPU",2018,0.5385,3.04768338059052,7,2011,11,"158-2","SAPU",74,58,13,7,21,0,0,2,0,0,0.095238095,NA,NA,"Ptarmagin",1,0,0,1,1283.38641,"East","24A","Tussock Tundra (Low shrub or Herbaceous)","Low Shrub","Sandy Loam","Mesic - Xeric",2005,590.000549,54,15.617359,-150.286104,67.046812,-0.415456325449779,0.660039019371218,"158-2-D-SAPU_2018",NA,NA,NA,NA,11.266666730245,-5.20000012715658,6.30000019073486,16.266666730245,47.4000000953674,1.1083333529532,109.979997158051,257.61999976635,166.799999237061,3,"24A_2018",0.77
"3830","158-3-A-SAPU",2018,0.4025,1.59262646874653,13,2005,11,"158-3","SAPU",91,77,19,0,37,0,0,3,0,0,0.081081081,NA,NA,"Ptarmagin",1,0,0,0,1313.543229,"East","24A","Tussock Tundra (Low shrub or Herbaceous)","Low Shrub","Sandy Loam","Mesic - Xeric",2005,580.218689,48,13.61797,-150.285679,67.047111,0.130926420160342,1.13988390575124,"158-3-A-SAPU_2018",NA,NA,NA,NA,11.266666730245,-5.20000012715658,6.30000019073486,16.266666730245,47.4000000953674,1.1083333529532,109.979997158051,257.61999976635,166.799999237061,3,"24A_2018",0.77
"3831","158-3-B-SAPU",2018,1.11466666666667,10.3187215668094,13,2005,11,"158-3","SAPU",129,118,12,11,15,0,0,0,0,0,0,NA,NA,NA,0,0,0,0,1313.543229,"East","24A","Tussock Tundra (Low shrub or Herbaceous)","Low Shrub","Sandy Loam","Mesic - Xeric",2005,580.218689,48,13.61797,-150.285679,67.047111,1.99950177281855,7.38537558727854,"158-3-B-SAPU_2018",NA,NA,NA,NA,11.266666730245,-5.20000012715658,6.30000019073486,16.266666730245,47.4000000953674,1.1083333529532,109.979997158051,257.61999976635,166.799999237061,3,"24A_2018",0.77
"3832","158-4-C-SAPU",2018,0.302666666666667,1.56447409186802,13,2005,11,"158-4","SAPU",191,163,27,14,50,0,0,4,0,0,0.08,NA,NA,"Ptarmagin",1,0,0,0,1283.367604,"East","24A","Tussock Tundra (Low shrub or Herbaceous)","Low Shrub","Sandy Loam","Mesic - Xeric",2005,587.563538,57,15.053073,-150.286524,67.047197,0.113091623605955,1.11973452236336,"158-4-C-SAPU_2018",NA,NA,NA,NA,11.266666730245,-5.20000012715658,6.30000019073486,16.266666730245,47.4000000953674,1.1083333529532,109.979997158051,257.61999976635,166.799999237061,3,"24A_2018",0.77
"3833","173-1-A-SAPU",2018,0.915,8.44113744694878,8,2010,12,"173-1","SAPU",112,96,14,9,23,2,0,0,0.086956522,0,0,"Moose",NA,NA,1,0,0,0,1301.486525,"East","24A","Low Shrub","Low Shrub","Clay Loam","Mesic",0,349.871613,358,2.901099,-150.191497,67.228159,0.861131400650692,2.36583588832544,"173-1-A-SAPU_2018",NA,NA,NA,NA,11.266666730245,-5.20000012715658,6.30000019073486,16.266666730245,47.4000000953674,1.1083333529532,109.979997158051,257.61999976635,166.799999237061,3,"24A_2018",0.77
"3834","173-1-B-SAPU",2018,0.75725,4.13048846287123,10,2008,12,"173-1","SAPU",118,88,16,17,14,6,0,0,0.428571429,0,0,"Moose",NA,NA,1,0,0,0,1301.486525,"East","24A","Low Shrub","Low Shrub","Clay Loam","Mesic",0,349.871613,358,2.901099,-150.191497,67.228159,0.577305705707011,1.78123279440543,"173-1-B-SAPU_2018",NA,NA,NA,NA,11.266666730245,-5.20000012715658,6.30000019073486,16.266666730245,47.4000000953674,1.1083333529532,109.979997158051,257.61999976635,166.799999237061,3,"24A_2018",0.77
"3835","173-2-C-SAPU",2018,0.56575,3.67957134961159,10,2008,12,"173-2","SAPU",129,111,17,16,20,7,0,0,0.35,0,0,"Moose",NA,NA,1,2,0,0,1323.706943,"East","24A","Tussock Tundra (Low shrub or Herbaceous)","Low Shrub","Clay Loam","Mesic",0,348.371155,13,2.823825,-150.190835,67.228457,0.461706298158568,1.58677919480903,"173-2-C-SAPU_2018",NA,NA,NA,NA,11.266666730245,-5.20000012715658,6.30000019073486,16.266666730245,47.4000000953674,1.1083333529532,109.979997158051,257.61999976635,166.799999237061,3,"24A_2018",0.77
"3836","173-2-D-SAPU",2018,0.19325,0.751453843824034,12,2006,12,"173-2","SAPU",89,70,12,0,18,0,0,0,0,0,0,NA,NA,NA,0,2,0,0,1323.706943,"East","24A","Tussock Tundra (Low shrub or Herbaceous)","Low Shrub","Clay Loam","Mesic",0,348.371155,13,2.823825,-150.190835,67.228457,-0.774768033515226,0.460810661231403,"173-2-D-SAPU_2018",NA,NA,NA,NA,11.266666730245,-5.20000012715658,6.30000019073486,16.266666730245,47.4000000953674,1.1083333529532,109.979997158051,257.61999976635,166.799999237061,3,"24A_2018",0.77
"3837","173-3-A-SAPU",2018,0.14425,0.549814253645107,16,2002,12,"173-3","SAPU",59,53,10,0,2,0,0,0,0,0,0,NA,NA,NA,0,0,0,0,1278.311889,"East","24A","Low Shrub","Low Shrub","Clay Loam","Mesic",0,347.24527,24,1.739254,-150.191816,67.228627,-0.531676144103316,0.587619209298258,"173-3-A-SAPU_2018",NA,NA,NA,NA,11.266666730245,-5.20000012715658,6.30000019073486,16.266666730245,47.4000000953674,1.1083333529532,109.979997158051,257.61999976635,166.799999237061,3,"24A_2018",0.77
"3838","173-3-B-SAPU",2018,0.601,3.50336432641025,9,2009,12,"173-3","SAPU",84,81,12,0,7,1,0,0,0.142857143,0,0,"Moose",NA,NA,1,0,0,0,1278.311889,"East","24A","Low Shrub","Low Shrub","Clay Loam","Mesic",0,347.24527,24,1.739254,-150.191816,67.228627,0.209180022364128,1.23266688616432,"173-3-B-SAPU_2018",NA,NA,NA,NA,11.266666730245,-5.20000012715658,6.30000019073486,16.266666730245,47.4000000953674,1.1083333529532,109.979997158051,257.61999976635,166.799999237061,3,"24A_2018",0.77
"3839","173-4-B-SAPU",2018,0.765666666666667,4.42395499074106,20,1998,12,"173-4","SAPU",149,112,21,11,30,5,0,0,0.166666667,0,0,"Moose",NA,NA,1,1,0,0,1308.377258,"East","24A","Low Shrub","Low Shrub","Clay Loam","Mesic",0,346.165253,355,1.872125,-150.190975,67.22891,1.98442842594169,7.27488805959331,"173-4-B-SAPU_2018",NA,NA,NA,NA,11.266666730245,-5.20000012715658,6.30000019073486,16.266666730245,47.4000000953674,1.1083333529532,109.979997158051,257.61999976635,166.799999237061,3,"24A_2018",0.77
"3840","173-4-C-SAPU",2018,0.6795,5.19802422675824,14,2004,12,"173-4","SAPU",167,122,27,13,41,9,0,0,0.219512195,0,0,"Moose",NA,NA,1,1,0,0,1308.377258,"East","24A","Low Shrub","Low Shrub","Clay Loam","Mesic",0,346.165253,355,1.872125,-150.190975,67.22891,1.45692481868407,4.29273826137225,"173-4-C-SAPU_2018",NA,NA,NA,NA,11.266666730245,-5.20000012715658,6.30000019073486,16.266666730245,47.4000000953674,1.1083333529532,109.979997158051,257.61999976635,166.799999237061,3,"24A_2018",0.77
"3841","184-1-A-SAPU",2018,0.1795,0.828674387598811,14,2004,13,"184-1","SAPU",133,112,18,3,22,6,0,0,0.272727273,0,0,"Moose",NA,NA,1,2,0,0,692.283244,"East","24A","White Spruce or Black Spruce (Open-Closed)","Tall Shrub","Clay Loam","Mesic",0,423.977753,249,10.469168,-150.109686,67.368938,-0.379281756636513,0.684352764566306,"184-1-A-SAPU_2018",NA,NA,NA,NA,11.266666730245,-5.20000012715658,6.30000019073486,16.266666730245,47.4000000953674,1.1083333529532,109.979997158051,257.61999976635,166.799999237061,3,"24A_2018",0.77
"3842","184-1-C-SAPU",2018,0.50275,3.14821022216504,12,2006,13,"184-1","SAPU",108,91,21,0,42,8,1,0,0.19047619,0.023809524,0,"Moose","Hare",NA,1,2,0,0,692.283244,"East","24A","White Spruce or Black Spruce (Open-Closed)","Tall Shrub","Clay Loam","Mesic",0,423.977753,249,10.469168,-150.109686,67.368938,0.657811564811074,1.93056279649698,"184-1-C-SAPU_2018",NA,NA,NA,NA,11.266666730245,-5.20000012715658,6.30000019073486,16.266666730245,47.4000000953674,1.1083333529532,109.979997158051,257.61999976635,166.799999237061,3,"24A_2018",0.77
"3843","184-2-A-SAPU",2018,0.87425,6.19138188300592,14,2004,13,"184-2","SAPU",124,118,27,4,36,7,0,0,0.194444444,0,0,"Moose",NA,NA,1,1,0,0,706.210196,"East","24A","White Spruce or Black Spruce (Open-Closed)","Tall Shrub","Clay Loam","Mesic",0,429.192566,258,16.706417,-150.109279,67.369156,1.63180452789968,5.11309311779063,"184-2-A-SAPU_2018",NA,NA,NA,NA,11.266666730245,-5.20000012715658,6.30000019073486,16.266666730245,47.4000000953674,1.1083333529532,109.979997158051,257.61999976635,166.799999237061,3,"24A_2018",0.77
"3844","184-2-D-SAPU",2018,0.33625,1.72899809710034,27,1991,13,"184-2","SAPU",172,139,22,0,38,6,3,0,0.157894737,0.078947368,0,"Moose","Hare",NA,1,1,0,0,706.210196,"East","24A","White Spruce or Black Spruce (Open-Closed)","Tall Shrub","Clay Loam","Mesic",0,429.192566,258,16.706417,-150.109279,67.369156,1.62444581173918,5.0756054166759,"184-2-D-SAPU_2018",NA,NA,NA,NA,11.266666730245,-5.20000012715658,6.30000019073486,16.266666730245,47.4000000953674,1.1083333529532,109.979997158051,257.61999976635,166.799999237061,3,"24A_2018",0.77
"3845","184-3-C-SAPU",2018,0.091,0.391376471191564,21,1997,13,"184-3","SAPU",130,116,18,14,25,1,4,0,0.04,0.16,0,"Moose","Hare",NA,1,1,3,0,683.765397,"East","24A","White Spruce or Black Spruce (Open-Closed)","Tall Shrub","Clay Loam","Mesic",0,425.482941,261,10.788996,-150.109693,67.36937,-0.346475994255404,0.707175795365037,"184-3-C-SAPU_2018",NA,NA,NA,NA,11.266666730245,-5.20000012715658,6.30000019073486,16.266666730245,47.4000000953674,1.1083333529532,109.979997158051,257.61999976635,166.799999237061,3,"24A_2018",0.77
"3846","184-3-D-SAPU",2018,0.30275,1.35700643067867,15,2003,13,"184-3","SAPU",66,58,11,0,18,1,2,0,0.055555556,0.111111111,0,"Moose","Hare",NA,1,1,3,0,683.765397,"East","24A","White Spruce or Black Spruce (Open-Closed)","Tall Shrub","Clay Loam","Mesic",0,425.482941,261,10.788996,-150.109693,67.36937,0.24715427794424,1.28037663141604,"184-3-D-SAPU_2018",NA,NA,NA,NA,11.266666730245,-5.20000012715658,6.30000019073486,16.266666730245,47.4000000953674,1.1083333529532,109.979997158051,257.61999976635,166.799999237061,3,"24A_2018",0.77
"3847","184-4-C-SAPU",2018,0.08425,0.269377236528843,18,2000,13,"184-4","SAPU",142,131,16,7,32,1,3,0,0.03125,0.09375,0,"Moose","Hare",NA,1,2,1,0,702.330496,"East","24A","White Spruce or Black Spruce (Open-Closed)","Tall Shrub","Clay Loam","Mesic",0,431.246765,263,17.707565,-150.109187,67.369491,-1.01770193424562,0.361424563956184,"184-4-C-SAPU_2018",NA,NA,NA,NA,11.266666730245,-5.20000012715658,6.30000019073486,16.266666730245,47.4000000953674,1.1083333529532,109.979997158051,257.61999976635,166.799999237061,3,"24A_2018",0.77
"3848","184-4-D-SAPU",2018,0.056,0.137752554674605,23,1995,13,"184-4","SAPU",139,114,15,19,23,0,0,0,0,0,0,NA,NA,NA,0,2,1,0,702.330496,"East","24A","White Spruce or Black Spruce (Open-Closed)","Tall Shrub","Clay Loam","Mesic",0,431.246765,263,17.707565,-150.109187,67.369491,-1.21501819184336,0.296704616641039,"184-4-D-SAPU_2018",NA,NA,NA,NA,11.266666730245,-5.20000012715658,6.30000019073486,16.266666730245,47.4000000953674,1.1083333529532,109.979997158051,257.61999976635,166.799999237061,3,"24A_2018",0.77
"3849","191-1-B-SAPU",2018,0.3585,2.28574663113009,16,2002,14,"191-1","SAPU",112,103,12,23,16,2,0,0,0.125,0,0,"Moose",NA,NA,1,1,0,0,1595.806211,"East","24A","Low Shrub","Low Shrub","Clay Loam","Mesic",0,492.755432,293,2.980974,-149.860617,67.475764,0.893191358541778,2.4429134369219,"191-1-B-SAPU_2018",NA,NA,NA,NA,9.39999993642171,-6.67500012119611,4.60000014305115,14.2666670481364,23.4000000953674,1.00000002359351,86.6199967861176,274.969997167587,163.299999237061,3,"24A_2018",0.77
"3850","191-1-C-SAPU",2018,0.258,1.59309849304273,16,2002,14,"191-1","SAPU",163,139,21,0,37,12,0,0,0.324324324,0,0,"Moose",NA,NA,1,1,0,0,1595.806211,"East","24A","Low Shrub","Low Shrub","Clay Loam","Mesic",0,492.755432,293,2.980974,-149.860617,67.475764,0.532179492006682,1.70263915605991,"191-1-C-SAPU_2018",NA,NA,NA,NA,9.39999993642171,-6.67500012119611,4.60000014305115,14.2666670481364,23.4000000953674,1.00000002359351,86.6199967861176,274.969997167587,163.299999237061,3,"24A_2018",0.77
"3851","191-2-A-SAPU",2018,0.5035,3.34628076673994,11,2007,14,"191-2","SAPU",126,110,15,27,22,2,0,0,0.090909091,0,0,"Moose",NA,NA,1,0,0,0,1628.072852,"East","24A","Low Shrub","Low Shrub","Clay Loam","Mesic",0,494.812988,260,1.497492,-149.859771,67.475671,0.550805852032771,1.73465032627144,"191-2-A-SAPU_2018",NA,NA,NA,NA,9.39999993642171,-6.67500012119611,4.60000014305115,14.2666670481364,23.4000000953674,1.00000002359351,86.6199967861176,274.969997167587,163.299999237061,3,"24A_2018",0.77
"3852","191-2-B-SAPU",2018,0.08375,0.373285020847244,11,2007,14,"191-2","SAPU",107,87,14,11,25,15,1,0,0.6,0.04,0,"Moose","Hare",NA,1,0,0,0,1628.072852,"East","24A","Low Shrub","Low Shrub","Clay Loam","Mesic",0,494.812988,260,1.497492,-149.859771,67.475671,-1.64245667835108,0.193504080602223,"191-2-B-SAPU_2018",NA,NA,NA,NA,9.39999993642171,-6.67500012119611,4.60000014305115,14.2666670481364,23.4000000953674,1.00000002359351,86.6199967861176,274.969997167587,163.299999237061,3,"24A_2018",0.77
"3853","191-3-A-SAPU",2018,0.268,1.26628803406775,16,2002,14,"191-3","SAPU",109,97,22,14,31,13,0,0,0.419354839,0,0,"Moose",NA,NA,1,2,0,0,1608.343863,"East","24A","Low Shrub","Low Shrub","Clay Loam","Mesic",0,494.475037,298,4.15829,-149.859591,67.475979,0.302588447243795,1.35335737185714,"191-3-A-SAPU_2018",NA,NA,NA,NA,9.39999993642171,-6.67500012119611,4.60000014305115,14.2666670481364,23.4000000953674,1.00000002359351,86.6199967861176,274.969997167587,163.299999237061,3,"24A_2018",0.77
"3854","191-3-B-SAPU",2018,0.219,1.1025340877957,10,2008,14,"191-3","SAPU",107,89,14,21,14,6,0,0,0.428571429,0,0,"Moose",NA,NA,1,2,0,0,1608.343863,"East","24A","Low Shrub","Low Shrub","Clay Loam","Mesic",0,494.475037,298,4.15829,-149.859591,67.475979,-0.743478719657567,0.475457053514304,"191-3-B-SAPU_2018",NA,NA,NA,NA,9.39999993642171,-6.67500012119611,4.60000014305115,14.2666670481364,23.4000000953674,1.00000002359351,86.6199967861176,274.969997167587,163.299999237061,3,"24A_2018",0.77
"3855","191-4-A-SAPU",2018,0.08125,0.218433955456394,27,1991,14,"191-4","SAPU",109,85,19,16,39,13,0,0,0.333333333,0,0,"Moose",NA,NA,1,1,0,0,1634.196324,"East","24A","Low Shrub","Low Shrub","Clay Loam","Mesic",0,497.007599,303,3.553675,-149.85875,67.475963,-0.444367867877929,0.641229489702597,"191-4-A-SAPU_2018",NA,NA,NA,NA,9.39999993642171,-6.67500012119611,4.60000014305115,14.2666670481364,23.4000000953674,1.00000002359351,86.6199967861176,274.969997167587,163.299999237061,3,"24A_2018",0.77
"3856","191-4-D-SAPU",2018,0.1955,0.689418580839463,18,2000,14,"191-4","SAPU",114,103,16,7,34,2,0,0,0.058823529,0,0,"Moose",NA,NA,1,1,0,0,1634.196324,"East","24A","Low Shrub","Low Shrub","Clay Loam","Mesic",0,497.007599,303,3.553675,-149.85875,67.475963,-0.0779660918193502,0.924995790936161,"191-4-D-SAPU_2018",NA,NA,NA,NA,9.39999993642171,-6.67500012119611,4.60000014305115,14.2666670481364,23.4000000953674,1.00000002359351,86.6199967861176,274.969997167587,163.299999237061,3,"24A_2018",0.77
"3857","203-1-C-SAPU",2018,0.28725,0.902648095366104,22,1996,15,"203-1","SAPU",102,74,13,0,16,1,1,0,0.0625,0.0625,0,"Moose","Hare",NA,1,1,0,0,905.036767,"East","24A","Low Shrub","Low Shrub","Loam","Mesic",0,550.644958,299,23.927214,-149.794431,67.571449,0.579018135990795,1.78428564453553,"203-1-C-SAPU_2018",NA,NA,NA,NA,8.46666669845581,-7.60833365718524,3.800000111262,13.2333339055379,15.4000004529953,0.950000015397867,76.2999960184097,282.969997882843,158.100002288818,3,"24A_2018",0.77
"3858","203-1-D-SAPU",2018,0.52075,2.97053862773851,12,2006,15,"203-1","SAPU",121,103,12,14,16,0,0,0,0,0,0,NA,NA,NA,0,1,0,0,905.036767,"East","24A","Low Shrub","Low Shrub","Loam","Mesic",0,550.644958,299,23.927214,-149.794431,67.571449,0.599720749403068,1.82161004366643,"203-1-D-SAPU_2018",NA,NA,NA,NA,8.46666669845581,-7.60833365718524,3.800000111262,13.2333339055379,15.4000004529953,0.950000015397867,76.2999960184097,282.969997882843,158.100002288818,3,"24A_2018",0.77
"3859","203-2-A-SAPU",2018,0.0555,0.105225289737499,22,1996,15,"203-2","SAPU",122,97,14,32,16,1,0,0,0.0625,0,0,"Moose",NA,NA,1,0,1,0,933.944119,"East","24A","Low Shrub","Low Shrub","Loam","Mesic",0,566.911377,300,26.508135,-149.793674,67.571447,-1.57021096718545,0.208001296279876,"203-2-A-SAPU_2018",NA,NA,NA,NA,8.46666669845581,-7.60833365718524,3.800000111262,13.2333339055379,15.4000004529953,0.950000015397867,76.2999960184097,282.969997882843,158.100002288818,3,"24A_2018",0.77
"3860","203-2-B-SAPU",2018,0.0305,0.0573953269847587,23,1995,15,"203-2","SAPU",129,107,22,18,35,2,0,0,0.057142857,0,0,"Moose",NA,NA,1,0,1,0,933.944119,"East","24A","Low Shrub","Low Shrub","Loam","Mesic",0,566.911377,300,26.508135,-149.793674,67.571447,-2.0905142968405,0.12362354026919,"203-2-B-SAPU_2018",NA,NA,NA,NA,8.46666669845581,-7.60833365718524,3.800000111262,13.2333339055379,15.4000004529953,0.950000015397867,76.2999960184097,282.969997882843,158.100002288818,3,"24A_2018",0.77
"3861","203-3-B-SAPU",2018,0.1385,0.509949602716001,11,2007,15,"203-3","SAPU",63,60,8,18,11,1,0,0,0.090909091,0,0,"Moose",NA,NA,1,0,1,0,922.335664,"East","24A","Low Shrub","Low Shrub","Loam","Mesic",0,556.241272,305,23.609533,-149.79364,67.571701,-1.33048703452162,0.264348483105646,"203-3-B-SAPU_2018",NA,NA,NA,NA,8.46666669845581,-7.60833365718524,3.800000111262,13.2333339055379,15.4000004529953,0.950000015397867,76.2999960184097,282.969997882843,158.100002288818,3,"24A_2018",0.77
"3862","203-3-D-SAPU",2018,0.043,0.191285293491776,30,1988,15,"203-3","SAPU",117,104,18,17,39,2,3,0,0.051282051,0.076923077,0,"Moose","Hare",NA,1,0,1,0,922.335664,"East","24A","Low Shrub","Low Shrub","Loam","Mesic",0,556.241272,305,23.609533,-149.79364,67.571701,-0.373631822147995,0.68823025632566,"203-3-D-SAPU_2018",NA,NA,NA,NA,8.46666669845581,-7.60833365718524,3.800000111262,13.2333339055379,15.4000004529953,0.950000015397867,76.2999960184097,282.969997882843,158.100002288818,3,"24A_2018",0.77
"3863","203-4-B-SAPU",2018,0.112,0.379479259812415,22,1996,15,"203-4","SAPU",76,69,15,0,18,3,0,0,0.166666667,0,0,"Moose",NA,NA,1,1,1,0,951.384807,"East","24A","Low Shrub","Low Shrub","Loam","Mesic",0,569.135193,316,29.227108,-149.792864,67.571712,-0.287514691351117,0.750125546332246,"203-4-B-SAPU_2018",NA,NA,NA,NA,8.46666669845581,-7.60833365718524,3.800000111262,13.2333339055379,15.4000004529953,0.950000015397867,76.2999960184097,282.969997882843,158.100002288818,3,"24A_2018",0.77
"3864","203-4-C-SAPU",2018,0.06975,0.118054179687975,26,1992,15,"203-4","SAPU",75,68,9,10,9,1,0,0,0.111111111,0,0,"Moose",NA,NA,1,1,1,0,951.384807,"East","24A","Low Shrub","Low Shrub","Loam","Mesic",0,569.135193,316,29.227108,-149.792864,67.571712,-1.13258540856096,0.322199162177439,"203-4-C-SAPU_2018",NA,NA,NA,NA,8.46666669845581,-7.60833365718524,3.800000111262,13.2333339055379,15.4000004529953,0.950000015397867,76.2999960184097,282.969997882843,158.100002288818,3,"24A_2018",0.77
"3865","209-1-C-SAPU",2018,0.06575,0.167365010677801,21,1997,16,"209-1","SAPU",64,53,15,0,11,0,0,0,0,0,0,NA,NA,NA,0,0,1,0,698.873831,"East","24A","Low Shrub","Black Spruce Woodland","Sandy Loam","Mesic - Xeric",0,553.345276,287,19.679848,-149.692986,67.655886,-1.19596881298118,0.302410832674764,"209-1-C-SAPU_2018",NA,NA,NA,NA,8.46666669845581,-7.60833365718524,3.800000111262,13.2333339055379,15.4000004529953,0.950000015397867,76.2999960184097,282.969997882843,158.100002288818,3,"24A_2018",0.77
"3866","209-1-D-SAPU",2018,0.07975,0.155649226274402,29,1989,16,"209-1","SAPU",53,47,13,0,9,1,0,0,0.111111111,0,0,"Moose",NA,NA,1,0,1,0,698.873831,"East","24A","Low Shrub","Black Spruce Woodland","Sandy Loam","Mesic - Xeric",0,553.345276,287,19.679848,-149.692986,67.655886,-0.645257625471009,0.524527393081725,"209-1-D-SAPU_2018",NA,NA,NA,NA,8.46666669845581,-7.60833365718524,3.800000111262,13.2333339055379,15.4000004529953,0.950000015397867,76.2999960184097,282.969997882843,158.100002288818,3,"24A_2018",0.77
"3867","209-2-A-SAPU",2018,0.04575,0.1513813726545,15,2003,16,"209-2","SAPU",55,46,9,0,10,0,0,0,0,0,0,NA,NA,NA,0,0,0,0,728.528855,"East","24A","Low Shrub","Black Spruce Woodland","Sandy Loam","Mesic - Xeric",0,561.911133,287,21.070175,-149.692261,67.656,-1.94607982132512,0.142832906017674,"209-2-A-SAPU_2018",NA,NA,NA,NA,8.46666669845581,-7.60833365718524,3.800000111262,13.2333339055379,15.4000004529953,0.950000015397867,76.2999960184097,282.969997882843,158.100002288818,3,"24A_2018",0.77
"3868","209-2-D-SAPU",2018,0.02525,0.0340106857182225,41,1977,16,"209-2","SAPU",53,41,8,0,11,0,0,0,0,0,0,NA,NA,NA,0,0,0,0,728.528855,"East","24A","Low Shrub","Black Spruce Woodland","Sandy Loam","Mesic - Xeric",0,561.911133,287,21.070175,-149.692261,67.656,-1.49751983650257,0.223684246254848,"209-2-D-SAPU_2018",NA,NA,NA,NA,8.46666669845581,-7.60833365718524,3.800000111262,13.2333339055379,15.4000004529953,0.950000015397867,76.2999960184097,282.969997882843,158.100002288818,3,"24A_2018",0.77
"3869","209-3-A-SAPU",2018,0.0495,0.113132678446585,26,1992,16,"209-3","SAPU",74,55,12,0,9,0,0,0,0,0,0,NA,NA,NA,0,0,1,0,711.058695,"East","24A","Low Shrub","Black Spruce Woodland","Sandy Loam","Mesic - Xeric",0,553.430786,276,18.070417,-149.69261,67.656251,-1.17516780206011,0.308767163574575,"209-3-A-SAPU_2018",NA,NA,NA,NA,8.46666669845581,-7.60833365718524,3.800000111262,13.2333339055379,15.4000004529953,0.950000015397867,76.2999960184097,282.969997882843,158.100002288818,3,"24A_2018",0.77
"3870","209-3-B-SAPU",2018,0.0565,0.0600837448980679,42,1976,16,"209-3","SAPU",59,53,15,0,17,0,1,0,0,0.058823529,0,NA,"Hare",NA,1,0,1,0,711.058695,"East","24A","Low Shrub","Black Spruce Woodland","Sandy Loam","Mesic - Xeric",0,553.430786,276,18.070417,-149.69261,67.656251,-0.881922293745433,0.41398634294958,"209-3-B-SAPU_2018",NA,NA,NA,NA,8.46666669845581,-7.60833365718524,3.800000111262,13.2333339055379,15.4000004529953,0.950000015397867,76.2999960184097,282.969997882843,158.100002288818,3,"24A_2018",0.77
"3871","209-4-A-SAPU",2018,0.1165,0.187206720829252,12,2006,16,"209-4","SAPU",62,59,8,0,9,0,0,0,0,0,0,NA,NA,NA,0,0,0,0,738.024448,"East","24A","Low Shrub","Black Spruce Woodland","Sandy Loam","Mesic - Xeric",0,561.090881,296,18.584587,-149.691928,67.656444,-2.16456435682686,0.114799935513393,"209-4-A-SAPU_2018",NA,NA,NA,NA,8.46666669845581,-7.60833365718524,3.800000111262,13.2333339055379,15.4000004529953,0.950000015397867,76.2999960184097,282.969997882843,158.100002288818,3,"24A_2018",0.77
"3872","209-4-B-SAPU",2018,0.06725,0.266044399422466,21,1997,16,"209-4","SAPU",67,54,11,11,16,0,0,2,0,0,0.125,NA,NA,"Ptarmagin",1,0,0,0,738.024448,"East","24A","Low Shrub","Black Spruce Woodland","Sandy Loam","Mesic - Xeric",0,561.090881,296,18.584587,-149.691928,67.656444,-0.732482722952996,0.480714027573488,"209-4-B-SAPU_2018",NA,NA,NA,NA,8.46666669845581,-7.60833365718524,3.800000111262,13.2333339055379,15.4000004529953,0.950000015397867,76.2999960184097,282.969997882843,158.100002288818,3,"24A_2018",0.77
"3873","222-1-A-SAGL",2018,0.202,0.644438042623527,12,2006,17,"222-1","SAGL",78,49,13,0,27,1,11,0,0.037037037,0.407407407,0,"Moose","Hare",NA,1,2,18,0,769.468544,"East","24A","Low Shrub","Tall Shrub","Clay Loam","Mesic",0,669.484009,287,15.029548,-149.809491,67.826198,-0.928399136802648,0.395185842729627,"222-1-A-SAGL_2018",NA,NA,NA,NA,8.46666669845581,-7.60833365718524,3.800000111262,13.2333339055379,15.4000004529953,0.950000015397867,76.2999960184097,282.969997882843,158.100002288818,3,"24A_2018",0.77
"3874","222-1-C-SAGL",2018,0.06525,0.263564504721537,19,1999,17,"222-1","SAGL",74,60,14,0,25,0,7,0,0,0.28,0,NA,"Hare",NA,1,2,18,0,769.468544,"East","24A","Low Shrub","Tall Shrub","Clay Loam","Mesic",0,669.484009,287,15.029548,-149.809491,67.826198,-0.935111422187861,0.392542125192325,"222-1-C-SAGL_2018",NA,NA,NA,NA,8.46666669845581,-7.60833365718524,3.800000111262,13.2333339055379,15.4000004529953,0.950000015397867,76.2999960184097,282.969997882843,158.100002288818,3,"24A_2018",0.77
"3875","222-2-B-SAGL",2018,0.0555,0.265983727414345,24,1994,17,"222-2","SAGL",106,74,19,0,21,0,10,0,0,0.476190476,0,NA,"Hare",NA,1,3,13,0,794.735172,"East","24A","Low Shrub","Tall Shrub","Clay Loam","Mesic",0,676.198608,282,15.59229,-149.808768,67.826375,-0.47485838850462,0.621973128773699,"222-2-B-SAGL_2018",NA,NA,NA,NA,8.46666669845581,-7.60833365718524,3.800000111262,13.2333339055379,15.4000004529953,0.950000015397867,76.2999960184097,282.969997882843,158.100002288818,3,"24A_2018",0.77
"3876","222-2-C-SAGL",2018,0.0355,0.0797972387993438,16,2002,17,"222-2","SAGL",67,53,14,0,18,0,8,0,0,0.444444444,0,NA,"Hare",NA,1,3,13,0,794.735172,"East","24A","Low Shrub","Tall Shrub","Clay Loam","Mesic",0,676.198608,282,15.59229,-149.808768,67.826375,-2.46176774229898,0.0852840574004497,"222-2-C-SAGL_2018",NA,NA,NA,NA,8.46666669845581,-7.60833365718524,3.800000111262,13.2333339055379,15.4000004529953,0.950000015397867,76.2999960184097,282.969997882843,158.100002288818,3,"24A_2018",0.77
"3877","222-3-B-SAGL",2018,0.13425,0.307778494329999,23,1995,17,"222-3","SAGL",90,74,14,0,22,0,5,0,0,0.227272727,0,NA,"Hare",NA,1,2,11,1,778.440723,"East","24A","Low Shrub","Low Shrub","Clay Loam","Mesic",0,672.469177,278,13.422374,-149.809021,67.826615,-0.411096835446109,0.66292273407379,"222-3-B-SAGL_2018",NA,NA,NA,NA,8.46666669845581,-7.60833365718524,3.800000111262,13.2333339055379,15.4000004529953,0.950000015397867,76.2999960184097,282.969997882843,158.100002288818,3,"24A_2018",0.77
"3878","222-3-D-SAGL",2018,0.06725,0.198859869729121,25,1993,17,"222-3","SAGL",89,75,11,0,18,1,6,0,0.055555556,0.333333333,0,"Moose","Hare",NA,1,2,11,1,778.440723,"East","24A","Low Shrub","Low Shrub","Clay Loam","Mesic",0,672.469177,278,13.422374,-149.809021,67.826615,-0.686864837543772,0.503151059161562,"222-3-D-SAGL_2018",NA,NA,NA,NA,8.46666669845581,-7.60833365718524,3.800000111262,13.2333339055379,15.4000004529953,0.950000015397867,76.2999960184097,282.969997882843,158.100002288818,3,"24A_2018",0.77
"3879","222-4-A-SAGL",2018,0.3285,1.16669090756915,12,2006,17,"222-4","SAGL",84,77,12,0,11,0,2,0,0,0.181818182,0,NA,"Hare",NA,1,0,15,0,805.061274,"East","24A","Low Shrub","Low Shrub","Clay Loam","Mesic",0,678.755371,278,16.631924,-149.808355,67.826658,-0.334851085581602,0.715444618439532,"222-4-A-SAGL_2018",NA,NA,NA,NA,8.46666669845581,-7.60833365718524,3.800000111262,13.2333339055379,15.4000004529953,0.950000015397867,76.2999960184097,282.969997882843,158.100002288818,3,"24A_2018",0.77
"3880","222-4-C-SAGL",2018,0.0575,0.215324760477045,27,1991,17,"222-4","SAGL",71,66,12,8,15,1,4,0,0.066666667,0.266666667,0,"Moose","Hare",NA,1,0,15,0,805.061274,"East","24A","Low Shrub","Low Shrub","Clay Loam","Mesic",0,678.755371,278,16.631924,-149.808355,67.826658,-0.458704171069465,0.632102211364264,"222-4-C-SAGL_2018",NA,NA,NA,NA,8.46666669845581,-7.60833365718524,3.800000111262,13.2333339055379,15.4000004529953,0.950000015397867,76.2999960184097,282.969997882843,158.100002288818,3,"24A_2018",0.77
"3881","235-1-C-SAPU",2018,0.0325,0.0727475048846901,17,2001,18,"235-1","SAPU",53,45,12,20,23,0,3,5,0,0.130434783,0.217391304,NA,"Hare","Ptarmagin",1,0,5,0,477.732622,"East","24A","Low Shrub","Low Shrub","Sandy Gravel","Mesic",0,813.776917,295,20.303024,-149.727576,68.004859,-2.43719439629301,0.087405733630477,"235-1-C-SAPU_2018",NA,NA,NA,NA,7.26666688919067,-8.74166694780191,2.70000004768372,11.8999999364217,9.19999998807907,0.883333337803682,58.1799991130829,293.519998073578,152.100002288818,3,"24A_2018",0.77
"3882","235-1-D-SAPU",2018,0.1885,1.03870163746374,11,2007,18,"235-1","SAPU",57,50,12,0,12,0,1,3,0,0.083333333,0.25,NA,"Hare","Ptarmagin",1,0,5,0,477.732622,"East","24A","Low Shrub","Low Shrub","Sandy Gravel","Mesic",0,813.776917,295,20.303024,-149.727576,68.004859,-0.619072150465775,0.538443800721633,"235-1-D-SAPU_2018",NA,NA,NA,NA,7.26666688919067,-8.74166694780191,2.70000004768372,11.8999999364217,9.19999998807907,0.883333337803682,58.1799991130829,293.519998073578,152.100002288818,3,"24A_2018",0.77
"3883","235-2-B-SAPU",2018,0.06475,0.123017110682483,19,1999,18,"235-2","SAPU",50,47,10,6,17,0,0,3,0,0,0.176470588,NA,NA,"Ptarmagin",1,0,0,0,510.631222,"East","24A","Dwarf Shrub-Lichen","Low Shrub","Sandy Gravel","Mesic",0,828.022217,289,26.243103,-149.726481,68.004961,-1.6970861029759,0.183216621347933,"235-2-B-SAPU_2018",NA,NA,NA,NA,7.26666688919067,-8.74166694780191,2.70000004768372,11.8999999364217,9.19999998807907,0.883333337803682,58.1799991130829,293.519998073578,152.100002288818,3,"24A_2018",0.77
"3884","235-2-C-SAPU",2018,0.1225,0.441609752324299,12,2006,18,"235-2","SAPU",57,49,11,12,16,0,1,1,0,0.0625,0.0625,NA,"Hare","Ptarmagin",1,0,0,0,510.631222,"East","24A","Dwarf Shrub-Lichen","Low Shrub","Sandy Gravel","Mesic",0,828.022217,289,26.243103,-149.726481,68.004961,-1.30635124330481,0.270806362423038,"235-2-C-SAPU_2018",NA,NA,NA,NA,7.26666688919067,-8.74166694780191,2.70000004768372,11.8999999364217,9.19999998807907,0.883333337803682,58.1799991130829,293.519998073578,152.100002288818,3,"24A_2018",0.77
"3885","235-3-B-SAPU",2018,0.03825,0.0932187116641015,28,1990,18,"235-3","SAPU",47,41,14,0,11,0,1,4,0,0.090909091,0.363636364,NA,"Hare","Ptarmagin",1,0,1,0,482.982181,"East","24A","Dwarf Shrub-Lichen","Low Shrub","Sandy Gravel","Mesic",0,817.546387,298,18.704132,-149.726784,68.005244,-1.22567628501224,0.293559103555153,"235-3-B-SAPU_2018",NA,NA,NA,NA,7.26666688919067,-8.74166694780191,2.70000004768372,11.8999999364217,9.19999998807907,0.883333337803682,58.1799991130829,293.519998073578,152.100002288818,3,"24A_2018",0.77
"3886","235-3-D-SAPU",2018,0.32625,1.44440318210705,12,2006,18,"235-3","SAPU",71,62,14,11,23,0,6,0,0,0.260869565,0,NA,"Hare",NA,1,0,1,0,482.982181,"East","24A","Dwarf Shrub-Lichen","Low Shrub","Sandy Gravel","Mesic",0,817.546387,298,18.704132,-149.726784,68.005244,-0.121326329625704,0.885744867634682,"235-3-D-SAPU_2018",NA,NA,NA,NA,7.26666688919067,-8.74166694780191,2.70000004768372,11.8999999364217,9.19999998807907,0.883333337803682,58.1799991130829,293.519998073578,152.100002288818,3,"24A_2018",0.77
"3887","235-4-A-SAPU",2018,0.14875,0.58168649651394,11,2007,18,"235-4","SAPU",57,38,9,0,10,0,3,0,0,0.3,0,NA,"Hare",NA,1,0,0,0,503.848767,"East","24A","Low Shrub","Low Shrub","Sandy Gravel","Mesic",0,825.290771,293,20.728168,-149.726015,68.005351,-1.19886730033793,0.301535567784595,"235-4-A-SAPU_2018",NA,NA,NA,NA,7.26666688919067,-8.74166694780191,2.70000004768372,11.8999999364217,9.19999998807907,0.883333337803682,58.1799991130829,293.519998073578,152.100002288818,3,"24A_2018",0.77
"3888","235-4-C-SAPU",2018,0.0575,0.167183780051598,27,1991,18,"235-4","SAPU",41,39,10,0,15,0,0,0,0,0,0,NA,NA,NA,0,0,0,0,503.848767,"East","24A","Low Shrub","Low Shrub","Sandy Gravel","Mesic",0,825.290771,293,20.728168,-149.726015,68.005351,-0.711757886681209,0.490780701860424,"235-4-C-SAPU_2018",NA,NA,NA,NA,7.26666688919067,-8.74166694780191,2.70000004768372,11.8999999364217,9.19999998807907,0.883333337803682,58.1799991130829,293.519998073578,152.100002288818,3,"24A_2018",0.77
"3889","240-1-B-SAPU",2018,0.15025,0.488663152642982,18,2000,19,"240-1","SAPU",58,47,12,0,24,0,1,9,0,0.041666667,0.375,NA,"Hare","Ptarmagin",1,0,1,0,395.986648,"West","24A","Low Shrub","Low Shrub","Sandy Loam","Mesic",0,1043.032227,75,23.365055,-149.606437,68.069578,-0.422141295020186,0.655641393984431,"240-1-B-SAPU_2018",NA,NA,NA,NA,7.26666688919067,-8.74166694780191,2.70000004768372,11.8999999364217,9.19999998807907,0.883333337803682,58.1799991130829,293.519998073578,152.100002288818,3,"24A_2018",0.77
"3890","240-1-D-SAPU",2018,0.14675,0.514162282114925,19,1999,19,"240-1","SAPU",115,81,18,0,57,3,0,19,0.052631579,0,0.333333333,"Moose",NA,"Ptarmagin",1,0,1,0,395.986648,"West","24A","Low Shrub","Low Shrub","Sandy Loam","Mesic",0,1043.032227,75,23.365055,-149.606437,68.069578,-0.266870620329107,0.765772140403987,"240-1-D-SAPU_2018",NA,NA,NA,NA,7.26666688919067,-8.74166694780191,2.70000004768372,11.8999999364217,9.19999998807907,0.883333337803682,58.1799991130829,293.519998073578,152.100002288818,3,"24A_2018",0.77
"3891","240-2-A-SAPU",2018,0.1105,0.260185918172141,23,1995,19,"240-2","SAPU",59,51,16,0,29,0,0,11,0,0,0.379310345,NA,NA,"Ptarmagin",1,0,0,0,426.292991,"West","24A","Tussock Tundra (Low shrub or Herbaceous)","Low Shrub","Sandy Loam","Mesic",0,1048.270996,87,24.096361,-149.606886,68.069926,-0.57908074006886,0.56041329533973,"240-2-A-SAPU_2018",NA,NA,NA,NA,7.26666688919067,-8.74166694780191,2.70000004768372,11.8999999364217,9.19999998807907,0.883333337803682,58.1799991130829,293.519998073578,152.100002288818,3,"24A_2018",0.77
"3892","240-2-C-SAPU",2018,0.38675,2.24199897168114,11,2007,19,"240-2","SAPU",79,51,12,0,22,0,2,3,0,0.090909091,0.136363636,NA,"Hare","Ptarmagin",1,0,0,0,426.292991,"West","24A","Tussock Tundra (Low shrub or Herbaceous)","Low Shrub","Sandy Loam","Mesic",0,1048.270996,87,24.096361,-149.606886,68.069926,0.15032420781737,1.16221097953947,"240-2-C-SAPU_2018",NA,NA,NA,NA,7.26666688919067,-8.74166694780191,2.70000004768372,11.8999999364217,9.19999998807907,0.883333337803682,58.1799991130829,293.519998073578,152.100002288818,3,"24A_2018",0.77
"3893","240-3-B-SAPU",2018,0.3485,2.23895810634201,23,1995,19,"240-3","SAPU",122,81,25,0,57,1,3,7,0.01754386,0.052631579,0.122807018,"Moose","Hare","Ptarmagin",1,0,1,3,399.798137,"West","24A","Low Shrub","Low Shrub","Sandy Loam","Mesic",0,1034.808228,93,20.584356,-149.606025,68.07014,1.57328872010817,4.82248193644585,"240-3-B-SAPU_2018",NA,NA,NA,NA,7.26666688919067,-8.74166694780191,2.70000004768372,11.8999999364217,9.19999998807907,0.883333337803682,58.1799991130829,293.519998073578,152.100002288818,3,"24A_2018",0.77
"3894","240-3-D-SAPU",2018,0.31375,2.42894886731095,33,1985,19,"240-3","SAPU",167,110,47,0,149,7,11,21,0.046979866,0.073825503,0.140939597,"Moose","Hare","Ptarmagin",1,0,1,3,399.798137,"West","24A","Low Shrub","Low Shrub","Sandy Loam","Mesic",0,1034.808228,93,20.584356,-149.606025,68.07014,2.35186236687923,10.5051158979161,"240-3-D-SAPU_2018",NA,NA,NA,NA,7.26666688919067,-8.74166694780191,2.70000004768372,11.8999999364217,9.19999998807907,0.883333337803682,58.1799991130829,293.519998073578,152.100002288818,3,"24A_2018",0.77
"3895","240-4-B-SAPU",2018,0.0335,0.0922984213661415,27,1991,19,"240-4","SAPU",118,104,19,0,27,3,0,5,0.111111111,0,0.185185185,"Moose",NA,"Ptarmagin",1,0,2,0,431.079046,"West","24A","Low Shrub","Low Shrub","Sandy Loam","Mesic",0,1046.807861,94,24.616484,-149.606605,68.070368,-1.30582453529486,0.270949035873598,"240-4-B-SAPU_2018",NA,NA,NA,NA,7.26666688919067,-8.74166694780191,2.70000004768372,11.8999999364217,9.19999998807907,0.883333337803682,58.1799991130829,293.519998073578,152.100002288818,3,"24A_2018",0.77
"3896","240-4-D-SAPU",2018,0.056,0.121860284637645,20,1998,19,"240-4","SAPU",77,61,11,0,15,0,1,2,0,0.066666667,0.133333333,NA,"Hare","Ptarmagin",1,0,2,0,431.079046,"West","24A","Low Shrub","Low Shrub","Sandy Loam","Mesic",0,1046.807861,94,24.616484,-149.606605,68.070368,-1.60748576273213,0.200390811277343,"240-4-D-SAPU_2018",NA,NA,NA,NA,7.26666688919067,-8.74166694780191,2.70000004768372,11.8999999364217,9.19999998807907,0.883333337803682,58.1799991130829,293.519998073578,152.100002288818,3,"24A_2018",0.77
"3897","255-1-C-SAGL",2018,0.0395,0.0918907997193387,29,1989,20,"255-1","SAGL",69,56,17,0,31,0,0,20,0,0,0.64516129,NA,NA,"Ptarmagin",1,0,0,0,585.543915,"East","26B","Low Shrub","Low Shrub","Sandy Gravel","Mesic - Xeric",0,991.483582,331,1.701594,-149.392735,68.222633,-1.17226163893186,0.309665796474997,"255-1-C-SAGL_2018",NA,NA,NA,NA,5.40000001589457,-10.3083334465822,0.933333329856396,9.90000041325887,6.00000029802322,0.791666680326064,48.2899986505508,310.479998588562,155.299999237061,3,"26B_2018",0.27
"3898","255-1-D-SAGL",2018,0.0685,0.14235420251395,20,1998,20,"255-1","SAGL",42,37,10,0,21,0,0,8,0,0,0.380952381,NA,NA,"Ptarmagin",1,0,0,0,585.543915,"East","26B","Low Shrub","Low Shrub","Sandy Gravel","Mesic - Xeric",0,991.483582,331,1.701594,-149.392735,68.222633,-1.45204260763515,0.234091642041817,"255-1-D-SAGL_2018",NA,NA,NA,NA,5.40000001589457,-10.3083334465822,0.933333329856396,9.90000041325887,6.00000029802322,0.791666680326064,48.2899986505508,310.479998588562,155.299999237061,3,"26B_2018",0.27
"3899","255-2-A-SAPU",2018,0.1685,1.00419281296038,20,1998,20,"255-2","SAPU",51,48,12,0,26,0,0,5,0,0,0.192307692,NA,NA,"Ptarmagin",1,0,1,1,631.079496,"East","26B","Low Shrub","Low Shrub","Sandy Gravel","Mesic - Xeric",0,993.382141,286,2.676414,-149.39171,68.222788,0.501578383269091,1.65132563957464,"255-2-A-SAPU_2018",NA,NA,NA,NA,5.40000001589457,-10.3083334465822,0.933333329856396,9.90000041325887,6.00000029802322,0.791666680326064,48.2899986505508,310.479998588562,155.299999237061,3,"26B_2018",0.27
"3900","255-2-D-SAPU",2018,0.28825,1.19692932590858,15,2003,20,"255-2","SAPU",71,55,12,0,22,0,1,5,0,0.045454545,0.227272727,NA,"Hare","Ptarmagin",1,0,1,1,631.079496,"East","26B","Low Shrub","Low Shrub","Sandy Gravel","Mesic - Xeric",0,993.382141,286,2.676414,-149.39171,68.222788,0.121632540358951,1.12933903900768,"255-2-D-SAPU_2018",NA,NA,NA,NA,5.40000001589457,-10.3083334465822,0.933333329856396,9.90000041325887,6.00000029802322,0.791666680326064,48.2899986505508,310.479998588562,155.299999237061,3,"26B_2018",0.27
"3901","255-3-A-SAPU",2018,0.08625,0.250572448302618,22,1996,20,"255-3","SAPU",54,46,9,0,20,0,0,3,0,0,0.15,NA,NA,"Ptarmagin",1,0,1,0,600.399561,"East","26B","Tussock Tundra (Low shrub or Herbaceous)","Low Shrub","Sandy Gravel","Mesic - Xeric",0,990.277893,304,2.837043,-149.392647,68.223106,-0.70256654185138,0.495312430965853,"255-3-A-SAPU_2018",NA,NA,NA,NA,5.40000001589457,-10.3083334465822,0.933333329856396,9.90000041325887,6.00000029802322,0.791666680326064,48.2899986505508,310.479998588562,155.299999237061,3,"26B_2018",0.27
"3902","255-3-C-SAPU",2018,0.054,0.125198750430861,24,1994,20,"255-3","SAPU",48,42,12,0,11,0,0,3,0,0,0.272727273,NA,NA,"Ptarmagin",1,0,1,0,600.399561,"East","26B","Tussock Tundra (Low shrub or Herbaceous)","Low Shrub","Sandy Gravel","Mesic - Xeric",0,990.277893,304,2.837043,-149.392647,68.223106,-1.22839104224899,0.292763242627754,"255-3-C-SAPU_2018",NA,NA,NA,NA,5.40000001589457,-10.3083334465822,0.933333329856396,9.90000041325887,6.00000029802322,0.791666680326064,48.2899986505508,310.479998588562,155.299999237061,3,"26B_2018",0.27
"3903","255-4-A-SAPU",2018,0.06475,0.191467309516143,32,1986,20,"255-4","SAPU",72,61,14,0,18,0,2,3,0,0.111111111,0.166666667,NA,"Hare","Ptarmagin",1,0,0,2,644.564014,"East","26B","Low Shrub","Low Shrub","Sandy Gravel","Mesic - Xeric",0,993.003235,239,7.430982,-149.391619,68.223199,-0.248055256272548,0.78031682468762,"255-4-A-SAPU_2018",NA,NA,NA,NA,5.40000001589457,-10.3083334465822,0.933333329856396,9.90000041325887,6.00000029802322,0.791666680326064,48.2899986505508,310.479998588562,155.299999237061,3,"26B_2018",0.27
"3904","255-4-D-SAPU",2018,0.053,0.187983479612854,10,2008,20,"255-4","SAPU",42,40,9,0,15,0,0,10,0,0,0.666666667,NA,NA,"Ptarmagin",1,0,0,2,644.564014,"East","26B","Low Shrub","Low Shrub","Sandy Gravel","Mesic - Xeric",0,993.003235,239,7.430982,-149.391619,68.223199,-2.5124911605671,0.0810660389691782,"255-4-D-SAPU_2018",NA,NA,NA,NA,5.40000001589457,-10.3083334465822,0.933333329856396,9.90000041325887,6.00000029802322,0.791666680326064,48.2899986505508,310.479998588562,155.299999237061,3,"26B_2018",0.27
"3905","261-1-B-SAPU",2018,0.1245,0.458597914598588,16,2002,21,"261-1","SAPU",65,51,10,0,19,0,0,5,0,0,0.263157895,NA,NA,"Ptarmagin",1,0,0,0,356.206777,"East","26B","Dwarf Shrub","Low Shrub","Sandy Loam","Mesic",0,883.832947,287,13.943512,-149.352299,68.301689,-0.713082821551651,0.490130879975688,"261-1-B-SAPU_2018",NA,NA,NA,NA,5.40000001589457,-10.3083334465822,0.933333329856396,9.90000041325887,6.00000029802322,0.791666680326064,48.2899986505508,310.479998588562,155.299999237061,3,"26B_2018",0.27
"3906","261-1-C-SAPU",2018,0.056,0.192730426112427,20,1998,21,"261-1","SAPU",69,41,17,0,31,0,0,3,0,0,0.096774194,NA,NA,"Ptarmagin",1,0,0,0,356.206777,"East","26B","Dwarf Shrub","Low Shrub","Sandy Loam","Mesic",0,883.832947,287,13.943512,-149.352299,68.301689,-1.14906848668767,0.316931858163132,"261-1-C-SAPU_2018",NA,NA,NA,NA,5.40000001589457,-10.3083334465822,0.933333329856396,9.90000041325887,6.00000029802322,0.791666680326064,48.2899986505508,310.479998588562,155.299999237061,3,"26B_2018",0.27
"3907","261-2-C-SAPU",2018,0.045,0.0982533102410246,49,1969,21,"261-2","SAPU",91,67,27,0,29,0,0,3,0,0,0.103448276,NA,NA,"Ptarmagin",1,0,0,1,388.99561,"East","26B","Dwarf Shrub-Lichen","Low Shrub","Sandy Loam","Mesic",0,888.892761,295,13.025289,-149.351465,68.301786,-0.0924439241145296,0.911700333934575,"261-2-C-SAPU_2018",NA,NA,NA,NA,5.40000001589457,-10.3083334465822,0.933333329856396,9.90000041325887,6.00000029802322,0.791666680326064,48.2899986505508,310.479998588562,155.299999237061,3,"26B_2018",0.27
"3908","261-2-D-SAPU",2018,0.170333333333333,0.617347736943236,28,1990,21,"261-2","SAPU",122,71,29,0,41,2,0,11,0.048780488,0,0.268292683,"Moose",NA,"Ptarmagin",1,0,0,1,388.99561,"East","26B","Dwarf Shrub-Lichen","Low Shrub","Sandy Loam","Mesic",0,888.892761,295,13.025289,-149.351465,68.301786,0.664807702766783,1.94411663713916,"261-2-D-SAPU_2018",NA,NA,NA,NA,5.40000001589457,-10.3083334465822,0.933333329856396,9.90000041325887,6.00000029802322,0.791666680326064,48.2899986505508,310.479998588562,155.299999237061,3,"26B_2018",0.27
"3909","261-3-A-SAPU",2018,0.248,0.940002221065909,16,2002,21,"261-3","SAPU",41,18,7,0,8,0,0,0,0,0,0,NA,NA,NA,0,0,0,1,380.53651,"East","26B","Tussock Tundra (Low shrub or Herbaceous)","Low Shrub","Sandy Loam","Mesic",0,884.224731,295,11.657486,-149.351558,68.302088,0.00462559345321864,1.00463630802466,"261-3-A-SAPU_2018",NA,NA,NA,NA,5.40000001589457,-10.3083334465822,0.933333329856396,9.90000041325887,6.00000029802322,0.791666680326064,48.2899986505508,310.479998588562,155.299999237061,3,"26B_2018",0.27
"3910","261-3-D-SAPU",2018,0.03525,0.0753316611918071,11,2007,21,"261-3","SAPU",41,23,8,0,10,0,0,0,0,0,0,NA,NA,NA,0,0,0,1,380.53651,"East","26B","Tussock Tundra (Low shrub or Herbaceous)","Low Shrub","Sandy Loam","Mesic",0,884.224731,295,11.657486,-149.351558,68.302088,-3.24289842336433,0.0390505458967345,"261-3-D-SAPU_2018",NA,NA,NA,NA,5.40000001589457,-10.3083334465822,0.933333329856396,9.90000041325887,6.00000029802322,0.791666680326064,48.2899986505508,310.479998588562,155.299999237061,3,"26B_2018",0.27
"3911","261-4-A-SAPU",2018,0.03175,0.0402722725759086,22,1996,21,"261-4","SAPU",41,27,9,0,9,0,0,0,0,0,0,NA,NA,NA,0,0,0,0,405.679111,"East","26B","Low Shrub","Low Shrub","Sandy Loam","Mesic",0,886.626587,308,9.946874,-149.350886,68.302265,-2.53065142859984,0.0796071450201987,"261-4-A-SAPU_2018",NA,NA,NA,NA,5.40000001589457,-10.3083334465822,0.933333329856396,9.90000041325887,6.00000029802322,0.791666680326064,48.2899986505508,310.479998588562,155.299999237061,3,"26B_2018",0.27
"3912","261-4-B-SAPU",2018,0.05725,0.228732096174862,12,2006,21,"261-4","SAPU",47,33,11,0,11,0,0,3,0,0,0.272727273,NA,NA,"Ptarmagin",1,0,0,0,405.679111,"East","26B","Low Shrub","Low Shrub","Sandy Loam","Mesic",0,886.626587,308,9.946874,-149.350886,68.302265,-1.96422638908706,0.140264354689847,"261-4-B-SAPU_2018",NA,NA,NA,NA,5.40000001589457,-10.3083334465822,0.933333329856396,9.90000041325887,6.00000029802322,0.791666680326064,48.2899986505508,310.479998588562,155.299999237061,3,"26B_2018",0.27
"3913","268-1-C-SAPU",2018,0.29,1.19303551816399,21,1997,22,"268-1","SAPU",61,49,10,0,21,0,0,5,0,0,0.238095238,NA,NA,"Ptarmagin",1,0,1,2,212.091228,"West","26B","Low Shrub","Low Shrub","Sandy Gravel","Mesic",0,818.738892,195,1.432166,-149.327109,68.400098,0.76811026086758,2.15568871293596,"268-1-C-SAPU_2018",NA,NA,NA,NA,5.40000001589457,-10.3083334465822,0.933333329856396,9.90000041325887,6.00000029802322,0.791666680326064,48.2899986505508,310.479998588562,155.299999237061,3,"26B_2018",0.27
"3914","268-1-D-SAPU",2018,0.0793333333333333,0.099194719225391,22,1996,22,"268-1","SAPU",75,52,13,0,37,0,0,6,0,0,0.162162162,NA,NA,"Ptarmagin",1,0,1,2,212.091228,"West","26B","Low Shrub","Low Shrub","Sandy Gravel","Mesic",0,818.738892,195,1.432166,-149.327109,68.400098,-1.62922985608382,0.196080526216379,"268-1-D-SAPU_2018",NA,NA,NA,NA,5.40000001589457,-10.3083334465822,0.933333329856396,9.90000041325887,6.00000029802322,0.791666680326064,48.2899986505508,310.479998588562,155.299999237061,3,"26B_2018",0.27
"3915","268-2-A-SAPU",2018,0.14875,0.395462701486178,13,2005,22,"268-2","SAPU",54,44,12,17,24,0,0,12,0,0,0.5,NA,NA,"Ptarmagin",1,0,0,4,184.615387,"West","26B","Low Shrub","Low Shrub","Sandy Gravel","Mesic",0,819.441162,203,1.359031,-149.326454,68.400307,-1.26215690383872,0.283042871379493,"268-2-A-SAPU_2018",NA,NA,NA,NA,5.40000001589457,-10.3083334465822,0.933333329856396,9.90000041325887,6.00000029802322,0.791666680326064,48.2899986505508,310.479998588562,155.299999237061,3,"26B_2018",0.27
"3916","268-2-B-SAPU",2018,0.30325,0.753814358004124,12,2006,22,"268-2","SAPU",54,46,9,0,18,0,0,6,0,0,0.333333333,NA,NA,"Ptarmagin",1,0,0,4,184.615387,"West","26B","Low Shrub","Low Shrub","Sandy Gravel","Mesic",0,819.441162,203,1.359031,-149.326454,68.400307,-0.771631693941745,0.462258188726423,"268-2-B-SAPU_2018",NA,NA,NA,NA,5.40000001589457,-10.3083334465822,0.933333329856396,9.90000041325887,6.00000029802322,0.791666680326064,48.2899986505508,310.479998588562,155.299999237061,3,"26B_2018",0.27
"3917","268-3-B-SAPU",2018,0.1515,0.447394209797721,40,1978,22,"268-3","SAPU",106,41,14,0,42,0,0,4,0,0,0.095238095,NA,NA,"Ptarmagin",1,0,0,0,206.549982,"West","26B","Low Shrub","Low Shrub","Sandy Gravel","Mesic",0,819.661011,150,1.610195,-149.326989,68.400547,1.03156346556569,2.8054486299608,"268-3-B-SAPU_2018",NA,NA,NA,NA,5.40000001589457,-10.3083334465822,0.933333329856396,9.90000041325887,6.00000029802322,0.791666680326064,48.2899986505508,310.479998588562,155.299999237061,3,"26B_2018",0.27
"3918","268-3-D-SAPU",2018,0.139,0.422052552657541,13,2005,22,"268-3","SAPU",54,49,10,0,24,0,1,12,0,0.041666667,0.5,NA,"Hare","Ptarmagin",1,0,0,0,206.549982,"West","26B","Low Shrub","Low Shrub","Sandy Gravel","Mesic",0,819.661011,150,1.610195,-149.326989,68.400547,-1.19708354071186,0.302073914754285,"268-3-D-SAPU_2018",NA,NA,NA,NA,5.40000001589457,-10.3083334465822,0.933333329856396,9.90000041325887,6.00000029802322,0.791666680326064,48.2899986505508,310.479998588562,155.299999237061,3,"26B_2018",0.27
"3919","268-4-C-SAPU",2018,0.0885,0.217698233726831,19,1999,22,"268-4","SAPU",81,62,16,0,39,3,0,11,0.076923077,0,0.282051282,"Moose",NA,"Ptarmagin",1,0,0,5,171.881056,"West","26B","Dwarf Shrub-Lichen","Low Shrub","Sandy Gravel","Mesic",0,820.486511,188,1.085947,-149.326166,68.400831,-1.126299705041,0.324230788998056,"268-4-C-SAPU_2018",NA,NA,NA,NA,5.40000001589457,-10.3083334465822,0.933333329856396,9.90000041325887,6.00000029802322,0.791666680326064,48.2899986505508,310.479998588562,155.299999237061,3,"26B_2018",0.27
"3920","268-4-D-SAPU",2018,0.06425,0.138013110515311,14,2004,22,"268-4","SAPU",53,49,15,0,33,0,0,13,0,0,0.393939394,NA,NA,"Ptarmagin",1,0,0,5,171.881056,"West","26B","Dwarf Shrub-Lichen","Low Shrub","Sandy Gravel","Mesic",0,820.486511,188,1.085947,-149.326166,68.400831,-2.17176037291231,0.113976798536308,"268-4-D-SAPU_2018",NA,NA,NA,NA,5.40000001589457,-10.3083334465822,0.933333329856396,9.90000041325887,6.00000029802322,0.791666680326064,48.2899986505508,310.479998588562,155.299999237061,3,"26B_2018",0.27
"3921","282-1-C-SAPU",2018,0.15475,0.372278140401768,11,2007,23,"282-1","SAPU",44,23,8,0,8,0,0,0,0,0,0,NA,NA,NA,0,0,0,0,577.316923,"West","26B","Tussock Tundra (Low shrub or Herbaceous)","Tussock Tundra","Clay Loam","Mesic",0,826.622314,26,2.82316,-149.530032,68.582817,-1.64515767300838,0.192982132321426,"282-1-C-SAPU_2018",NA,NA,NA,NA,9.80000019073486,-6.77500009536743,5.20000020662944,14.466667175293,26.6999998092651,1.05000002682209,79.419998049736,269.809995770454,132.000003814697,3,"26B_2018",0.27
"3922","282-1-D-SAPU",2018,0.039,0.0900945933028343,27,1991,23,"282-1","SAPU",49,22,10,0,8,0,0,0,0,0,0,NA,NA,NA,0,0,0,0,577.316923,"West","26B","Tussock Tundra (Low shrub or Herbaceous)","Tussock Tundra","Clay Loam","Mesic",0,826.622314,26,2.82316,-149.530032,68.582817,-1.32999141828926,0.264479530976915,"282-1-D-SAPU_2018",NA,NA,NA,NA,9.80000019073486,-6.77500009536743,5.20000020662944,14.466667175293,26.6999998092651,1.05000002682209,79.419998049736,269.809995770454,132.000003814697,3,"26B_2018",0.27
"3923","282-2-B-SAPU",2018,0.02,0.0833464530997374,28,1990,23,"282-2","SAPU",68,29,11,0,18,0,0,0,0,0,0,NA,NA,NA,0,0,0,0,604.079816,"West","26B","Low Shrub","Low Shrub-Tussock Tundra","Clay Loam","Mesic",0,826.41803,354,3.355184,-149.530916,68.583004,-1.33761870148148,0.262469944281398,"282-2-B-SAPU_2018",NA,NA,NA,NA,9.80000019073486,-6.77500009536743,5.20000020662944,14.466667175293,26.6999998092651,1.05000002682209,79.419998049736,269.809995770454,132.000003814697,3,"26B_2018",0.27
"3924","282-2-D-SAPU",2018,0.03425,0.0373101434026545,21,1997,23,"282-2","SAPU",41,22,7,0,4,0,0,0,0,0,0,NA,NA,NA,0,0,0,0,604.079816,"West","26B","Low Shrub","Low Shrub-Tussock Tundra","Clay Loam","Mesic",0,826.41803,354,3.355184,-149.530916,68.583004,-2.69688070215754,0.0674154740463216,"282-2-D-SAPU_2018",NA,NA,NA,NA,9.80000019073486,-6.77500009536743,5.20000020662944,14.466667175293,26.6999998092651,1.05000002682209,79.419998049736,269.809995770454,132.000003814697,3,"26B_2018",0.27
"3925","282-3-A-SAPU",2018,0.077,0.121918927700513,11,2007,23,"282-3","SAPU",37,21,9,0,9,0,0,0,0,0,0,NA,NA,NA,0,0,0,0,571.732475,"West","26B","Low Shrub","Low Shrub-Tussock Tundra","Clay Loam","Mesic",0,823.876221,27,3.830761,-149.53038,68.583298,-2.76144264036091,0.0632005269302002,"282-3-A-SAPU_2018",NA,NA,NA,NA,9.80000019073486,-6.77500009536743,5.20000020662944,14.466667175293,26.6999998092651,1.05000002682209,79.419998049736,269.809995770454,132.000003814697,3,"26B_2018",0.27
"3926","282-3-D-SAPU",2018,0.0436666666666667,0.108786027399747,39,1979,23,"282-3","SAPU",49,26,10,0,9,0,0,0,0,0,0,NA,NA,NA,0,0,0,0,571.732475,"West","26B","Low Shrub","Low Shrub-Tussock Tundra","Clay Loam","Mesic",0,823.876221,27,3.830761,-149.53038,68.583298,-0.43138305164453,0.649610028920609,"282-3-D-SAPU_2018",NA,NA,NA,NA,9.80000019073486,-6.77500009536743,5.20000020662944,14.466667175293,26.6999998092651,1.05000002682209,79.419998049736,269.809995770454,132.000003814697,3,"26B_2018",0.27
"3927","282-4-C-SAPU",2018,0.111,0.313147672524523,24,1994,23,"282-4","SAPU",45,23,12,0,10,0,0,0,0,0,0,NA,NA,NA,0,0,0,0,597.547448,"West","26B","Tussock Tundra (Low shrub or Herbaceous)","Low Shrub-Tussock Tundra","Clay Loam","Mesic",0,823.620117,358,4.137664,-149.531178,68.583423,-0.311618643799207,0.732260727156706,"282-4-C-SAPU_2018",NA,NA,NA,NA,9.80000019073486,-6.77500009536743,5.20000020662944,14.466667175293,26.6999998092651,1.05000002682209,79.419998049736,269.809995770454,132.000003814697,3,"26B_2018",0.27
"3928","282-4-D-SAPU",2018,0.04025,0.108145596458554,41,1977,23,"282-4","SAPU",59,31,18,0,12,0,0,0,0,0,0,NA,NA,NA,0,0,0,0,597.547448,"West","26B","Tussock Tundra (Low shrub or Herbaceous)","Low Shrub-Tussock Tundra","Clay Loam","Mesic",0,823.620117,358,4.137664,-149.531178,68.583423,-0.340716162981801,0.71126076169207,"282-4-D-SAPU_2018",NA,NA,NA,NA,9.80000019073486,-6.77500009536743,5.20000020662944,14.466667175293,26.6999998092651,1.05000002682209,79.419998049736,269.809995770454,132.000003814697,3,"26B_2018",0.27
"3929","60-1-B-SAPU",2018,0.3855,1.41212390664003,19,1999,1,"60-1","SAPU",98,NA,10,10,41,0,1,0,0,0.024390244,0,NA,"Hare",NA,1,0,1,0,1438.56091,"West","20F","Low Shrub","Low Shrub-Tussock Tundra","Silt Loam","Mesic",0,110.943649,215,1.507567,-149.840126,65.909691,0.743440606868133,2.10315922446772,"60-1-B-SAPU_2018",NA,NA,NA,NA,14.0666669209798,-2.43333329260349,9.06666692097982,19.1333335240682,75.1000003814697,1.07500002284845,118.799997091293,232.519998252392,171.300003051758,3,"20F_2018",0.375
"3930","60-2-C-SAPU",2018,0.03425,0.0619504399829225,13,2005,1,"60-2","SAPU",76,NA,8,17,12,3,0,0,0.25,0,0,"Moose",NA,NA,1,0,2,0,1432.670461,"West","20F","Low Shrub","Low Shrub","Silt Loam","Mesic",0,110.927505,264,1.953402,-149.84073,65.909949,-3.11587866908192,0.0443395302517605,"60-2-C-SAPU_2018",NA,NA,NA,NA,14.0666669209798,-2.43333329260349,9.06666692097982,19.1333335240682,75.1000003814697,1.07500002284845,118.799997091293,232.519998252392,171.300003051758,3,"20F_2018",0.375
"3931","60-2-D-SAPU",2018,0.04875,0.109772156054949,24,1994,1,"60-2","SAPU",84,NA,16,7,26,2,1,0,0.076923077,0.038461538,0,"Moose","Hare",NA,1,0,2,0,1432.670461,"West","20F","Low Shrub","Low Shrub","Silt Loam","Mesic",0,110.927505,264,1.953402,-149.84073,65.909949,-1.3598866112064,0.256689881059427,"60-2-D-SAPU_2018",NA,NA,NA,NA,14.0666669209798,-2.43333329260349,9.06666692097982,19.1333335240682,75.1000003814697,1.07500002284845,118.799997091293,232.519998252392,171.300003051758,3,"20F_2018",0.375
"3932","60-3-A-SAPU",2018,0.193333333333333,0.703744661464871,16,2002,1,"60-3","SAPU",139,NA,17,32,54,2,2,0,0.037037037,0.037037037,0,"Moose","Hare",NA,1,0,3,0,1403.187226,"West","20F","Low Shrub","Black Spruce Woodland","Silt Loam","Mesic",0,111.24585,78,1.323723,-149.840194,65.910114,-0.284841051059311,0.752133795688725,"60-3-A-SAPU_2018",NA,NA,NA,NA,14.0666669209798,-2.43333329260349,9.06666692097982,19.1333335240682,75.1000003814697,1.07500002284845,118.799997091293,232.519998252392,171.300003051758,3,"20F_2018",0.375
"3933","60-3-B-SAPU",2018,0.01375,0.0247410238947238,24,1994,1,"60-3","SAPU",81,NA,8,22,16,0,0,0,0,0,0,NA,NA,NA,0,0,3,0,1403.187226,"West","20F","Low Shrub","Black Spruce Woodland","Silt Loam","Mesic",0,111.24585,78,1.323723,-149.840194,65.910114,-2.84983076796756,0.0578541108151878,"60-3-B-SAPU_2018",NA,NA,NA,NA,14.0666669209798,-2.43333329260349,9.06666692097982,19.1333335240682,75.1000003814697,1.07500002284845,118.799997091293,232.519998252392,171.300003051758,3,"20F_2018",0.375
"3934","60-4-A-SAPU",2018,0.06675,0.137406783133169,17,2001,1,"60-4","SAPU",88,NA,10,8,23,1,2,0,0.043478261,0.086956522,0,"Moose","Hare",NA,1,0,1,0,1406.241796,"West","20F","Tall Shrub (Open-Closed)","Black Spruce Woodland","Silt Loam","Mesic",0,110.670654,252,1.181915,-149.840942,65.910317,-1.80124325828765,0.165093506706456,"60-4-A-SAPU_2018",NA,NA,NA,NA,14.0666669209798,-2.43333329260349,9.06666692097982,19.1333335240682,75.1000003814697,1.07500002284845,118.799997091293,232.519998252392,171.300003051758,3,"20F_2018",0.375
"3935","60-4-D-SAPU",2018,0.053,0.117219105090742,23,1995,1,"60-4","SAPU",103,NA,15,13,35,1,4,0,0.028571429,0.114285714,0,"Moose","Hare",NA,1,0,1,0,1406.241796,"West","20F","Tall Shrub (Open-Closed)","Black Spruce Woodland","Silt Loam","Mesic",0,110.670654,252,1.181915,-149.840942,65.910317,-1.37643230885915,0.252477710639263,"60-4-D-SAPU_2018",NA,NA,NA,NA,14.0666669209798,-2.43333329260349,9.06666692097982,19.1333335240682,75.1000003814697,1.07500002284845,118.799997091293,232.519998252392,171.300003051758,3,"20F_2018",0.375
"3936","72-1-A-SAPU",2018,0.0595,0.158044887022305,18,2000,2,"72-1","SAPU",91,87,15,19,15,0,6,0,0,0.4,0,NA,"Hare",NA,1,0,0,0,895.937772,"West","20F","Tussock Tundra (Low shrub or Herbaceous)","Black Spruce Woodland","Clay Loam","Mesic",0,130.808105,148,1.606934,-150.14017,66.022623,-1.55093560997096,0.212049485374481,"72-1-A-SAPU_2018",NA,NA,NA,NA,12.6333335240682,-3.78333353996277,7.63333336512248,17.7000001271566,59.5000014305115,1.15833336797853,118.409996032715,243.999997910112,174.800003051758,3,"20F_2018",0.375
"3937","72-1-C-SAGL",2018,0.1195,0.338816840698843,12,2006,2,"72-1","SAGL",112,103,13,11,16,1,0,0,0.0625,0,0,"Moose",NA,NA,1,0,0,0,895.937772,"West","20F","Tussock Tundra (Low shrub or Herbaceous)","Black Spruce Woodland","Clay Loam","Mesic",0,130.808105,148,1.606934,-150.14017,66.022623,-1.57131815364569,0.207771127504312,"72-1-C-SAGL_2018",NA,NA,NA,NA,12.6333335240682,-3.78333353996277,7.63333336512248,17.7000001271566,59.5000014305115,1.15833336797853,118.409996032715,243.999997910112,174.800003051758,3,"20F_2018",0.375
"3938","72-1-D-SAPU",2018,0.0205,0.0183869564032974,42,1976,2,"72-1","SAPU",68,54,18,0,8,0,1,0,0,0.125,0,NA,"Hare",NA,1,0,0,0,895.937772,"West","20F","Tussock Tundra (Low shrub or Herbaceous)","Black Spruce Woodland","Clay Loam","Mesic",0,130.808105,148,1.606934,-150.14017,66.022623,-2.06602010900974,0.126688988049732,"72-1-D-SAPU_2018",NA,NA,NA,NA,12.6333335240682,-3.78333353996277,7.63333336512248,17.7000001271566,59.5000014305115,1.15833336797853,118.409996032715,243.999997910112,174.800003051758,3,"20F_2018",0.375
"3939","72-2-A-SAGL",2018,0.08025,0.241713157019493,28,1990,2,"72-2","SAGL",129,121,17,0,12,0,0,0,0,0,0,NA,NA,NA,0,0,0,0,855.94066,"West","20F","Tussock Tundra (Low shrub or Herbaceous)","Black Spruce Woodland","Clay Loam","Mesic",0,131.055786,179,2.125059,-150.13956,66.022889,-0.27287303392168,0.761189426730231,"72-2-A-SAGL_2018",NA,NA,NA,NA,12.6333335240682,-3.78333353996277,7.63333336512248,17.7000001271566,59.5000014305115,1.15833336797853,118.409996032715,243.999997910112,174.800003051758,3,"20F_2018",0.375
"3940","72-2-C-SAPU",2018,0.156,0.416330141639029,21,1997,2,"72-2","SAPU",97,84,22,5,22,0,0,0,0,0,0,NA,NA,NA,0,0,0,0,855.94066,"West","20F","Tussock Tundra (Low shrub or Herbaceous)","Black Spruce Woodland","Clay Loam","Mesic",0,131.055786,179,2.125059,-150.13956,66.022889,-0.284667377699177,0.752264432636043,"72-2-C-SAPU_2018",NA,NA,NA,NA,12.6333335240682,-3.78333353996277,7.63333336512248,17.7000001271566,59.5000014305115,1.15833336797853,118.409996032715,243.999997910112,174.800003051758,3,"20F_2018",0.375
"3941","72-2-D-SAPU",2018,0.132333333333333,0.511772751061094,29,1989,2,"72-2","SAPU",79,60,21,0,11,0,0,0,0,0,0,NA,NA,NA,0,0,0,0,855.94066,"West","20F","Tussock Tundra (Low shrub or Herbaceous)","Black Spruce Woodland","Clay Loam","Mesic",0,131.055786,179,2.125059,-150.13956,66.022889,0.545018129513038,1.72463964897001,"72-2-D-SAPU_2018",NA,NA,NA,NA,12.6333335240682,-3.78333353996277,7.63333336512248,17.7000001271566,59.5000014305115,1.15833336797853,118.409996032715,243.999997910112,174.800003051758,3,"20F_2018",0.375
"3942","72-3-A-SAGL",2018,0.21825,0.708107719186128,13,2005,2,"72-3","SAGL",122,114,14,7,15,0,1,0,0,0.066666667,0,NA,"Hare",NA,1,0,1,0,885.368743,"West","20F","Tussock Tundra (Low shrub or Herbaceous)","Black Spruce Woodland","Clay Loam","Mesic",0,132.401993,119,2.284806,-150.140609,66.023021,-0.679617151494357,0.506810987056969,"72-3-A-SAGL_2018",NA,NA,NA,NA,12.6333335240682,-3.78333353996277,7.63333336512248,17.7000001271566,59.5000014305115,1.15833336797853,118.409996032715,243.999997910112,174.800003051758,3,"20F_2018",0.375
"3943","72-3-B-SAPU",2018,0.10625,0.286145094618297,30,1988,2,"72-3","SAPU",75,59,20,4,12,0,0,0,0,0,0,NA,NA,NA,0,0,1,0,885.368743,"West","20F","Tussock Tundra (Low shrub or Herbaceous)","Black Spruce Woodland","Clay Loam","Mesic",0,132.401993,119,2.284806,-150.140609,66.023021,0.0291011870523308,1.02952876418567,"72-3-B-SAPU_2018",NA,NA,NA,NA,12.6333335240682,-3.78333353996277,7.63333336512248,17.7000001271566,59.5000014305115,1.15833336797853,118.409996032715,243.999997910112,174.800003051758,3,"20F_2018",0.375
"3944","72-3-D-SAGL",2018,0.02325,0.0677282215719564,31,1987,2,"72-3","SAGL",128,109,19,9,10,0,2,0,0,0.2,0,NA,"Hare",NA,1,0,1,0,885.368743,"West","20F","Tussock Tundra (Low shrub or Herbaceous)","Black Spruce Woodland","Clay Loam","Mesic",0,132.401993,119,2.284806,-150.140609,66.023021,-1.3485769070754,0.259609446256997,"72-3-D-SAGL_2018",NA,NA,NA,NA,12.6333335240682,-3.78333353996277,7.63333336512248,17.7000001271566,59.5000014305115,1.15833336797853,118.409996032715,243.999997910112,174.800003051758,3,"20F_2018",0.375
"3945","72-4-B-SAPU",2018,0.0343333333333333,0.0606540257019542,47,1971,2,"72-4","SAPU",111,93,14,0,13,0,0,0,0,0,0,NA,NA,NA,0,0,0,0,844.255779,"West","20F","Tussock Tundra (Low shrub or Herbaceous)","Low Shrub-Tussock Tundra","Clay Loam","Mesic",0,132.260803,156,1.029158,-150.139994,66.023305,-0.655277861756956,0.519297749553366,"72-4-B-SAPU_2018",NA,NA,NA,NA,12.6333335240682,-3.78333353996277,7.63333336512248,17.7000001271566,59.5000014305115,1.15833336797853,118.409996032715,243.999997910112,174.800003051758,3,"20F_2018",0.375
"3946","72-4-D-SAPU",2018,0.25775,1.24397153430343,7,2011,2,"72-4","SAPU",69,57,8,0,11,0,1,0,0,0.090909091,0,NA,"Hare",NA,1,0,0,0,844.255779,"West","20F","Tussock Tundra (Low shrub or Herbaceous)","Low Shrub-Tussock Tundra","Clay Loam","Mesic",0,132.260803,156,1.029158,-150.139994,66.023305,-1.31152896845706,0.269407825253899,"72-4-D-SAPU_2018",NA,NA,NA,NA,12.6333335240682,-3.78333353996277,7.63333336512248,17.7000001271566,59.5000014305115,1.15833336797853,118.409996032715,243.999997910112,174.800003051758,3,"20F_2018",0.375
"3947","86-1-A-SABE",2018,0.2365,0.564298370224943,12,2006,3,"86-1","SABE",129,NA,19,19,52,1,0,0,0.019230769,0,0,"Moose",NA,NA,1,1,0,0,1072.088921,"West","20F","Tall Shrub (Open-Closed)","Tall Shrub","Gravely Sand Loam","Mesic - Xeric",0,572.239319,57,8.372539,-150.2773,66.212913,-1.06119468525648,0.346042151826494,"86-1-A-SABE_2018",NA,NA,NA,NA,12.6333335240682,-3.78333353996277,7.63333336512248,17.7000001271566,59.5000014305115,1.15833336797853,118.409996032715,243.999997910112,174.800003051758,3,"20F_2018",0.375
"3948","86-1-D-SABE",2018,1.181,12.467578896168,12,2006,3,"86-1","SABE",76,NA,8,0,10,2,0,0,0.2,0,0,"Moose",NA,NA,1,1,0,0,1072.088921,"West","20F","Tall Shrub (Open-Closed)","Tall Shrub","Gravely Sand Loam","Mesic - Xeric",0,572.239319,57,8.372539,-150.2773,66.212913,2.03410904345532,7.64543733765662,"86-1-D-SABE_2018",NA,NA,NA,NA,12.6333335240682,-3.78333353996277,7.63333336512248,17.7000001271566,59.5000014305115,1.15833336797853,118.409996032715,243.999997910112,174.800003051758,3,"20F_2018",0.375
"3949","86-2-C-SABE",2018,0.1685,0.426133481514553,10,2008,3,"86-2","SABE",47,NA,7,22,18,0,0,0,0,0,0,NA,NA,NA,0,0,0,0,1091.215231,"West","20F","Low Shrub","Tall Shrub","Gravely Sand Loam","Mesic - Xeric",0,576.231995,67,9.004415,-150.278061,66.212989,-1.69409261105791,0.183765900544424,"86-2-C-SABE_2018",NA,NA,NA,NA,12.6333335240682,-3.78333353996277,7.63333336512248,17.7000001271566,59.5000014305115,1.15833336797853,118.409996032715,243.999997910112,174.800003051758,3,"20F_2018",0.375
"3950","86-2-D-SABE",2018,0.495,7.75678075727242,14,2004,3,"86-2","SABE",144,NA,31,15,91,0,0,0,0,0,0,NA,NA,NA,0,0,0,0,1091.215231,"West","20F","Low Shrub","Tall Shrub","Gravely Sand Loam","Mesic - Xeric",0,576.231995,67,9.004415,-150.278061,66.212989,1.8572136189448,6.40586270652794,"86-2-D-SABE_2018",NA,NA,NA,NA,12.6333335240682,-3.78333353996277,7.63333336512248,17.7000001271566,59.5000014305115,1.15833336797853,118.409996032715,243.999997910112,174.800003051758,3,"20F_2018",0.375
"3951","86-3-C-SABE",2018,0.5015,2.38138142389434,12,2006,3,"86-3","SABE",122,NA,15,7,21,1,0,0,0.047619048,0,0,"Moose",NA,NA,1,0,0,1,1057.338847,"West","20F","Tall Shrub (Open-Closed)","Tall Shrub","Gravely Sand Loam","Mesic - Xeric",0,571.701965,63,9.459789,-150.277761,66.213303,0.378658206397212,1.46032382109406,"86-3-C-SABE_2018",NA,NA,NA,NA,12.6333335240682,-3.78333353996277,7.63333336512248,17.7000001271566,59.5000014305115,1.15833336797853,118.409996032715,243.999997910112,174.800003051758,3,"20F_2018",0.375
"3952","86-3-D-SABE",2018,0.21625,0.66255501840816,13,2005,3,"86-3","SABE",120,NA,16,0,19,5,0,0,0.263157895,0,0,"Moose",NA,NA,1,0,0,1,1057.338847,"West","20F","Tall Shrub (Open-Closed)","Tall Shrub","Gravely Sand Loam","Mesic - Xeric",0,571.701965,63,9.459789,-150.277761,66.213303,-0.746109778292185,0.474207742354415,"86-3-D-SABE_2018",NA,NA,NA,NA,12.6333335240682,-3.78333353996277,7.63333336512248,17.7000001271566,59.5000014305115,1.15833336797853,118.409996032715,243.999997910112,174.800003051758,3,"20F_2018",0.375
"3953","86-4-A-SABE",2018,0.164333333333333,0.697822768528192,13,2005,3,"86-4","SABE",104,NA,19,18,32,3,0,0,0.09375,0,0,"Moose",NA,NA,1,2,0,0,1074.730943,"West","20F","Low Shrub","Tall Shrub","Gravely Sand Loam","Mesic - Xeric",0,575.689697,64,9.57597,-150.278532,66.213405,-0.694248222120661,0.49944978218157,"86-4-A-SABE_2018",NA,NA,NA,NA,12.6333335240682,-3.78333353996277,7.63333336512248,17.7000001271566,59.5000014305115,1.15833336797853,118.409996032715,243.999997910112,174.800003051758,3,"20F_2018",0.375
"3954","86-4-D-SABE",2018,0.331,1.41473928252415,11,2007,3,"86-4","SABE",123,NA,12,21,19,3,0,0,0.157894737,0,0,"Moose",NA,NA,1,2,0,0,1074.730943,"West","20F","Low Shrub","Tall Shrub","Gravely Sand Loam","Mesic - Xeric",0,575.689697,64,9.57597,-150.278532,66.213405,-0.310098396685604,0.733374791025197,"86-4-D-SABE_2018",NA,NA,NA,NA,12.6333335240682,-3.78333353996277,7.63333336512248,17.7000001271566,59.5000014305115,1.15833336797853,118.409996032715,243.999997910112,174.800003051758,3,"20F_2018",0.375
"3955","97-1-B-SAPU",2018,0.371,2.59408316191357,14,2004,4,"97-1","SAPU",161,144,25,14,28,0,0,4,0,0,0.142857143,NA,NA,"Ptarmagin",1,0,0,0,926.812684,"East","24A","Tussock Tundra (Low shrub or Herbaceous)","Low Shrub","Gravely Sand Loam","Mesic",2004,556.594971,67,6.396444,-150.432109,66.348765,0.761879366405873,2.14229860357398,"97-1-B-SAPU_2018",NA,NA,NA,NA,12.6333335240682,-3.78333353996277,7.63333336512248,17.7000001271566,59.5000014305115,1.15833336797853,118.409996032715,243.999997910112,174.800003051758,3,"24A_2018",0.77
"3956","97-1-D-SAPU",2018,0.41825,3.05991026284875,14,2004,4,"97-1","SAPU",89,76,20,18,25,0,0,0,0,0,0,NA,NA,NA,0,0,0,0,926.812684,"East","24A","Tussock Tundra (Low shrub or Herbaceous)","Low Shrub","Gravely Sand Loam","Mesic",2004,556.594971,67,6.396444,-150.432109,66.348765,0.927031811358913,2.52699742992317,"97-1-D-SAPU_2018",NA,NA,NA,NA,12.6333335240682,-3.78333353996277,7.63333336512248,17.7000001271566,59.5000014305115,1.15833336797853,118.409996032715,243.999997910112,174.800003051758,3,"24A_2018",0.77
"3957","97-2-B-SAPU",2018,2.09566666666667,39.4782458078528,10,2008,4,"97-2","SAPU",189,157,30,52,57,0,0,3,0,0,0.052631579,NA,NA,"Ptarmagin",1,0,0,0,888.474156,"East","24A","Tussock Tundra (Low shrub or Herbaceous)","Low Shrub","Gravely Sand Loam","Mesic",2004,560.389526,70,6.330689,-150.43305,66.348843,2.83465981499891,17.0246077989683,"97-2-B-SAPU_2018",NA,NA,NA,NA,12.6333335240682,-3.78333353996277,7.63333336512248,17.7000001271566,59.5000014305115,1.15833336797853,118.409996032715,243.999997910112,174.800003051758,3,"24A_2018",0.77
"3958","97-2-C-SAPU",2018,0.22775,1.42223060655618,14,2004,4,"97-2","SAPU",118,101,19,0,29,0,0,0,0,0,0,NA,NA,NA,0,0,0,0,888.474156,"East","24A","Tussock Tundra (Low shrub or Herbaceous)","Low Shrub","Gravely Sand Loam","Mesic",2004,560.389526,70,6.330689,-150.43305,66.348843,0.160872710497844,1.17453545326508,"97-2-C-SAPU_2018",NA,NA,NA,NA,12.6333335240682,-3.78333353996277,7.63333336512248,17.7000001271566,59.5000014305115,1.15833336797853,118.409996032715,243.999997910112,174.800003051758,3,"24A_2018",0.77
"3959","97-3-D-SAPU",2018,0.90925,8.95867654846724,14,2004,4,"97-3","SAPU",124,107,24,17,31,0,0,0,0,0,0,NA,NA,NA,0,0,0,0,924.995234,"East","24A","Tussock Tundra (Low shrub or Herbaceous)","Tall Shrub","Gravely Sand Loam","Mesic",2004,557.015015,71,7.919354,-150.432427,66.349149,2.00126873112391,7.39843677389853,"97-3-D-SAPU_2018",NA,NA,NA,NA,12.6333335240682,-3.78333353996277,7.63333336512248,17.7000001271566,59.5000014305115,1.15833336797853,118.409996032715,243.999997910112,174.800003051758,3,"24A_2018",0.77
"3960","102-1-C-SAPU",2017,0.8845,17.392125536445,7,2010,5,"102-1","SAPU",149,NA,21,0,55,1,0,4,0.018181818,0,0.072727273,"Moose",NA,"Ptarmagin",1,0,0,0,978.645101,"West","24A","Low Shrub","Low Shrub","Sandy Loam","Mesic",2004,428.203827,339,4.033863,-150.565499,66.400721,1.32617946829017,3.76662535123054,"102-1-C-SAPU_2017",NA,NA,NA,NA,13.3333336512248,-3.91666681567828,8.03333361943563,18.6999998092651,108.900001525879,1.2333333628873,134.139997959137,240.349998474121,174.800001144409,2,"24A_2017",0.77
"3961","102-1-D-SAPU",2017,0.4,4.53268988059936,13,2004,5,"102-1","SAPU",67,NA,13,0,26,0,0,0,0,0,0,NA,NA,NA,0,0,0,0,978.645101,"West","24A","Low Shrub","Low Shrub","Sandy Loam","Mesic",2004,428.203827,339,4.033863,-150.565499,66.400721,1.17685745552058,3.2441632398105,"102-1-D-SAPU_2017",NA,NA,NA,NA,13.3333336512248,-3.91666681567828,8.03333361943563,18.6999998092651,108.900001525879,1.2333333628873,134.139997959137,240.349998474121,174.800001144409,2,"24A_2017",0.77
"3962","102-2-A-SAPU",2017,0.08,0.465584031262005,10,2007,5,"102-2","SAPU",94,NA,13,0,22,1,0,7,0.045454545,0,0.318181818,"Moose",NA,"Ptarmagin",1,0,0,1,973.266715,"West","24A","Tall Shrub (Open-Closed)","Low Shrub","Sandy Loam","Mesic",2004,426.001434,321,4.435797,-150.566012,66.400957,-1.60555264642477,0.200778564687937,"102-2-A-SAPU_2017",NA,NA,NA,NA,13.3333336512248,-3.91666681567828,8.03333361943563,18.6999998092651,108.900001525879,1.2333333628873,134.139997959137,240.349998474121,174.800001144409,2,"24A_2017",0.77
"3963","102-2-C-SAPU",2017,0.192,1.18646644792533,13,2004,5,"102-2","SAPU",91,NA,21,0,42,0,0,5,0,0,0.119047619,NA,NA,"Ptarmagin",1,0,0,1,973.266715,"West","24A","Tall Shrub (Open-Closed)","Low Shrub","Sandy Loam","Mesic",2004,426.001434,321,4.435797,-150.566012,66.400957,-0.163478582074106,0.8491846865815,"102-2-C-SAPU_2017",NA,NA,NA,NA,13.3333336512248,-3.91666681567828,8.03333361943563,18.6999998092651,108.900001525879,1.2333333628873,134.139997959137,240.349998474121,174.800001144409,2,"24A_2017",0.77
"3964","102-3-A-SAPU",2017,0.4085,3.60233706136894,13,2004,5,"102-3","SAPU",138,NA,23,0,32,2,0,5,0.0625,0,0.15625,"Moose",NA,"Ptarmagin",1,0,0,0,939.238254,"West","24A","Tussock Tundra (Low shrub or Herbaceous)","Low Shrub","Sandy Loam","Mesic",2004,424.339783,330,3.896938,-150.565669,66.401242,0.947124718170996,2.57828569342909,"102-3-A-SAPU_2017",NA,NA,NA,NA,13.3333336512248,-3.91666681567828,8.03333361943563,18.6999998092651,108.900001525879,1.2333333628873,134.139997959137,240.349998474121,174.800001144409,2,"24A_2017",0.77
"3965","102-3-D-SAPU",2017,0.30825,2.08519854804874,9,2008,5,"102-3","SAPU",97,NA,16,0,28,0,0,3,0,0,0.107142857,NA,NA,"Ptarmagin",1,0,0,0,939.238254,"West","24A","Tussock Tundra (Low shrub or Herbaceous)","Low Shrub","Sandy Loam","Mesic",2004,424.339783,330,3.896938,-150.565669,66.401242,-0.309679642957995,0.733681958762002,"102-3-D-SAPU_2017",NA,NA,NA,NA,13.3333336512248,-3.91666681567828,8.03333361943563,18.6999998092651,108.900001525879,1.2333333628873,134.139997959137,240.349998474121,174.800001144409,2,"24A_2017",0.77
"3966","102-4-A-SAPU",2017,0.13775,0.874488429615649,13,2004,5,"102-4","SAPU",98,NA,17,0,26,2,0,3,0.076923077,0,0.115384615,"Moose",NA,"Ptarmagin",1,0,0,0,934.189604,"West","24A","Low Shrub","Low Shrub","Sandy Loam","Mesic",2004,423.102509,349,3.666453,-150.566049,66.401434,-0.468574315843968,0.62589395959813,"102-4-A-SAPU_2017",NA,NA,NA,NA,13.3333336512248,-3.91666681567828,8.03333361943563,18.6999998092651,108.900001525879,1.2333333628873,134.139997959137,240.349998474121,174.800001144409,2,"24A_2017",0.77
"3967","102-4-C-SAPU",2017,0.318,3.31976493934548,13,2004,5,"102-4","SAPU",122,NA,18,0,37,3,0,3,0.081081081,0,0.081081081,"Moose",NA,"Ptarmagin",1,0,0,0,934.189604,"West","24A","Low Shrub","Low Shrub","Sandy Loam","Mesic",2004,423.102509,349,3.666453,-150.566049,66.401434,0.865435878643827,2.37604152605566,"102-4-C-SAPU_2017",NA,NA,NA,NA,13.3333336512248,-3.91666681567828,8.03333361943563,18.6999998092651,108.900001525879,1.2333333628873,134.139997959137,240.349998474121,174.800001144409,2,"24A_2017",0.77
"3968","111-2-C-SAPU",2017,0.4385,3.38335705783945,19,1998,6,"111-2","SAPU",87,78,14,0,21,0,0,0,0,0,0,NA,NA,NA,0,0,0,0,685.564701,"West","24A","Tall Shrub (Open-Closed)","Low Shrub","Gravely Sand Loam","Mesic",0,516.430603,8,6.353059,-150.737535,66.498284,1.61721414803358,5.03903274521708,"111-2-C-SAPU_2017",NA,NA,NA,NA,13.3333336512248,-3.91666681567828,8.03333361943563,18.6999998092651,108.900001525879,1.2333333628873,134.139997959137,240.349998474121,174.800001144409,2,"24A_2017",0.77
"3969","129-4-A-SAPU",2017,0.60525,7.39045672034737,13,2004,8,"129-4","SAPU",127,105,25,18,36,0,0,0,0,0,0,NA,NA,NA,0,0,0,0,1057.255538,"East","24A","Tussock Tundra (Low shrub or Herbaceous)","Tall Shrub","Sandy Loam","Mesic - Hydric",2005,303.823029,358,6.979915,-150.646167,66.709845,1.66573143515708,5.28954079125994,"129-4-A-SAPU_2017",NA,NA,NA,NA,13.466667175293,-3.83333333333333,8.13333336512248,18.8666671117147,113.900002002716,1.20833334202568,130.279996395111,239.879998207092,167.100004196167,2,"24A_2017",0.77
"3970","129-4-B-SAPU",2017,0.6135,6.10365036845952,13,2004,8,"129-4","SAPU",194,177,37,34,72,0,0,0,0,0,0,NA,NA,NA,0,0,0,0,1057.255538,"East","24A","Tussock Tundra (Low shrub or Herbaceous)","Tall Shrub","Sandy Loam","Mesic - Hydric",2005,303.823029,358,6.979915,-150.646167,66.709845,1.47442891287965,4.36854024334749,"129-4-B-SAPU_2017",NA,NA,NA,NA,13.466667175293,-3.83333333333333,8.13333336512248,18.8666671117147,113.900002002716,1.20833334202568,130.279996395111,239.879998207092,167.100004196167,2,"24A_2017",0.77
"3971","147-1-A-SAPU",2017,0.0503333333333333,0.131297976191814,29,1988,9,"147-1","SAPU",191,167,22,11,73,23,0,0,0.315068493,0,0,"Moose",NA,NA,1,1,0,0,984.758365,"West","24A","Low Shrub","Tall Shrub","Clay Loam","Mesic - Hydric",0,426.634277,145,7.907337,-150.485282,66.911769,-0.815393183843191,0.442465322939577,"147-1-A-SAPU_2017",NA,NA,NA,NA,11.9333333969116,-5.30833355585734,6.76666673024495,17.1666669845581,72.0000014305115,1.141666688025,122.319996833801,253.309997454286,165.899997711182,2,"24A_2017",0.77
"3972","147-1-D-SAPU",2017,0.04575,0.199027159537925,23,1994,9,"147-1","SAPU",211,134,21,18,47,15,0,0,0.319148936,0,0,"Moose",NA,NA,1,1,0,0,984.758365,"West","24A","Low Shrub","Tall Shrub","Clay Loam","Mesic - Hydric",0,426.634277,145,7.907337,-150.485282,66.911769,-0.84703588993457,0.428683716329953,"147-1-D-SAPU_2017",NA,NA,NA,NA,11.9333333969116,-5.30833355585734,6.76666673024495,17.1666669845581,72.0000014305115,1.141666688025,122.319996833801,253.309997454286,165.899997711182,2,"24A_2017",0.77
"3973","147-2-B-SAPU",2017,0.0665,0.147912465316314,25,1992,9,"147-2","SAPU",104,97,14,31,12,5,0,0,0.416666667,0,0,"Moose",NA,NA,1,2,1,0,986.173835,"West","24A","Low Shrub","Tall Shrub","Clay Loam","Mesic - Hydric",0,428.943481,147,8.698308,-150.484958,66.912025,-0.982844593784304,0.374245008248653,"147-2-B-SAPU_2017",NA,NA,NA,NA,11.9333333969116,-5.30833355585734,6.76666673024495,17.1666669845581,72.0000014305115,1.141666688025,122.319996833801,253.309997454286,165.899997711182,2,"24A_2017",0.77
"3974","147-2-C-SAPU",2017,0.205,1.6725368048814,11,2006,9,"147-2","SAPU",124,112,17,11,15,3,2,0,0.2,0.133333333,0,"Moose","Hare",NA,1,2,1,0,986.173835,"West","24A","Low Shrub","Tall Shrub","Clay Loam","Mesic - Hydric",0,428.943481,147,8.698308,-150.484958,66.912025,-0.142702139484811,0.867012279162405,"147-2-C-SAPU_2017",NA,NA,NA,NA,11.9333333969116,-5.30833355585734,6.76666673024495,17.1666669845581,72.0000014305115,1.141666688025,122.319996833801,253.309997454286,165.899997711182,2,"24A_2017",0.77
"3975","147-3-B-SAPU",2017,0.11425,0.521790069077843,28,1989,9,"147-3","SAPU",167,149,20,7,58,18,0,0,0.310344828,0,0,"Moose",NA,NA,1,2,1,0,952.272152,"West","24A","White Spruce or Black Spruce (Woodland)","Black Spruce Woodland","Clay Loam","Mesic - Hydric",0,425.583191,170,6.572863,-150.484233,66.911912,0.496640584993926,1.6431918247746,"147-3-B-SAPU_2017",NA,NA,NA,NA,11.9333333969116,-5.30833355585734,6.76666673024495,17.1666669845581,72.0000014305115,1.141666688025,122.319996833801,253.309997454286,165.899997711182,2,"24A_2017",0.77
"3976","147-3-C-SAPU",2017,0.079,0.537198206596912,11,2006,9,"147-3","SAPU",128,104,11,14,17,5,2,0,0.294117647,0.117647059,0,"Moose","Hare",NA,1,2,1,0,952.272152,"West","24A","White Spruce or Black Spruce (Woodland)","Black Spruce Woodland","Clay Loam","Mesic - Hydric",0,425.583191,170,6.572863,-150.484233,66.911912,-1.27843181093691,0.278473657562693,"147-3-C-SAPU_2017",NA,NA,NA,NA,11.9333333969116,-5.30833355585734,6.76666673024495,17.1666669845581,72.0000014305115,1.141666688025,122.319996833801,253.309997454286,165.899997711182,2,"24A_2017",0.77
"3977","147-4-A-SAPU",2017,0.07675,0.305555817527585,26,1991,9,"147-4","SAPU",124,110,21,14,47,16,0,0,0.340425532,0,0,"Moose",NA,NA,1,0,1,0,956.341518,"West","24A","Tall Shrub (Open-Closed)","Tall Shrub","Clay Loam","Mesic - Hydric",0,428.39856,129,7.52786,-150.483929,66.912191,-0.181596606860619,0.833937677310875,"147-4-A-SAPU_2017",NA,NA,NA,NA,11.9333333969116,-5.30833355585734,6.76666673024495,17.1666669845581,72.0000014305115,1.141666688025,122.319996833801,253.309997454286,165.899997711182,2,"24A_2017",0.77
"3978","147-4-C-SAPU",2017,0.04775,0.0848687510899426,31,1986,9,"147-4","SAPU",113,101,16,9,12,5,0,0,0.416666667,0,0,"Moose",NA,NA,1,0,1,0,956.341518,"West","24A","Tall Shrub (Open-Closed)","Tall Shrub","Clay Loam","Mesic - Hydric",0,428.39856,129,7.52786,-150.483929,66.912191,-1.12297390403808,0.325310911221472,"147-4-C-SAPU_2017",NA,NA,NA,NA,11.9333333969116,-5.30833355585734,6.76666673024495,17.1666669845581,72.0000014305115,1.141666688025,122.319996833801,253.309997454286,165.899997711182,2,"24A_2017",0.77
"3979","151-4-B-SAPU",2017,0.0505,0.239403497370483,14,2003,10,"151-4","SAPU",61,54,9,0,8,0,0,0,0,0,0,NA,NA,NA,0,0,0,0,714.907956,"East","24A","Low Shrub","Low Shrub","Clay Loam","Mesic",0,485.466003,301,24.973797,-150.361301,66.958638,-1.62095865537465,0.197709073339493,"151-4-B-SAPU_2017",NA,NA,NA,NA,11.9333333969116,-5.30833355585734,6.76666673024495,17.1666669845581,72.0000014305115,1.141666688025,122.319996833801,253.309997454286,165.899997711182,2,"24A_2017",0.77
"3980","158-1-A-SAPU",2017,0.964,23.3663556264962,10,2007,11,"158-1","SAPU",157,139,27,13,83,0,0,17,0,0,0.204819277,NA,NA,"Ptarmagin",1,0,0,0,1304.611642,"East","24A","Low Shrub","Low Shrub","Sandy Loam","Mesic - Xeric",2005,586.787537,51,13.434302,-150.285356,67.046606,2.31020722785291,10.0765125727341,"158-1-A-SAPU_2017",NA,NA,NA,NA,11.9333333969116,-5.25000027815501,6.73333342870076,17.1666669845581,71.0000014305115,1.14166667188207,120.32999587059,253.379997596145,155.89999961853,2,"24A_2017",0.77
"3981","158-1-C-SAPU",2017,0.4385,3.54109092718905,11,2006,11,"158-1","SAPU",124,107,23,0,36,0,0,11,0,0,0.305555556,NA,NA,"Ptarmagin",1,0,0,0,1304.611642,"East","24A","Low Shrub","Low Shrub","Sandy Loam","Mesic - Xeric",2005,586.787537,51,13.434302,-150.285356,67.046606,0.60739119302183,1.83563632593496,"158-1-C-SAPU_2017",NA,NA,NA,NA,11.9333333969116,-5.25000027815501,6.73333342870076,17.1666669845581,71.0000014305115,1.14166667188207,120.32999587059,253.379997596145,155.89999961853,2,"24A_2017",0.77
"3982","158-1-D-SAGL",2017,0.42225,4.05489349694514,11,2006,11,"158-1","SAGL",134,119,17,9,22,0,0,2,0,0,0.090909091,NA,NA,"Ptarmagin",1,0,0,0,1304.611642,"East","24A","Low Shrub","Low Shrub","Sandy Loam","Mesic - Xeric",2005,586.787537,51,13.434302,-150.285356,67.046606,0.742880764426241,2.10198211620013,"158-1-D-SAGL_2017",NA,NA,NA,NA,11.9333333969116,-5.25000027815501,6.73333342870076,17.1666669845581,71.0000014305115,1.14166667188207,120.32999587059,253.379997596145,155.89999961853,2,"24A_2017",0.77
"3983","158-2-C-SAPU",2017,0.7615,12.5812256352217,11,2006,11,"158-2","SAPU",121,110,23,13,67,0,0,1,0,0,0.014925373,NA,NA,"Ptarmagin",1,0,0,1,1283.38641,"East","24A","Tussock Tundra (Low shrub or Herbaceous)","Low Shrub","Sandy Loam","Mesic - Xeric",2005,590.000549,54,15.617359,-150.286104,67.046812,1.87516201563859,6.52187568059138,"158-2-C-SAPU_2017",NA,NA,NA,NA,11.9333333969116,-5.25000027815501,6.73333342870076,17.1666669845581,71.0000014305115,1.14166667188207,120.32999587059,253.379997596145,155.89999961853,2,"24A_2017",0.77
"3984","158-2-D-SAPU",2017,0.547,4.96116856102981,6,2011,11,"158-2","SAPU",74,58,13,7,21,0,0,2,0,0,0.095238095,NA,NA,"Ptarmagin",1,0,0,1,1283.38641,"East","24A","Tussock Tundra (Low shrub or Herbaceous)","Low Shrub","Sandy Loam","Mesic - Xeric",2005,590.000549,54,15.617359,-150.286104,67.046812,-0.225865534949928,0.797825374082192,"158-2-D-SAPU_2017",NA,NA,NA,NA,11.9333333969116,-5.25000027815501,6.73333342870076,17.1666669845581,71.0000014305115,1.14166667188207,120.32999587059,253.379997596145,155.89999961853,2,"24A_2017",0.77
"3985","158-3-A-SAPU",2017,0.20825,1.22358613227336,12,2005,11,"158-3","SAPU",91,77,19,0,37,0,0,3,0,0,0.081081081,NA,NA,"Ptarmagin",1,0,0,0,1313.543229,"East","24A","Tussock Tundra (Low shrub or Herbaceous)","Low Shrub","Sandy Loam","Mesic - Xeric",2005,580.218689,48,13.61797,-150.285679,67.047111,-0.287236543424826,0.750334221217314,"158-3-A-SAPU_2017",NA,NA,NA,NA,11.9333333969116,-5.25000027815501,6.73333342870076,17.1666669845581,71.0000014305115,1.14166667188207,120.32999587059,253.379997596145,155.89999961853,2,"24A_2017",0.77
"3986","158-3-B-SAPU",2017,0.815666666666667,12.497275464014,12,2005,11,"158-3","SAPU",129,118,12,11,15,0,0,0,0,0,0,NA,NA,NA,0,0,0,0,1313.543229,"East","24A","Tussock Tundra (Low shrub or Herbaceous)","Low Shrub","Sandy Loam","Mesic - Xeric",2005,580.218689,48,13.61797,-150.285679,67.047111,2.0364881145626,7.66364803040627,"158-3-B-SAPU_2017",NA,NA,NA,NA,11.9333333969116,-5.25000027815501,6.73333342870076,17.1666669845581,71.0000014305115,1.14166667188207,120.32999587059,253.379997596145,155.89999961853,2,"24A_2017",0.77
"3987","158-4-C-SAPU",2017,0.348333333333333,2.51292681113319,12,2005,11,"158-4","SAPU",191,163,27,14,50,0,0,4,0,0,0.08,NA,NA,"Ptarmagin",1,0,0,0,1283.367604,"East","24A","Tussock Tundra (Low shrub or Herbaceous)","Low Shrub","Sandy Loam","Mesic - Xeric",2005,587.563538,57,15.053073,-150.286524,67.047197,0.432425590926527,1.54099080732837,"158-4-C-SAPU_2017",NA,NA,NA,NA,11.9333333969116,-5.25000027815501,6.73333342870076,17.1666669845581,71.0000014305115,1.14166667188207,120.32999587059,253.379997596145,155.89999961853,2,"24A_2017",0.77
"3988","173-1-A-SAPU",2017,0.47225,6.41478956868157,7,2010,12,"173-1","SAPU",112,96,14,9,23,2,0,0,0.086956522,0,0,"Moose",NA,NA,1,0,0,0,1301.486525,"East","24A","Low Shrub","Low Shrub","Clay Loam","Mesic",0,349.871613,358,2.901099,-150.191497,67.228159,0.328768114398627,1.38925566984747,"173-1-A-SAPU_2017",NA,NA,NA,NA,11.9333333969116,-5.25000027815501,6.73333342870076,17.1666669845581,71.0000014305115,1.14166667188207,120.32999587059,253.379997596145,155.89999961853,2,"24A_2017",0.77
"3989","173-1-B-SAPU",2017,0.5465,5.21931637096794,9,2008,12,"173-1","SAPU",118,88,16,17,14,6,0,0,0.428571429,0,0,"Moose",NA,NA,1,0,0,0,1301.486525,"East","24A","Low Shrub","Low Shrub","Clay Loam","Mesic",0,349.871613,358,2.901099,-150.191497,67.228159,0.607822709345129,1.83642860390138,"173-1-B-SAPU_2017",NA,NA,NA,NA,11.9333333969116,-5.25000027815501,6.73333342870076,17.1666669845581,71.0000014305115,1.14166667188207,120.32999587059,253.379997596145,155.89999961853,2,"24A_2017",0.77
"3990","173-2-C-SAPU",2017,0.3875,3.68070958789988,9,2008,12,"173-2","SAPU",129,111,17,16,20,7,0,0,0.35,0,0,"Moose",NA,NA,1,2,0,0,1323.706943,"East","24A","Tussock Tundra (Low shrub or Herbaceous)","Low Shrub","Clay Loam","Mesic",0,348.371155,13,2.823825,-150.190835,67.228457,0.258561835834936,1.29506622887853,"173-2-C-SAPU_2017",NA,NA,NA,NA,11.9333333969116,-5.25000027815501,6.73333342870076,17.1666669845581,71.0000014305115,1.14166667188207,120.32999587059,253.379997596145,155.89999961853,2,"24A_2017",0.77
"3991","173-2-D-SAPU",2017,0.06125,0.287142550285813,11,2006,12,"173-2","SAPU",89,70,12,0,18,0,0,0,0,0,0,NA,NA,NA,0,2,0,0,1323.706943,"East","24A","Tussock Tundra (Low shrub or Herbaceous)","Low Shrub","Clay Loam","Mesic",0,348.371155,13,2.823825,-150.190835,67.228457,-1.90482015381237,0.148849410214002,"173-2-D-SAPU_2017",NA,NA,NA,NA,11.9333333969116,-5.25000027815501,6.73333342870076,17.1666669845581,71.0000014305115,1.14166667188207,120.32999587059,253.379997596145,155.89999961853,2,"24A_2017",0.77
"3992","173-3-A-SAPU",2017,0.06575,0.293986117182575,15,2002,12,"173-3","SAPU",59,53,10,0,2,0,0,0,0,0,0,NA,NA,NA,0,0,0,0,1278.311889,"East","24A","Low Shrub","Low Shrub","Clay Loam","Mesic",0,347.24527,24,1.739254,-150.191816,67.228627,-1.28234957501671,0.277384797810467,"173-3-A-SAPU_2017",NA,NA,NA,NA,11.9333333969116,-5.25000027815501,6.73333342870076,17.1666669845581,71.0000014305115,1.14166667188207,120.32999587059,253.379997596145,155.89999961853,2,"24A_2017",0.77
"3993","173-3-B-SAPU",2017,0.325,2.83996048893701,8,2009,12,"173-3","SAPU",84,81,12,0,7,1,0,0,0.142857143,0,0,"Moose",NA,NA,1,0,0,0,1278.311889,"East","24A","Low Shrub","Low Shrub","Clay Loam","Mesic",0,347.24527,24,1.739254,-150.191816,67.228627,-0.228195527742317,0.795968610673685,"173-3-B-SAPU_2017",NA,NA,NA,NA,11.9333333969116,-5.25000027815501,6.73333342870076,17.1666669845581,71.0000014305115,1.14166667188207,120.32999587059,253.379997596145,155.89999961853,2,"24A_2017",0.77
"3994","173-4-B-SAPU",2017,0.0296666666666667,0.245536960705594,19,1998,12,"173-4","SAPU",149,112,21,11,30,5,0,0,0.166666667,0,0,"Moose",NA,NA,1,1,0,0,1308.377258,"East","24A","Low Shrub","Low Shrub","Clay Loam","Mesic",0,346.165253,355,1.872125,-150.190975,67.22891,-1.00596207123803,0.365692643136715,"173-4-B-SAPU_2017",NA,NA,NA,NA,11.9333333969116,-5.25000027815501,6.73333342870076,17.1666669845581,71.0000014305115,1.14166667188207,120.32999587059,253.379997596145,155.89999961853,2,"24A_2017",0.77
"3995","173-4-C-SAPU",2017,0.51525,5.87549670518288,13,2004,12,"173-4","SAPU",167,122,27,13,41,9,0,0,0.219512195,0,0,"Moose",NA,NA,1,1,0,0,1308.377258,"East","24A","Low Shrub","Low Shrub","Clay Loam","Mesic",0,346.165253,355,1.872125,-150.190975,67.22891,1.43633250164342,4.20524477268266,"173-4-C-SAPU_2017",NA,NA,NA,NA,11.9333333969116,-5.25000027815501,6.73333342870076,17.1666669845581,71.0000014305115,1.14166667188207,120.32999587059,253.379997596145,155.89999961853,2,"24A_2017",0.77
"3996","184-1-A-SAPU",2017,0.0495,0.264131758545052,13,2004,13,"184-1","SAPU",133,112,18,3,22,6,0,0,0.272727273,0,0,"Moose",NA,NA,1,2,0,0,692.283244,"East","24A","White Spruce or Black Spruce (Open-Closed)","Tall Shrub","Clay Loam","Mesic",0,423.977753,249,10.469168,-150.109686,67.368938,-1.66576531531566,0.189045922864914,"184-1-A-SAPU_2017",NA,NA,NA,NA,11.9333333969116,-5.25000027815501,6.73333342870076,17.1666669845581,71.0000014305115,1.14166667188207,120.32999587059,253.379997596145,155.89999961853,2,"24A_2017",0.77
"3997","184-1-C-SAPU",2017,0.22425,1.91642198052178,11,2006,13,"184-1","SAPU",108,91,21,0,42,8,1,0,0.19047619,0.023809524,0,"Moose","Hare",NA,1,2,0,0,692.283244,"East","24A","White Spruce or Black Spruce (Open-Closed)","Tall Shrub","Clay Loam","Mesic",0,423.977753,249,10.469168,-150.109686,67.368938,-0.0065837625159384,0.993437862963461,"184-1-C-SAPU_2017",NA,NA,NA,NA,11.9333333969116,-5.25000027815501,6.73333342870076,17.1666669845581,71.0000014305115,1.14166667188207,120.32999587059,253.379997596145,155.89999961853,2,"24A_2017",0.77
"3998","184-2-A-SAPU",2017,0.37275,4.10006410151661,13,2004,13,"184-2","SAPU",124,118,27,4,36,7,0,0,0.194444444,0,0,"Moose",NA,NA,1,1,0,0,706.210196,"East","24A","White Spruce or Black Spruce (Open-Closed)","Tall Shrub","Clay Loam","Mesic",0,429.192566,258,16.706417,-150.109279,67.369156,1.07654450772822,2.93452179376721,"184-2-A-SAPU_2017",NA,NA,NA,NA,11.9333333969116,-5.25000027815501,6.73333342870076,17.1666669845581,71.0000014305115,1.14166667188207,120.32999587059,253.379997596145,155.89999961853,2,"24A_2017",0.77
"3999","184-2-D-SAPU",2017,0.11925,0.783829919614685,26,1991,13,"184-2","SAPU",172,139,22,0,38,6,3,0,0.157894737,0.078947368,0,"Moose","Hare",NA,1,1,0,0,706.210196,"East","24A","White Spruce or Black Spruce (Open-Closed)","Tall Shrub","Clay Loam","Mesic",0,429.192566,258,16.706417,-150.109279,67.369156,0.760462980001045,2.13926642882926,"184-2-D-SAPU_2017",NA,NA,NA,NA,11.9333333969116,-5.25000027815501,6.73333342870076,17.1666669845581,71.0000014305115,1.14166667188207,120.32999587059,253.379997596145,155.89999961853,2,"24A_2017",0.77
"4000","184-3-C-SAPU",2017,0.0765,0.369269869086412,20,1997,13,"184-3","SAPU",130,116,18,14,25,1,4,0,0.04,0.16,0,"Moose","Hare",NA,1,1,3,0,683.765397,"East","24A","White Spruce or Black Spruce (Open-Closed)","Tall Shrub","Clay Loam","Mesic",0,425.482941,261,10.788996,-150.109693,67.36937,-0.498833214055316,0.607238764184245,"184-3-C-SAPU_2017",NA,NA,NA,NA,11.9333333969116,-5.25000027815501,6.73333342870076,17.1666669845581,71.0000014305115,1.14166667188207,120.32999587059,253.379997596145,155.89999961853,2,"24A_2017",0.77
"4001","184-3-D-SAPU",2017,0.059,0.331505569195776,14,2003,13,"184-3","SAPU",66,58,11,0,18,1,2,0,0.055555556,0.111111111,0,"Moose","Hare",NA,1,1,3,0,683.765397,"East","24A","White Spruce or Black Spruce (Open-Closed)","Tall Shrub","Clay Loam","Mesic",0,425.482941,261,10.788996,-150.109693,67.36937,-1.29546444781902,0.273770682602646,"184-3-D-SAPU_2017",NA,NA,NA,NA,11.9333333969116,-5.25000027815501,6.73333342870076,17.1666669845581,71.0000014305115,1.14166667188207,120.32999587059,253.379997596145,155.89999961853,2,"24A_2017",0.77
"4002","184-4-C-SAPU",2017,0.0705,0.259687975736549,17,2000,13,"184-4","SAPU",142,131,16,7,32,1,3,0,0.03125,0.09375,0,"Moose","Hare",NA,1,2,1,0,702.330496,"East","24A","White Spruce or Black Spruce (Open-Closed)","Tall Shrub","Clay Loam","Mesic",0,431.246765,263,17.707565,-150.109187,67.369491,-1.16470818763286,0.312013698205112,"184-4-C-SAPU_2017",NA,NA,NA,NA,11.9333333969116,-5.25000027815501,6.73333342870076,17.1666669845581,71.0000014305115,1.14166667188207,120.32999587059,253.379997596145,155.89999961853,2,"24A_2017",0.77
"4003","184-4-D-SAPU",2017,0.07775,0.223924281317624,22,1995,13,"184-4","SAPU",139,114,15,19,23,0,0,0,0,0,0,NA,NA,NA,0,2,1,0,702.330496,"East","24A","White Spruce or Black Spruce (Open-Closed)","Tall Shrub","Clay Loam","Mesic",0,431.246765,263,17.707565,-150.109187,67.369491,-0.815006670464635,0.442636374761219,"184-4-D-SAPU_2017",NA,NA,NA,NA,11.9333333969116,-5.25000027815501,6.73333342870076,17.1666669845581,71.0000014305115,1.14166667188207,120.32999587059,253.379997596145,155.89999961853,2,"24A_2017",0.77
"4004","191-1-B-SAPU",2017,0.2615,2.17663440588193,15,2002,14,"191-1","SAPU",112,103,12,23,16,2,0,0,0.125,0,0,"Moose",NA,NA,1,1,0,0,1595.806211,"East","24A","Low Shrub","Low Shrub","Clay Loam","Mesic",0,492.755432,293,2.980974,-149.860617,67.475764,0.719652991532015,2.05372042860074,"191-1-B-SAPU_2017",NA,NA,NA,NA,10.1000003814697,-6.73333332935969,5.10000006357829,15.200000445048,29.800000667572,1.06666668131948,92.9499983787537,270.989999175072,152.10000038147,2,"24A_2017",0.77
"4005","191-1-C-SAPU",2017,0.3595,2.91724680980797,15,2002,14,"191-1","SAPU",163,139,21,0,37,12,0,0,0.324324324,0,0,"Moose",NA,NA,1,1,0,0,1595.806211,"East","24A","Low Shrub","Low Shrub","Clay Loam","Mesic",0,492.755432,293,2.980974,-149.860617,67.475764,1.01251345635117,2.7525106432127,"191-1-C-SAPU_2017",NA,NA,NA,NA,10.1000003814697,-6.73333332935969,5.10000006357829,15.200000445048,29.800000667572,1.06666668131948,92.9499983787537,270.989999175072,152.10000038147,2,"24A_2017",0.77
"4006","191-2-A-SAPU",2017,0.39025,3.68936015962109,10,2007,14,"191-2","SAPU",126,110,15,27,22,2,0,0,0.090909091,0,0,"Moose",NA,NA,1,0,0,0,1628.072852,"East","24A","Low Shrub","Low Shrub","Clay Loam","Mesic",0,494.812988,260,1.497492,-149.859771,67.475671,0.464363078386496,1.59100052348816,"191-2-A-SAPU_2017",NA,NA,NA,NA,10.1000003814697,-6.73333332935969,5.10000006357829,15.200000445048,29.800000667572,1.06666668131948,92.9499983787537,270.989999175072,152.10000038147,2,"24A_2017",0.77
"4007","191-2-B-SAPU",2017,0.09875,0.496759429610364,10,2007,14,"191-2","SAPU",107,87,14,11,25,15,1,0,0.6,0.04,0,"Moose","Hare",NA,1,0,0,0,1628.072852,"East","24A","Low Shrub","Low Shrub","Clay Loam","Mesic",0,494.812988,260,1.497492,-149.859771,67.475671,-1.54073938127672,0.214222650639492,"191-2-B-SAPU_2017",NA,NA,NA,NA,10.1000003814697,-6.73333332935969,5.10000006357829,15.200000445048,29.800000667572,1.06666668131948,92.9499983787537,270.989999175072,152.10000038147,2,"24A_2017",0.77
"4008","191-3-A-SAPU",2017,0.18575,1.14244664801277,15,2002,14,"191-3","SAPU",109,97,22,14,31,13,0,0,0.419354839,0,0,"Moose",NA,NA,1,2,0,0,1608.343863,"East","24A","Low Shrub","Low Shrub","Clay Loam","Mesic",0,494.475037,298,4.15829,-149.859591,67.475979,0.0750453033231359,1.07793298372476,"191-3-A-SAPU_2017",NA,NA,NA,NA,10.1000003814697,-6.73333332935969,5.10000006357829,15.200000445048,29.800000667572,1.06666668131948,92.9499983787537,270.989999175072,152.10000038147,2,"24A_2017",0.77
"4009","191-3-B-SAPU",2017,0.16525,1.03141765854685,9,2008,14,"191-3","SAPU",107,89,14,21,14,6,0,0,0.428571429,0,0,"Moose",NA,NA,1,2,0,0,1608.343863,"East","24A","Low Shrub","Low Shrub","Clay Loam","Mesic",0,494.475037,298,4.15829,-149.859591,67.475979,-1.01360949711965,0.362906701969699,"191-3-B-SAPU_2017",NA,NA,NA,NA,10.1000003814697,-6.73333332935969,5.10000006357829,15.200000445048,29.800000667572,1.06666668131948,92.9499983787537,270.989999175072,152.10000038147,2,"24A_2017",0.77
"4010","191-4-A-SAPU",2017,0.154,0.527831548100235,26,1991,14,"191-4","SAPU",109,85,19,16,39,13,0,0,0.333333333,0,0,"Moose",NA,NA,1,1,0,0,1634.196324,"East","24A","Low Shrub","Low Shrub","Clay Loam","Mesic",0,497.007599,303,3.553675,-149.85875,67.475963,0.365048117566309,1.44058332384516,"191-4-A-SAPU_2017",NA,NA,NA,NA,10.1000003814697,-6.73333332935969,5.10000006357829,15.200000445048,29.800000667572,1.06666668131948,92.9499983787537,270.989999175072,152.10000038147,2,"24A_2017",0.77
"4011","191-4-D-SAPU",2017,0.18575,0.87751456873922,17,2000,14,"191-4","SAPU",114,103,16,7,34,2,0,0,0.058823529,0,0,"Moose",NA,NA,1,1,0,0,1634.196324,"East","24A","Low Shrub","Low Shrub","Clay Loam","Mesic",0,497.007599,303,3.553675,-149.85875,67.475963,0.0529045531152323,1.05432900789735,"191-4-D-SAPU_2017",NA,NA,NA,NA,10.1000003814697,-6.73333332935969,5.10000006357829,15.200000445048,29.800000667572,1.06666668131948,92.9499983787537,270.989999175072,152.10000038147,2,"24A_2017",0.77
"4012","203-1-C-SAPU",2017,0.1905,0.884543685952089,21,1996,15,"203-1","SAPU",102,74,13,0,16,1,1,0,0.0625,0.0625,0,"Moose","Hare",NA,1,1,0,0,905.036767,"East","24A","Low Shrub","Low Shrub","Loam","Mesic",0,550.644958,299,23.927214,-149.794431,67.571449,0.468925970014198,1.59827667397542,"203-1-C-SAPU_2017",NA,NA,NA,NA,9.23333342870077,-7.566667030255,4.300000111262,14.200000445048,19.700000166893,1.0166666743656,80.8099964857101,278.939997196198,140.800001144409,2,"24A_2017",0.77
"4013","203-1-D-SAPU",2017,0.3595,3.04486929897107,11,2006,15,"203-1","SAPU",121,103,12,14,16,0,0,0,0,0,0,NA,NA,NA,0,1,0,0,905.036767,"East","24A","Low Shrub","Low Shrub","Loam","Mesic",0,550.644958,299,23.927214,-149.794431,67.571449,0.456414318907332,1.5784041720025,"203-1-D-SAPU_2017",NA,NA,NA,NA,9.23333342870077,-7.566667030255,4.300000111262,14.200000445048,19.700000166893,1.0166666743656,80.8099964857101,278.939997196198,140.800001144409,2,"24A_2017",0.77
"4014","203-2-A-SAPU",2017,0.093,0.219710423821456,21,1996,15,"203-2","SAPU",122,97,14,32,16,1,0,0,0.0625,0,0,"Moose",NA,NA,1,0,1,0,933.944119,"East","24A","Low Shrub","Low Shrub","Loam","Mesic",0,566.911377,300,26.508135,-149.793674,67.571447,-0.923835508957609,0.396993445321034,"203-2-A-SAPU_2017",NA,NA,NA,NA,9.23333342870077,-7.566667030255,4.300000111262,14.200000445048,19.700000166893,1.0166666743656,80.8099964857101,278.939997196198,140.800001144409,2,"24A_2017",0.77
"4015","203-2-B-SAPU",2017,0.03725,0.0780259695913426,22,1995,15,"203-2","SAPU",129,107,22,18,35,2,0,0,0.057142857,0,0,"Moose",NA,NA,1,0,1,0,933.944119,"East","24A","Low Shrub","Low Shrub","Loam","Mesic",0,566.911377,300,26.508135,-149.793674,67.571447,-1.86927292058772,0.154235762704769,"203-2-B-SAPU_2017",NA,NA,NA,NA,9.23333342870077,-7.566667030255,4.300000111262,14.200000445048,19.700000166893,1.0166666743656,80.8099964857101,278.939997196198,140.800001144409,2,"24A_2017",0.77
"4016","203-3-B-SAPU",2017,0.09275,0.408882799904152,10,2007,15,"203-3","SAPU",63,60,8,18,11,1,0,0,0.090909091,0,0,"Moose",NA,NA,1,0,1,0,922.335664,"East","24A","Low Shrub","Low Shrub","Loam","Mesic",0,556.241272,305,23.609533,-149.79364,67.571701,-1.73541668295904,0.176326712640498,"203-3-B-SAPU_2017",NA,NA,NA,NA,9.23333342870077,-7.566667030255,4.300000111262,14.200000445048,19.700000166893,1.0166666743656,80.8099964857101,278.939997196198,140.800001144409,2,"24A_2017",0.77
"4017","203-3-D-SAPU",2017,0.06675,0.319951773163576,29,1988,15,"203-3","SAPU",117,104,18,17,39,2,3,0,0.051282051,0.076923077,0,"Moose","Hare",NA,1,0,1,0,922.335664,"East","24A","Low Shrub","Low Shrub","Loam","Mesic",0,556.241272,305,23.609533,-149.79364,67.571701,0.0753077241581617,1.07821589291746,"203-3-D-SAPU_2017",NA,NA,NA,NA,9.23333342870077,-7.566667030255,4.300000111262,14.200000445048,19.700000166893,1.0166666743656,80.8099964857101,278.939997196198,140.800001144409,2,"24A_2017",0.77
"4018","203-4-B-SAPU",2017,0.04775,0.185751181682938,21,1996,15,"203-4","SAPU",76,69,15,0,18,3,0,0,0.166666667,0,0,"Moose",NA,NA,1,1,1,0,951.384807,"East","24A","Low Shrub","Low Shrub","Loam","Mesic",0,569.135193,316,29.227108,-149.792864,67.571712,-1.09173788766561,0.335632694644876,"203-4-B-SAPU_2017",NA,NA,NA,NA,9.23333342870077,-7.566667030255,4.300000111262,14.200000445048,19.700000166893,1.0166666743656,80.8099964857101,278.939997196198,140.800001144409,2,"24A_2017",0.77
"4019","203-4-C-SAPU",2017,0.03975,0.0809523631481612,25,1992,15,"203-4","SAPU",75,68,9,10,9,1,0,0,0.111111111,0,0,"Moose",NA,NA,1,1,1,0,951.384807,"East","24A","Low Shrub","Low Shrub","Loam","Mesic",0,569.135193,316,29.227108,-149.792864,67.571712,-1.58560436962071,0.204823966319153,"203-4-C-SAPU_2017",NA,NA,NA,NA,9.23333342870077,-7.566667030255,4.300000111262,14.200000445048,19.700000166893,1.0166666743656,80.8099964857101,278.939997196198,140.800001144409,2,"24A_2017",0.77
"4020","209-1-C-SAPU",2017,0.0835,0.25169890561847,20,1997,16,"209-1","SAPU",64,53,15,0,11,0,0,0,0,0,0,NA,NA,NA,0,0,1,0,698.873831,"East","24A","Low Shrub","Black Spruce Woodland","Sandy Loam","Mesic - Xeric",0,553.345276,287,19.679848,-149.692986,67.655886,-0.882127389153775,0.413901444957916,"209-1-C-SAPU_2017",NA,NA,NA,NA,9.23333342870077,-7.566667030255,4.300000111262,14.200000445048,19.700000166893,1.0166666743656,80.8099964857101,278.939997196198,140.800001144409,2,"24A_2017",0.77
"4021","209-1-D-SAPU",2017,0.116,0.297735018966011,28,1989,16,"209-1","SAPU",53,47,13,0,9,1,0,0,0.111111111,0,0,"Moose",NA,NA,1,0,1,0,698.873831,"East","24A","Low Shrub","Black Spruce Woodland","Sandy Loam","Mesic - Xeric",0,553.345276,287,19.679848,-149.692986,67.655886,-0.0644208626469001,0.937610311324409,"209-1-D-SAPU_2017",NA,NA,NA,NA,9.23333342870077,-7.566667030255,4.300000111262,14.200000445048,19.700000166893,1.0166666743656,80.8099964857101,278.939997196198,140.800001144409,2,"24A_2017",0.77
"4022","209-2-A-SAPU",2017,0.02875,0.10185926955872,14,2003,16,"209-2","SAPU",55,46,9,0,10,0,0,0,0,0,0,NA,NA,NA,0,0,0,0,728.528855,"East","24A","Low Shrub","Black Spruce Woodland","Sandy Loam","Mesic - Xeric",0,561.911133,287,21.070175,-149.692261,67.656,-2.47551690689195,0.0841194970695318,"209-2-A-SAPU_2017",NA,NA,NA,NA,9.23333342870077,-7.566667030255,4.300000111262,14.200000445048,19.700000166893,1.0166666743656,80.8099964857101,278.939997196198,140.800001144409,2,"24A_2017",0.77
"4023","209-2-D-SAPU",2017,0.0275,0.0415986137243456,40,1977,16,"209-2","SAPU",53,41,8,0,11,0,0,0,0,0,0,NA,NA,NA,0,0,0,0,728.528855,"East","24A","Low Shrub","Black Spruce Woodland","Sandy Loam","Mesic - Xeric",0,561.911133,287,21.070175,-149.692261,67.656,-1.34380979873709,0.260849987160089,"209-2-D-SAPU_2017",NA,NA,NA,NA,9.23333342870077,-7.566667030255,4.300000111262,14.200000445048,19.700000166893,1.0166666743656,80.8099964857101,278.939997196198,140.800001144409,2,"24A_2017",0.77
"4024","209-3-A-SAPU",2017,0.03375,0.0859628107315547,25,1992,16,"209-3","SAPU",74,55,12,0,9,0,0,0,0,0,0,NA,NA,NA,0,0,1,0,711.058695,"East","24A","Low Shrub","Black Spruce Woodland","Sandy Loam","Mesic - Xeric",0,553.430786,276,18.070417,-149.69261,67.656251,-1.52555047263386,0.217501295394607,"209-3-A-SAPU_2017",NA,NA,NA,NA,9.23333342870077,-7.566667030255,4.300000111262,14.200000445048,19.700000166893,1.0166666743656,80.8099964857101,278.939997196198,140.800001144409,2,"24A_2017",0.77
"4025","209-3-B-SAPU",2017,0.05525,0.0781512405984039,41,1976,16,"209-3","SAPU",59,53,15,0,17,0,1,0,0,0.058823529,0,NA,"Hare",NA,1,0,1,0,711.058695,"East","24A","Low Shrub","Black Spruce Woodland","Sandy Loam","Mesic - Xeric",0,553.430786,276,18.070417,-149.69261,67.656251,-0.665548666250171,0.513991440571545,"209-3-B-SAPU_2017",NA,NA,NA,NA,9.23333342870077,-7.566667030255,4.300000111262,14.200000445048,19.700000166893,1.0166666743656,80.8099964857101,278.939997196198,140.800001144409,2,"24A_2017",0.77
"4026","209-4-A-SAPU",2017,0.099,0.226109848056818,11,2006,16,"209-4","SAPU",62,59,8,0,9,0,0,0,0,0,0,NA,NA,NA,0,0,0,0,738.024448,"East","24A","Low Shrub","Black Spruce Woodland","Sandy Loam","Mesic - Xeric",0,561.090881,296,18.584587,-149.691928,67.656444,-2.14377800261786,0.11721118132208,"209-4-A-SAPU_2017",NA,NA,NA,NA,9.23333342870077,-7.566667030255,4.300000111262,14.200000445048,19.700000166893,1.0166666743656,80.8099964857101,278.939997196198,140.800001144409,2,"24A_2017",0.77
"4027","209-4-B-SAPU",2017,0.08625,0.382802083092213,20,1997,16,"209-4","SAPU",67,54,11,11,16,0,0,2,0,0,0.125,NA,NA,"Ptarmagin",1,0,0,0,738.024448,"East","24A","Low Shrub","Black Spruce Woodland","Sandy Loam","Mesic - Xeric",0,561.090881,296,18.584587,-149.691928,67.656444,-0.462842842036914,0.629491554345243,"209-4-B-SAPU_2017",NA,NA,NA,NA,9.23333342870077,-7.566667030255,4.300000111262,14.200000445048,19.700000166893,1.0166666743656,80.8099964857101,278.939997196198,140.800001144409,2,"24A_2017",0.77
"4028","222-1-A-SAGL",2017,0.22975,1.04459742512682,11,2006,17,"222-1","SAGL",78,49,13,0,27,1,11,0,0.037037037,0.407407407,0,"Moose","Hare",NA,1,2,18,0,769.468544,"East","24A","Low Shrub","Tall Shrub","Clay Loam","Mesic",0,669.484009,287,15.029548,-149.809491,67.826198,-0.613412086091057,0.541500068472698,"222-1-A-SAGL_2017",NA,NA,NA,NA,9.23333342870077,-7.566667030255,4.300000111262,14.200000445048,19.700000166893,1.0166666743656,80.8099964857101,278.939997196198,140.800001144409,2,"24A_2017",0.77
"4029","222-1-C-SAGL",2017,0.14025,0.657057231264375,18,1999,17,"222-1","SAGL",74,60,14,0,25,0,7,0,0,0.28,0,NA,"Hare",NA,1,2,18,0,769.468544,"East","24A","Low Shrub","Tall Shrub","Clay Loam","Mesic",0,669.484009,287,15.029548,-149.809491,67.826198,-0.126043573046249,0.881576432975833,"222-1-C-SAGL_2017",NA,NA,NA,NA,9.23333342870077,-7.566667030255,4.300000111262,14.200000445048,19.700000166893,1.0166666743656,80.8099964857101,278.939997196198,140.800001144409,2,"24A_2017",0.77
"4030","222-2-B-SAGL",2017,0.05575,0.286666598998791,23,1994,17,"222-2","SAGL",106,74,19,0,21,0,10,0,0,0.476190476,0,NA,"Hare",NA,1,3,13,0,794.735172,"East","24A","Low Shrub","Tall Shrub","Clay Loam","Mesic",0,676.198608,282,15.59229,-149.808768,67.826375,-0.482157320907889,0.617449916341963,"222-2-B-SAGL_2017",NA,NA,NA,NA,9.23333342870077,-7.566667030255,4.300000111262,14.200000445048,19.700000166893,1.0166666743656,80.8099964857101,278.939997196198,140.800001144409,2,"24A_2017",0.77
"4031","222-2-C-SAGL",2017,0.05725,0.145368757014611,15,2002,17,"222-2","SAGL",67,53,14,0,18,0,8,0,0,0.444444444,0,NA,"Hare",NA,1,3,13,0,794.735172,"East","24A","Low Shrub","Tall Shrub","Clay Loam","Mesic",0,676.198608,282,15.59229,-149.808768,67.826375,-1.98660845486589,0.137159821215009,"222-2-C-SAGL_2017",NA,NA,NA,NA,9.23333342870077,-7.566667030255,4.300000111262,14.200000445048,19.700000166893,1.0166666743656,80.8099964857101,278.939997196198,140.800001144409,2,"24A_2017",0.77
"4032","222-3-B-SAGL",2017,0.1125,0.345123587950923,22,1995,17,"222-3","SAGL",90,74,14,0,22,0,5,0,0,0.227272727,0,NA,"Hare",NA,1,2,11,1,778.440723,"East","24A","Low Shrub","Low Shrub","Clay Loam","Mesic",0,672.469177,278,13.422374,-149.809021,67.826615,-0.382412056514207,0.682213884605458,"222-3-B-SAGL_2017",NA,NA,NA,NA,9.23333342870077,-7.566667030255,4.300000111262,14.200000445048,19.700000166893,1.0166666743656,80.8099964857101,278.939997196198,140.800001144409,2,"24A_2017",0.77
"4033","222-3-D-SAGL",2017,0.093,0.321823180637412,24,1993,17,"222-3","SAGL",89,75,11,0,18,1,6,0,0.055555556,0.333333333,0,"Moose","Hare",NA,1,2,11,1,778.440723,"East","24A","Low Shrub","Low Shrub","Clay Loam","Mesic",0,672.469177,278,13.422374,-149.809021,67.826615,-0.284291254018085,0.75254743032133,"222-3-D-SAGL_2017",NA,NA,NA,NA,9.23333342870077,-7.566667030255,4.300000111262,14.200000445048,19.700000166893,1.0166666743656,80.8099964857101,278.939997196198,140.800001144409,2,"24A_2017",0.77
"4034","222-4-A-SAGL",2017,0.2285,1.21137849227014,11,2006,17,"222-4","SAGL",84,77,12,0,11,0,2,0,0,0.181818182,0,NA,"Hare",NA,1,0,15,0,805.061274,"East","24A","Low Shrub","Low Shrub","Clay Loam","Mesic",0,678.755371,278,16.631924,-149.808355,67.826658,-0.465284697205024,0.62795630233436,"222-4-A-SAGL_2017",NA,NA,NA,NA,9.23333342870077,-7.566667030255,4.300000111262,14.200000445048,19.700000166893,1.0166666743656,80.8099964857101,278.939997196198,140.800001144409,2,"24A_2017",0.77
"4035","222-4-C-SAGL",2017,0.13575,0.590769233574549,26,1991,17,"222-4","SAGL",71,66,12,8,15,1,4,0,0.066666667,0.266666667,0,"Moose","Hare",NA,1,0,15,0,805.061274,"East","24A","Low Shrub","Low Shrub","Clay Loam","Mesic",0,678.755371,278,16.631924,-149.808355,67.826658,0.477696395881113,1.61235589117661,"222-4-C-SAGL_2017",NA,NA,NA,NA,9.23333342870077,-7.566667030255,4.300000111262,14.200000445048,19.700000166893,1.0166666743656,80.8099964857101,278.939997196198,140.800001144409,2,"24A_2017",0.77
"4036","235-1-C-SAPU",2017,0.16925,0.486120033389902,16,2001,18,"235-1","SAPU",53,45,12,20,23,0,3,5,0,0.130434783,0.217391304,NA,"Hare","Ptarmagin",1,0,5,0,477.732622,"East","24A","Low Shrub","Low Shrub","Sandy Gravel","Mesic",0,813.776917,295,20.303024,-149.727576,68.004859,-0.654801068954974,0.519545406018156,"235-1-C-SAPU_2017",NA,NA,NA,NA,8.10000022252401,-8.66666675110658,3.30000007152557,12.9333333969116,10.6000002622604,0.916666670391957,60.7599987387657,288.339998245239,132.800001144409,2,"24A_2017",0.77
"4037","235-1-D-SAPU",2017,0.0855,0.544733316576549,10,2007,18,"235-1","SAPU",57,50,12,0,12,0,1,3,0,0.083333333,0.25,NA,"Hare","Ptarmagin",1,0,5,0,477.732622,"East","24A","Low Shrub","Low Shrub","Sandy Gravel","Mesic",0,813.776917,295,20.303024,-149.727576,68.004859,-1.4485488976151,0.234910920684887,"235-1-D-SAPU_2017",NA,NA,NA,NA,8.10000022252401,-8.66666675110658,3.30000007152557,12.9333333969116,10.6000002622604,0.916666670391957,60.7599987387657,288.339998245239,132.800001144409,2,"24A_2017",0.77
"4038","235-2-B-SAPU",2017,0.07525,0.176062509939265,18,1999,18,"235-2","SAPU",50,47,10,6,17,0,0,3,0,0,0.176470588,NA,NA,"Ptarmagin",1,0,0,0,510.631222,"East","24A","Dwarf Shrub-Lichen","Low Shrub","Sandy Gravel","Mesic",0,828.022217,289,26.243103,-149.726481,68.004961,-1.4429755956388,0.236223805336339,"235-2-B-SAPU_2017",NA,NA,NA,NA,8.10000022252401,-8.66666675110658,3.30000007152557,12.9333333969116,10.6000002622604,0.916666670391957,60.7599987387657,288.339998245239,132.800001144409,2,"24A_2017",0.77
"4039","235-2-C-SAPU",2017,0.0875,0.373162302384214,11,2006,18,"235-2","SAPU",57,49,11,12,16,0,1,1,0,0.0625,0.0625,NA,"Hare","Ptarmagin",1,0,0,0,510.631222,"East","24A","Dwarf Shrub-Lichen","Low Shrub","Sandy Gravel","Mesic",0,828.022217,289,26.243103,-149.726481,68.004961,-1.6427854851143,0.193440465610902,"235-2-C-SAPU_2017",NA,NA,NA,NA,8.10000022252401,-8.66666675110658,3.30000007152557,12.9333333969116,10.6000002622604,0.916666670391957,60.7599987387657,288.339998245239,132.800001144409,2,"24A_2017",0.77
"4040","235-3-B-SAPU",2017,0.0585,0.160350816030041,27,1990,18,"235-3","SAPU",47,41,14,0,11,0,1,4,0,0.090909091,0.363636364,NA,"Hare","Ptarmagin",1,0,1,0,482.982181,"East","24A","Dwarf Shrub-Lichen","Low Shrub","Sandy Gravel","Mesic",0,817.546387,298,18.704132,-149.726784,68.005244,-0.753487558183667,0.470722016279492,"235-3-B-SAPU_2017",NA,NA,NA,NA,8.10000022252401,-8.66666675110658,3.30000007152557,12.9333333969116,10.6000002622604,0.916666670391957,60.7599987387657,288.339998245239,132.800001144409,2,"24A_2017",0.77
"4041","235-3-D-SAPU",2017,0.34025,2.21882501347194,11,2006,18,"235-3","SAPU",71,62,14,11,23,0,6,0,0,0.260869565,0,NA,"Hare",NA,1,0,1,0,482.982181,"East","24A","Dwarf Shrub-Lichen","Low Shrub","Sandy Gravel","Mesic",0,817.546387,298,18.704132,-149.726784,68.005244,0.139934124387748,1.15019802636228,"235-3-D-SAPU_2017",NA,NA,NA,NA,8.10000022252401,-8.66666675110658,3.30000007152557,12.9333333969116,10.6000002622604,0.916666670391957,60.7599987387657,288.339998245239,132.800001144409,2,"24A_2017",0.77
"4042","235-4-A-SAPU",2017,0.20625,1.03656358731343,10,2007,18,"235-4","SAPU",57,38,9,0,10,0,3,0,0,0.3,0,NA,"Hare",NA,1,0,0,0,503.848767,"East","24A","Low Shrub","Low Shrub","Sandy Gravel","Mesic",0,825.290771,293,20.728168,-149.726015,68.005351,-0.80517896703453,0.447007919718473,"235-4-A-SAPU_2017",NA,NA,NA,NA,8.10000022252401,-8.66666675110658,3.30000007152557,12.9333333969116,10.6000002622604,0.916666670391957,60.7599987387657,288.339998245239,132.800001144409,2,"24A_2017",0.77
"4043","235-4-C-SAPU",2017,0.154,0.550086590458265,26,1991,18,"235-4","SAPU",41,39,10,0,15,0,0,0,0,0,0,NA,NA,NA,0,0,0,0,503.848767,"East","24A","Low Shrub","Low Shrub","Sandy Gravel","Mesic",0,825.290771,293,20.728168,-149.726015,68.005351,0.406346625483775,1.50132285903937,"235-4-C-SAPU_2017",NA,NA,NA,NA,8.10000022252401,-8.66666675110658,3.30000007152557,12.9333333969116,10.6000002622604,0.916666670391957,60.7599987387657,288.339998245239,132.800001144409,2,"24A_2017",0.77
"4044","240-1-B-SAPU",2017,0.12125,0.497764739259513,17,2000,19,"240-1","SAPU",58,47,12,0,24,0,1,9,0,0.041666667,0.375,NA,"Hare","Ptarmagin",1,0,1,0,395.986648,"West","24A","Low Shrub","Low Shrub","Sandy Loam","Mesic",0,1043.032227,75,23.365055,-149.606437,68.069578,-0.5140614503609,0.598061641829823,"240-1-B-SAPU_2017",NA,NA,NA,NA,8.10000022252401,-8.66666675110658,3.30000007152557,12.9333333969116,10.6000002622604,0.916666670391957,60.7599987387657,288.339998245239,132.800001144409,2,"24A_2017",0.77
"4045","240-1-D-SAPU",2017,0.1705,0.767306516703587,18,1999,19,"240-1","SAPU",115,81,18,0,57,3,0,19,0.052631579,0,0.333333333,"Moose",NA,"Ptarmagin",1,0,1,0,395.986648,"West","24A","Low Shrub","Low Shrub","Sandy Loam","Mesic",0,1043.032227,75,23.365055,-149.606437,68.069578,0.0290716544512846,1.02949835997237,"240-1-D-SAPU_2017",NA,NA,NA,NA,8.10000022252401,-8.66666675110658,3.30000007152557,12.9333333969116,10.6000002622604,0.916666670391957,60.7599987387657,288.339998245239,132.800001144409,2,"24A_2017",0.77
"4046","240-2-A-SAPU",2017,0.11975,0.368587554431965,22,1995,19,"240-2","SAPU",59,51,16,0,29,0,0,11,0,0,0.379310345,NA,NA,"Ptarmagin",1,0,0,0,426.292991,"West","24A","Tussock Tundra (Low shrub or Herbaceous)","Low Shrub","Sandy Loam","Mesic",0,1048.270996,87,24.096361,-149.606886,68.069926,-0.316636355104644,0.728595657049131,"240-2-A-SAPU_2017",NA,NA,NA,NA,8.10000022252401,-8.66666675110658,3.30000007152557,12.9333333969116,10.6000002622604,0.916666670391957,60.7599987387657,288.339998245239,132.800001144409,2,"24A_2017",0.77
"4047","240-2-C-SAPU",2017,0.43625,3.65688944335174,10,2007,19,"240-2","SAPU",79,51,12,0,22,0,2,3,0,0.090909091,0.136363636,NA,"Hare","Ptarmagin",1,0,0,0,426.292991,"West","24A","Tussock Tundra (Low shrub or Herbaceous)","Low Shrub","Sandy Loam","Mesic",0,1048.270996,87,24.096361,-149.606886,68.069926,0.455522941041821,1.57699784433854,"240-2-C-SAPU_2017",NA,NA,NA,NA,8.10000022252401,-8.66666675110658,3.30000007152557,12.9333333969116,10.6000002622604,0.916666670391957,60.7599987387657,288.339998245239,132.800001144409,2,"24A_2017",0.77
"4048","240-3-B-SAPU",2017,0.56475,5.24856990001046,22,1995,19,"240-3","SAPU",122,81,25,0,57,1,3,7,0.01754386,0.052631579,0.122807018,"Moose","Hare","Ptarmagin",1,0,1,3,399.798137,"West","24A","Low Shrub","Low Shrub","Sandy Loam","Mesic",0,1034.808228,93,20.584356,-149.606025,68.07014,2.33939628313737,10.3749711266289,"240-3-B-SAPU_2017",NA,NA,NA,NA,8.10000022252401,-8.66666675110658,3.30000007152557,12.9333333969116,10.6000002622604,0.916666670391957,60.7599987387657,288.339998245239,132.800001144409,2,"24A_2017",0.77
"4049","240-3-D-SAPU",2017,0.34925,3.43122255985908,32,1985,19,"240-3","SAPU",167,110,47,0,149,7,11,21,0.046979866,0.073825503,0.140939597,"Moose","Hare","Ptarmagin",1,0,1,3,399.798137,"West","24A","Low Shrub","Low Shrub","Sandy Loam","Mesic",0,1034.808228,93,20.584356,-149.606025,68.07014,2.63789956526562,13.9838006784131,"240-3-D-SAPU_2017",NA,NA,NA,NA,8.10000022252401,-8.66666675110658,3.30000007152557,12.9333333969116,10.6000002622604,0.916666670391957,60.7599987387657,288.339998245239,132.800001144409,2,"24A_2017",0.77
"4050","240-4-B-SAPU",2017,0.06725,0.20657130159644,26,1991,19,"240-4","SAPU",118,104,19,0,27,3,0,5,0.111111111,0,0.185185185,"Moose",NA,"Ptarmagin",1,0,2,0,431.079046,"West","24A","Low Shrub","Low Shrub","Sandy Loam","Mesic",0,1046.807861,94,24.616484,-149.606605,68.070368,-0.573083438562812,0.56378436138552,"240-4-B-SAPU_2017",NA,NA,NA,NA,8.10000022252401,-8.66666675110658,3.30000007152557,12.9333333969116,10.6000002622604,0.916666670391957,60.7599987387657,288.339998245239,132.800001144409,2,"24A_2017",0.77
"4051","240-4-D-SAPU",2017,0.108666666666667,0.292681951831565,19,1998,19,"240-4","SAPU",77,61,11,0,15,0,1,2,0,0.066666667,0.133333333,NA,"Hare","Ptarmagin",1,0,2,0,431.079046,"West","24A","Low Shrub","Low Shrub","Sandy Loam","Mesic",0,1046.807861,94,24.616484,-149.606605,68.070368,-0.830323029094821,0.435908452463219,"240-4-D-SAPU_2017",NA,NA,NA,NA,8.10000022252401,-8.66666675110658,3.30000007152557,12.9333333969116,10.6000002622604,0.916666670391957,60.7599987387657,288.339998245239,132.800001144409,2,"24A_2017",0.77
"4052","255-1-C-SAGL",2017,0.16075,0.475089116184984,28,1989,20,"255-1","SAGL",69,56,17,0,31,0,0,20,0,0,0.64516129,NA,NA,"Ptarmagin",1,0,0,0,585.543915,"East","26B","Low Shrub","Low Shrub","Sandy Gravel","Mesic - Xeric",0,991.483582,331,1.701594,-149.392735,68.222633,0.402877643978011,1.49612382070479,"255-1-C-SAGL_2017",NA,NA,NA,NA,6.36666679382324,-10.283333701392,1.66666663438082,11.1000000635783,4.50000011920929,0.800000009437402,49.6199985742569,303.739997386932,131.000001907349,2,"26B_2017",0.27
"4053","255-1-D-SAGL",2017,0.10225,0.267341877188399,19,1998,20,"255-1","SAGL",42,37,10,0,21,0,0,8,0,0,0.380952381,NA,NA,"Ptarmagin",1,0,0,0,585.543915,"East","26B","Low Shrub","Low Shrub","Sandy Gravel","Mesic - Xeric",0,991.483582,331,1.701594,-149.392735,68.222633,-0.92088128166764,0.398167988270326,"255-1-D-SAGL_2017",NA,NA,NA,NA,6.36666679382324,-10.283333701392,1.66666663438082,11.1000000635783,4.50000011920929,0.800000009437402,49.6199985742569,303.739997386932,131.000001907349,2,"26B_2017",0.27
"4054","255-2-A-SAPU",2017,0.2755,2.0261560447658,19,1998,20,"255-2","SAPU",51,48,12,0,26,0,0,5,0,0,0.192307692,NA,NA,"Ptarmagin",1,0,1,1,631.079496,"East","26B","Low Shrub","Low Shrub","Sandy Gravel","Mesic - Xeric",0,993.382141,286,2.676414,-149.39171,68.222788,1.10448614303819,3.01767341783731,"255-2-A-SAPU_2017",NA,NA,NA,NA,6.36666679382324,-10.283333701392,1.66666663438082,11.1000000635783,4.50000011920929,0.800000009437402,49.6199985742569,303.739997386932,131.000001907349,2,"26B_2017",0.27
"4055","255-2-D-SAPU",2017,0.244,1.42118111826033,14,2003,20,"255-2","SAPU",71,55,12,0,22,0,1,5,0,0.045454545,0.227272727,NA,"Hare","Ptarmagin",1,0,1,1,631.079496,"East","26B","Low Shrub","Low Shrub","Sandy Gravel","Mesic - Xeric",0,993.382141,286,2.676414,-149.39171,68.222788,0.160134520995183,1.17366874346038,"255-2-D-SAPU_2017",NA,NA,NA,NA,6.36666679382324,-10.283333701392,1.66666663438082,11.1000000635783,4.50000011920929,0.800000009437402,49.6199985742569,303.739997386932,131.000001907349,2,"26B_2017",0.27
"4056","255-3-A-SAPU",2017,0.1625,0.599082084085487,21,1996,20,"255-3","SAPU",54,46,9,0,20,0,0,3,0,0,0.15,NA,NA,"Ptarmagin",1,0,1,0,600.399561,"East","26B","Tussock Tundra (Low shrub or Herbaceous)","Low Shrub","Sandy Gravel","Mesic - Xeric",0,990.277893,304,2.837043,-149.392647,68.223106,0.0792526910001626,1.08247781991661,"255-3-A-SAPU_2017",NA,NA,NA,NA,6.36666679382324,-10.283333701392,1.66666663438082,11.1000000635783,4.50000011920929,0.800000009437402,49.6199985742569,303.739997386932,131.000001907349,2,"26B_2017",0.27
"4057","255-3-C-SAPU",2017,0.05875,0.157021709564939,23,1994,20,"255-3","SAPU",48,42,12,0,11,0,0,3,0,0,0.272727273,NA,NA,"Ptarmagin",1,0,1,0,600.399561,"East","26B","Tussock Tundra (Low shrub or Herbaceous)","Low Shrub","Sandy Gravel","Mesic - Xeric",0,990.277893,304,2.837043,-149.392647,68.223106,-1.08409311216403,0.338208363909017,"255-3-C-SAPU_2017",NA,NA,NA,NA,6.36666679382324,-10.283333701392,1.66666663438082,11.1000000635783,4.50000011920929,0.800000009437402,49.6199985742569,303.739997386932,131.000001907349,2,"26B_2017",0.27
"4058","255-4-A-SAPU",2017,0.07675,0.261069687455508,31,1986,20,"255-4","SAPU",72,61,14,0,18,0,2,3,0,0.111111111,0.166666667,NA,"Hare","Ptarmagin",1,0,0,2,644.564014,"East","26B","Low Shrub","Low Shrub","Sandy Gravel","Mesic - Xeric",0,993.003235,239,7.430982,-149.391619,68.223199,0.000707511083580803,1.00070776142858,"255-4-A-SAPU_2017",NA,NA,NA,NA,6.36666679382324,-10.283333701392,1.66666663438082,11.1000000635783,4.50000011920929,0.800000009437402,49.6199985742569,303.739997386932,131.000001907349,2,"26B_2017",0.27
"4059","255-4-D-SAPU",2017,0.08175,0.324562845780883,9,2008,20,"255-4","SAPU",42,40,9,0,15,0,0,10,0,0,0.666666667,NA,NA,"Ptarmagin",1,0,0,2,644.564014,"East","26B","Low Shrub","Low Shrub","Sandy Gravel","Mesic - Xeric",0,993.003235,239,7.430982,-149.391619,68.223199,-2.16981981255969,0.114198192137012,"255-4-D-SAPU_2017",NA,NA,NA,NA,6.36666679382324,-10.283333701392,1.66666663438082,11.1000000635783,4.50000011920929,0.800000009437402,49.6199985742569,303.739997386932,131.000001907349,2,"26B_2017",0.27
"4060","261-1-B-SAPU",2017,0.27775,1.37409119692706,15,2002,21,"261-1","SAPU",65,51,10,0,19,0,0,5,0,0,0.263157895,NA,NA,"Ptarmagin",1,0,0,0,356.206777,"East","26B","Dwarf Shrub","Low Shrub","Sandy Loam","Mesic",0,883.832947,287,13.943512,-149.352299,68.301689,0.259665723115999,1.29649662536972,"261-1-B-SAPU_2017",NA,NA,NA,NA,6.36666679382324,-10.283333701392,1.66666663438082,11.1000000635783,4.50000011920929,0.800000009437402,49.6199985742569,303.739997386932,131.000001907349,2,"26B_2017",0.27
"4061","261-1-C-SAPU",2017,0.10325,0.407002556700978,19,1998,21,"261-1","SAPU",69,41,17,0,31,0,0,3,0,0,0.096774194,NA,NA,"Ptarmagin",1,0,0,0,356.206777,"East","26B","Dwarf Shrub","Low Shrub","Sandy Loam","Mesic",0,883.832947,287,13.943512,-149.352299,68.301689,-0.500590092669501,0.606172855995567,"261-1-C-SAPU_2017",NA,NA,NA,NA,6.36666679382324,-10.283333701392,1.66666663438082,11.1000000635783,4.50000011920929,0.800000009437402,49.6199985742569,303.739997386932,131.000001907349,2,"26B_2017",0.27
"4062","261-2-C-SAPU",2017,0.1745,0.501336141058018,48,1969,21,"261-2","SAPU",91,67,27,0,29,0,0,3,0,0,0.103448276,NA,NA,"Ptarmagin",1,0,0,1,388.99561,"East","26B","Dwarf Shrub-Lichen","Low Shrub","Sandy Loam","Mesic",0,888.892761,295,13.025289,-149.351465,68.301786,1.49746759787021,4.47035398993985,"261-2-C-SAPU_2017",NA,NA,NA,NA,6.36666679382324,-10.283333701392,1.66666663438082,11.1000000635783,4.50000011920929,0.800000009437402,49.6199985742569,303.739997386932,131.000001907349,2,"26B_2017",0.27
"4063","261-2-D-SAPU",2017,0.164666666666667,0.770110499624582,27,1990,21,"261-2","SAPU",122,71,29,0,41,2,0,11,0.048780488,0,0.268292683,"Moose",NA,"Ptarmagin",1,0,0,1,388.99561,"East","26B","Dwarf Shrub-Lichen","Low Shrub","Sandy Loam","Mesic",0,888.892761,295,13.025289,-149.351465,68.301786,0.815682437192346,2.26071794404448,"261-2-D-SAPU_2017",NA,NA,NA,NA,6.36666679382324,-10.283333701392,1.66666663438082,11.1000000635783,4.50000011920929,0.800000009437402,49.6199985742569,303.739997386932,131.000001907349,2,"26B_2017",0.27
"4064","261-3-A-SAPU",2017,0.1615,0.819905417104478,15,2002,21,"261-3","SAPU",41,18,7,0,8,0,0,0,0,0,0,NA,NA,NA,0,0,0,1,380.53651,"East","26B","Tussock Tundra (Low shrub or Herbaceous)","Low Shrub","Sandy Loam","Mesic",0,884.224731,295,11.657486,-149.351558,68.302088,-0.256693132162027,0.773605572014108,"261-3-A-SAPU_2017",NA,NA,NA,NA,6.36666679382324,-10.283333701392,1.66666663438082,11.1000000635783,4.50000011920929,0.800000009437402,49.6199985742569,303.739997386932,131.000001907349,2,"26B_2017",0.27
"4065","261-3-D-SAPU",2017,0.10825,0.280138762163715,10,2007,21,"261-3","SAPU",41,23,8,0,10,0,0,0,0,0,0,NA,NA,NA,0,0,0,1,380.53651,"East","26B","Tussock Tundra (Low shrub or Herbaceous)","Low Shrub","Sandy Loam","Mesic",0,884.224731,295,11.657486,-149.351558,68.302088,-2.11356018556957,0.120807104204641,"261-3-D-SAPU_2017",NA,NA,NA,NA,6.36666679382324,-10.283333701392,1.66666663438082,11.1000000635783,4.50000011920929,0.800000009437402,49.6199985742569,303.739997386932,131.000001907349,2,"26B_2017",0.27
"4066","261-4-A-SAPU",2017,0.01325,0.0186797135687037,21,1996,21,"261-4","SAPU",41,27,9,0,9,0,0,0,0,0,0,NA,NA,NA,0,0,0,0,405.679111,"East","26B","Low Shrub","Low Shrub","Sandy Loam","Mesic",0,886.626587,308,9.946874,-149.350886,68.302265,-3.388707833826,0.0337522622653354,"261-4-A-SAPU_2017",NA,NA,NA,NA,6.36666679382324,-10.283333701392,1.66666663438082,11.1000000635783,4.50000011920929,0.800000009437402,49.6199985742569,303.739997386932,131.000001907349,2,"26B_2017",0.27
"4067","261-4-B-SAPU",2017,0.13125,0.602110775753088,11,2006,21,"261-4","SAPU",47,33,11,0,11,0,0,3,0,0,0.272727273,NA,NA,"Ptarmagin",1,0,0,0,405.679111,"East","26B","Low Shrub","Low Shrub","Sandy Loam","Mesic",0,886.626587,308,9.946874,-149.350886,68.302265,-1.16435749589382,0.31212313802024,"261-4-B-SAPU_2017",NA,NA,NA,NA,6.36666679382324,-10.283333701392,1.66666663438082,11.1000000635783,4.50000011920929,0.800000009437402,49.6199985742569,303.739997386932,131.000001907349,2,"26B_2017",0.27
"4068","268-1-C-SAPU",2017,0.32875,1.99149387127104,20,1997,22,"268-1","SAPU",61,49,10,0,21,0,0,5,0,0,0.238095238,NA,NA,"Ptarmagin",1,0,1,2,212.091228,"West","26B","Low Shrub","Low Shrub","Sandy Gravel","Mesic",0,818.738892,195,1.432166,-149.327109,68.400098,1.18627938184775,3.27487395671628,"268-1-C-SAPU_2017",NA,NA,NA,NA,6.36666679382324,-10.283333701392,1.66666663438082,11.1000000635783,4.50000011920929,0.800000009437402,49.6199985742569,303.739997386932,131.000001907349,2,"26B_2017",0.27
"4069","268-1-D-SAPU",2017,0.121666666666667,0.228954016122683,21,1996,22,"268-1","SAPU",75,52,13,0,37,0,0,6,0,0,0.162162162,NA,NA,"Ptarmagin",1,0,1,2,212.091228,"West","26B","Low Shrub","Low Shrub","Sandy Gravel","Mesic",0,818.738892,195,1.432166,-149.327109,68.400098,-0.882624752495057,0.413695636737266,"268-1-D-SAPU_2017",NA,NA,NA,NA,6.36666679382324,-10.283333701392,1.66666663438082,11.1000000635783,4.50000011920929,0.800000009437402,49.6199985742569,303.739997386932,131.000001907349,2,"26B_2017",0.27
"4070","268-2-A-SAPU",2017,0.1815,0.670839201886134,12,2005,22,"268-2","SAPU",54,44,12,17,24,0,0,12,0,0,0.5,NA,NA,"Ptarmagin",1,0,0,4,184.615387,"West","26B","Low Shrub","Low Shrub","Sandy Gravel","Mesic",0,819.441162,203,1.359031,-149.326454,68.400307,-0.888248353351968,0.411375706893694,"268-2-A-SAPU_2017",NA,NA,NA,NA,6.36666679382324,-10.283333701392,1.66666663438082,11.1000000635783,4.50000011920929,0.800000009437402,49.6199985742569,303.739997386932,131.000001907349,2,"26B_2017",0.27
"4071","268-2-B-SAPU",2017,0.1525,0.597428820951536,11,2006,22,"268-2","SAPU",54,46,9,0,18,0,0,6,0,0,0.333333333,NA,NA,"Ptarmagin",1,0,0,4,184.615387,"West","26B","Low Shrub","Low Shrub","Sandy Gravel","Mesic",0,819.441162,203,1.359031,-149.326454,68.400307,-1.17216378855847,0.309696098871337,"268-2-B-SAPU_2017",NA,NA,NA,NA,6.36666679382324,-10.283333701392,1.66666663438082,11.1000000635783,4.50000011920929,0.800000009437402,49.6199985742569,303.739997386932,131.000001907349,2,"26B_2017",0.27
"4072","268-3-B-SAPU",2017,0.11875,0.451500860444588,39,1978,22,"268-3","SAPU",106,41,14,0,42,0,0,4,0,0,0.095238095,NA,NA,"Ptarmagin",1,0,0,0,206.549982,"West","26B","Low Shrub","Low Shrub","Sandy Gravel","Mesic",0,819.661011,150,1.610195,-149.326989,68.400547,0.991811325417278,2.69611359125494,"268-3-B-SAPU_2017",NA,NA,NA,NA,6.36666679382324,-10.283333701392,1.66666663438082,11.1000000635783,4.50000011920929,0.800000009437402,49.6199985742569,303.739997386932,131.000001907349,2,"26B_2017",0.27
"4073","268-3-D-SAPU",2017,0.1595,0.633871295733178,12,2005,22,"268-3","SAPU",54,49,10,0,24,0,1,12,0,0.041666667,0.5,NA,"Hare","Ptarmagin",1,0,0,0,206.549982,"West","26B","Low Shrub","Low Shrub","Sandy Gravel","Mesic",0,819.661011,150,1.610195,-149.326989,68.400547,-0.944931891837772,0.388706044054531,"268-3-D-SAPU_2017",NA,NA,NA,NA,6.36666679382324,-10.283333701392,1.66666663438082,11.1000000635783,4.50000011920929,0.800000009437402,49.6199985742569,303.739997386932,131.000001907349,2,"26B_2017",0.27
"4074","268-4-C-SAPU",2017,0.26325,0.938465785908765,18,1999,22,"268-4","SAPU",81,62,16,0,39,3,0,11,0.076923077,0,0.282051282,"Moose",NA,"Ptarmagin",1,0,0,5,171.881056,"West","26B","Dwarf Shrub-Lichen","Low Shrub","Sandy Gravel","Mesic",0,820.486511,188,1.085947,-149.326166,68.400831,0.230431701489482,1.25914346672554,"268-4-C-SAPU_2017",NA,NA,NA,NA,6.36666679382324,-10.283333701392,1.66666663438082,11.1000000635783,4.50000011920929,0.800000009437402,49.6199985742569,303.739997386932,131.000001907349,2,"26B_2017",0.27
"4075","268-4-D-SAPU",2017,0.1275,0.350684206947779,13,2004,22,"268-4","SAPU",53,49,15,0,33,0,0,13,0,0,0.393939394,NA,NA,"Ptarmagin",1,0,0,5,171.881056,"West","26B","Dwarf Shrub-Lichen","Low Shrub","Sandy Gravel","Mesic",0,820.486511,188,1.085947,-149.326166,68.400831,-1.38232725616655,0.250993746082546,"268-4-D-SAPU_2017",NA,NA,NA,NA,6.36666679382324,-10.283333701392,1.66666663438082,11.1000000635783,4.50000011920929,0.800000009437402,49.6199985742569,303.739997386932,131.000001907349,2,"26B_2017",0.27
"4076","282-1-C-SAPU",2017,0.21025,0.746882826513059,10,2007,23,"282-1","SAPU",44,23,8,0,8,0,0,0,0,0,0,NA,NA,NA,0,0,0,0,577.316923,"West","26B","Tussock Tundra (Low shrub or Herbaceous)","Tussock Tundra","Clay Loam","Mesic",0,826.622314,26,2.82316,-149.530032,68.582817,-1.13293693105788,0.322085921827875,"282-1-C-SAPU_2017",NA,NA,NA,NA,10.7666670481364,-6.69999998807907,5.96666669845581,15.6666669845581,34.4000005722046,1.06666667386889,81.3799979686737,263.239998579025,124.300000190735,2,"26B_2017",0.27
"4077","282-1-D-SAPU",2017,0.0696666666666667,0.184721467349675,26,1991,23,"282-1","SAPU",49,22,10,0,8,0,0,0,0,0,0,NA,NA,NA,0,0,0,0,577.316923,"West","26B","Tussock Tundra (Low shrub or Herbaceous)","Tussock Tundra","Clay Loam","Mesic",0,826.622314,26,2.82316,-149.530032,68.582817,-0.684879968890288,0.504150739715954,"282-1-D-SAPU_2017",NA,NA,NA,NA,10.7666670481364,-6.69999998807907,5.96666669845581,15.6666669845581,34.4000005722046,1.06666667386889,81.3799979686737,263.239998579025,124.300000190735,2,"26B_2017",0.27
"4078","282-2-B-SAPU",2017,0.032,0.138581935135153,27,1990,23,"282-2","SAPU",68,29,11,0,18,0,0,0,0,0,0,NA,NA,NA,0,0,0,0,604.079816,"West","26B","Low Shrub","Low Shrub-Tussock Tundra","Clay Loam","Mesic",0,826.41803,354,3.355184,-149.530916,68.583004,-0.89938983323449,0.406817810733883,"282-2-B-SAPU_2017",NA,NA,NA,NA,10.7666670481364,-6.69999998807907,5.96666669845581,15.6666669845581,34.4000005722046,1.06666667386889,81.3799979686737,263.239998579025,124.300000190735,2,"26B_2017",0.27
"4079","282-2-D-SAPU",2017,0.0315,0.0408210695425824,20,1997,23,"282-2","SAPU",41,22,7,0,4,0,0,0,0,0,0,NA,NA,NA,0,0,0,0,604.079816,"West","26B","Low Shrub","Low Shrub-Tussock Tundra","Clay Loam","Mesic",0,826.41803,354,3.355184,-149.530916,68.583004,-2.70116258485201,0.0671274260286757,"282-2-D-SAPU_2017",NA,NA,NA,NA,10.7666670481364,-6.69999998807907,5.96666669845581,15.6666669845581,34.4000005722046,1.06666667386889,81.3799979686737,263.239998579025,124.300000190735,2,"26B_2017",0.27
"4080","282-3-A-SAPU",2017,0.25225,0.660322916827783,10,2007,23,"282-3","SAPU",37,21,9,0,9,0,0,0,0,0,0,NA,NA,NA,0,0,0,0,571.732475,"West","26B","Low Shrub","Low Shrub-Tussock Tundra","Clay Loam","Mesic",0,823.876221,27,3.830761,-149.53038,68.583298,-1.25611626184732,0.284757806473449,"282-3-A-SAPU_2017",NA,NA,NA,NA,10.7666670481364,-6.69999998807907,5.96666669845581,15.6666669845581,34.4000005722046,1.06666667386889,81.3799979686737,263.239998579025,124.300000190735,2,"26B_2017",0.27
"4081","282-3-D-SAPU",2017,0.0576666666666667,0.162022061193535,38,1979,23,"282-3","SAPU",49,26,10,0,9,0,0,0,0,0,0,NA,NA,NA,0,0,0,0,571.732475,"West","26B","Low Shrub","Low Shrub-Tussock Tundra","Clay Loam","Mesic",0,823.876221,27,3.830761,-149.53038,68.583298,-0.0831927519346873,0.920173764851853,"282-3-D-SAPU_2017",NA,NA,NA,NA,10.7666670481364,-6.69999998807907,5.96666669845581,15.6666669845581,34.4000005722046,1.06666667386889,81.3799979686737,263.239998579025,124.300000190735,2,"26B_2017",0.27
"4082","282-4-C-SAPU",2017,0.13125,0.470163884302319,23,1994,23,"282-4","SAPU",45,23,12,0,10,0,0,0,0,0,0,NA,NA,NA,0,0,0,0,597.547448,"West","26B","Tussock Tundra (Low shrub or Herbaceous)","Low Shrub-Tussock Tundra","Clay Loam","Mesic",0,823.620117,358,4.137664,-149.531178,68.583423,0.0126041384942309,1.01268390542668,"282-4-C-SAPU_2017",NA,NA,NA,NA,10.7666670481364,-6.69999998807907,5.96666669845581,15.6666669845581,34.4000005722046,1.06666667386889,81.3799979686737,263.239998579025,124.300000190735,2,"26B_2017",0.27
"4083","282-4-D-SAPU",2017,0.02875,0.0834789890398095,40,1977,23,"282-4","SAPU",59,31,18,0,12,0,0,0,0,0,0,NA,NA,NA,0,0,0,0,597.547448,"West","26B","Tussock Tundra (Low shrub or Herbaceous)","Low Shrub-Tussock Tundra","Clay Loam","Mesic",0,823.620117,358,4.137664,-149.531178,68.583423,-0.647281669587697,0.523466800203186,"282-4-D-SAPU_2017",NA,NA,NA,NA,10.7666670481364,-6.69999998807907,5.96666669845581,15.6666669845581,34.4000005722046,1.06666667386889,81.3799979686737,263.239998579025,124.300000190735,2,"26B_2017",0.27
"4084","60-1-B-SAPU",2017,0.29475,1.70959876246442,18,1999,1,"60-1","SAPU",98,NA,10,10,41,0,1,0,0,0.024390244,0,NA,"Hare",NA,1,0,1,0,1438.56091,"West","20F","Low Shrub","Low Shrub-Tussock Tundra","Silt Loam","Mesic",0,110.943649,215,1.507567,-149.840126,65.909691,0.83019928240189,2.2937758038719,"60-1-B-SAPU_2017",NA,NA,NA,NA,14.266666730245,-3.03333341578643,8.96666669845581,19.6666666666667,122.100002288818,1.10833336474995,132.069997787476,229.929999351501,173.500003814697,2,"20F_2017",0.375
"4085","60-2-C-SAPU",2017,0.04575,0.0942495467535612,12,2005,1,"60-2","SAPU",76,NA,8,17,12,3,0,0,0.25,0,0,"Moose",NA,NA,1,0,2,0,1432.670461,"West","20F","Low Shrub","Low Shrub","Silt Loam","Mesic",0,110.927505,264,1.953402,-149.84073,65.909949,-2.85083180475578,0.0577962256993109,"60-2-C-SAPU_2017",NA,NA,NA,NA,14.266666730245,-3.03333341578643,8.96666669845581,19.6666666666667,122.100002288818,1.10833336474995,132.069997787476,229.929999351501,173.500003814697,2,"20F_2017",0.375
"4086","60-2-D-SAPU",2017,0.03425,0.0860527388212642,23,1994,1,"60-2","SAPU",84,NA,16,7,26,2,1,0,0.076923077,0.038461538,0,"Moose","Hare",NA,1,0,2,0,1432.670461,"West","20F","Low Shrub","Low Shrub","Silt Loam","Mesic",0,110.927505,264,1.953402,-149.84073,65.909949,-1.68551683503145,0.185348612540697,"60-2-D-SAPU_2017",NA,NA,NA,NA,14.266666730245,-3.03333341578643,8.96666669845581,19.6666666666667,122.100002288818,1.10833336474995,132.069997787476,229.929999351501,173.500003814697,2,"20F_2017",0.375
"4087","60-3-A-SAPU",2017,0.122666666666667,0.568290386145553,15,2002,1,"60-3","SAPU",139,NA,17,32,54,2,2,0,0.037037037,0.037037037,0,"Moose","Hare",NA,1,0,3,0,1403.187226,"West","20F","Low Shrub","Black Spruce Woodland","Silt Loam","Mesic",0,111.24585,78,1.323723,-149.840194,65.910114,-0.623249589478175,0.5361991762377,"60-3-A-SAPU_2017",NA,NA,NA,NA,14.266666730245,-3.03333341578643,8.96666669845581,19.6666666666667,122.100002288818,1.10833336474995,132.069997787476,229.929999351501,173.500003814697,2,"20F_2017",0.375
"4088","60-3-B-SAPU",2017,0.014,0.026411369438729,23,1994,1,"60-3","SAPU",81,NA,8,22,16,0,0,0,0,0,0,NA,NA,NA,0,0,3,0,1403.187226,"West","20F","Low Shrub","Black Spruce Woodland","Silt Loam","Mesic",0,111.24585,78,1.323723,-149.840194,65.910114,-2.86668260743403,0.0568873315111562,"60-3-B-SAPU_2017",NA,NA,NA,NA,14.266666730245,-3.03333341578643,8.96666669845581,19.6666666666667,122.100002288818,1.10833336474995,132.069997787476,229.929999351501,173.500003814697,2,"20F_2017",0.375
"4089","60-4-A-SAPU",2017,0.09375,0.240258206921801,16,2001,1,"60-4","SAPU",88,NA,10,8,23,1,2,0,0.043478261,0.086956522,0,"Moose","Hare",NA,1,0,1,0,1406.241796,"West","20F","Tall Shrub (Open-Closed)","Black Spruce Woodland","Silt Loam","Mesic",0,110.670654,252,1.181915,-149.840942,65.910317,-1.3595424374529,0.256778242184195,"60-4-A-SAPU_2017",NA,NA,NA,NA,14.266666730245,-3.03333341578643,8.96666669845581,19.6666666666667,122.100002288818,1.10833336474995,132.069997787476,229.929999351501,173.500003814697,2,"20F_2017",0.375
"4090","60-4-D-SAPU",2017,0.05725,0.146447894091119,22,1995,1,"60-4","SAPU",103,NA,15,13,35,1,4,0,0.028571429,0.114285714,0,"Moose","Hare",NA,1,0,1,0,1406.241796,"West","20F","Tall Shrub (Open-Closed)","Black Spruce Woodland","Silt Loam","Mesic",0,110.670654,252,1.181915,-149.840942,65.910317,-1.23964494188473,0.289486984397015,"60-4-D-SAPU_2017",NA,NA,NA,NA,14.266666730245,-3.03333341578643,8.96666669845581,19.6666666666667,122.100002288818,1.10833336474995,132.069997787476,229.929999351501,173.500003814697,2,"20F_2017",0.375
"4091","72-1-A-SAPU",2017,0.04325,0.128842408860401,17,2000,2,"72-1","SAPU",91,87,15,19,15,0,6,0,0,0.4,0,NA,"Hare",NA,1,0,0,0,895.937772,"West","20F","Tussock Tundra (Low shrub or Herbaceous)","Black Spruce Woodland","Clay Loam","Mesic",0,130.808105,148,1.606934,-150.14017,66.022623,-1.86559898382464,0.154803457342098,"72-1-A-SAPU_2017",NA,NA,NA,NA,13.1333335240682,-4.05833335717519,7.86666679382324,18.466667175293,96.7000002861023,1.24166668516894,131.209998130798,241.839998245239,172.400003433228,2,"20F_2017",0.375
"4092","72-1-C-SAGL",2017,0.11825,0.423595270999993,11,2006,2,"72-1","SAGL",112,103,13,11,16,1,0,0,0.0625,0,0,"Moose",NA,NA,1,0,0,0,895.937772,"West","20F","Tussock Tundra (Low shrub or Herbaceous)","Black Spruce Woodland","Clay Loam","Mesic",0,130.808105,148,1.606934,-150.14017,66.022623,-1.51602048732212,0.219583987796408,"72-1-C-SAGL_2017",NA,NA,NA,NA,13.1333335240682,-4.05833335717519,7.86666679382324,18.466667175293,96.7000002861023,1.24166668516894,131.209998130798,241.839998245239,172.400003433228,2,"20F_2017",0.375
"4093","72-1-D-SAPU",2017,0.01525,0.0153908587594772,41,1976,2,"72-1","SAPU",68,54,18,0,8,0,1,0,0,0.125,0,NA,"Hare",NA,1,0,0,0,895.937772,"West","20F","Tussock Tundra (Low shrub or Herbaceous)","Black Spruce Woodland","Clay Loam","Mesic",0,130.808105,148,1.606934,-150.14017,66.022623,-2.29042085144125,0.101223852684156,"72-1-D-SAPU_2017",NA,NA,NA,NA,13.1333335240682,-4.05833335717519,7.86666679382324,18.466667175293,96.7000002861023,1.24166668516894,131.209998130798,241.839998245239,172.400003433228,2,"20F_2017",0.375
"4094","72-2-A-SAGL",2017,0.02275,0.0758845814988398,27,1990,2,"72-2","SAGL",129,121,17,0,12,0,0,0,0,0,0,NA,NA,NA,0,0,0,0,855.94066,"West","20F","Tussock Tundra (Low shrub or Herbaceous)","Black Spruce Woodland","Clay Loam","Mesic",0,131.055786,179,2.125059,-150.13956,66.022889,-1.50163805190772,0.222764960553535,"72-2-A-SAGL_2017",NA,NA,NA,NA,13.1333335240682,-4.05833335717519,7.86666679382324,18.466667175293,96.7000002861023,1.24166668516894,131.209998130798,241.839998245239,172.400003433228,2,"20F_2017",0.375
"4095","72-2-C-SAPU",2017,0.0955,0.330324330358024,20,1997,2,"72-2","SAPU",97,84,22,5,22,0,0,0,0,0,0,NA,NA,NA,0,0,0,0,855.94066,"West","20F","Tussock Tundra (Low shrub or Herbaceous)","Black Spruce Woodland","Clay Loam","Mesic",0,131.055786,179,2.125059,-150.13956,66.022889,-0.610285952248978,0.543195518883931,"72-2-C-SAPU_2017",NA,NA,NA,NA,13.1333335240682,-4.05833335717519,7.86666679382324,18.466667175293,96.7000002861023,1.24166668516894,131.209998130798,241.839998245239,172.400003433228,2,"20F_2017",0.375
"4096","72-2-D-SAPU",2017,0.116666666666667,0.542448338466252,28,1989,2,"72-2","SAPU",79,60,21,0,11,0,0,0,0,0,0,NA,NA,NA,0,0,0,0,855.94066,"West","20F","Tussock Tundra (Low shrub or Herbaceous)","Black Spruce Woodland","Clay Loam","Mesic",0,131.055786,179,2.125059,-150.13956,66.022889,0.535468096765915,1.70824768034697,"72-2-D-SAPU_2017",NA,NA,NA,NA,13.1333335240682,-4.05833335717519,7.86666679382324,18.466667175293,96.7000002861023,1.24166668516894,131.209998130798,241.839998245239,172.400003433228,2,"20F_2017",0.375
"4097","72-3-A-SAGL",2017,0.35275,1.77727063171815,12,2005,2,"72-3","SAGL",122,114,14,7,15,0,1,0,0,0.066666667,0,NA,"Hare",NA,1,0,1,0,885.368743,"West","20F","Tussock Tundra (Low shrub or Herbaceous)","Black Spruce Woodland","Clay Loam","Mesic",0,132.401993,119,2.284806,-150.140609,66.023021,0.086056291438476,1.08986767679769,"72-3-A-SAGL_2017",NA,NA,NA,NA,13.1333335240682,-4.05833335717519,7.86666679382324,18.466667175293,96.7000002861023,1.24166668516894,131.209998130798,241.839998245239,172.400003433228,2,"20F_2017",0.375
"4098","72-3-B-SAPU",2017,0.098,0.326810458974985,29,1988,2,"72-3","SAPU",75,59,20,4,12,0,0,0,0,0,0,NA,NA,NA,0,0,1,0,885.368743,"West","20F","Tussock Tundra (Low shrub or Herbaceous)","Black Spruce Woodland","Clay Loam","Mesic",0,132.401993,119,2.284806,-150.140609,66.023021,0.0965178152670823,1.10132920144289,"72-3-B-SAPU_2017",NA,NA,NA,NA,13.1333335240682,-4.05833335717519,7.86666679382324,18.466667175293,96.7000002861023,1.24166668516894,131.209998130798,241.839998245239,172.400003433228,2,"20F_2017",0.375
"4099","72-3-D-SAGL",2017,0.043,0.134210408957683,30,1987,2,"72-3","SAGL",128,109,19,9,10,0,2,0,0,0.2,0,NA,"Hare",NA,1,0,1,0,885.368743,"West","20F","Tussock Tundra (Low shrub or Herbaceous)","Black Spruce Woodland","Clay Loam","Mesic",0,132.401993,119,2.284806,-150.140609,66.023021,-0.727989034409789,0.482879067556174,"72-3-D-SAGL_2017",NA,NA,NA,NA,13.1333335240682,-4.05833335717519,7.86666679382324,18.466667175293,96.7000002861023,1.24166668516894,131.209998130798,241.839998245239,172.400003433228,2,"20F_2017",0.375
"4100","72-4-B-SAPU",2017,0.0426666666666667,0.0856970696782107,46,1971,2,"72-4","SAPU",111,93,14,0,13,0,0,0,0,0,0,NA,NA,NA,0,0,0,0,844.255779,"West","20F","Tussock Tundra (Low shrub or Herbaceous)","Low Shrub-Tussock Tundra","Clay Loam","Mesic",0,132.260803,156,1.029158,-150.139994,66.023305,-0.351174251393215,0.703861094392813,"72-4-B-SAPU_2017",NA,NA,NA,NA,13.1333335240682,-4.05833335717519,7.86666679382324,18.466667175293,96.7000002861023,1.24166668516894,131.209998130798,241.839998245239,172.400003433228,2,"20F_2017",0.375
"4101","72-4-D-SAPU",2017,0.0965,0.573130957970512,6,2011,2,"72-4","SAPU",69,57,8,0,11,0,1,0,0,0.090909091,0,NA,"Hare",NA,1,0,0,0,844.255779,"West","20F","Tussock Tundra (Low shrub or Herbaceous)","Low Shrub-Tussock Tundra","Clay Loam","Mesic",0,132.260803,156,1.029158,-150.139994,66.023305,-2.38414788535891,0.0921674833894364,"72-4-D-SAPU_2017",NA,NA,NA,NA,13.1333335240682,-4.05833335717519,7.86666679382324,18.466667175293,96.7000002861023,1.24166668516894,131.209998130798,241.839998245239,172.400003433228,2,"20F_2017",0.375
"4102","86-1-A-SABE",2017,0.25375,0.996274625026549,11,2006,3,"86-1","SABE",129,NA,19,19,52,1,0,0,0.019230769,0,0,"Moose",NA,NA,1,1,0,0,1072.088921,"West","20F","Tall Shrub (Open-Closed)","Tall Shrub","Gravely Sand Loam","Mesic - Xeric",0,572.239319,57,8.372539,-150.2773,66.212913,-0.660775989636292,0.516450418785965,"86-1-A-SABE_2017",NA,NA,NA,NA,13.1333335240682,-4.05833335717519,7.86666679382324,18.466667175293,96.7000002861023,1.24166668516894,131.209998130798,241.839998245239,172.400003433228,2,"20F_2017",0.375
"4103","86-1-D-SABE",2017,1.02666666666667,17.9588515124374,11,2006,3,"86-1","SABE",76,NA,8,0,10,2,0,0,0.2,0,0,"Moose",NA,NA,1,1,0,0,1072.088921,"West","20F","Tall Shrub (Open-Closed)","Tall Shrub","Gravely Sand Loam","Mesic - Xeric",0,572.239319,57,8.372539,-150.2773,66.212913,2.2310394556893,9.30953790403534,"86-1-D-SABE_2017",NA,NA,NA,NA,13.1333335240682,-4.05833335717519,7.86666679382324,18.466667175293,96.7000002861023,1.24166668516894,131.209998130798,241.839998245239,172.400003433228,2,"20F_2017",0.375
"4104","86-2-C-SABE",2017,0.04825,0.154878750676109,9,2008,3,"86-2","SABE",47,NA,7,22,18,0,0,0,0,0,0,NA,NA,NA,0,0,0,0,1091.215231,"West","20F","Low Shrub","Tall Shrub","Gravely Sand Loam","Mesic - Xeric",0,576.231995,67,9.004415,-150.278061,66.212989,-2.90965644244235,0.0544944486331972,"86-2-C-SABE_2017",NA,NA,NA,NA,13.1333335240682,-4.05833335717519,7.86666679382324,18.466667175293,96.7000002861023,1.24166668516894,131.209998130798,241.839998245239,172.400003433228,2,"20F_2017",0.375
"4105","86-2-D-SABE",2017,0.577,10.9849557043951,13,2004,3,"86-2","SABE",144,NA,31,15,91,0,0,0,0,0,0,NA,NA,NA,0,0,0,0,1091.215231,"West","20F","Low Shrub","Tall Shrub","Gravely Sand Loam","Mesic - Xeric",0,576.231995,67,9.004415,-150.278061,66.212989,2.06206857308052,7.86221657027045,"86-2-D-SABE_2017",NA,NA,NA,NA,13.1333335240682,-4.05833335717519,7.86666679382324,18.466667175293,96.7000002861023,1.24166668516894,131.209998130798,241.839998245239,172.400003433228,2,"20F_2017",0.375
"4106","86-3-C-SABE",2017,0.5895,4.8197489823303,11,2006,3,"86-3","SABE",122,NA,15,7,21,1,0,0,0.047619048,0,0,"Moose",NA,NA,1,0,0,1,1057.338847,"West","20F","Tall Shrub (Open-Closed)","Tall Shrub","Gravely Sand Loam","Mesic - Xeric",0,571.701965,63,9.459789,-150.277761,66.213303,0.915678190180582,2.49846911467948,"86-3-C-SABE_2017",NA,NA,NA,NA,13.1333335240682,-4.05833335717519,7.86666679382324,18.466667175293,96.7000002861023,1.24166668516894,131.209998130798,241.839998245239,172.400003433228,2,"20F_2017",0.375
"4107","86-3-D-SABE",2017,0.159,0.674592619709009,12,2005,3,"86-3","SABE",120,NA,16,0,19,5,0,0,0.263157895,0,0,"Moose",NA,NA,1,0,0,1,1057.338847,"West","20F","Tall Shrub (Open-Closed)","Tall Shrub","Gravely Sand Loam","Mesic - Xeric",0,571.701965,63,9.459789,-150.277761,66.213303,-0.88266883977139,0.413677398425453,"86-3-D-SABE_2017",NA,NA,NA,NA,13.1333335240682,-4.05833335717519,7.86666679382324,18.466667175293,96.7000002861023,1.24166668516894,131.209998130798,241.839998245239,172.400003433228,2,"20F_2017",0.375
"4108","86-4-A-SABE",2017,0.282333333333333,1.59507907680238,12,2005,3,"86-4","SABE",104,NA,19,18,32,3,0,0,0.09375,0,0,"Moose",NA,NA,1,2,0,0,1074.730943,"West","20F","Low Shrub","Tall Shrub","Gravely Sand Loam","Mesic - Xeric",0,575.689697,64,9.57597,-150.278532,66.213405,-0.0220992301690276,0.97814316892336,"86-4-A-SABE_2017",NA,NA,NA,NA,13.1333335240682,-4.05833335717519,7.86666679382324,18.466667175293,96.7000002861023,1.24166668516894,131.209998130798,241.839998245239,172.400003433228,2,"20F_2017",0.375
"4109","86-4-D-SABE",2017,0.4445,2.98279142813614,10,2007,3,"86-4","SABE",123,NA,12,21,19,3,0,0,0.157894737,0,0,"Moose",NA,NA,1,2,0,0,1074.730943,"West","20F","Low Shrub","Tall Shrub","Gravely Sand Loam","Mesic - Xeric",0,575.689697,64,9.57597,-150.278532,66.213405,0.251769616765155,1.28629966126918,"86-4-D-SABE_2017",NA,NA,NA,NA,13.1333335240682,-4.05833335717519,7.86666679382324,18.466667175293,96.7000002861023,1.24166668516894,131.209998130798,241.839998245239,172.400003433228,2,"20F_2017",0.375
"4110","97-1-B-SAPU",2017,0.560666666666667,5.56128357496987,13,2004,4,"97-1","SAPU",161,144,25,14,28,0,0,4,0,0,0.142857143,NA,NA,"Ptarmagin",1,0,0,0,926.812684,"East","24A","Tussock Tundra (Low shrub or Herbaceous)","Low Shrub","Gravely Sand Loam","Mesic",2004,556.594971,67,6.396444,-150.432109,66.348765,1.38137084005016,3.98035431837078,"97-1-B-SAPU_2017",NA,NA,NA,NA,13.1333335240682,-4.05833335717519,7.86666679382324,18.466667175293,96.7000002861023,1.24166668516894,131.209998130798,241.839998245239,172.400003433228,2,"24A_2017",0.77
"4111","97-1-D-SAPU",2017,0.4745,4.8022440280645,13,2004,4,"97-1","SAPU",89,76,20,18,25,0,0,0,0,0,0,NA,NA,NA,0,0,0,0,926.812684,"East","24A","Tussock Tundra (Low shrub or Herbaceous)","Low Shrub","Gravely Sand Loam","Mesic",2004,556.594971,67,6.396444,-150.432109,66.348765,1.23462521413774,3.43709010650125,"97-1-D-SAPU_2017",NA,NA,NA,NA,13.1333335240682,-4.05833335717519,7.86666679382324,18.466667175293,96.7000002861023,1.24166668516894,131.209998130798,241.839998245239,172.400003433228,2,"24A_2017",0.77
"4112","97-2-B-SAPU",2017,1.27633333333333,37.5643880747791,9,2008,4,"97-2","SAPU",189,157,30,52,57,0,0,3,0,0,0.052631579,NA,NA,"Ptarmagin",1,0,0,0,888.474156,"East","24A","Tussock Tundra (Low shrub or Herbaceous)","Low Shrub","Gravely Sand Loam","Mesic",2004,560.389526,70,6.330689,-150.43305,66.348843,2.5815127553613,13.2171173091358,"97-2-B-SAPU_2017",NA,NA,NA,NA,13.1333335240682,-4.05833335717519,7.86666679382324,18.466667175293,96.7000002861023,1.24166668516894,131.209998130798,241.839998245239,172.400003433228,2,"24A_2017",0.77
"4113","97-2-C-SAPU",2017,0.32125,2.56018104643304,13,2004,4,"97-2","SAPU",118,101,19,0,29,0,0,0,0,0,0,NA,NA,NA,0,0,0,0,888.474156,"East","24A","Tussock Tundra (Low shrub or Herbaceous)","Low Shrub","Gravely Sand Loam","Mesic",2004,560.389526,70,6.330689,-150.43305,66.348843,0.605619876877679,1.83238771168687,"97-2-C-SAPU_2017",NA,NA,NA,NA,13.1333335240682,-4.05833335717519,7.86666679382324,18.466667175293,96.7000002861023,1.24166668516894,131.209998130798,241.839998245239,172.400003433228,2,"24A_2017",0.77
"4114","97-3-D-SAPU",2017,0.8385,12.8655570491311,13,2004,4,"97-3","SAPU",124,107,24,17,31,0,0,0,0,0,0,NA,NA,NA,0,0,0,0,924.995234,"East","24A","Tussock Tundra (Low shrub or Herbaceous)","Tall Shrub","Gravely Sand Loam","Mesic",2004,557.015015,71,7.919354,-150.432427,66.349149,2.22009564400292,9.20821153397707,"97-3-D-SAPU_2017",NA,NA,NA,NA,13.1333335240682,-4.05833335717519,7.86666679382324,18.466667175293,96.7000002861023,1.24166668516894,131.209998130798,241.839998245239,172.400003433228,2,"24A_2017",0.77
"4115","102-1-C-SAPU",2016,0.8085,20.1979023557183,6,2010,5,"102-1","SAPU",149,NA,21,0,55,1,0,4,0.018181818,0,0.072727273,"Moose",NA,"Ptarmagin",1,0,0,0,978.645101,"West","24A","Low Shrub","Low Shrub","Sandy Loam","Mesic",2004,428.203827,339,4.033863,-150.565499,66.400721,1.17807191031873,3.24810552280078,"102-1-C-SAPU_2016",NA,NA,NA,NA,13.8000001907349,-2.75000002483527,8.73333342870077,18.9666665395101,53.2000005245209,1.28333334003886,118.359996795654,237.319997310638,217.700004577637,1,"24A_2016",0.77
"4116","102-1-D-SAPU",2016,0.865,13.2395510881704,12,2004,5,"102-1","SAPU",67,NA,13,0,26,0,0,0,0,0,0,NA,NA,NA,0,0,0,0,978.645101,"West","24A","Low Shrub","Low Shrub","Sandy Loam","Mesic",2004,428.203827,339,4.033863,-150.565499,66.400721,2.09418610109732,8.1188303732669,"102-1-D-SAPU_2016",NA,NA,NA,NA,13.8000001907349,-2.75000002483527,8.73333342870077,18.9666665395101,53.2000005245209,1.28333334003886,118.359996795654,237.319997310638,217.700004577637,1,"24A_2016",0.77
"4117","102-2-A-SAPU",2016,0.16575,1.09259860467919,9,2007,5,"102-2","SAPU",94,NA,13,0,22,1,0,7,0.045454545,0,0.318181818,"Moose",NA,"Ptarmagin",1,0,0,1,973.266715,"West","24A","Tall Shrub (Open-Closed)","Low Shrub","Sandy Loam","Mesic",2004,426.001434,321,4.435797,-150.566012,66.400957,-0.955984820642823,0.384433360157374,"102-2-A-SAPU_2016",NA,NA,NA,NA,13.8000001907349,-2.75000002483527,8.73333342870077,18.9666665395101,53.2000005245209,1.28333334003886,118.359996795654,237.319997310638,217.700004577637,1,"24A_2016",0.77
"4118","102-2-C-SAPU",2016,0.37825,3.01503300449131,12,2004,5,"102-2","SAPU",91,NA,21,0,42,0,0,5,0,0,0.119047619,NA,NA,"Ptarmagin",1,0,0,1,973.266715,"West","24A","Tall Shrub (Open-Closed)","Low Shrub","Sandy Loam","Mesic",2004,426.001434,321,4.435797,-150.566012,66.400957,0.614588233773103,1.84889513022371,"102-2-C-SAPU_2016",NA,NA,NA,NA,13.8000001907349,-2.75000002483527,8.73333342870077,18.9666665395101,53.2000005245209,1.28333334003886,118.359996795654,237.319997310638,217.700004577637,1,"24A_2016",0.77
"4119","102-3-A-SAPU",2016,0.4095,4.66349794471321,12,2004,5,"102-3","SAPU",138,NA,23,0,32,2,0,5,0.0625,0,0.15625,"Moose",NA,"Ptarmagin",1,0,0,0,939.238254,"West","24A","Tussock Tundra (Low shrub or Herbaceous)","Low Shrub","Sandy Loam","Mesic",2004,424.339783,330,3.896938,-150.565669,66.401242,1.05074325535761,2.85977587208643,"102-3-A-SAPU_2016",NA,NA,NA,NA,13.8000001907349,-2.75000002483527,8.73333342870077,18.9666665395101,53.2000005245209,1.28333334003886,118.359996795654,237.319997310638,217.700004577637,1,"24A_2016",0.77
"4120","102-3-D-SAPU",2016,0.30075,2.60986769044405,8,2008,5,"102-3","SAPU",97,NA,16,0,28,0,0,3,0,0,0.107142857,NA,NA,"Ptarmagin",1,0,0,0,939.238254,"West","24A","Tussock Tundra (Low shrub or Herbaceous)","Low Shrub","Sandy Loam","Mesic",2004,424.339783,330,3.896938,-150.565669,66.401242,-0.312686140739331,0.731479458146423,"102-3-D-SAPU_2016",NA,NA,NA,NA,13.8000001907349,-2.75000002483527,8.73333342870077,18.9666665395101,53.2000005245209,1.28333334003886,118.359996795654,237.319997310638,217.700004577637,1,"24A_2016",0.77
"4121","102-4-A-SAPU",2016,0.0875,0.617401496246737,12,2004,5,"102-4","SAPU",98,NA,17,0,26,2,0,3,0.076923077,0,0.115384615,"Moose",NA,"Ptarmagin",1,0,0,0,934.189604,"West","24A","Low Shrub","Low Shrub","Sandy Loam","Mesic",2004,423.102509,349,3.666453,-150.566049,66.401434,-0.971258286562329,0.378606342982974,"102-4-A-SAPU_2016",NA,NA,NA,NA,13.8000001907349,-2.75000002483527,8.73333342870077,18.9666665395101,53.2000005245209,1.28333334003886,118.359996795654,237.319997310638,217.700004577637,1,"24A_2016",0.77
"4122","102-4-C-SAPU",2016,0.47675,6.16737775893801,12,2004,5,"102-4","SAPU",122,NA,18,0,37,3,0,3,0.081081081,0,0.081081081,"Moose",NA,"Ptarmagin",1,0,0,0,934.189604,"West","24A","Low Shrub","Low Shrub","Sandy Loam","Mesic",2004,423.102509,349,3.666453,-150.566049,66.401434,1.33025120591902,3.78199332735807,"102-4-C-SAPU_2016",NA,NA,NA,NA,13.8000001907349,-2.75000002483527,8.73333342870077,18.9666665395101,53.2000005245209,1.28333334003886,118.359996795654,237.319997310638,217.700004577637,1,"24A_2016",0.77
"4123","111-2-C-SAPU",2016,0.5685,6.18490215180836,18,1998,6,"111-2","SAPU",87,78,14,0,21,0,0,0,0,0,0,NA,NA,NA,0,0,0,0,685.564701,"West","24A","Tall Shrub (Open-Closed)","Low Shrub","Gravely Sand Loam","Mesic",0,516.430603,8,6.353059,-150.737535,66.498284,2.11605176673183,8.29830906328143,"111-2-C-SAPU_2016",NA,NA,NA,NA,13.8000001907349,-2.75000002483527,8.73333342870077,18.9666665395101,53.2000005245209,1.28333334003886,118.359996795654,237.319997310638,217.700004577637,1,"24A_2016",0.77
"4124","129-4-A-SAPU",2016,0.96,16.4428446214767,12,2004,8,"129-4","SAPU",127,105,25,18,36,0,0,0,0,0,0,NA,NA,NA,0,0,0,0,1057.255538,"East","24A","Tussock Tundra (Low shrub or Herbaceous)","Tall Shrub","Sandy Loam","Mesic - Hydric",2005,303.823029,358,6.979915,-150.646167,66.709845,2.31086786205401,10.0831716609359,"129-4-A-SAPU_2016",NA,NA,NA,NA,13.9000002543132,-2.7500001291434,8.73333326975504,19.0666669209798,54.6000010967255,1.25833332786957,114.309995889664,235.509995937347,205.5,1,"24A_2016",0.77
"4125","129-4-B-SAPU",2016,1.157,17.946331302703,12,2004,8,"129-4","SAPU",194,177,37,34,72,0,0,0,0,0,0,NA,NA,NA,0,0,0,0,1057.255538,"East","24A","Tussock Tundra (Low shrub or Herbaceous)","Tall Shrub","Sandy Loam","Mesic - Hydric",2005,303.823029,358,6.979915,-150.646167,66.709845,2.39836316668504,11.0051480370269,"129-4-B-SAPU_2016",NA,NA,NA,NA,13.9000002543132,-2.7500001291434,8.73333326975504,19.0666669209798,54.6000010967255,1.25833332786957,114.309995889664,235.509995937347,205.5,1,"24A_2016",0.77
"4126","147-1-A-SAPU",2016,0.039,0.112679508607189,28,1988,9,"147-1","SAPU",191,167,22,11,73,23,0,0,0.315068493,0,0,"Moose",NA,NA,1,1,0,0,984.758365,"West","24A","Low Shrub","Tall Shrub","Clay Loam","Mesic - Hydric",0,426.634277,145,7.907337,-150.485282,66.911769,-1.03607717344043,0.354843946513152,"147-1-A-SAPU_2016",NA,NA,NA,NA,12.3666671117147,-4.11666659514109,7.40000025431315,17.4333337148031,36.5000011324883,1.18333337455988,111.679995894432,248.609996587038,211.000003814697,1,"24A_2016",0.77
"4127","147-1-D-SAPU",2016,0.11125,0.538844990196018,22,1994,9,"147-1","SAPU",211,134,21,18,47,15,0,0,0.319148936,0,0,"Moose",NA,NA,1,1,0,0,984.758365,"West","24A","Low Shrub","Tall Shrub","Clay Loam","Mesic - Hydric",0,426.634277,145,7.907337,-150.485282,66.911769,0.063113306442538,1.06514752047052,"147-1-D-SAPU_2016",NA,NA,NA,NA,12.3666671117147,-4.11666659514109,7.40000025431315,17.4333337148031,36.5000011324883,1.18333337455988,111.679995894432,248.609996587038,211.000003814697,1,"24A_2016",0.77
"4128","147-2-B-SAPU",2016,0.059,0.154492531129259,24,1992,9,"147-2","SAPU",104,97,14,31,12,5,0,0,0.416666667,0,0,"Moose",NA,NA,1,2,1,0,986.173835,"West","24A","Low Shrub","Tall Shrub","Clay Loam","Mesic - Hydric",0,428.943481,147,8.698308,-150.484958,66.912025,-1.01814776731717,0.361263464847027,"147-2-B-SAPU_2016",NA,NA,NA,NA,12.3666671117147,-4.11666659514109,7.40000025431315,17.4333337148031,36.5000011324883,1.18333337455988,111.679995894432,248.609996587038,211.000003814697,1,"24A_2016",0.77
"4129","147-2-C-SAPU",2016,0.3305,3.25246338532579,10,2006,9,"147-2","SAPU",124,112,17,11,15,3,2,0,0.2,0.133333333,0,"Moose","Hare",NA,1,2,1,0,986.173835,"West","24A","Low Shrub","Tall Shrub","Clay Loam","Mesic - Hydric",0,428.943481,147,8.698308,-150.484958,66.912025,0.338322707793074,1.40259305809029,"147-2-C-SAPU_2016",NA,NA,NA,NA,12.3666671117147,-4.11666659514109,7.40000025431315,17.4333337148031,36.5000011324883,1.18333337455988,111.679995894432,248.609996587038,211.000003814697,1,"24A_2016",0.77
"4130","147-3-B-SAPU",2016,0.12175,0.646310628194606,27,1989,9,"147-3","SAPU",167,149,20,7,58,18,0,0,0.310344828,0,0,"Moose",NA,NA,1,2,1,0,952.272152,"West","24A","White Spruce or Black Spruce (Woodland)","Black Spruce Woodland","Clay Loam","Mesic - Hydric",0,425.583191,170,6.572863,-150.484233,66.911912,0.640428663445091,1.89729400559853,"147-3-B-SAPU_2016",NA,NA,NA,NA,12.3666671117147,-4.11666659514109,7.40000025431315,17.4333337148031,36.5000011324883,1.18333337455988,111.679995894432,248.609996587038,211.000003814697,1,"24A_2016",0.77
"4131","147-3-C-SAPU",2016,0.19125,1.46286985642393,10,2006,9,"147-3","SAPU",128,104,11,14,17,5,2,0,0.294117647,0.117647059,0,"Moose","Hare",NA,1,2,1,0,952.272152,"West","24A","White Spruce or Black Spruce (Woodland)","Black Spruce Woodland","Clay Loam","Mesic - Hydric",0,425.583191,170,6.572863,-150.484233,66.911912,-0.460689804720935,0.630848333225501,"147-3-C-SAPU_2016",NA,NA,NA,NA,12.3666671117147,-4.11666659514109,7.40000025431315,17.4333337148031,36.5000011324883,1.18333337455988,111.679995894432,248.609996587038,211.000003814697,1,"24A_2016",0.77
"4132","147-4-A-SAPU",2016,0.091,0.410244876669024,25,1991,9,"147-4","SAPU",124,110,21,14,47,16,0,0,0.340425532,0,0,"Moose",NA,NA,1,0,1,0,956.341518,"West","24A","Tall Shrub (Open-Closed)","Tall Shrub","Clay Loam","Mesic - Hydric",0,428.39856,129,7.52786,-150.483929,66.912191,0.0372889995707477,1.03799295701437,"147-4-A-SAPU_2016",NA,NA,NA,NA,12.3666671117147,-4.11666659514109,7.40000025431315,17.4333337148031,36.5000011324883,1.18333337455988,111.679995894432,248.609996587038,211.000003814697,1,"24A_2016",0.77
"4133","147-4-C-SAPU",2016,0.0475,0.0986381553410853,30,1986,9,"147-4","SAPU",113,101,16,9,12,5,0,0,0.416666667,0,0,"Moose",NA,NA,1,0,1,0,956.341518,"West","24A","Tall Shrub (Open-Closed)","Tall Shrub","Clay Loam","Mesic - Hydric",0,428.39856,129,7.52786,-150.483929,66.912191,-1.03593966120295,0.35489274525333,"147-4-C-SAPU_2016",NA,NA,NA,NA,12.3666671117147,-4.11666659514109,7.40000025431315,17.4333337148031,36.5000011324883,1.18333337455988,111.679995894432,248.609996587038,211.000003814697,1,"24A_2016",0.77
"4134","151-4-B-SAPU",2016,0.049,0.24760933738166,13,2003,10,"151-4","SAPU",61,54,9,0,8,0,0,0,0,0,0,NA,NA,NA,0,0,0,0,714.907956,"East","24A","Low Shrub","Low Shrub","Clay Loam","Mesic",0,485.466003,301,24.973797,-150.361301,66.958638,-1.73036112770124,0.177220399217164,"151-4-B-SAPU_2016",NA,NA,NA,NA,12.3666671117147,-4.11666659514109,7.40000025431315,17.4333337148031,36.5000011324883,1.18333337455988,111.679995894432,248.609996587038,211.000003814697,1,"24A_2016",0.77
"4135","158-1-A-SAPU",2016,0.5855,17.0420641502408,9,2007,11,"158-1","SAPU",157,139,27,13,83,0,0,17,0,0,0.204819277,NA,NA,"Ptarmagin",1,0,0,0,1304.611642,"East","24A","Low Shrub","Low Shrub","Sandy Loam","Mesic - Xeric",2005,586.787537,51,13.434302,-150.285356,67.046606,1.7911409290855,5.99628990668379,"158-1-A-SAPU_2016",NA,NA,NA,NA,12.3000001907349,-4.24166661500931,7.26666657129924,17.4000005722046,35.9000015258789,1.20000003650784,107.759997606277,247.459998250008,188.099998474121,1,"24A_2016",0.77
"4136","158-1-C-SAPU",2016,0.44075,4.77672035489996,10,2006,11,"158-1","SAPU",124,107,23,0,36,0,0,11,0,0,0.305555556,NA,NA,"Ptarmagin",1,0,0,0,1304.611642,"East","24A","Low Shrub","Low Shrub","Sandy Loam","Mesic - Xeric",2005,586.787537,51,13.434302,-150.285356,67.046606,0.722664226640755,2.05991398410474,"158-1-C-SAPU_2016",NA,NA,NA,NA,12.3000001907349,-4.24166661500931,7.26666657129924,17.4000005722046,35.9000015258789,1.20000003650784,107.759997606277,247.459998250008,188.099998474121,1,"24A_2016",0.77
"4137","158-1-D-SAGL",2016,0.3545,4.26934823260669,10,2006,11,"158-1","SAGL",134,119,17,9,22,0,0,2,0,0,0.090909091,NA,NA,"Ptarmagin",1,0,0,0,1304.611642,"East","24A","Low Shrub","Low Shrub","Sandy Loam","Mesic - Xeric",2005,586.787537,51,13.434302,-150.285356,67.046606,0.610371210702243,1.84111471343262,"158-1-D-SAGL_2016",NA,NA,NA,NA,12.3000001907349,-4.24166661500931,7.26666657129924,17.4000005722046,35.9000015258789,1.20000003650784,107.759997606277,247.459998250008,188.099998474121,1,"24A_2016",0.77
"4138","158-2-C-SAPU",2016,1.055,23.4508974556007,10,2006,11,"158-2","SAPU",121,110,23,13,67,0,0,1,0,0,0.014925373,NA,NA,"Ptarmagin",1,0,0,1,1283.38641,"East","24A","Tussock Tundra (Low shrub or Herbaceous)","Low Shrub","Sandy Loam","Mesic - Xeric",2005,590.000549,54,15.617359,-150.286104,67.046812,2.3138187990337,10.1129704105548,"158-2-C-SAPU_2016",NA,NA,NA,NA,12.3000001907349,-4.24166661500931,7.26666657129924,17.4000005722046,35.9000015258789,1.20000003650784,107.759997606277,247.459998250008,188.099998474121,1,"24A_2016",0.77
"4139","158-3-A-SAPU",2016,0.31625,2.37925279852199,11,2005,11,"158-3","SAPU",91,77,19,0,37,0,0,3,0,0,0.081081081,NA,NA,"Ptarmagin",1,0,0,0,1313.543229,"East","24A","Tussock Tundra (Low shrub or Herbaceous)","Low Shrub","Sandy Loam","Mesic - Xeric",2005,580.218689,48,13.61797,-150.285679,67.047111,0.209742830018764,1.23336083578523,"158-3-A-SAPU_2016",NA,NA,NA,NA,12.3000001907349,-4.24166661500931,7.26666657129924,17.4000005722046,35.9000015258789,1.20000003650784,107.759997606277,247.459998250008,188.099998474121,1,"24A_2016",0.77
"4140","158-3-B-SAPU",2016,0.627,12.4483440805609,11,2005,11,"158-3","SAPU",129,118,12,11,15,0,0,0,0,0,0,NA,NA,NA,0,0,0,0,1313.543229,"East","24A","Tussock Tundra (Low shrub or Herbaceous)","Low Shrub","Sandy Loam","Mesic - Xeric",2005,580.218689,48,13.61797,-150.285679,67.047111,1.86454395031616,6.45299232972648,"158-3-B-SAPU_2016",NA,NA,NA,NA,12.3000001907349,-4.24166661500931,7.26666657129924,17.4000005722046,35.9000015258789,1.20000003650784,107.759997606277,247.459998250008,188.099998474121,1,"24A_2016",0.77
"4141","158-4-C-SAPU",2016,0.485333333333333,4.77237245891674,11,2005,11,"158-4","SAPU",191,163,27,14,50,0,0,4,0,0,0.08,NA,NA,"Ptarmagin",1,0,0,0,1283.367604,"East","24A","Tussock Tundra (Low shrub or Herbaceous)","Low Shrub","Sandy Loam","Mesic - Xeric",2005,587.563538,57,15.053073,-150.286524,67.047197,0.90579989392336,2.47390999740104,"158-4-C-SAPU_2016",NA,NA,NA,NA,12.3000001907349,-4.24166661500931,7.26666657129924,17.4000005722046,35.9000015258789,1.20000003650784,107.759997606277,247.459998250008,188.099998474121,1,"24A_2016",0.77
"4142","173-1-A-SAPU",2016,0.56425,9.50181315057759,6,2010,12,"173-1","SAPU",112,96,14,9,23,2,0,0,0.086956522,0,0,"Moose",NA,NA,1,0,0,0,1301.486525,"East","24A","Low Shrub","Low Shrub","Clay Loam","Mesic",0,349.871613,358,2.901099,-150.191497,67.228159,0.423975793431,1.52802460510334,"173-1-A-SAPU_2016",NA,NA,NA,NA,12.3000001907349,-4.24166661500931,7.26666657129924,17.4000005722046,35.9000015258789,1.20000003650784,107.759997606277,247.459998250008,188.099998474121,1,"24A_2016",0.77
"4143","173-1-B-SAPU",2016,0.43475,5.4922530319733,8,2008,12,"173-1","SAPU",118,88,16,17,14,6,0,0,0.428571429,0,0,"Moose",NA,NA,1,0,0,0,1301.486525,"East","24A","Low Shrub","Low Shrub","Clay Loam","Mesic",0,349.871613,358,2.901099,-150.191497,67.228159,0.431352892200225,1.5393386747308,"173-1-B-SAPU_2016",NA,NA,NA,NA,12.3000001907349,-4.24166661500931,7.26666657129924,17.4000005722046,35.9000015258789,1.20000003650784,107.759997606277,247.459998250008,188.099998474121,1,"24A_2016",0.77
"4144","173-2-C-SAPU",2016,0.57575,7.21112165261076,8,2008,12,"173-2","SAPU",129,111,17,16,20,7,0,0,0.35,0,0,"Moose",NA,NA,1,2,0,0,1323.706943,"East","24A","Tussock Tundra (Low shrub or Herbaceous)","Low Shrub","Clay Loam","Mesic",0,348.371155,13,2.823825,-150.190835,67.228457,0.703638840741474,2.02109378126452,"173-2-C-SAPU_2016",NA,NA,NA,NA,12.3000001907349,-4.24166661500931,7.26666657129924,17.4000005722046,35.9000015258789,1.20000003650784,107.759997606277,247.459998250008,188.099998474121,1,"24A_2016",0.77
"4145","173-2-D-SAPU",2016,0.10925,0.570687387934639,10,2006,12,"173-2","SAPU",89,70,12,0,18,0,0,0,0,0,0,NA,NA,NA,0,2,0,0,1323.706943,"East","24A","Tussock Tundra (Low shrub or Herbaceous)","Low Shrub","Clay Loam","Mesic",0,348.371155,13,2.823825,-150.190835,67.228457,-1.40200366712866,0.246103360384678,"173-2-D-SAPU_2016",NA,NA,NA,NA,12.3000001907349,-4.24166661500931,7.26666657129924,17.4000005722046,35.9000015258789,1.20000003650784,107.759997606277,247.459998250008,188.099998474121,1,"24A_2016",0.77
"4146","173-3-A-SAPU",2016,0.054,0.26176378308241,14,2002,12,"173-3","SAPU",59,53,10,0,2,0,0,0,0,0,0,NA,NA,NA,0,0,0,0,1278.311889,"East","24A","Low Shrub","Low Shrub","Clay Loam","Mesic",0,347.24527,24,1.739254,-150.191816,67.228627,-1.53166655149638,0.216175100011066,"173-3-A-SAPU_2016",NA,NA,NA,NA,12.3000001907349,-4.24166661500931,7.26666657129924,17.4000005722046,35.9000015258789,1.20000003650784,107.759997606277,247.459998250008,188.099998474121,1,"24A_2016",0.77
"4147","173-3-B-SAPU",2016,0.22575,2.36328015607298,7,2009,12,"173-3","SAPU",84,81,12,0,7,1,0,0,0.142857143,0,0,"Moose",NA,NA,1,0,0,0,1278.311889,"East","24A","Low Shrub","Low Shrub","Clay Loam","Mesic",0,347.24527,24,1.739254,-150.191816,67.228627,-0.669787529453147,0.51181731233893,"173-3-B-SAPU_2016",NA,NA,NA,NA,12.3000001907349,-4.24166661500931,7.26666657129924,17.4000005722046,35.9000015258789,1.20000003650784,107.759997606277,247.459998250008,188.099998474121,1,"24A_2016",0.77
"4148","173-4-B-SAPU",2016,0.142333333333333,1.25493585813389,18,1998,12,"173-4","SAPU",149,112,21,11,30,5,0,0,0.166666667,0,0,"Moose",NA,NA,1,1,0,0,1308.377258,"East","24A","Low Shrub","Low Shrub","Clay Loam","Mesic",0,346.165253,355,1.872125,-150.190975,67.22891,0.521025043474664,1.68375268513253,"173-4-B-SAPU_2016",NA,NA,NA,NA,12.3000001907349,-4.24166661500931,7.26666657129924,17.4000005722046,35.9000015258789,1.20000003650784,107.759997606277,247.459998250008,188.099998474121,1,"24A_2016",0.77
"4149","173-4-C-SAPU",2016,0.65625,9.89859394653149,12,2004,12,"173-4","SAPU",167,122,27,13,41,9,0,0,0.219512195,0,0,"Moose",NA,NA,1,1,0,0,1308.377258,"East","24A","Low Shrub","Low Shrub","Clay Loam","Mesic",0,346.165253,355,1.872125,-150.190975,67.22891,1.80337017834166,6.07007025015693,"173-4-C-SAPU_2016",NA,NA,NA,NA,12.3000001907349,-4.24166661500931,7.26666657129924,17.4000005722046,35.9000015258789,1.20000003650784,107.759997606277,247.459998250008,188.099998474121,1,"24A_2016",0.77
"4150","184-1-A-SAPU",2016,0.0365,0.204625281297082,12,2004,13,"184-1","SAPU",133,112,18,3,22,6,0,0,0.272727273,0,0,"Moose",NA,NA,1,2,0,0,692.283244,"East","24A","White Spruce or Black Spruce (Open-Closed)","Tall Shrub","Clay Loam","Mesic",0,423.977753,249,10.469168,-150.109686,67.368938,-2.07559741170563,0.125481441014826,"184-1-A-SAPU_2016",NA,NA,NA,NA,12.3000001907349,-4.24166661500931,7.26666657129924,17.4000005722046,35.9000015258789,1.20000003650784,107.759997606277,247.459998250008,188.099998474121,1,"24A_2016",0.77
"4151","184-1-C-SAPU",2016,0.195,1.9232908765093,10,2006,13,"184-1","SAPU",108,91,21,0,42,8,1,0,0.19047619,0.023809524,0,"Moose","Hare",NA,1,2,0,0,692.283244,"East","24A","White Spruce or Black Spruce (Open-Closed)","Tall Shrub","Clay Loam","Mesic",0,423.977753,249,10.469168,-150.109686,67.368938,-0.187052249150982,0.82940039978655,"184-1-C-SAPU_2016",NA,NA,NA,NA,12.3000001907349,-4.24166661500931,7.26666657129924,17.4000005722046,35.9000015258789,1.20000003650784,107.759997606277,247.459998250008,188.099998474121,1,"24A_2016",0.77
"4152","184-2-A-SAPU",2016,0.76025,11.0684233051616,12,2004,13,"184-2","SAPU",124,118,27,4,36,7,0,0,0.194444444,0,0,"Moose",NA,NA,1,1,0,0,706.210196,"East","24A","White Spruce or Black Spruce (Open-Closed)","Tall Shrub","Clay Loam","Mesic",0,429.192566,258,16.706417,-150.109279,67.369156,1.91507376394238,6.78743944682641,"184-2-A-SAPU_2016",NA,NA,NA,NA,12.3000001907349,-4.24166661500931,7.26666657129924,17.4000005722046,35.9000015258789,1.20000003650784,107.759997606277,247.459998250008,188.099998474121,1,"24A_2016",0.77
"4153","184-2-D-SAPU",2016,0.0635,0.453842328719212,25,1991,13,"184-2","SAPU",172,139,22,0,38,6,3,0,0.157894737,0.078947368,0,"Moose","Hare",NA,1,1,0,0,706.210196,"East","24A","White Spruce or Black Spruce (Open-Closed)","Tall Shrub","Clay Loam","Mesic",0,429.192566,258,16.706417,-150.109279,67.369156,0.138284602143863,1.14830231307338,"184-2-D-SAPU_2016",NA,NA,NA,NA,12.3000001907349,-4.24166661500931,7.26666657129924,17.4000005722046,35.9000015258789,1.20000003650784,107.759997606277,247.459998250008,188.099998474121,1,"24A_2016",0.77
"4154","184-3-C-SAPU",2016,0.136,0.747271794953483,19,1997,13,"184-3","SAPU",130,116,18,14,25,1,4,0,0.04,0.16,0,"Moose","Hare",NA,1,1,3,0,683.765397,"East","24A","White Spruce or Black Spruce (Open-Closed)","Tall Shrub","Clay Loam","Mesic",0,425.482941,261,10.788996,-150.109693,67.36937,0.107019407708968,1.11295585419304,"184-3-C-SAPU_2016",NA,NA,NA,NA,12.3000001907349,-4.24166661500931,7.26666657129924,17.4000005722046,35.9000015258789,1.20000003650784,107.759997606277,247.459998250008,188.099998474121,1,"24A_2016",0.77
"4155","184-3-D-SAPU",2016,0.04125,0.244764428884292,13,2003,13,"184-3","SAPU",66,58,11,0,18,1,2,0,0.055555556,0.111111111,0,"Moose","Hare",NA,1,1,3,0,683.765397,"East","24A","White Spruce or Black Spruce (Open-Closed)","Tall Shrub","Clay Loam","Mesic",0,425.482941,261,10.788996,-150.109693,67.36937,-1.74191714612331,0.175184224713524,"184-3-D-SAPU_2016",NA,NA,NA,NA,12.3000001907349,-4.24166661500931,7.26666657129924,17.4000005722046,35.9000015258789,1.20000003650784,107.759997606277,247.459998250008,188.099998474121,1,"24A_2016",0.77
"4156","184-4-C-SAPU",2016,0.05,0.203103965054579,16,2000,13,"184-4","SAPU",142,131,16,7,32,1,3,0,0.03125,0.09375,0,"Moose","Hare",NA,1,2,1,0,702.330496,"East","24A","White Spruce or Black Spruce (Open-Closed)","Tall Shrub","Clay Loam","Mesic",0,431.246765,263,17.707565,-150.109187,67.369491,-1.52753865357685,0.217069293055741,"184-4-C-SAPU_2016",NA,NA,NA,NA,12.3000001907349,-4.24166661500931,7.26666657129924,17.4000005722046,35.9000015258789,1.20000003650784,107.759997606277,247.459998250008,188.099998474121,1,"24A_2016",0.77
"4157","184-4-D-SAPU",2016,0.04775,0.156349016037988,21,1995,13,"184-4","SAPU",139,114,15,19,23,0,0,0,0,0,0,NA,NA,NA,0,2,1,0,702.330496,"East","24A","White Spruce or Black Spruce (Open-Closed)","Tall Shrub","Clay Loam","Mesic",0,431.246765,263,17.707565,-150.109187,67.369491,-1.26405514237307,0.282506098117195,"184-4-D-SAPU_2016",NA,NA,NA,NA,12.3000001907349,-4.24166661500931,7.26666657129924,17.4000005722046,35.9000015258789,1.20000003650784,107.759997606277,247.459998250008,188.099998474121,1,"24A_2016",0.77
"4158","191-1-B-SAPU",2016,0.04925,0.458020057899865,14,2002,14,"191-1","SAPU",112,103,12,23,16,2,0,0,0.125,0,0,"Moose",NA,NA,1,1,0,0,1595.806211,"East","24A","Low Shrub","Low Shrub","Clay Loam","Mesic",0,492.755432,293,2.980974,-149.860617,67.475764,-0.972196079594658,0.378251455024265,"191-1-B-SAPU_2016",NA,NA,NA,NA,10.4666668574015,-5.71666683753331,5.56666660308838,15.3666667938232,18.5000008940697,1.10833333308498,90.1299970149994,264.449998497963,191.100002288818,1,"24A_2016",0.77
"4159","191-1-C-SAPU",2016,0.433,4.59172511894929,14,2002,14,"191-1","SAPU",163,139,21,0,37,12,0,0,0.324324324,0,0,"Moose",NA,NA,1,1,0,0,1595.806211,"East","24A","Low Shrub","Low Shrub","Clay Loam","Mesic",0,492.755432,293,2.980974,-149.860617,67.475764,1.3329020180606,3.79203198060324,"191-1-C-SAPU_2016",NA,NA,NA,NA,10.4666668574015,-5.71666683753331,5.56666660308838,15.3666667938232,18.5000008940697,1.10833333308498,90.1299970149994,264.449998497963,191.100002288818,1,"24A_2016",0.77
"4160","191-2-A-SAPU",2016,0.01125,0.120545855361357,9,2007,14,"191-2","SAPU",126,110,15,27,22,2,0,0,0.090909091,0,0,"Moose",NA,NA,1,0,0,0,1628.072852,"East","24A","Low Shrub","Low Shrub","Clay Loam","Mesic",0,494.812988,260,1.497492,-149.859771,67.475671,-3.16026877657829,0.0424143395672909,"191-2-A-SAPU_2016",NA,NA,NA,NA,10.4666668574015,-5.71666683753331,5.56666660308838,15.3666667938232,18.5000008940697,1.10833333308498,90.1299970149994,264.449998497963,191.100002288818,1,"24A_2016",0.77
"4161","191-2-B-SAPU",2016,0.35075,2.25974936287301,9,2007,14,"191-2","SAPU",107,87,14,11,25,15,1,0,0.6,0.04,0,"Moose","Hare",NA,1,0,0,0,1628.072852,"East","24A","Low Shrub","Low Shrub","Clay Loam","Mesic",0,494.812988,260,1.497492,-149.859771,67.475671,-0.2292898148063,0.795098068917849,"191-2-B-SAPU_2016",NA,NA,NA,NA,10.4666668574015,-5.71666683753331,5.56666660308838,15.3666667938232,18.5000008940697,1.10833333308498,90.1299970149994,264.449998497963,191.100002288818,1,"24A_2016",0.77
"4162","191-3-A-SAPU",2016,0.147,1.05778524203797,14,2002,14,"191-3","SAPU",109,97,22,14,31,13,0,0,0.419354839,0,0,"Moose",NA,NA,1,2,0,0,1608.343863,"East","24A","Low Shrub","Low Shrub","Clay Loam","Mesic",0,494.475037,298,4.15829,-149.859591,67.475979,-0.135176450318282,0.873561757837977,"191-3-A-SAPU_2016",NA,NA,NA,NA,10.4666668574015,-5.71666683753331,5.56666660308838,15.3666667938232,18.5000008940697,1.10833333308498,90.1299970149994,264.449998497963,191.100002288818,1,"24A_2016",0.77
"4163","191-3-B-SAPU",2016,0.041,0.282470020262215,8,2008,14,"191-3","SAPU",107,89,14,21,14,6,0,0,0.428571429,0,0,"Moose",NA,NA,1,2,0,0,1608.343863,"East","24A","Low Shrub","Low Shrub","Clay Loam","Mesic",0,494.475037,298,4.15829,-149.859591,67.475979,-2.53616852446522,0.0791691540994782,"191-3-B-SAPU_2016",NA,NA,NA,NA,10.4666668574015,-5.71666683753331,5.56666660308838,15.3666667938232,18.5000008940697,1.10833333308498,90.1299970149994,264.449998497963,191.100002288818,1,"24A_2016",0.77
"4164","191-4-A-SAPU",2016,0.0685,0.282664013608579,25,1991,14,"191-4","SAPU",109,85,19,16,39,13,0,0,0.333333333,0,0,"Moose",NA,NA,1,1,0,0,1634.196324,"East","24A","Low Shrub","Low Shrub","Clay Loam","Mesic",0,497.007599,303,3.553675,-149.85875,67.475963,-0.335206280746049,0.715190541096826,"191-4-A-SAPU_2016",NA,NA,NA,NA,10.4666668574015,-5.71666683753331,5.56666660308838,15.3666667938232,18.5000008940697,1.10833333308498,90.1299970149994,264.449998497963,191.100002288818,1,"24A_2016",0.77
"4165","191-4-D-SAPU",2016,0.11025,0.623362471957378,16,2000,14,"191-4","SAPU",114,103,16,7,34,2,0,0,0.058823529,0,0,"Moose",NA,NA,1,1,0,0,1634.196324,"East","24A","Low Shrub","Low Shrub","Clay Loam","Mesic",0,497.007599,303,3.553675,-149.85875,67.475963,-0.406128478100486,0.666224566659271,"191-4-D-SAPU_2016",NA,NA,NA,NA,10.4666668574015,-5.71666683753331,5.56666660308838,15.3666667938232,18.5000008940697,1.10833333308498,90.1299970149994,264.449998497963,191.100002288818,1,"24A_2016",0.77
"4166","203-1-C-SAPU",2016,0.2095,1.23603135522102,20,1996,15,"203-1","SAPU",102,74,13,0,16,1,1,0,0.0625,0.0625,0,"Moose","Hare",NA,1,1,0,0,905.036767,"East","24A","Low Shrub","Low Shrub","Loam","Mesic",0,550.644958,299,23.927214,-149.794431,67.571449,0.70930006267206,2.03256809036252,"203-1-C-SAPU_2016",NA,NA,NA,NA,9.56666692097982,-6.51666683952014,4.73333350817362,14.4666668574015,10.2000001966953,1.06666668628653,74.989998459816,273.059998750687,150.000003814697,1,"24A_2016",0.77
"4167","203-1-D-SAPU",2016,0.56075,6.37055987110984,10,2006,15,"203-1","SAPU",121,103,12,14,16,0,0,0,0,0,0,NA,NA,NA,0,1,0,0,905.036767,"East","24A","Low Shrub","Low Shrub","Loam","Mesic",0,550.644958,299,23.927214,-149.794431,67.571449,1.01059739142177,2.74724170352872,"203-1-D-SAPU_2016",NA,NA,NA,NA,9.56666692097982,-6.51666683952014,4.73333350817362,14.4666668574015,10.2000001966953,1.06666668628653,74.989998459816,273.059998750687,150.000003814697,1,"24A_2016",0.77
"4168","203-2-A-SAPU",2016,0.0585,0.166048094307327,20,1996,15,"203-2","SAPU",122,97,14,32,16,1,0,0,0.0625,0,0,"Moose",NA,NA,1,0,1,0,933.944119,"East","24A","Low Shrub","Low Shrub","Loam","Mesic",0,566.911377,300,26.508135,-149.793674,67.571447,-1.29808347218824,0.273054608630239,"203-2-A-SAPU_2016",NA,NA,NA,NA,9.56666692097982,-6.51666683952014,4.73333350817362,14.4666668574015,10.2000001966953,1.06666668628653,74.989998459816,273.059998750687,150.000003814697,1,"24A_2016",0.77
"4169","203-2-B-SAPU",2016,0.12,0.310640681586957,21,1995,15,"203-2","SAPU",129,107,22,18,35,2,0,0,0.057142857,0,0,"Moose",NA,NA,1,0,1,0,933.944119,"East","24A","Low Shrub","Low Shrub","Loam","Mesic",0,566.911377,300,26.508135,-149.793674,67.571447,-0.577509053369194,0.5612947819913,"203-2-B-SAPU_2016",NA,NA,NA,NA,9.56666692097982,-6.51666683952014,4.73333350817362,14.4666668574015,10.2000001966953,1.06666668628653,74.989998459816,273.059998750687,150.000003814697,1,"24A_2016",0.77
"4170","203-3-B-SAPU",2016,0.05125,0.249117498204924,9,2007,15,"203-3","SAPU",63,60,8,18,11,1,0,0,0.090909091,0,0,"Moose",NA,NA,1,0,1,0,922.335664,"East","24A","Low Shrub","Low Shrub","Loam","Mesic",0,556.241272,305,23.609533,-149.79364,67.571701,-2.43437433403374,0.0876525711260979,"203-3-B-SAPU_2016",NA,NA,NA,NA,9.56666692097982,-6.51666683952014,4.73333350817362,14.4666668574015,10.2000001966953,1.06666668628653,74.989998459816,273.059998750687,150.000003814697,1,"24A_2016",0.77
"4171","203-3-D-SAPU",2016,0.12725,0.687500442174906,28,1988,15,"203-3","SAPU",117,104,18,17,39,2,3,0,0.051282051,0.076923077,0,"Moose","Hare",NA,1,0,1,0,922.335664,"East","24A","Low Shrub","Low Shrub","Loam","Mesic",0,556.241272,305,23.609533,-149.79364,67.571701,0.772437717223491,2.16503757556604,"203-3-D-SAPU_2016",NA,NA,NA,NA,9.56666692097982,-6.51666683952014,4.73333350817362,14.4666668574015,10.2000001966953,1.06666668628653,74.989998459816,273.059998750687,150.000003814697,1,"24A_2016",0.77
"4172","203-4-B-SAPU",2016,0.232,1.10639353437064,20,1996,15,"203-4","SAPU",76,69,15,0,18,3,0,0,0.166666667,0,0,"Moose",NA,NA,1,1,1,0,951.384807,"East","24A","Low Shrub","Low Shrub","Loam","Mesic",0,569.135193,316,29.227108,-149.792864,67.571712,0.598499993163548,1.81938765861086,"203-4-B-SAPU_2016",NA,NA,NA,NA,9.56666692097982,-6.51666683952014,4.73333350817362,14.4666668574015,10.2000001966953,1.06666668628653,74.989998459816,273.059998750687,150.000003814697,1,"24A_2016",0.77
"4173","203-4-C-SAPU",2016,0.04425,0.101794081511157,24,1992,15,"203-4","SAPU",75,68,9,10,9,1,0,0,0.111111111,0,0,"Moose",NA,NA,1,1,1,0,951.384807,"East","24A","Low Shrub","Low Shrub","Loam","Mesic",0,569.135193,316,29.227108,-149.792864,67.571712,-1.43534155625196,0.238034048111188,"203-4-C-SAPU_2016",NA,NA,NA,NA,9.56666692097982,-6.51666683952014,4.73333350817362,14.4666668574015,10.2000001966953,1.06666668628653,74.989998459816,273.059998750687,150.000003814697,1,"24A_2016",0.77
"4174","209-1-C-SAPU",2016,0.12575,0.461720854045796,19,1997,16,"209-1","SAPU",64,53,15,0,11,0,0,0,0,0,0,NA,NA,NA,0,0,1,0,698.873831,"East","24A","Low Shrub","Black Spruce Woodland","Sandy Loam","Mesic - Xeric",0,553.345276,287,19.679848,-149.692986,67.655886,-0.374449063462942,0.687668035892169,"209-1-C-SAPU_2016",NA,NA,NA,NA,9.56666692097982,-6.51666683952014,4.73333350817362,14.4666668574015,10.2000001966953,1.06666668628653,74.989998459816,273.059998750687,150.000003814697,1,"24A_2016",0.77
"4175","209-1-D-SAPU",2016,0.1035,0.337022991293644,27,1989,16,"209-1","SAPU",53,47,13,0,9,1,0,0,0.111111111,0,0,"Moose",NA,NA,1,0,1,0,698.873831,"East","24A","Low Shrub","Black Spruce Woodland","Sandy Loam","Mesic - Xeric",0,553.345276,287,19.679848,-149.692986,67.655886,-0.0107004219168068,0.989356623944889,"209-1-D-SAPU_2016",NA,NA,NA,NA,9.56666692097982,-6.51666683952014,4.73333350817362,14.4666668574015,10.2000001966953,1.06666668628653,74.989998459816,273.059998750687,150.000003814697,1,"24A_2016",0.77
"4176","209-2-A-SAPU",2016,0.033,0.123318507227687,13,2003,16,"209-2","SAPU",55,46,9,0,10,0,0,0,0,0,0,NA,NA,NA,0,0,0,0,728.528855,"East","24A","Low Shrub","Black Spruce Woodland","Sandy Loam","Mesic - Xeric",0,561.911133,287,21.070175,-149.692261,67.656,-2.42744288128145,0.0882622412904777,"209-2-A-SAPU_2016",NA,NA,NA,NA,9.56666692097982,-6.51666683952014,4.73333350817362,14.4666668574015,10.2000001966953,1.06666668628653,74.989998459816,273.059998750687,150.000003814697,1,"24A_2016",0.77
"4177","209-2-D-SAPU",2016,0.0355,0.060726200595727,39,1977,16,"209-2","SAPU",53,41,8,0,11,0,0,0,0,0,0,NA,NA,NA,0,0,0,0,728.528855,"East","24A","Low Shrub","Black Spruce Woodland","Sandy Loam","Mesic - Xeric",0,561.911133,287,21.070175,-149.692261,67.656,-1.0143907074629,0.362623306210746,"209-2-D-SAPU_2016",NA,NA,NA,NA,9.56666692097982,-6.51666683952014,4.73333350817362,14.4666668574015,10.2000001966953,1.06666668628653,74.989998459816,273.059998750687,150.000003814697,1,"24A_2016",0.77
"4178","209-3-A-SAPU",2016,0.11125,0.334036711126865,24,1992,16,"209-3","SAPU",74,55,12,0,9,0,0,0,0,0,0,NA,NA,NA,0,0,1,0,711.058695,"East","24A","Low Shrub","Black Spruce Woodland","Sandy Loam","Mesic - Xeric",0,553.430786,276,18.070417,-149.69261,67.656251,-0.247042619790867,0.781107402187821,"209-3-A-SAPU_2016",NA,NA,NA,NA,9.56666692097982,-6.51666683952014,4.73333350817362,14.4666668574015,10.2000001966953,1.06666668628653,74.989998459816,273.059998750687,150.000003814697,1,"24A_2016",0.77
"4179","209-3-B-SAPU",2016,0.01925,0.0317346018406964,40,1976,16,"209-3","SAPU",59,53,15,0,17,0,1,0,0,0.058823529,0,NA,"Hare",NA,1,0,1,0,711.058695,"East","24A","Low Shrub","Black Spruce Woodland","Sandy Loam","Mesic - Xeric",0,553.430786,276,18.070417,-149.69261,67.656251,-1.61446901521325,0.198996306404112,"209-3-B-SAPU_2016",NA,NA,NA,NA,9.56666692097982,-6.51666683952014,4.73333350817362,14.4666668574015,10.2000001966953,1.06666668628653,74.989998459816,273.059998750687,150.000003814697,1,"24A_2016",0.77
"4180","209-4-A-SAPU",2016,0.318,1.14288627463474,10,2006,16,"209-4","SAPU",62,59,8,0,9,0,0,0,0,0,0,NA,NA,NA,0,0,0,0,738.024448,"East","24A","Low Shrub","Black Spruce Woodland","Sandy Loam","Mesic - Xeric",0,561.090881,296,18.584587,-149.691928,67.656444,-0.707533083548969,0.492858539844496,"209-4-A-SAPU_2016",NA,NA,NA,NA,9.56666692097982,-6.51666683952014,4.73333350817362,14.4666668574015,10.2000001966953,1.06666668628653,74.989998459816,273.059998750687,150.000003814697,1,"24A_2016",0.77
"4181","209-4-B-SAPU",2016,0.07725,0.382537011212064,19,1997,16,"209-4","SAPU",67,54,11,11,16,0,0,2,0,0,0.125,NA,NA,"Ptarmagin",1,0,0,0,738.024448,"East","24A","Low Shrub","Black Spruce Woodland","Sandy Loam","Mesic - Xeric",0,561.090881,296,18.584587,-149.691928,67.656444,-0.562584149988705,0.56973487952998,"209-4-B-SAPU_2016",NA,NA,NA,NA,9.56666692097982,-6.51666683952014,4.73333350817362,14.4666668574015,10.2000001966953,1.06666668628653,74.989998459816,273.059998750687,150.000003814697,1,"24A_2016",0.77
"4182","222-1-A-SAGL",2016,0.2485,1.50321045864006,10,2006,17,"222-1","SAGL",78,49,13,0,27,1,11,0,0.037037037,0.407407407,0,"Moose","Hare",NA,1,2,18,0,769.468544,"East","24A","Low Shrub","Tall Shrub","Clay Loam","Mesic",0,669.484009,287,15.029548,-149.809491,67.826198,-0.433486839477243,0.648244823800243,"222-1-A-SAGL_2016",NA,NA,NA,NA,9.56666692097982,-6.51666683952014,4.73333350817362,14.4666668574015,10.2000001966953,1.06666668628653,74.989998459816,273.059998750687,150.000003814697,1,"24A_2016",0.77
"4183","222-1-C-SAGL",2016,0.02,0.103766805348073,17,1999,17,"222-1","SAGL",74,60,14,0,25,0,7,0,0,0.28,0,NA,"Hare",NA,1,2,18,0,769.468544,"East","24A","Low Shrub","Tall Shrub","Clay Loam","Mesic",0,669.484009,287,15.029548,-149.809491,67.826198,-2.08204287938666,0.124675255355019,"222-1-C-SAGL_2016",NA,NA,NA,NA,9.56666692097982,-6.51666683952014,4.73333350817362,14.4666668574015,10.2000001966953,1.06666668628653,74.989998459816,273.059998750687,150.000003814697,1,"24A_2016",0.77
"4184","222-2-B-SAGL",2016,0.06325,0.348877594822423,22,1994,17,"222-2","SAGL",106,74,19,0,21,0,10,0,0,0.476190476,0,NA,"Hare",NA,1,3,13,0,794.735172,"East","24A","Low Shrub","Tall Shrub","Clay Loam","Mesic",0,676.198608,282,15.59229,-149.808768,67.826375,-0.371593505828655,0.689634517967108,"222-2-B-SAGL_2016",NA,NA,NA,NA,9.56666692097982,-6.51666683952014,4.73333350817362,14.4666668574015,10.2000001966953,1.06666668628653,74.989998459816,273.059998750687,150.000003814697,1,"24A_2016",0.77
"4185","222-2-C-SAGL",2016,0.04075,0.116018034949367,14,2002,17,"222-2","SAGL",67,53,14,0,18,0,8,0,0,0.444444444,0,NA,"Hare",NA,1,3,13,0,794.735172,"East","24A","Low Shrub","Tall Shrub","Clay Loam","Mesic",0,676.198608,282,15.59229,-149.808768,67.826375,-2.34536340456806,0.0958123771475707,"222-2-C-SAGL_2016",NA,NA,NA,NA,9.56666692097982,-6.51666683952014,4.73333350817362,14.4666668574015,10.2000001966953,1.06666668628653,74.989998459816,273.059998750687,150.000003814697,1,"24A_2016",0.77
"4186","222-3-B-SAGL",2016,0.1045,0.391821791950209,21,1995,17,"222-3","SAGL",90,74,14,0,22,0,5,0,0,0.227272727,0,NA,"Hare",NA,1,2,11,1,778.440723,"East","24A","Low Shrub","Low Shrub","Clay Loam","Mesic",0,672.469177,278,13.422374,-149.809021,67.826615,-0.345338808876956,0.707980442769436,"222-3-B-SAGL_2016",NA,NA,NA,NA,9.56666692097982,-6.51666683952014,4.73333350817362,14.4666668574015,10.2000001966953,1.06666668628653,74.989998459816,273.059998750687,150.000003814697,1,"24A_2016",0.77
"4187","222-3-D-SAGL",2016,0.039,0.151131026989916,23,1993,17,"222-3","SAGL",89,75,11,0,18,1,6,0,0.055555556,0.333333333,0,"Moose","Hare",NA,1,2,11,1,778.440723,"East","24A","Low Shrub","Low Shrub","Clay Loam","Mesic",0,672.469177,278,13.422374,-149.809021,67.826615,-1.12232999647026,0.325520448833288,"222-3-D-SAGL_2016",NA,NA,NA,NA,9.56666692097982,-6.51666683952014,4.73333350817362,14.4666668574015,10.2000001966953,1.06666668628653,74.989998459816,273.059998750687,150.000003814697,1,"24A_2016",0.77
"4188","222-4-A-SAGL",2016,0.20775,1.38609914944724,10,2006,17,"222-4","SAGL",84,77,12,0,11,0,2,0,0,0.181818182,0,NA,"Hare",NA,1,0,15,0,805.061274,"East","24A","Low Shrub","Low Shrub","Clay Loam","Mesic",0,678.755371,278,16.631924,-149.808355,67.826658,-0.514596531547191,0.597741715897844,"222-4-A-SAGL_2016",NA,NA,NA,NA,9.56666692097982,-6.51666683952014,4.73333350817362,14.4666668574015,10.2000001966953,1.06666668628653,74.989998459816,273.059998750687,150.000003814697,1,"24A_2016",0.77
"4189","222-4-C-SAGL",2016,0.10325,0.526857065329001,25,1991,17,"222-4","SAGL",71,66,12,8,15,1,4,0,0.066666667,0.266666667,0,"Moose","Hare",NA,1,0,15,0,805.061274,"East","24A","Low Shrub","Low Shrub","Clay Loam","Mesic",0,678.755371,278,16.631924,-149.808355,67.826658,0.287464046461958,1.33304266370149,"222-4-C-SAGL_2016",NA,NA,NA,NA,9.56666692097982,-6.51666683952014,4.73333350817362,14.4666668574015,10.2000001966953,1.06666668628653,74.989998459816,273.059998750687,150.000003814697,1,"24A_2016",0.77
"4190","235-1-C-SAPU",2016,0.20575,0.833348881117813,15,2001,18,"235-1","SAPU",53,45,12,20,23,0,3,5,0,0.130434783,0.217391304,NA,"Hare","Ptarmagin",1,0,5,0,477.732622,"East","24A","Low Shrub","Low Shrub","Sandy Gravel","Mesic",0,813.776917,295,20.303024,-149.727576,68.004859,-0.24042974141753,0.786289887120373,"235-1-C-SAPU_2016",NA,NA,NA,NA,8.36666663487752,-7.66666681319475,3.59999998410543,13.1666669845581,6.60000032186508,0.975000030050675,55.6399990916252,284.939996242523,119.600002288818,1,"24A_2016",0.77
"4191","235-1-D-SAPU",2016,0.08225,0.567373007685101,9,2007,18,"235-1","SAPU",57,50,12,0,12,0,1,3,0,0.083333333,0.25,NA,"Hare","Ptarmagin",1,0,5,0,477.732622,"East","24A","Low Shrub","Low Shrub","Sandy Gravel","Mesic",0,813.776917,295,20.303024,-149.727576,68.004859,-1.61128205022903,0.199631512316478,"235-1-D-SAPU_2016",NA,NA,NA,NA,8.36666663487752,-7.66666681319475,3.59999998410543,13.1666669845581,6.60000032186508,0.975000030050675,55.6399990916252,284.939996242523,119.600002288818,1,"24A_2016",0.77
"4192","235-2-B-SAPU",2016,0.10125,0.293036963502109,17,1999,18,"235-2","SAPU",50,47,10,6,17,0,0,3,0,0,0.176470588,NA,NA,"Ptarmagin",1,0,0,0,510.631222,"East","24A","Dwarf Shrub-Lichen","Low Shrub","Sandy Gravel","Mesic",0,828.022217,289,26.243103,-149.726481,68.004961,-1.04389024828133,0.352082326622029,"235-2-B-SAPU_2016",NA,NA,NA,NA,8.36666663487752,-7.66666681319475,3.59999998410543,13.1666669845581,6.60000032186508,0.975000030050675,55.6399990916252,284.939996242523,119.600002288818,1,"24A_2016",0.77
"4193","235-2-C-SAPU",2016,0.19025,0.977369305835409,10,2006,18,"235-2","SAPU",57,49,11,12,16,0,1,1,0,0.0625,0.0625,NA,"Hare","Ptarmagin",1,0,0,0,510.631222,"East","24A","Dwarf Shrub-Lichen","Low Shrub","Sandy Gravel","Mesic",0,828.022217,289,26.243103,-149.726481,68.004961,-0.863980664685773,0.421480964164015,"235-2-C-SAPU_2016",NA,NA,NA,NA,8.36666663487752,-7.66666681319475,3.59999998410543,13.1666669845581,6.60000032186508,0.975000030050675,55.6399990916252,284.939996242523,119.600002288818,1,"24A_2016",0.77
"4194","235-3-B-SAPU",2016,0.08275,0.263541335475718,26,1990,18,"235-3","SAPU",47,41,14,0,11,0,1,4,0,0.090909091,0.363636364,NA,"Hare","Ptarmagin",1,0,1,0,482.982181,"East","24A","Dwarf Shrub-Lichen","Low Shrub","Sandy Gravel","Mesic",0,817.546387,298,18.704132,-149.726784,68.005244,-0.329518850993596,0.719269726102287,"235-3-B-SAPU_2016",NA,NA,NA,NA,8.36666663487752,-7.66666681319475,3.59999998410543,13.1666669845581,6.60000032186508,0.975000030050675,55.6399990916252,284.939996242523,119.600002288818,1,"24A_2016",0.77
"4195","235-3-D-SAPU",2016,0.31725,2.72414901370461,10,2006,18,"235-3","SAPU",71,62,14,11,23,0,6,0,0,0.260869565,0,NA,"Hare",NA,1,0,1,0,482.982181,"East","24A","Dwarf Shrub-Lichen","Low Shrub","Sandy Gravel","Mesic",0,817.546387,298,18.704132,-149.726784,68.005244,0.161066124640201,1.17476264700298,"235-3-D-SAPU_2016",NA,NA,NA,NA,8.36666663487752,-7.66666681319475,3.59999998410543,13.1666669845581,6.60000032186508,0.975000030050675,55.6399990916252,284.939996242523,119.600002288818,1,"24A_2016",0.77
"4196","235-4-A-SAPU",2016,0.19325,1.21377022602722,9,2007,18,"235-4","SAPU",57,38,9,0,10,0,3,0,0,0.3,0,NA,"Hare",NA,1,0,0,0,503.848767,"East","24A","Low Shrub","Low Shrub","Sandy Gravel","Mesic",0,825.290771,293,20.728168,-149.726015,68.005351,-0.850812315992201,0.427067876942449,"235-4-A-SAPU_2016",NA,NA,NA,NA,8.36666663487752,-7.66666681319475,3.59999998410543,13.1666669845581,6.60000032186508,0.975000030050675,55.6399990916252,284.939996242523,119.600002288818,1,"24A_2016",0.77
"4197","235-4-C-SAPU",2016,0.0385,0.160804776168484,25,1991,18,"235-4","SAPU",41,39,10,0,15,0,0,0,0,0,0,NA,NA,NA,0,0,0,0,503.848767,"East","24A","Low Shrub","Low Shrub","Sandy Gravel","Mesic",0,825.290771,293,20.728168,-149.726015,68.005351,-0.899274183163013,0.406864861963459,"235-4-C-SAPU_2016",NA,NA,NA,NA,8.36666663487752,-7.66666681319475,3.59999998410543,13.1666669845581,6.60000032186508,0.975000030050675,55.6399990916252,284.939996242523,119.600002288818,1,"24A_2016",0.77
"4198","240-1-B-SAPU",2016,0.11775,0.571807758414726,16,2000,19,"240-1","SAPU",58,47,12,0,24,0,1,9,0,0.041666667,0.375,NA,"Hare","Ptarmagin",1,0,1,0,395.986648,"West","24A","Low Shrub","Low Shrub","Sandy Loam","Mesic",0,1043.032227,75,23.365055,-149.606437,68.069578,-0.492453796441645,0.611124976558273,"240-1-B-SAPU_2016",NA,NA,NA,NA,8.36666663487752,-7.66666681319475,3.59999998410543,13.1666669845581,6.60000032186508,0.975000030050675,55.6399990916252,284.939996242523,119.600002288818,1,"24A_2016",0.77
"4199","240-1-D-SAPU",2016,0.139,0.760698961954927,17,1999,19,"240-1","SAPU",115,81,18,0,57,3,0,19,0.052631579,0,0.333333333,"Moose",NA,"Ptarmagin",1,0,1,0,395.986648,"West","24A","Low Shrub","Low Shrub","Sandy Loam","Mesic",0,1043.032227,75,23.365055,-149.606437,68.069578,-0.089951307228381,0.913975688197185,"240-1-D-SAPU_2016",NA,NA,NA,NA,8.36666663487752,-7.66666681319475,3.59999998410543,13.1666669845581,6.60000032186508,0.975000030050675,55.6399990916252,284.939996242523,119.600002288818,1,"24A_2016",0.77
"4200","240-2-A-SAPU",2016,0.0255,0.0901244392498576,21,1995,19,"240-2","SAPU",59,51,16,0,29,0,0,11,0,0,0.379310345,NA,NA,"Ptarmagin",1,0,0,0,426.292991,"West","24A","Tussock Tundra (Low shrub or Herbaceous)","Low Shrub","Sandy Loam","Mesic",0,1048.270996,87,24.096361,-149.606886,68.069926,-1.8149545592578,0.162845308033734,"240-2-A-SAPU_2016",NA,NA,NA,NA,8.36666663487752,-7.66666681319475,3.59999998410543,13.1666669845581,6.60000032186508,0.975000030050675,55.6399990916252,284.939996242523,119.600002288818,1,"24A_2016",0.77
"4201","240-2-C-SAPU",2016,0.2175,2.2699106479615,9,2007,19,"240-2","SAPU",79,51,12,0,22,0,2,3,0,0.090909091,0.136363636,NA,"Hare","Ptarmagin",1,0,0,0,426.292991,"West","24A","Tussock Tundra (Low shrub or Herbaceous)","Low Shrub","Sandy Loam","Mesic",0,1048.270996,87,24.096361,-149.606886,68.069926,-0.224803251969751,0.79867334070875,"240-2-C-SAPU_2016",NA,NA,NA,NA,8.36666663487752,-7.66666681319475,3.59999998410543,13.1666669845581,6.60000032186508,0.975000030050675,55.6399990916252,284.939996242523,119.600002288818,1,"24A_2016",0.77
"4202","240-3-B-SAPU",2016,0.5515,7.05943122577895,21,1995,19,"240-3","SAPU",122,81,25,0,57,1,3,7,0.01754386,0.052631579,0.122807018,"Moose","Hare","Ptarmagin",1,0,1,3,399.798137,"West","24A","Low Shrub","Low Shrub","Sandy Loam","Mesic",0,1034.808228,93,20.584356,-149.606025,68.07014,2.54597383139312,12.7556438860922,"240-3-B-SAPU_2016",NA,NA,NA,NA,8.36666663487752,-7.66666681319475,3.59999998410543,13.1666669845581,6.60000032186508,0.975000030050675,55.6399990916252,284.939996242523,119.600002288818,1,"24A_2016",0.77
"4203","240-3-D-SAPU",2016,0.26025,3.05516488714552,31,1985,19,"240-3","SAPU",167,110,47,0,149,7,11,21,0.046979866,0.073825503,0.140939597,"Moose","Hare","Ptarmagin",1,0,1,3,399.798137,"West","24A","Low Shrub","Low Shrub","Sandy Loam","Mesic",0,1034.808228,93,20.584356,-149.606025,68.07014,2.46050898068254,11.7107705793368,"240-3-D-SAPU_2016",NA,NA,NA,NA,8.36666663487752,-7.66666681319475,3.59999998410543,13.1666669845581,6.60000032186508,0.975000030050675,55.6399990916252,284.939996242523,119.600002288818,1,"24A_2016",0.77
"4204","240-4-B-SAPU",2016,0.03775,0.128408869074206,25,1991,19,"240-4","SAPU",118,104,19,0,27,3,0,5,0.111111111,0,0.185185185,"Moose",NA,"Ptarmagin",1,0,2,0,431.079046,"West","24A","Low Shrub","Low Shrub","Sandy Loam","Mesic",0,1046.807861,94,24.616484,-149.606605,68.070368,-1.12424577935006,0.324897419315587,"240-4-B-SAPU_2016",NA,NA,NA,NA,8.36666663487752,-7.66666681319475,3.59999998410543,13.1666669845581,6.60000032186508,0.975000030050675,55.6399990916252,284.939996242523,119.600002288818,1,"24A_2016",0.77
"4205","240-4-D-SAPU",2016,0.0833333333333333,0.27471481414798,18,1998,19,"240-4","SAPU",77,61,11,0,15,0,1,2,0,0.066666667,0.133333333,NA,"Hare","Ptarmagin",1,0,2,0,431.079046,"West","24A","Low Shrub","Low Shrub","Sandy Loam","Mesic",0,1046.807861,94,24.616484,-149.606605,68.070368,-0.998081177621237,0.368586014153081,"240-4-D-SAPU_2016",NA,NA,NA,NA,8.36666663487752,-7.66666681319475,3.59999998410543,13.1666669845581,6.60000032186508,0.975000030050675,55.6399990916252,284.939996242523,119.600002288818,1,"24A_2016",0.77
"4206","255-1-C-SAGL",2016,0.08975,0.335882396810847,27,1989,20,"255-1","SAGL",69,56,17,0,31,0,0,20,0,0,0.64516129,NA,NA,"Ptarmagin",1,0,0,0,585.543915,"East","26B","Low Shrub","Low Shrub","Sandy Gravel","Mesic - Xeric",0,991.483582,331,1.701594,-149.392735,68.222633,-0.0140904841612737,0.986008322090293,"255-1-C-SAGL_2016",NA,NA,NA,NA,6.43333339691162,-9.23333348023395,1.80000000198682,11.0666669209798,5.20000019669533,0.86666668827335,45.3499991297722,302.649996757507,121.200002670288,1,"26B_2016",0.27
"4207","255-1-D-SAGL",2016,0.044,0.135258130107655,18,1998,20,"255-1","SAGL",42,37,10,0,21,0,0,8,0,0,0.380952381,NA,NA,"Ptarmagin",1,0,0,0,585.543915,"East","26B","Low Shrub","Low Shrub","Sandy Gravel","Mesic - Xeric",0,991.483582,331,1.701594,-149.392735,68.222633,-1.70662967010679,0.181476398398102,"255-1-D-SAGL_2016",NA,NA,NA,NA,6.43333339691162,-9.23333348023395,1.80000000198682,11.0666669209798,5.20000019669533,0.86666668827335,45.3499991297722,302.649996757507,121.200002670288,1,"26B_2016",0.27
"4208","255-2-A-SAPU",2016,0.09775,0.833520883315595,18,1998,20,"255-2","SAPU",51,48,12,0,26,0,0,5,0,0,0.192307692,NA,NA,"Ptarmagin",1,0,1,1,631.079496,"East","26B","Low Shrub","Low Shrub","Sandy Gravel","Mesic - Xeric",0,993.382141,286,2.676414,-149.39171,68.222788,0.111844059116256,1.11833845236012,"255-2-A-SAPU_2016",NA,NA,NA,NA,6.43333339691162,-9.23333348023395,1.80000000198682,11.0666669209798,5.20000019669533,0.86666668827335,45.3499991297722,302.649996757507,121.200002670288,1,"26B_2016",0.27
"4209","255-2-D-SAPU",2016,0.21975,1.60009344543549,13,2003,20,"255-2","SAPU",71,55,12,0,22,0,1,5,0,0.045454545,0.227272727,NA,"Hare","Ptarmagin",1,0,1,1,631.079496,"East","26B","Low Shrub","Low Shrub","Sandy Gravel","Mesic - Xeric",0,993.382141,286,2.676414,-149.39171,68.222788,0.135603930561434,1.14522821386076,"255-2-D-SAPU_2016",NA,NA,NA,NA,6.43333339691162,-9.23333348023395,1.80000000198682,11.0666669209798,5.20000019669533,0.86666668827335,45.3499991297722,302.649996757507,121.200002670288,1,"26B_2016",0.27
"4210","255-3-A-SAPU",2016,0.015,0.0636643751249976,20,1996,20,"255-3","SAPU",54,46,9,0,20,0,0,3,0,0,0.15,NA,NA,"Ptarmagin",1,0,1,0,600.399561,"East","26B","Tussock Tundra (Low shrub or Herbaceous)","Low Shrub","Sandy Gravel","Mesic - Xeric",0,990.277893,304,2.837043,-149.392647,68.223106,-2.25673579739592,0.1046916624124,"255-3-A-SAPU_2016",NA,NA,NA,NA,6.43333339691162,-9.23333348023395,1.80000000198682,11.0666669209798,5.20000019669533,0.86666668827335,45.3499991297722,302.649996757507,121.200002670288,1,"26B_2016",0.27
"4211","255-3-C-SAPU",2016,0.03975,0.1185407338502,22,1994,20,"255-3","SAPU",48,42,12,0,11,0,0,3,0,0,0.272727273,NA,NA,"Ptarmagin",1,0,1,0,600.399561,"East","26B","Tussock Tundra (Low shrub or Herbaceous)","Low Shrub","Sandy Gravel","Mesic - Xeric",0,990.277893,304,2.837043,-149.392647,68.223106,-1.45105798826316,0.234322246717678,"255-3-C-SAPU_2016",NA,NA,NA,NA,6.43333339691162,-9.23333348023395,1.80000000198682,11.0666669209798,5.20000019669533,0.86666668827335,45.3499991297722,302.649996757507,121.200002670288,1,"26B_2016",0.27
"4212","255-4-A-SAPU",2016,0.09525,0.375467249644243,30,1986,20,"255-4","SAPU",72,61,14,0,18,0,2,3,0,0.111111111,0.166666667,NA,"Hare","Ptarmagin",1,0,0,2,644.564014,"East","26B","Low Shrub","Low Shrub","Sandy Gravel","Mesic - Xeric",0,993.003235,239,7.430982,-149.391619,68.223199,0.300773430446627,1.3509032333197,"255-4-A-SAPU_2016",NA,NA,NA,NA,6.43333339691162,-9.23333348023395,1.80000000198682,11.0666669209798,5.20000019669533,0.86666668827335,45.3499991297722,302.649996757507,121.200002670288,1,"26B_2016",0.27
"4213","255-4-D-SAPU",2016,0.08025,0.359449839499916,8,2008,20,"255-4","SAPU",42,40,9,0,15,0,0,10,0,0,0.666666667,NA,NA,"Ptarmagin",1,0,0,2,644.564014,"East","26B","Low Shrub","Low Shrub","Sandy Gravel","Mesic - Xeric",0,993.003235,239,7.430982,-149.391619,68.223199,-2.29516630754063,0.100744637282161,"255-4-D-SAPU_2016",NA,NA,NA,NA,6.43333339691162,-9.23333348023395,1.80000000198682,11.0666669209798,5.20000019669533,0.86666668827335,45.3499991297722,302.649996757507,121.200002670288,1,"26B_2016",0.27
"4214","261-1-B-SAPU",2016,0.26575,1.76848084817249,14,2002,21,"261-1","SAPU",65,51,10,0,19,0,0,5,0,0,0.263157895,NA,NA,"Ptarmagin",1,0,0,0,356.206777,"East","26B","Dwarf Shrub","Low Shrub","Sandy Loam","Mesic",0,883.832947,287,13.943512,-149.352299,68.301689,0.378767121876813,1.46048288162532,"261-1-B-SAPU_2016",NA,NA,NA,NA,6.43333339691162,-9.23333348023395,1.80000000198682,11.0666669209798,5.20000019669533,0.86666668827335,45.3499991297722,302.649996757507,121.200002670288,1,"26B_2016",0.27
"4215","261-1-C-SAPU",2016,0.0215,0.0931772819109814,18,1998,21,"261-1","SAPU",69,41,17,0,31,0,0,3,0,0,0.096774194,NA,NA,"Ptarmagin",1,0,0,0,356.206777,"East","26B","Dwarf Shrub","Low Shrub","Sandy Loam","Mesic",0,883.832947,287,13.943512,-149.352299,68.301689,-2.07931076207024,0.125016348520203,"261-1-C-SAPU_2016",NA,NA,NA,NA,6.43333339691162,-9.23333348023395,1.80000000198682,11.0666669209798,5.20000019669533,0.86666668827335,45.3499991297722,302.649996757507,121.200002670288,1,"26B_2016",0.27
"4216","261-2-C-SAPU",2016,0.0405,0.143711370540307,47,1969,21,"261-2","SAPU",91,67,27,0,29,0,0,3,0,0,0.103448276,NA,NA,"Ptarmagin",1,0,0,1,388.99561,"East","26B","Dwarf Shrub-Lichen","Low Shrub","Sandy Loam","Mesic",0,888.892761,295,13.025289,-149.351465,68.301786,0.20734304598395,1.23040458474312,"261-2-C-SAPU_2016",NA,NA,NA,NA,6.43333339691162,-9.23333348023395,1.80000000198682,11.0666669209798,5.20000019669533,0.86666668827335,45.3499991297722,302.649996757507,121.200002670288,1,"26B_2016",0.27
"4217","261-2-D-SAPU",2016,0.0966666666666667,0.531452782644274,26,1990,21,"261-2","SAPU",122,71,29,0,41,2,0,11,0.048780488,0,0.268292683,"Moose",NA,"Ptarmagin",1,0,0,1,388.99561,"East","26B","Dwarf Shrub-Lichen","Low Shrub","Sandy Loam","Mesic",0,888.892761,295,13.025289,-149.351465,68.301786,0.371885278365683,1.45046657185231,"261-2-D-SAPU_2016",NA,NA,NA,NA,6.43333339691162,-9.23333348023395,1.80000000198682,11.0666669209798,5.20000019669533,0.86666668827335,45.3499991297722,302.649996757507,121.200002670288,1,"26B_2016",0.27
"4218","261-3-A-SAPU",2016,0.13275,0.796662932905518,14,2002,21,"261-3","SAPU",41,18,7,0,8,0,0,0,0,0,0,NA,NA,NA,0,0,0,1,380.53651,"East","26B","Tussock Tundra (Low shrub or Herbaceous)","Low Shrub","Sandy Loam","Mesic",0,884.224731,295,11.657486,-149.351558,68.302088,-0.418677387774092,0.657916412912404,"261-3-A-SAPU_2016",NA,NA,NA,NA,6.43333339691162,-9.23333348023395,1.80000000198682,11.0666669209798,5.20000019669533,0.86666668827335,45.3499991297722,302.649996757507,121.200002670288,1,"26B_2016",0.27
"4219","261-3-D-SAPU",2016,0.10825,0.353765520292327,9,2007,21,"261-3","SAPU",41,23,8,0,10,0,0,0,0,0,0,NA,NA,NA,0,0,0,1,380.53651,"East","26B","Tussock Tundra (Low shrub or Herbaceous)","Low Shrub","Sandy Loam","Mesic",0,884.224731,295,11.657486,-149.351558,68.302088,-2.08366467792608,0.124473221081711,"261-3-D-SAPU_2016",NA,NA,NA,NA,6.43333339691162,-9.23333348023395,1.80000000198682,11.0666669209798,5.20000019669533,0.86666668827335,45.3499991297722,302.649996757507,121.200002670288,1,"26B_2016",0.27
"4220","261-4-A-SAPU",2016,0.06275,0.103446559246946,20,1996,21,"261-4","SAPU",41,27,9,0,9,0,0,0,0,0,0,NA,NA,NA,0,0,0,0,405.679111,"East","26B","Low Shrub","Low Shrub","Sandy Loam","Mesic",0,886.626587,308,9.946874,-149.350886,68.302265,-1.7713057997457,0.170110713207224,"261-4-A-SAPU_2016",NA,NA,NA,NA,6.43333339691162,-9.23333348023395,1.80000000198682,11.0666669209798,5.20000019669533,0.86666668827335,45.3499991297722,302.649996757507,121.200002670288,1,"26B_2016",0.27
"4221","261-4-B-SAPU",2016,0.0615,0.319372738367612,10,2006,21,"261-4","SAPU",47,33,11,0,11,0,0,3,0,0,0.272727273,NA,NA,"Ptarmagin",1,0,0,0,405.679111,"East","26B","Low Shrub","Low Shrub","Sandy Loam","Mesic",0,886.626587,308,9.946874,-149.350886,68.302265,-1.98248636563539,0.137726373123438,"261-4-B-SAPU_2016",NA,NA,NA,NA,6.43333339691162,-9.23333348023395,1.80000000198682,11.0666669209798,5.20000019669533,0.86666668827335,45.3499991297722,302.649996757507,121.200002670288,1,"26B_2016",0.27
"4222","268-1-C-SAPU",2016,0.0875,0.64447809792986,19,1997,22,"268-1","SAPU",61,49,10,0,21,0,0,5,0,0,0.238095238,NA,NA,"Ptarmagin",1,0,1,2,212.091228,"West","26B","Low Shrub","Low Shrub","Sandy Gravel","Mesic",0,818.738892,195,1.432166,-149.327109,68.400098,-0.0409687211524782,0.959859152766339,"268-1-C-SAPU_2016",NA,NA,NA,NA,6.43333339691162,-9.23333348023395,1.80000000198682,11.0666669209798,5.20000019669533,0.86666668827335,45.3499991297722,302.649996757507,121.200002670288,1,"26B_2016",0.27
"4223","268-1-D-SAPU",2016,0.123333333333333,0.327018815326909,20,1996,22,"268-1","SAPU",75,52,13,0,37,0,0,6,0,0,0.162162162,NA,NA,"Ptarmagin",1,0,1,2,212.091228,"West","26B","Low Shrub","Low Shrub","Sandy Gravel","Mesic",0,818.738892,195,1.432166,-149.327109,68.400098,-0.620343234857643,0.537759827996254,"268-1-D-SAPU_2016",NA,NA,NA,NA,6.43333339691162,-9.23333348023395,1.80000000198682,11.0666669209798,5.20000019669533,0.86666668827335,45.3499991297722,302.649996757507,121.200002670288,1,"26B_2016",0.27
"4224","268-2-A-SAPU",2016,0.1375,0.646009624348485,11,2005,22,"268-2","SAPU",54,44,12,17,24,0,0,12,0,0,0.5,NA,NA,"Ptarmagin",1,0,0,4,184.615387,"West","26B","Low Shrub","Low Shrub","Sandy Gravel","Mesic",0,819.441162,203,1.359031,-149.326454,68.400307,-1.09398453510934,0.334879492715824,"268-2-A-SAPU_2016",NA,NA,NA,NA,6.43333339691162,-9.23333348023395,1.80000000198682,11.0666669209798,5.20000019669533,0.86666668827335,45.3499991297722,302.649996757507,121.200002670288,1,"26B_2016",0.27
"4225","268-2-B-SAPU",2016,0.1765,0.873877978893151,10,2006,22,"268-2","SAPU",54,46,9,0,18,0,0,6,0,0,0.333333333,NA,NA,"Ptarmagin",1,0,0,4,184.615387,"West","26B","Low Shrub","Low Shrub","Sandy Gravel","Mesic",0,819.441162,203,1.359031,-149.326454,68.400307,-0.975904491477715,0.376851340538836,"268-2-B-SAPU_2016",NA,NA,NA,NA,6.43333339691162,-9.23333348023395,1.80000000198682,11.0666669209798,5.20000019669533,0.86666668827335,45.3499991297722,302.649996757507,121.200002670288,1,"26B_2016",0.27
"4226","268-3-B-SAPU",2016,0.11425,0.51802133599078,38,1978,22,"268-3","SAPU",106,41,14,0,42,0,0,4,0,0,0.095238095,NA,NA,"Ptarmagin",1,0,0,0,206.549982,"West","26B","Low Shrub","Low Shrub","Sandy Gravel","Mesic",0,819.661011,150,1.610195,-149.326989,68.400547,1.07909117248023,2.94200456098902,"268-3-B-SAPU_2016",NA,NA,NA,NA,6.43333339691162,-9.23333348023395,1.80000000198682,11.0666669209798,5.20000019669533,0.86666668827335,45.3499991297722,302.649996757507,121.200002670288,1,"26B_2016",0.27
"4227","268-3-D-SAPU",2016,0.11725,0.567906293038049,11,2005,22,"268-3","SAPU",54,49,10,0,24,0,1,12,0,0.041666667,0.5,NA,"Hare","Ptarmagin",1,0,0,0,206.549982,"West","26B","Low Shrub","Low Shrub","Sandy Gravel","Mesic",0,819.661011,150,1.610195,-149.326989,68.400547,-1.22284250908798,0.294392164071095,"268-3-D-SAPU_2016",NA,NA,NA,NA,6.43333339691162,-9.23333348023395,1.80000000198682,11.0666669209798,5.20000019669533,0.86666668827335,45.3499991297722,302.649996757507,121.200002670288,1,"26B_2016",0.27
"4228","268-4-C-SAPU",2016,0.23425,1.20120228461654,17,1999,22,"268-4","SAPU",81,62,16,0,39,3,0,11,0.076923077,0,0.282051282,"Moose",NA,"Ptarmagin",1,0,0,5,171.881056,"West","26B","Dwarf Shrub-Lichen","Low Shrub","Sandy Gravel","Mesic",0,820.486511,188,1.085947,-149.326166,68.400831,0.36688923341375,1.44323804770945,"268-4-C-SAPU_2016",NA,NA,NA,NA,6.43333339691162,-9.23333348023395,1.80000000198682,11.0666669209798,5.20000019669533,0.86666668827335,45.3499991297722,302.649996757507,121.200002670288,1,"26B_2016",0.27
"4229","268-4-D-SAPU",2016,0.07475,0.253092398309878,12,2004,22,"268-4","SAPU",53,49,15,0,33,0,0,13,0,0,0.393939394,NA,NA,"Ptarmagin",1,0,0,5,171.881056,"West","26B","Dwarf Shrub-Lichen","Low Shrub","Sandy Gravel","Mesic",0,820.486511,188,1.085947,-149.326166,68.400831,-1.86302318932625,0.155202713215646,"268-4-D-SAPU_2016",NA,NA,NA,NA,6.43333339691162,-9.23333348023395,1.80000000198682,11.0666669209798,5.20000019669533,0.86666668827335,45.3499991297722,302.649996757507,121.200002670288,1,"26B_2016",0.27
"4230","282-1-C-SAPU",2016,0.0895,0.402217322040938,9,2007,23,"282-1","SAPU",44,23,8,0,8,0,0,0,0,0,0,NA,NA,NA,0,0,0,0,577.316923,"West","26B","Tussock Tundra (Low shrub or Herbaceous)","Tussock Tundra","Clay Loam","Mesic",0,826.622314,26,2.82316,-149.530032,68.582817,-1.95530645490076,0.141521100213285,"282-1-C-SAPU_2016",NA,NA,NA,NA,10.8333336512248,-5.68333333730698,6,15.7000001271566,18.6999997496605,1.12500004842877,72.8499976396561,260.009998440742,98.1999988555908,1,"26B_2016",0.27
"4231","282-1-D-SAPU",2016,0.0756666666666667,0.235178240936984,25,1991,23,"282-1","SAPU",49,22,10,0,8,0,0,0,0,0,0,NA,NA,NA,0,0,0,0,577.316923,"West","26B","Tussock Tundra (Low shrub or Herbaceous)","Tussock Tundra","Clay Loam","Mesic",0,826.622314,26,2.82316,-149.530032,68.582817,-0.519121543285237,0.595043037996459,"282-1-D-SAPU_2016",NA,NA,NA,NA,10.8333336512248,-5.68333333730698,6,15.7000001271566,18.6999997496605,1.12500004842877,72.8499976396561,260.009998440742,98.1999988555908,1,"26B_2016",0.27
"4232","282-2-B-SAPU",2016,0.05225,0.240107803173509,26,1990,23,"282-2","SAPU",68,29,11,0,18,0,0,0,0,0,0,NA,NA,NA,0,0,0,0,604.079816,"West","26B","Low Shrub","Low Shrub-Tussock Tundra","Clay Loam","Mesic",0,826.41803,354,3.355184,-149.530916,68.583004,-0.422641075167127,0.655313799301683,"282-2-B-SAPU_2016",NA,NA,NA,NA,10.8333336512248,-5.68333333730698,6,15.7000001271566,18.6999997496605,1.12500004842877,72.8499976396561,260.009998440742,98.1999988555908,1,"26B_2016",0.27
"4233","282-2-D-SAPU",2016,0.02775,0.041126785777685,19,1997,23,"282-2","SAPU",41,22,7,0,4,0,0,0,0,0,0,NA,NA,NA,0,0,0,0,604.079816,"West","26B","Low Shrub","Low Shrub-Tussock Tundra","Clay Loam","Mesic",0,826.41803,354,3.355184,-149.530916,68.583004,-2.79274992860458,0.0612525419861013,"282-2-D-SAPU_2016",NA,NA,NA,NA,10.8333336512248,-5.68333333730698,6,15.7000001271566,18.6999997496605,1.12500004842877,72.8499976396561,260.009998440742,98.1999988555908,1,"26B_2016",0.27
"4234","282-3-A-SAPU",2016,0.26675,1.13321232910663,9,2007,23,"282-3","SAPU",37,21,9,0,9,0,0,0,0,0,0,NA,NA,NA,0,0,0,0,571.732475,"West","26B","Low Shrub","Low Shrub-Tussock Tundra","Clay Loam","Mesic",0,823.876221,27,3.830761,-149.53038,68.583298,-0.919487351738332,0.398723393554161,"282-3-A-SAPU_2016",NA,NA,NA,NA,10.8333336512248,-5.68333333730698,6,15.7000001271566,18.6999997496605,1.12500004842877,72.8499976396561,260.009998440742,98.1999988555908,1,"26B_2016",0.27
"4235","282-3-D-SAPU",2016,0.0183333333333333,0.0558871764729014,37,1979,23,"282-3","SAPU",49,26,10,0,9,0,0,0,0,0,0,NA,NA,NA,0,0,0,0,571.732475,"West","26B","Low Shrub","Low Shrub-Tussock Tundra","Clay Loam","Mesic",0,823.876221,27,3.830761,-149.53038,68.583298,-1.19908734833359,0.301469222787096,"282-3-D-SAPU_2016",NA,NA,NA,NA,10.8333336512248,-5.68333333730698,6,15.7000001271566,18.6999997496605,1.12500004842877,72.8499976396561,260.009998440742,98.1999988555908,1,"26B_2016",0.27
"4236","282-4-C-SAPU",2016,0.083,0.353188841690853,22,1994,23,"282-4","SAPU",45,23,12,0,10,0,0,0,0,0,0,NA,NA,NA,0,0,0,0,597.547448,"West","26B","Tussock Tundra (Low shrub or Herbaceous)","Low Shrub-Tussock Tundra","Clay Loam","Mesic",0,823.620117,358,4.137664,-149.531178,68.583423,-0.359311759153665,0.698156660690146,"282-4-C-SAPU_2016",NA,NA,NA,NA,10.8333336512248,-5.68333333730698,6,15.7000001271566,18.6999997496605,1.12500004842877,72.8499976396561,260.009998440742,98.1999988555908,1,"26B_2016",0.27
"4237","282-4-D-SAPU",2016,0.0645,0.206178798864281,39,1977,23,"282-4","SAPU",59,31,18,0,12,0,0,0,0,0,0,NA,NA,NA,0,0,0,0,597.547448,"West","26B","Tussock Tundra (Low shrub or Herbaceous)","Low Shrub-Tussock Tundra","Clay Loam","Mesic",0,823.620117,358,4.137664,-149.531178,68.583423,0.207977794801195,1.2311858305192,"282-4-D-SAPU_2016",NA,NA,NA,NA,10.8333336512248,-5.68333333730698,6,15.7000001271566,18.6999997496605,1.12500004842877,72.8499976396561,260.009998440742,98.1999988555908,1,"26B_2016",0.27
"4238","60-1-B-SAPU",2016,0.24375,1.82615381340801,17,1999,1,"60-1","SAPU",98,NA,10,10,41,0,1,0,0,0.024390244,0,NA,"Hare",NA,1,0,1,0,1438.56091,"West","20F","Low Shrub","Low Shrub-Tussock Tundra","Silt Loam","Mesic",0,110.943649,215,1.507567,-149.840126,65.909691,0.785778288131751,2.19411392921343,"60-1-B-SAPU_2016",NA,NA,NA,NA,14.966667175293,-1.43333329757055,9.86666679382324,20.1000003814697,58.0000011920929,1.19166666828096,116.409995079041,230.25999827683,212.099998474121,1,"20F_2016",0.375
"4239","60-2-C-SAPU",2016,0.24625,0.733195692719533,11,2005,1,"60-2","SAPU",76,NA,8,17,12,3,0,0,0.25,0,0,"Moose",NA,NA,1,0,2,0,1432.670461,"West","20F","Low Shrub","Low Shrub","Silt Loam","Mesic",0,110.927505,264,1.953402,-149.84073,65.909949,-0.967386295837324,0.380075144990246,"60-2-C-SAPU_2016",NA,NA,NA,NA,14.966667175293,-1.43333329757055,9.86666679382324,20.1000003814697,58.0000011920929,1.19166666828096,116.409995079041,230.25999827683,212.099998474121,1,"20F_2016",0.375
"4240","60-2-D-SAPU",2016,0.06475,0.182822039232545,22,1994,1,"60-2","SAPU",84,NA,16,7,26,2,1,0,0.076923077,0.038461538,0,"Moose","Hare",NA,1,0,2,0,1432.670461,"West","20F","Low Shrub","Low Shrub","Silt Loam","Mesic",0,110.927505,264,1.953402,-149.84073,65.909949,-1.01780141886051,0.361388609561112,"60-2-D-SAPU_2016",NA,NA,NA,NA,14.966667175293,-1.43333329757055,9.86666679382324,20.1000003814697,58.0000011920929,1.19166666828096,116.409995079041,230.25999827683,212.099998474121,1,"20F_2016",0.375
"4241","60-3-A-SAPU",2016,0.108,0.578605966305605,14,2002,1,"60-3","SAPU",139,NA,17,32,54,2,2,0,0.037037037,0.037037037,0,"Moose","Hare",NA,1,0,3,0,1403.187226,"West","20F","Low Shrub","Black Spruce Woodland","Silt Loam","Mesic",0,111.24585,78,1.323723,-149.840194,65.910114,-0.738487353178281,0.477836166486544,"60-3-A-SAPU_2016",NA,NA,NA,NA,14.966667175293,-1.43333329757055,9.86666679382324,20.1000003814697,58.0000011920929,1.19166666828096,116.409995079041,230.25999827683,212.099998474121,1,"20F_2016",0.375
"4242","60-3-B-SAPU",2016,0.02425,0.0486622884564014,22,1994,1,"60-3","SAPU",81,NA,8,22,16,0,0,0,0,0,0,NA,NA,NA,0,0,3,0,1403.187226,"West","20F","Low Shrub","Black Spruce Woodland","Silt Loam","Mesic",0,111.24585,78,1.323723,-149.840194,65.910114,-2.34141026957401,0.0961918860392517,"60-3-B-SAPU_2016",NA,NA,NA,NA,14.966667175293,-1.43333329757055,9.86666679382324,20.1000003814697,58.0000011920929,1.19166666828096,116.409995079041,230.25999827683,212.099998474121,1,"20F_2016",0.375
"4243","60-4-A-SAPU",2016,0.10475,0.333771246547636,15,2001,1,"60-4","SAPU",88,NA,10,8,23,1,2,0,0.043478261,0.086956522,0,"Moose","Hare",NA,1,0,1,0,1406.241796,"West","20F","Tall Shrub (Open-Closed)","Black Spruce Woodland","Silt Loam","Mesic",0,110.670654,252,1.181915,-149.840942,65.910317,-1.15542625301697,0.314923271295381,"60-4-A-SAPU_2016",NA,NA,NA,NA,14.966667175293,-1.43333329757055,9.86666679382324,20.1000003814697,58.0000011920929,1.19166666828096,116.409995079041,230.25999827683,212.099998474121,1,"20F_2016",0.375
"4244","60-4-D-SAPU",2016,0.06775,0.199912695967156,21,1995,1,"60-4","SAPU",103,NA,15,13,35,1,4,0,0.028571429,0.114285714,0,"Moose","Hare",NA,1,0,1,0,1406.241796,"West","20F","Tall Shrub (Open-Closed)","Black Spruce Woodland","Silt Loam","Mesic",0,110.670654,252,1.181915,-149.840942,65.910317,-1.01826518184681,0.361221049757346,"60-4-D-SAPU_2016",NA,NA,NA,NA,14.966667175293,-1.43333329757055,9.86666679382324,20.1000003814697,58.0000011920929,1.19166666828096,116.409995079041,230.25999827683,212.099998474121,1,"20F_2016",0.375
"4245","72-1-A-SAPU",2016,0.18575,0.686985220979719,16,2000,2,"72-1","SAPU",91,87,15,19,15,0,6,0,0,0.4,0,NA,"Hare",NA,1,0,0,0,895.937772,"West","20F","Tussock Tundra (Low shrub or Herbaceous)","Black Spruce Woodland","Clay Loam","Mesic",0,130.808105,148,1.606934,-150.14017,66.022623,-0.308943865055314,0.73422198437995,"72-1-A-SAPU_2016",NA,NA,NA,NA,13.6000003814697,-2.90833329409361,8.53333346048991,18.7000007629395,46.9000002145767,1.26666667747001,116.229997634888,238.549997925758,217.799999237061,1,"20F_2016",0.375
"4246","72-1-C-SAGL",2016,0.15675,0.696932288719144,10,2006,2,"72-1","SAGL",112,103,13,11,16,1,0,0,0.0625,0,0,"Moose",NA,NA,1,0,0,0,895.937772,"West","20F","Tussock Tundra (Low shrub or Herbaceous)","Black Spruce Woodland","Clay Loam","Mesic",0,130.808105,148,1.606934,-150.14017,66.022623,-1.20215698583909,0.300545240425061,"72-1-C-SAGL_2016",NA,NA,NA,NA,13.6000003814697,-2.90833329409361,8.53333346048991,18.7000007629395,46.9000002145767,1.26666667747001,116.229997634888,238.549997925758,217.799999237061,1,"20F_2016",0.375
"4247","72-1-D-SAPU",2016,0.017,0.0188794010517482,40,1976,2,"72-1","SAPU",68,54,18,0,8,0,1,0,0,0.125,0,NA,"Hare",NA,1,0,0,0,895.937772,"West","20F","Tussock Tundra (Low shrub or Herbaceous)","Black Spruce Woodland","Clay Loam","Mesic",0,130.808105,148,1.606934,-150.14017,66.022623,-2.13380520525492,0.11838595282459,"72-1-D-SAPU_2016",NA,NA,NA,NA,13.6000003814697,-2.90833329409361,8.53333346048991,18.7000007629395,46.9000002145767,1.26666667747001,116.229997634888,238.549997925758,217.799999237061,1,"20F_2016",0.375
"4248","72-2-A-SAGL",2016,0.082,0.300502762093824,26,1990,2,"72-2","SAGL",129,121,17,0,12,0,0,0,0,0,0,NA,NA,NA,0,0,0,0,855.94066,"West","20F","Tussock Tundra (Low shrub or Herbaceous)","Black Spruce Woodland","Clay Loam","Mesic",0,131.055786,179,2.125059,-150.13956,66.022889,-0.198272131954654,0.820146634659976,"72-2-A-SAGL_2016",NA,NA,NA,NA,13.6000003814697,-2.90833329409361,8.53333346048991,18.7000007629395,46.9000002145767,1.26666667747001,116.229997634888,238.549997925758,217.799999237061,1,"20F_2016",0.375
"4249","72-2-C-SAPU",2016,0.3365,1.62060470752124,19,1997,2,"72-2","SAPU",97,84,22,5,22,0,0,0,0,0,0,NA,NA,NA,0,0,0,0,855.94066,"West","20F","Tussock Tundra (Low shrub or Herbaceous)","Black Spruce Woodland","Clay Loam","Mesic",0,131.055786,179,2.125059,-150.13956,66.022889,0.88114507491091,2.41366194836891,"72-2-C-SAPU_2016",NA,NA,NA,NA,13.6000003814697,-2.90833329409361,8.53333346048991,18.7000007629395,46.9000002145767,1.26666667747001,116.229997634888,238.549997925758,217.799999237061,1,"20F_2016",0.375
"4250","72-2-D-SAPU",2016,0.0836666666666667,0.441669892132662,27,1989,2,"72-2","SAPU",79,60,21,0,11,0,0,0,0,0,0,NA,NA,NA,0,0,0,0,855.94066,"West","20F","Tussock Tundra (Low shrub or Herbaceous)","Black Spruce Woodland","Clay Loam","Mesic",0,131.055786,179,2.125059,-150.13956,66.022889,0.259711179302092,1.29655556050106,"72-2-D-SAPU_2016",NA,NA,NA,NA,13.6000003814697,-2.90833329409361,8.53333346048991,18.7000007629395,46.9000002145767,1.26666667747001,116.229997634888,238.549997925758,217.799999237061,1,"20F_2016",0.375
"4251","72-3-A-SAGL",2016,0.2725,1.90821123177207,11,2005,2,"72-3","SAGL",122,114,14,7,15,0,1,0,0,0.066666667,0,NA,"Hare",NA,1,0,1,0,885.368743,"West","20F","Tussock Tundra (Low shrub or Herbaceous)","Black Spruce Woodland","Clay Loam","Mesic",0,132.401993,119,2.284806,-150.140609,66.023021,-0.0108773827968007,0.989181562016102,"72-3-A-SAGL_2016",NA,NA,NA,NA,13.6000003814697,-2.90833329409361,8.53333346048991,18.7000007629395,46.9000002145767,1.26666667747001,116.229997634888,238.549997925758,217.799999237061,1,"20F_2016",0.375
"4252","72-3-B-SAPU",2016,0.1645,0.684232596766551,28,1988,2,"72-3","SAPU",75,59,20,4,12,0,0,0,0,0,0,NA,NA,NA,0,0,1,0,885.368743,"West","20F","Tussock Tundra (Low shrub or Herbaceous)","Black Spruce Woodland","Clay Loam","Mesic",0,132.401993,119,2.284806,-150.140609,66.023021,0.767673158089117,2.15474666131172,"72-3-B-SAPU_2016",NA,NA,NA,NA,13.6000003814697,-2.90833329409361,8.53333346048991,18.7000007629395,46.9000002145767,1.26666667747001,116.229997634888,238.549997925758,217.799999237061,1,"20F_2016",0.375
"4253","72-3-D-SAGL",2016,0.13125,0.481503070286368,29,1987,2,"72-3","SAGL",128,109,19,9,10,0,2,0,0,0.2,0,NA,"Hare",NA,1,0,1,0,885.368743,"West","20F","Tussock Tundra (Low shrub or Herbaceous)","Black Spruce Woodland","Clay Loam","Mesic",0,132.401993,119,2.284806,-150.140609,66.023021,0.484050056307149,1.62263286662859,"72-3-D-SAGL_2016",NA,NA,NA,NA,13.6000003814697,-2.90833329409361,8.53333346048991,18.7000007629395,46.9000002145767,1.26666667747001,116.229997634888,238.549997925758,217.799999237061,1,"20F_2016",0.375
"4254","72-4-B-SAPU",2016,0.0263333333333333,0.0585994224938222,45,1971,2,"72-4","SAPU",111,93,14,0,13,0,0,0,0,0,0,NA,NA,NA,0,0,0,0,844.255779,"West","20F","Tussock Tundra (Low shrub or Herbaceous)","Low Shrub-Tussock Tundra","Clay Loam","Mesic",0,132.260803,156,1.029158,-150.139994,66.023305,-0.773709853119201,0.461298540125813,"72-4-B-SAPU_2016",NA,NA,NA,NA,13.6000003814697,-2.90833329409361,8.53333346048991,18.7000007629395,46.9000002145767,1.26666667747001,116.229997634888,238.549997925758,217.799999237061,1,"20F_2016",0.375
"4255","86-1-A-SABE",2016,0.24725,1.35991044038783,10,2006,3,"86-1","SABE",129,NA,19,19,52,1,0,0,0.019230769,0,0,"Moose",NA,NA,1,1,0,0,1072.088921,"West","20F","Tall Shrub (Open-Closed)","Tall Shrub","Gravely Sand Loam","Mesic - Xeric",0,572.239319,57,8.372539,-150.2773,66.212913,-0.53367112123044,0.586448090981791,"86-1-A-SABE_2016",NA,NA,NA,NA,13.6000003814697,-2.90833329409361,8.53333346048991,18.7000007629395,46.9000002145767,1.26666667747001,116.229997634888,238.549997925758,217.799999237061,1,"20F_2016",0.375
"4256","86-1-D-SABE",2016,0.710666666666667,16.3100711516147,10,2006,3,"86-1","SABE",76,NA,8,0,10,2,0,0,0.2,0,0,"Moose",NA,NA,1,1,0,0,1072.088921,"West","20F","Tall Shrub (Open-Closed)","Tall Shrub","Gravely Sand Loam","Mesic - Xeric",0,572.239319,57,8.372539,-150.2773,66.212913,1.95069281292278,7.03355883341389,"86-1-D-SABE_2016",NA,NA,NA,NA,13.6000003814697,-2.90833329409361,8.53333346048991,18.7000007629395,46.9000002145767,1.26666667747001,116.229997634888,238.549997925758,217.799999237061,1,"20F_2016",0.375
"4257","86-2-C-SABE",2016,0.151,0.579218579135005,8,2008,3,"86-2","SABE",47,NA,7,22,18,0,0,0,0,0,0,NA,NA,NA,0,0,0,0,1091.215231,"West","20F","Low Shrub","Tall Shrub","Gravely Sand Loam","Mesic - Xeric",0,576.231995,67,9.004415,-150.278061,66.212989,-1.81806102866177,0.162340218994752,"86-2-C-SABE_2016",NA,NA,NA,NA,13.6000003814697,-2.90833329409361,8.53333346048991,18.7000007629395,46.9000002145767,1.26666667747001,116.229997634888,238.549997925758,217.799999237061,1,"20F_2016",0.375
"4258","86-2-D-SABE",2016,0.6115,13.9249767047471,12,2004,3,"86-2","SABE",144,NA,31,15,91,0,0,0,0,0,0,NA,NA,NA,0,0,0,0,1091.215231,"West","20F","Low Shrub","Tall Shrub","Gravely Sand Loam","Mesic - Xeric",0,576.231995,67,9.004415,-150.278061,66.212989,2.14466156979389,8.53915084164371,"86-2-D-SABE_2016",NA,NA,NA,NA,13.6000003814697,-2.90833329409361,8.53333346048991,18.7000007629395,46.9000002145767,1.26666667747001,116.229997634888,238.549997925758,217.799999237061,1,"20F_2016",0.375
"4259","86-3-C-SABE",2016,0.565,6.66867443373832,10,2006,3,"86-3","SABE",122,NA,15,7,21,1,0,0,0.047619048,0,0,"Moose",NA,NA,1,0,0,1,1057.338847,"West","20F","Tall Shrub (Open-Closed)","Tall Shrub","Gravely Sand Loam","Mesic - Xeric",0,571.701965,63,9.459789,-150.277761,66.213303,1.05633113845152,2.87580069605876,"86-3-C-SABE_2016",NA,NA,NA,NA,13.6000003814697,-2.90833329409361,8.53333346048991,18.7000007629395,46.9000002145767,1.26666667747001,116.229997634888,238.549997925758,217.799999237061,1,"20F_2016",0.375
"4260","86-3-D-SABE",2016,0.19225,1.02780796858787,11,2005,3,"86-3","SABE",120,NA,16,0,19,5,0,0,0.263157895,0,0,"Moose",NA,NA,1,0,0,1,1057.338847,"West","20F","Tall Shrub (Open-Closed)","Tall Shrub","Gravely Sand Loam","Mesic - Xeric",0,571.701965,63,9.459789,-150.277761,66.213303,-0.629615309572155,0.532796723388005,"86-3-D-SABE_2016",NA,NA,NA,NA,13.6000003814697,-2.90833329409361,8.53333346048991,18.7000007629395,46.9000002145767,1.26666667747001,116.229997634888,238.549997925758,217.799999237061,1,"20F_2016",0.375
"4261","86-4-A-SABE",2016,0.417,3.27205357171542,11,2005,3,"86-4","SABE",104,NA,19,18,32,3,0,0,0.09375,0,0,"Moose",NA,NA,1,2,0,0,1074.730943,"West","20F","Low Shrub","Tall Shrub","Gravely Sand Loam","Mesic - Xeric",0,575.689697,64,9.57597,-150.278532,66.213405,0.528374133209035,1.6961723152966,"86-4-A-SABE_2016",NA,NA,NA,NA,13.6000003814697,-2.90833329409361,8.53333346048991,18.7000007629395,46.9000002145767,1.26666667747001,116.229997634888,238.549997925758,217.799999237061,1,"20F_2016",0.375
"4262","86-4-D-SABE",2016,0.5515,5.42646670736034,9,2007,3,"86-4","SABE",123,NA,12,21,19,3,0,0,0.157894737,0,0,"Moose",NA,NA,1,2,0,0,1074.730943,"West","20F","Low Shrub","Tall Shrub","Gravely Sand Loam","Mesic - Xeric",0,575.689697,64,9.57597,-150.278532,66.213405,0.646744503132519,1.90931493153901,"86-4-D-SABE_2016",NA,NA,NA,NA,13.6000003814697,-2.90833329409361,8.53333346048991,18.7000007629395,46.9000002145767,1.26666667747001,116.229997634888,238.549997925758,217.799999237061,1,"20F_2016",0.375
"4263","97-1-B-SAPU",2016,0.301666666666667,3.80949351375809,12,2004,4,"97-1","SAPU",161,144,25,14,28,0,0,4,0,0,0.142857143,NA,NA,"Ptarmagin",1,0,0,0,926.812684,"East","24A","Tussock Tundra (Low shrub or Herbaceous)","Low Shrub","Gravely Sand Loam","Mesic",2004,556.594971,67,6.396444,-150.432109,66.348765,0.848473701170918,2.33607857549622,"97-1-B-SAPU_2016",NA,NA,NA,NA,13.6000003814697,-2.90833329409361,8.53333346048991,18.7000007629395,46.9000002145767,1.26666667747001,116.229997634888,238.549997925758,217.799999237061,1,"24A_2016",0.77
"4264","97-1-D-SAPU",2016,0.23175,2.85965375883557,12,2004,4,"97-1","SAPU",89,76,20,18,25,0,0,0,0,0,0,NA,NA,NA,0,0,0,0,926.812684,"East","24A","Tussock Tundra (Low shrub or Herbaceous)","Low Shrub","Gravely Sand Loam","Mesic",2004,556.594971,67,6.396444,-150.432109,66.348765,0.561678011049379,1.75361261417735,"97-1-D-SAPU_2016",NA,NA,NA,NA,13.6000003814697,-2.90833329409361,8.53333346048991,18.7000007629395,46.9000002145767,1.26666667747001,116.229997634888,238.549997925758,217.799999237061,1,"24A_2016",0.77
"4265","97-2-B-SAPU",2016,1.306,49.0326293741363,8,2008,4,"97-2","SAPU",189,157,30,52,57,0,0,3,0,0,0.052631579,NA,NA,"Ptarmagin",1,0,0,0,888.474156,"East","24A","Tussock Tundra (Low shrub or Herbaceous)","Low Shrub","Gravely Sand Loam","Mesic",2004,560.389526,70,6.330689,-150.43305,66.348843,2.62050031461597,13.742597487762,"97-2-B-SAPU_2016",NA,NA,NA,NA,13.6000003814697,-2.90833329409361,8.53333346048991,18.7000007629395,46.9000002145767,1.26666667747001,116.229997634888,238.549997925758,217.799999237061,1,"24A_2016",0.77
"4266","97-2-C-SAPU",2016,0.2635,2.58400786686557,12,2004,4,"97-2","SAPU",118,101,19,0,29,0,0,0,0,0,0,NA,NA,NA,0,0,0,0,888.474156,"East","24A","Tussock Tundra (Low shrub or Herbaceous)","Low Shrub","Gravely Sand Loam","Mesic",2004,560.389526,70,6.330689,-150.43305,66.348843,0.460319087258923,1.58457952347144,"97-2-C-SAPU_2016",NA,NA,NA,NA,13.6000003814697,-2.90833329409361,8.53333346048991,18.7000007629395,46.9000002145767,1.26666667747001,116.229997634888,238.549997925758,217.799999237061,1,"24A_2016",0.77
"4267","97-3-D-SAPU",2016,0.48525,9.46345312618001,12,2004,4,"97-3","SAPU",124,107,24,17,31,0,0,0,0,0,0,NA,NA,NA,0,0,0,0,924.995234,"East","24A","Tussock Tundra (Low shrub or Herbaceous)","Tall Shrub","Gravely Sand Loam","Mesic",2004,557.015015,71,7.919354,-150.432427,66.349149,1.75841479725844,5.80323080179568,"97-3-D-SAPU_2016",NA,NA,NA,NA,13.6000003814697,-2.90833329409361,8.53333346048991,18.7000007629395,46.9000002145767,1.26666667747001,116.229997634888,238.549997925758,217.799999237061,1,"24A_2016",0.77
"4268","102-1-D-SAPU",2015,0.62525,12.4972455621536,11,2004,5,"102-1","SAPU",67,NA,13,0,26,0,0,0,0,0,0,NA,NA,NA,0,0,0,0,978.645101,"West","24A","Low Shrub","Low Shrub","Sandy Loam","Mesic",2004,428.203827,339,4.033863,-150.565499,66.400721,1.86846460682772,6.47834195724224,"102-1-D-SAPU_2015",12.4333330790202,-4.65833338101705,213,211,12.8000001907349,-3.925000111262,7.53333330154419,18.1000003814697,84.0000038146973,1.22500002632538,122.399996995926,244.339999333024,185.300008773804,1,"24A_2015",0.77
"4269","102-2-A-SAPU",2015,0.19425,1.50015781232847,8,2007,5,"102-2","SAPU",94,NA,13,0,22,1,0,7,0.045454545,0,0.318181818,"Moose",NA,"Ptarmagin",1,0,0,1,973.266715,"West","24A","Tall Shrub (Open-Closed)","Low Shrub","Sandy Loam","Mesic",2004,426.001434,321,4.435797,-150.566012,66.400957,-0.866415356679379,0.420456036033555,"102-2-A-SAPU_2015",12.4333330790202,-4.65833338101705,213,211,12.8000001907349,-3.925000111262,7.53333330154419,18.1000003814697,84.0000038146973,1.22500002632538,122.399996995926,244.339999333024,185.300008773804,1,"24A_2015",0.77
"4270","102-2-C-SAPU",2015,0.4065,4.24238472825908,11,2004,5,"102-2","SAPU",91,NA,21,0,42,0,0,5,0,0,0.119047619,NA,NA,"Ptarmagin",1,0,0,1,973.266715,"West","24A","Tall Shrub (Open-Closed)","Low Shrub","Sandy Loam","Mesic",2004,426.001434,321,4.435797,-150.566012,66.400957,0.788081888875139,2.19917411778123,"102-2-C-SAPU_2015",12.4333330790202,-4.65833338101705,213,211,12.8000001907349,-3.925000111262,7.53333330154419,18.1000003814697,84.0000038146973,1.22500002632538,122.399996995926,244.339999333024,185.300008773804,1,"24A_2015",0.77
"4271","102-3-A-SAPU",2015,0.81875,12.4834276595659,11,2004,5,"102-3","SAPU",138,NA,23,0,32,2,0,5,0.0625,0,0.15625,"Moose",NA,"Ptarmagin",1,0,0,0,939.238254,"West","24A","Tussock Tundra (Low shrub or Herbaceous)","Low Shrub","Sandy Loam","Mesic",2004,424.339783,330,3.896938,-150.565669,66.401242,1.86735831926898,6.4711790110034,"102-3-A-SAPU_2015",12.4333330790202,-4.65833338101705,213,211,12.8000001907349,-3.925000111262,7.53333330154419,18.1000003814697,84.0000038146973,1.22500002632538,122.399996995926,244.339999333024,185.300008773804,1,"24A_2015",0.77
"4272","102-3-D-SAPU",2015,0.68,7.99610728562289,7,2008,5,"102-3","SAPU",97,NA,16,0,28,0,0,3,0,0,0.107142857,NA,NA,"Ptarmagin",1,0,0,0,939.238254,"West","24A","Tussock Tundra (Low shrub or Herbaceous)","Low Shrub","Sandy Loam","Mesic",2004,424.339783,330,3.896938,-150.565669,66.401242,0.549116753840212,1.73172280467237,"102-3-D-SAPU_2015",12.4333330790202,-4.65833338101705,213,211,12.8000001907349,-3.925000111262,7.53333330154419,18.1000003814697,84.0000038146973,1.22500002632538,122.399996995926,244.339999333024,185.300008773804,1,"24A_2015",0.77
"4273","102-4-A-SAPU",2015,0.14675,1.14346648752795,11,2004,5,"102-4","SAPU",98,NA,17,0,26,2,0,3,0.076923077,0,0.115384615,"Moose",NA,"Ptarmagin",1,0,0,0,934.189604,"West","24A","Low Shrub","Low Shrub","Sandy Loam","Mesic",2004,423.102509,349,3.666453,-150.566049,66.401434,-0.52297923104775,0.592751969704927,"102-4-A-SAPU_2015",12.4333330790202,-4.65833338101705,213,211,12.8000001907349,-3.925000111262,7.53333330154419,18.1000003814697,84.0000038146973,1.22500002632538,122.399996995926,244.339999333024,185.300008773804,1,"24A_2015",0.77
"4274","102-4-C-SAPU",2015,0.3425,5.31218970378969,11,2004,5,"102-4","SAPU",122,NA,18,0,37,3,0,3,0.081081081,0,0.081081081,"Moose",NA,"Ptarmagin",1,0,0,0,934.189604,"West","24A","Low Shrub","Low Shrub","Sandy Loam","Mesic",2004,423.102509,349,3.666453,-150.566049,66.401434,1.01296046567518,2.75374131617531,"102-4-C-SAPU_2015",12.4333330790202,-4.65833338101705,213,211,12.8000001907349,-3.925000111262,7.53333330154419,18.1000003814697,84.0000038146973,1.22500002632538,122.399996995926,244.339999333024,185.300008773804,1,"24A_2015",0.77
"4275","111-2-C-SAPU",2015,0.5035,7.17342627140896,17,1998,6,"111-2","SAPU",87,78,14,0,21,0,0,0,0,0,0,NA,NA,NA,0,0,0,0,685.564701,"West","24A","Tall Shrub (Open-Closed)","Low Shrub","Gravely Sand Loam","Mesic",0,516.430603,8,6.353059,-150.737535,66.498284,2.15394967693633,8.61883286430887,"111-2-C-SAPU_2015",12.4042139053345,-4.68692600727081,234.063209533691,209.316049098969,12.8000001907349,-3.925000111262,7.53333330154419,18.1000003814697,84.0000038146973,1.22500002632538,122.399996995926,244.339999333024,185.300008773804,1,"24A_2015",0.77
"4276","129-4-A-SAPU",2015,0.9935,23.1138414775842,11,2004,8,"129-4","SAPU",127,105,25,18,36,0,0,0,0,0,0,NA,NA,NA,0,0,0,0,1057.255538,"East","24A","Tussock Tundra (Low shrub or Herbaceous)","Tall Shrub","Sandy Loam","Mesic - Hydric",2005,303.823029,358,6.979915,-150.646167,66.709845,2.48338797807293,11.9817897705993,"129-4-A-SAPU_2015",13.2000001271566,-4.34999988476435,212,172,12.8333336512248,-4.21666665871938,7.63333336512248,18.0666672388713,87.6000008583069,1.21666666989525,120.109997034073,243.219998970628,176.900003433228,1,"24A_2015",0.77
"4277","129-4-B-SAPU",2015,0.868,18.9856036567794,11,2004,8,"129-4","SAPU",194,177,37,34,72,0,0,0,0,0,0,NA,NA,NA,0,0,0,0,1057.255538,"East","24A","Tussock Tundra (Low shrub or Herbaceous)","Tall Shrub","Sandy Loam","Mesic - Hydric",2005,303.823029,358,6.979915,-150.646167,66.709845,2.28663733151912,9.84178730757772,"129-4-B-SAPU_2015",13.2000001271566,-4.34999988476435,212,172,12.8333336512248,-4.21666665871938,7.63333336512248,18.0666672388713,87.6000008583069,1.21666666989525,120.109997034073,243.219998970628,176.900003433228,1,"24A_2015",0.77
"4278","147-1-A-SAPU",2015,0.0346666666666667,0.10818250347715,27,1988,9,"147-1","SAPU",191,167,22,11,73,23,0,0,0.315068493,0,0,"Moose",NA,NA,1,1,0,0,984.758365,"West","24A","Low Shrub","Tall Shrub","Clay Loam","Mesic - Hydric",0,426.634277,145,7.907337,-150.485282,66.911769,-1.14703192541546,0.317577967008204,"147-1-A-SAPU_2015",12.7681713104248,-4.67499989271164,220.270812988281,175.225677490234,11.3000005086263,-5.44166647394498,6.20000012715658,16.4333333969116,60.7000000476837,1.15833336487412,114.099995136261,256.569996714592,175.700002670288,1,"24A_2015",0.77
"4279","147-1-D-SAPU",2015,0.0415,0.220922293187574,21,1994,9,"147-1","SAPU",211,134,21,18,47,15,0,0,0.319148936,0,0,"Moose",NA,NA,1,1,0,0,984.758365,"West","24A","Low Shrub","Tall Shrub","Clay Loam","Mesic - Hydric",0,426.634277,145,7.907337,-150.485282,66.911769,-0.918334907776966,0.39918316480073,"147-1-D-SAPU_2015",12.7681713104248,-4.67499989271164,220.270812988281,175.225677490234,11.3000005086263,-5.44166647394498,6.20000012715658,16.4333333969116,60.7000000476837,1.15833336487412,114.099995136261,256.569996714592,175.700002670288,1,"24A_2015",0.77
"4280","147-2-B-SAPU",2015,0.037,0.108044083745933,23,1992,9,"147-2","SAPU",104,97,14,31,12,5,0,0,0.416666667,0,0,"Moose",NA,NA,1,2,1,0,986.173835,"West","24A","Low Shrub","Tall Shrub","Clay Loam","Mesic - Hydric",0,428.943481,147,8.698308,-150.484958,66.912025,-1.45793785876359,0.232715672851903,"147-2-B-SAPU_2015",12.7681713104248,-4.67499989271164,220.270812988281,175.225677490234,11.3000005086263,-5.44166647394498,6.20000012715658,16.4333333969116,60.7000000476837,1.15833336487412,114.099995136261,256.569996714592,175.700002670288,1,"24A_2015",0.77
"4281","147-2-C-SAPU",2015,0.21575,2.49345165497539,9,2006,9,"147-2","SAPU",124,112,17,11,15,3,2,0,0.2,0.133333333,0,"Moose","Hare",NA,1,2,1,0,986.173835,"West","24A","Low Shrub","Tall Shrub","Clay Loam","Mesic - Hydric",0,428.943481,147,8.698308,-150.484958,66.912025,-0.130875763160513,0.877326763924994,"147-2-C-SAPU_2015",12.7681713104248,-4.67499989271164,220.270812988281,175.225677490234,11.3000005086263,-5.44166647394498,6.20000012715658,16.4333333969116,60.7000000476837,1.15833336487412,114.099995136261,256.569996714592,175.700002670288,1,"24A_2015",0.77
"4282","147-3-B-SAPU",2015,0.086,0.512660797176053,26,1989,9,"147-3","SAPU",167,149,20,7,58,18,0,0,0.310344828,0,0,"Moose",NA,NA,1,2,1,0,952.272152,"West","24A","White Spruce or Black Spruce (Woodland)","Black Spruce Woodland","Clay Loam","Mesic - Hydric",0,425.583191,170,6.572863,-150.484233,66.911912,0.335885334842907,1.3991785785808,"147-3-B-SAPU_2015",12.7681713104248,-4.67499989271164,220.270812988281,175.225677490234,11.3000005086263,-5.44166647394498,6.20000012715658,16.4333333969116,60.7000000476837,1.15833336487412,114.099995136261,256.569996714592,175.700002670288,1,"24A_2015",0.77
"4283","147-3-C-SAPU",2015,0.143,1.24396701826399,9,2006,9,"147-3","SAPU",128,104,11,14,17,5,2,0,0.294117647,0.117647059,0,"Moose","Hare",NA,1,2,1,0,952.272152,"West","24A","White Spruce or Black Spruce (Woodland)","Black Spruce Woodland","Clay Loam","Mesic - Hydric",0,425.583191,170,6.572863,-150.484233,66.911912,-0.826238239240864,0.437692688520862,"147-3-C-SAPU_2015",12.7681713104248,-4.67499989271164,220.270812988281,175.225677490234,11.3000005086263,-5.44166647394498,6.20000012715658,16.4333333969116,60.7000000476837,1.15833336487412,114.099995136261,256.569996714592,175.700002670288,1,"24A_2015",0.77
"4284","147-4-A-SAPU",2015,0.121,0.626078575155947,24,1991,9,"147-4","SAPU",124,110,21,14,47,16,0,0,0.340425532,0,0,"Moose",NA,NA,1,0,1,0,956.341518,"West","24A","Tall Shrub (Open-Closed)","Tall Shrub","Clay Loam","Mesic - Hydric",0,428.39856,129,7.52786,-150.483929,66.912191,0.381182362360639,1.46401456221913,"147-4-A-SAPU_2015",12.7681713104248,-4.67499989271164,220.270812988281,175.225677490234,11.3000005086263,-5.44166647394498,6.20000012715658,16.4333333969116,60.7000000476837,1.15833336487412,114.099995136261,256.569996714592,175.700002670288,1,"24A_2015",0.77
"4285","147-4-C-SAPU",2015,0.03575,0.0835881593845232,29,1986,9,"147-4","SAPU",113,101,16,9,12,5,0,0,0.416666667,0,0,"Moose",NA,NA,1,0,1,0,956.341518,"West","24A","Tall Shrub (Open-Closed)","Tall Shrub","Clay Loam","Mesic - Hydric",0,428.39856,129,7.52786,-150.483929,66.912191,-1.26696067551089,0.281686458608978,"147-4-C-SAPU_2015",12.7681713104248,-4.67499989271164,220.270812988281,175.225677490234,11.3000005086263,-5.44166647394498,6.20000012715658,16.4333333969116,60.7000000476837,1.15833336487412,114.099995136261,256.569996714592,175.700002670288,1,"24A_2015",0.77
"4286","151-4-B-SAPU",2015,0.055,0.29589875805999,12,2003,10,"151-4","SAPU",61,54,9,0,8,0,0,0,0,0,0,NA,NA,NA,0,0,0,0,714.907956,"East","24A","Low Shrub","Low Shrub","Clay Loam","Mesic",0,485.466003,301,24.973797,-150.361301,66.958638,-1.70676045985544,0.181452664697666,"151-4-B-SAPU_2015",11.8670460383097,-5.51997491717339,240.241466522217,186.810371398926,11.3000005086263,-5.44166647394498,6.20000012715658,16.4333333969116,60.7000000476837,1.15833336487412,114.099995136261,256.569996714592,175.700002670288,1,"24A_2015",0.77
"4287","158-1-A-SAPU",2015,1.1925,41.3709346507586,8,2007,11,"158-1","SAPU",157,139,27,13,83,0,0,17,0,0,0.204819277,NA,NA,"Ptarmagin",1,0,0,0,1304.611642,"East","24A","Low Shrub","Low Shrub","Sandy Loam","Mesic - Xeric",2005,586.787537,51,13.434302,-150.285356,67.046606,2.45059290522222,11.5952195477768,"158-1-A-SAPU_2015",12.7333335876465,-5.13333334525426,232,189,11.2666670481364,-5.78333330154419,6.20000012715658,16.3666671117147,60.7000014781952,1.13333336325983,113.429997444153,257.009996175766,164.300006866455,1,"24A_2015",0.77
"4288","158-1-C-SAPU",2015,0.71775,10.3910421292734,9,2006,11,"158-1","SAPU",124,107,23,0,36,0,0,11,0,0,0.305555556,NA,NA,"Ptarmagin",1,0,0,0,1304.611642,"East","24A","Low Shrub","Low Shrub","Sandy Loam","Mesic - Xeric",2005,586.787537,51,13.434302,-150.285356,67.046606,1.29640038070572,3.65611234005406,"158-1-C-SAPU_2015",12.7333335876465,-5.13333334525426,232,189,11.2666670481364,-5.78333330154419,6.20000012715658,16.3666671117147,60.7000014781952,1.13333336325983,113.429997444153,257.009996175766,164.300006866455,1,"24A_2015",0.77
"4289","158-1-D-SAGL",2015,0.663,10.10403113318,9,2006,11,"158-1","SAGL",134,119,17,9,22,0,0,2,0,0,0.090909091,NA,NA,"Ptarmagin",1,0,0,0,1304.611642,"East","24A","Low Shrub","Low Shrub","Sandy Loam","Mesic - Xeric",2005,586.787537,51,13.434302,-150.285356,67.046606,1.26839074575935,3.55512685356544,"158-1-D-SAGL_2015",12.7333335876465,-5.13333334525426,232,189,11.2666670481364,-5.78333330154419,6.20000012715658,16.3666671117147,60.7000014781952,1.13333336325983,113.429997444153,257.009996175766,164.300006866455,1,"24A_2015",0.77
"4290","158-2-C-SAPU",2015,0.798,22.383668586046,9,2006,11,"158-2","SAPU",121,110,23,13,67,0,0,1,0,0,0.014925373,NA,NA,"Ptarmagin",1,0,0,1,1283.38641,"East","24A","Tussock Tundra (Low shrub or Herbaceous)","Low Shrub","Sandy Loam","Mesic - Xeric",2005,590.000549,54,15.617359,-150.286104,67.046812,2.06378789141526,7.8757458506085,"158-2-C-SAPU_2015",12.7333335876465,-5.13333334525426,232,189,11.2666670481364,-5.78333330154419,6.20000012715658,16.3666671117147,60.7000014781952,1.13333336325983,113.429997444153,257.009996175766,164.300006866455,1,"24A_2015",0.77
"4291","158-3-A-SAPU",2015,0.2885,2.71859526694168,10,2005,11,"158-3","SAPU",91,77,19,0,37,0,0,3,0,0,0.081081081,NA,NA,"Ptarmagin",1,0,0,0,1313.543229,"East","24A","Tussock Tundra (Low shrub or Herbaceous)","Low Shrub","Sandy Loam","Mesic - Xeric",2005,580.218689,48,13.61797,-150.285679,67.047111,0.159025334772412,1.17236764797202,"158-3-A-SAPU_2015",12.7333335876465,-5.13333334525426,232,189,11.2666670481364,-5.78333330154419,6.20000012715658,16.3666671117147,60.7000014781952,1.13333336325983,113.429997444153,257.009996175766,164.300006866455,1,"24A_2015",0.77
"4292","158-3-B-SAPU",2015,0.653,15.5904121602053,10,2005,11,"158-3","SAPU",129,118,12,11,15,0,0,0,0,0,0,NA,NA,NA,0,0,0,0,1313.543229,"East","24A","Tussock Tundra (Low shrub or Herbaceous)","Low Shrub","Sandy Loam","Mesic - Xeric",2005,580.218689,48,13.61797,-150.285679,67.047111,1.90556615403928,6.72321292449538,"158-3-B-SAPU_2015",12.7333335876465,-5.13333334525426,232,189,11.2666670481364,-5.78333330154419,6.20000012715658,16.3666671117147,60.7000014781952,1.13333336325983,113.429997444153,257.009996175766,164.300006866455,1,"24A_2015",0.77
"4293","158-4-C-SAPU",2015,0.745,10.2053014663758,10,2005,11,"158-4","SAPU",191,163,27,14,50,0,0,4,0,0,0.08,NA,NA,"Ptarmagin",1,0,0,0,1283.367604,"East","24A","Tussock Tundra (Low shrub or Herbaceous)","Low Shrub","Sandy Loam","Mesic - Xeric",2005,587.563538,57,15.053073,-150.286524,67.047197,1.48181737071759,4.40093655075028,"158-4-C-SAPU_2015",12.7333335876465,-5.13333334525426,232,189,11.2666670481364,-5.78333330154419,6.20000012715658,16.3666671117147,60.7000014781952,1.13333336325983,113.429997444153,257.009996175766,164.300006866455,1,"24A_2015",0.77
"4294","173-1-B-SAPU",2015,0.5865,9.29102858053361,7,2008,12,"173-1","SAPU",118,88,16,17,14,6,0,0,0.428571429,0,0,"Moose",NA,NA,1,0,0,0,1301.486525,"East","24A","Low Shrub","Low Shrub","Clay Loam","Mesic",0,349.871613,358,2.901099,-150.191497,67.228159,0.699211185687527,2.01216485685502,"173-1-B-SAPU_2015",13.2325550715129,-4.96087350447973,224.644622802734,194.647475242615,11.2666670481364,-5.78333330154419,6.20000012715658,16.3666671117147,60.7000014781952,1.13333336325983,113.429997444153,257.009996175766,164.300006866455,1,"24A_2015",0.77
"4295","173-2-C-SAPU",2015,0.456,7.18933372581041,7,2008,12,"173-2","SAPU",129,111,17,16,20,7,0,0,0.35,0,0,"Moose",NA,NA,1,2,0,0,1323.706943,"East","24A","Tussock Tundra (Low shrub or Herbaceous)","Low Shrub","Clay Loam","Mesic",0,348.371155,13,2.823825,-150.190835,67.228457,0.442760420533871,1.55699926460106,"173-2-C-SAPU_2015",13.2325550715129,-4.96087350447973,224.644622802734,194.647475242615,11.2666670481364,-5.78333330154419,6.20000012715658,16.3666671117147,60.7000014781952,1.13333336325983,113.429997444153,257.009996175766,164.300006866455,1,"24A_2015",0.77
"4296","173-2-D-SAPU",2015,0.1605,0.974416012391494,9,2006,12,"173-2","SAPU",89,70,12,0,18,0,0,0,0,0,0,NA,NA,NA,0,2,0,0,1323.706943,"East","24A","Tussock Tundra (Low shrub or Herbaceous)","Low Shrub","Clay Loam","Mesic",0,348.371155,13,2.823825,-150.190835,67.228457,-1.07046066964008,0.34285054019889,"173-2-D-SAPU_2015",13.2325550715129,-4.96087350447973,224.644622802734,194.647475242615,11.2666670481364,-5.78333330154419,6.20000012715658,16.3666671117147,60.7000014781952,1.13333336325983,113.429997444153,257.009996175766,164.300006866455,1,"24A_2015",0.77
"4297","173-3-A-SAPU",2015,0.09275,0.492363948788912,13,2002,12,"173-3","SAPU",59,53,10,0,2,0,0,0,0,0,0,NA,NA,NA,0,0,0,0,1278.311889,"East","24A","Low Shrub","Low Shrub","Clay Loam","Mesic",0,347.24527,24,1.739254,-150.191816,67.228627,-1.04299520302293,0.352397597308757,"173-3-A-SAPU_2015",13.2325550715129,-4.96087350447973,224.644622802734,194.647475242615,11.2666670481364,-5.78333330154419,6.20000012715658,16.3666671117147,60.7000014781952,1.13333336325983,113.429997444153,257.009996175766,164.300006866455,1,"24A_2015",0.77
"4298","173-3-B-SAPU",2015,0.016,0.179648834302878,6,2009,12,"173-3","SAPU",84,81,12,0,7,1,0,0,0.142857143,0,0,"Moose",NA,NA,1,0,0,0,1278.311889,"East","24A","Low Shrub","Low Shrub","Clay Loam","Mesic",0,347.24527,24,1.739254,-150.191816,67.228627,-3.54425809907569,0.0288900481142637,"173-3-B-SAPU_2015",13.2325550715129,-4.96087350447973,224.644622802734,194.647475242615,11.2666670481364,-5.78333330154419,6.20000012715658,16.3666671117147,60.7000014781952,1.13333336325983,113.429997444153,257.009996175766,164.300006866455,1,"24A_2015",0.77
"4299","173-4-B-SAPU",2015,0.130666666666667,1.2641392155728,17,1998,12,"173-4","SAPU",149,112,21,11,30,5,0,0,0.166666667,0,0,"Moose",NA,NA,1,1,0,0,1308.377258,"East","24A","Low Shrub","Low Shrub","Clay Loam","Mesic",0,346.165253,355,1.872125,-150.190975,67.22891,0.417957702905706,1.51885642982994,"173-4-B-SAPU_2015",13.2325550715129,-4.96087350447973,224.644622802734,194.647475242615,11.2666670481364,-5.78333330154419,6.20000012715658,16.3666671117147,60.7000014781952,1.13333336325983,113.429997444153,257.009996175766,164.300006866455,1,"24A_2015",0.77
"4300","173-4-C-SAPU",2015,0.65125,12.4982716848541,11,2004,12,"173-4","SAPU",167,122,27,13,41,9,0,0,0.219512195,0,0,"Moose",NA,NA,1,1,0,0,1308.377258,"East","24A","Low Shrub","Low Shrub","Clay Loam","Mesic",0,346.165253,355,1.872125,-150.190975,67.22891,1.86854671136597,6.47887388035366,"173-4-C-SAPU_2015",13.2325550715129,-4.96087350447973,224.644622802734,194.647475242615,11.2666670481364,-5.78333330154419,6.20000012715658,16.3666671117147,60.7000014781952,1.13333336325983,113.429997444153,257.009996175766,164.300006866455,1,"24A_2015",0.77
"4301","184-1-A-SAPU",2015,0.21825,1.3982170577103,11,2004,13,"184-1","SAPU",133,112,18,3,22,6,0,0,0.272727273,0,0,"Moose",NA,NA,1,2,0,0,692.283244,"East","24A","White Spruce or Black Spruce (Open-Closed)","Tall Shrub","Clay Loam","Mesic",0,423.977753,249,10.469168,-150.109686,67.368938,-0.321845763385565,0.724809973945608,"184-1-A-SAPU_2015",12.8333336512248,-4.88333317637444,182,131,11.2666670481364,-5.78333330154419,6.20000012715658,16.3666671117147,60.7000014781952,1.13333336325983,113.429997444153,257.009996175766,164.300006866455,1,"24A_2015",0.77
"4302","184-1-C-SAPU",2015,0.27575,3.12753854250442,9,2006,13,"184-1","SAPU",108,91,21,0,42,8,1,0,0.19047619,0.023809524,0,"Moose","Hare",NA,1,2,0,0,692.283244,"East","24A","White Spruce or Black Spruce (Open-Closed)","Tall Shrub","Clay Loam","Mesic",0,423.977753,249,10.469168,-150.109686,67.368938,0.0957025664685558,1.10043171002374,"184-1-C-SAPU_2015",12.8333336512248,-4.88333317637444,182,131,11.2666670481364,-5.78333330154419,6.20000012715658,16.3666671117147,60.7000014781952,1.13333336325983,113.429997444153,257.009996175766,164.300006866455,1,"24A_2015",0.77
"4303","184-2-A-SAPU",2015,0.439,8.04532504693033,11,2004,13,"184-2","SAPU",124,118,27,4,36,7,0,0,0.194444444,0,0,"Moose",NA,NA,1,1,0,0,706.210196,"East","24A","White Spruce or Black Spruce (Open-Closed)","Tall Shrub","Clay Loam","Mesic",0,429.192566,258,16.706417,-150.109279,67.369156,1.42804752505311,4.17054834619084,"184-2-A-SAPU_2015",12.8303244908651,-4.88483775655429,181.368103027344,130.277830600739,11.2666670481364,-5.78333330154419,6.20000012715658,16.3666671117147,60.7000014781952,1.13333336325983,113.429997444153,257.009996175766,164.300006866455,1,"24A_2015",0.77
"4304","184-2-D-SAPU",2015,0.22325,1.79671041435949,24,1991,13,"184-2","SAPU",172,139,22,0,38,6,3,0,0.157894737,0.078947368,0,"Moose","Hare",NA,1,1,0,0,706.210196,"East","24A","White Spruce or Black Spruce (Open-Closed)","Tall Shrub","Clay Loam","Mesic",0,429.192566,258,16.706417,-150.109279,67.369156,1.4354192040227,4.20140588592711,"184-2-D-SAPU_2015",12.8303244908651,-4.88483775655429,181.368103027344,130.277830600739,11.2666670481364,-5.78333330154419,6.20000012715658,16.3666671117147,60.7000014781952,1.13333336325983,113.429997444153,257.009996175766,164.300006866455,1,"24A_2015",0.77
"4305","184-3-C-SAPU",2015,0.162,1.04179610622752,18,1997,13,"184-3","SAPU",130,116,18,14,25,1,4,0,0.04,0.16,0,"Moose","Hare",NA,1,1,3,0,683.765397,"East","24A","White Spruce or Black Spruce (Open-Closed)","Tall Shrub","Clay Loam","Mesic",0,425.482941,261,10.788996,-150.109693,67.36937,0.334886830032493,1.39778218930618,"184-3-C-SAPU_2015",12.8303244908651,-4.88483775655429,181.368103027344,130.277830600739,11.2666670481364,-5.78333330154419,6.20000012715658,16.3666671117147,60.7000014781952,1.13333336325983,113.429997444153,257.009996175766,164.300006866455,1,"24A_2015",0.77
"4306","184-3-D-SAPU",2015,0.11375,0.730346660881811,12,2003,13,"184-3","SAPU",66,58,11,0,18,1,2,0,0.055555556,0.111111111,0,"Moose","Hare",NA,1,1,3,0,683.765397,"East","24A","White Spruce or Black Spruce (Open-Closed)","Tall Shrub","Clay Loam","Mesic",0,425.482941,261,10.788996,-150.109693,67.36937,-0.803258522747664,0.447867198358365,"184-3-D-SAPU_2015",12.8303244908651,-4.88483775655429,181.368103027344,130.277830600739,11.2666670481364,-5.78333330154419,6.20000012715658,16.3666671117147,60.7000014781952,1.13333336325983,113.429997444153,257.009996175766,164.300006866455,1,"24A_2015",0.77
"4307","184-4-C-SAPU",2015,0.133,0.616719770640905,15,2000,13,"184-4","SAPU",142,131,16,7,32,1,3,0,0.03125,0.09375,0,"Moose","Hare",NA,1,2,1,0,702.330496,"East","24A","White Spruce or Black Spruce (Open-Closed)","Tall Shrub","Clay Loam","Mesic",0,431.246765,263,17.707565,-150.109187,67.369491,-0.541467380523607,0.581893766019931,"184-4-C-SAPU_2015",12.8303244908651,-4.88483775655429,181.368103027344,130.277830600739,11.2666670481364,-5.78333330154419,6.20000012715658,16.3666671117147,60.7000014781952,1.13333336325983,113.429997444153,257.009996175766,164.300006866455,1,"24A_2015",0.77
"4308","184-4-D-SAPU",2015,0.04925,0.176268676957159,20,1995,13,"184-4","SAPU",139,114,15,19,23,0,0,0,0,0,0,NA,NA,NA,0,2,1,0,702.330496,"East","24A","White Spruce or Black Spruce (Open-Closed)","Tall Shrub","Clay Loam","Mesic",0,431.246765,263,17.707565,-150.109187,67.369491,-1.23835153869623,0.289861650030292,"184-4-D-SAPU_2015",12.8303244908651,-4.88483775655429,181.368103027344,130.277830600739,11.2666670481364,-5.78333330154419,6.20000012715658,16.3666671117147,60.7000014781952,1.13333336325983,113.429997444153,257.009996175766,164.300006866455,1,"24A_2015",0.77
"4309","191-1-B-SAPU",2015,0.13675,1.35166925745931,13,2002,14,"191-1","SAPU",112,103,12,23,16,2,0,0,0.125,0,0,"Moose",NA,NA,1,1,0,0,1595.806211,"East","24A","Low Shrub","Low Shrub","Clay Loam","Mesic",0,492.755432,293,2.980974,-149.860617,67.475764,-0.0331177847393258,0.967424605023189,"191-1-B-SAPU_2015",12.0453697840373,-5.18182878196239,185.368103027344,126.593780040741,9.40000025431315,-7.25000003166497,4.50000007947286,14.3333339691162,33.0000001192093,1.02500001341105,92.6399977207184,273.619996786118,160.900007247925,1,"24A_2015",0.77
"4310","191-1-C-SAPU",2015,0.2485,3.16724218681003,13,2002,14,"191-1","SAPU",163,139,21,0,37,12,0,0,0.324324324,0,0,"Moose",NA,NA,1,1,0,0,1595.806211,"East","24A","Low Shrub","Low Shrub","Clay Loam","Mesic",0,492.755432,293,2.980974,-149.860617,67.475764,0.818403136252188,2.26687705196974,"191-1-C-SAPU_2015",12.0453697840373,-5.18182878196239,185.368103027344,126.593780040741,9.40000025431315,-7.25000003166497,4.50000007947286,14.3333339691162,33.0000001192093,1.02500001341105,92.6399977207184,273.619996786118,160.900007247925,1,"24A_2015",0.77
"4311","191-2-A-SAPU",2015,0.401,4.81613379458418,8,2007,14,"191-2","SAPU",126,110,15,27,22,2,0,0,0.090909091,0,0,"Moose",NA,NA,1,0,0,0,1628.072852,"East","24A","Low Shrub","Low Shrub","Clay Loam","Mesic",0,494.812988,260,1.497492,-149.859771,67.475671,0.299985821415579,1.34983966862463,"191-2-A-SAPU_2015",12.0453697840373,-5.18182878196239,185.368103027344,126.593780040741,9.40000025431315,-7.25000003166497,4.50000007947286,14.3333339691162,33.0000001192093,1.02500001341105,92.6399977207184,273.619996786118,160.900007247925,1,"24A_2015",0.77
"4312","191-2-B-SAPU",2015,0.383,3.35039389692165,8,2007,14,"191-2","SAPU",107,87,14,11,25,15,1,0,0.6,0.04,0,"Moose","Hare",NA,1,0,0,0,1628.072852,"East","24A","Low Shrub","Low Shrub","Clay Loam","Mesic",0,494.812988,260,1.497492,-149.859771,67.475671,-0.0629077473770345,0.939030097682981,"191-2-B-SAPU_2015",12.0453697840373,-5.18182878196239,185.368103027344,126.593780040741,9.40000025431315,-7.25000003166497,4.50000007947286,14.3333339691162,33.0000001192093,1.02500001341105,92.6399977207184,273.619996786118,160.900007247925,1,"24A_2015",0.77
"4313","191-3-A-SAPU",2015,0.2935,2.51813887909592,13,2002,14,"191-3","SAPU",109,97,22,14,31,13,0,0,0.419354839,0,0,"Moose",NA,NA,1,2,0,0,1608.343863,"East","24A","Low Shrub","Low Shrub","Clay Loam","Mesic",0,494.475037,298,4.15829,-149.859591,67.475979,0.589061988250913,1.80229704645498,"191-3-A-SAPU_2015",12.0453697840373,-5.18182878196239,185.368103027344,126.593780040741,9.40000025431315,-7.25000003166497,4.50000007947286,14.3333339691162,33.0000001192093,1.02500001341105,92.6399977207184,273.619996786118,160.900007247925,1,"24A_2015",0.77
"4314","191-3-B-SAPU",2015,0.15175,1.13737454667356,7,2008,14,"191-3","SAPU",107,89,14,21,14,6,0,0,0.428571429,0,0,"Moose",NA,NA,1,2,0,0,1608.343863,"East","24A","Low Shrub","Low Shrub","Clay Loam","Mesic",0,494.475037,298,4.15829,-149.859591,67.475979,-1.40111550299739,0.246322037658236,"191-3-B-SAPU_2015",12.0453697840373,-5.18182878196239,185.368103027344,126.593780040741,9.40000025431315,-7.25000003166497,4.50000007947286,14.3333339691162,33.0000001192093,1.02500001341105,92.6399977207184,273.619996786118,160.900007247925,1,"24A_2015",0.77
"4315","191-4-A-SAPU",2015,0.06125,0.277713845334226,24,1991,14,"191-4","SAPU",109,85,19,16,39,13,0,0,0.333333333,0,0,"Moose",NA,NA,1,1,0,0,1634.196324,"East","24A","Low Shrub","Low Shrub","Clay Loam","Mesic",0,497.007599,303,3.553675,-149.85875,67.475963,-0.431702270047855,0.649402694538629,"191-4-A-SAPU_2015",12.0453697840373,-5.18182878196239,185.368103027344,126.593780040741,9.40000025431315,-7.25000003166497,4.50000007947286,14.3333339691162,33.0000001192093,1.02500001341105,92.6399977207184,273.619996786118,160.900007247925,1,"24A_2015",0.77
"4316","191-4-D-SAPU",2015,0.1175,0.748425544855517,15,2000,14,"191-4","SAPU",114,103,16,7,34,2,0,0,0.058823529,0,0,"Moose",NA,NA,1,1,0,0,1634.196324,"East","24A","Low Shrub","Low Shrub","Clay Loam","Mesic",0,497.007599,303,3.553675,-149.85875,67.475963,-0.347910394331992,0.706162149510648,"191-4-D-SAPU_2015",12.0453697840373,-5.18182878196239,185.368103027344,126.593780040741,9.40000025431315,-7.25000003166497,4.50000007947286,14.3333339691162,33.0000001192093,1.02500001341105,92.6399977207184,273.619996786118,160.900007247925,1,"24A_2015",0.77
"4317","203-1-C-SAPU",2015,0.08125,0.553582986732175,19,1996,15,"203-1","SAPU",102,74,13,0,16,1,1,0,0.0625,0.0625,0,"Moose","Hare",NA,1,1,0,0,905.036767,"East","24A","Low Shrub","Low Shrub","Loam","Mesic",0,550.644958,299,23.927214,-149.794431,67.571449,-0.192997888140663,0.824483715330902,"203-1-C-SAPU_2015",12.3333333333333,-5.2999999721845,153,112,8.50000015894572,-8.11666684349378,3.70000012715658,13.3000001907349,26.3999997675419,1.01666669920087,83.0599993467331,282.019999980927,148.200000762939,1,"24A_2015",0.77
"4318","203-1-D-SAPU",2015,0.52175,7.70184313749047,9,2006,15,"203-1","SAPU",121,103,12,14,16,0,0,0,0,0,0,NA,NA,NA,0,1,0,0,905.036767,"East","24A","Low Shrub","Low Shrub","Loam","Mesic",0,550.644958,299,23.927214,-149.794431,67.571449,0.996915948163967,2.70991142041578,"203-1-D-SAPU_2015",12.3333333333333,-5.2999999721845,153,112,8.50000015894572,-8.11666684349378,3.70000012715658,13.3000001907349,26.3999997675419,1.01666669920087,83.0599993467331,282.019999980927,148.200000762939,1,"24A_2015",0.77
"4319","203-2-A-SAPU",2015,0.0665,0.214870014940436,19,1996,15,"203-2","SAPU",122,97,14,32,16,1,0,0,0.0625,0,0,"Moose",NA,NA,1,0,1,0,933.944119,"East","24A","Low Shrub","Low Shrub","Loam","Mesic",0,566.911377,300,26.508135,-149.793674,67.571447,-1.13937629629087,0.320018556345205,"203-2-A-SAPU_2015",12.3333333333333,-5.2999999721845,153,112,8.50000015894572,-8.11666684349378,3.70000012715658,13.3000001907349,26.3999997675419,1.01666669920087,83.0599993467331,282.019999980927,148.200000762939,1,"24A_2015",0.77
"4320","203-2-B-SAPU",2015,0.12625,0.424489054109942,20,1995,15,"203-2","SAPU",129,107,22,18,35,2,0,0,0.057142857,0,0,"Moose",NA,NA,1,0,1,0,933.944119,"East","24A","Low Shrub","Low Shrub","Loam","Mesic",0,566.911377,300,26.508135,-149.793674,67.571447,-0.359474723277808,0.698042895471498,"203-2-B-SAPU_2015",12.3333333333333,-5.2999999721845,153,112,8.50000015894572,-8.11666684349378,3.70000012715658,13.3000001907349,26.3999997675419,1.01666669920087,83.0599993467331,282.019999980927,148.200000762939,1,"24A_2015",0.77
"4321","203-3-B-SAPU",2015,0.133,0.723475801398866,8,2007,15,"203-3","SAPU",63,60,8,18,11,1,0,0,0.090909091,0,0,"Moose",NA,NA,1,0,1,0,922.335664,"East","24A","Low Shrub","Low Shrub","Loam","Mesic",0,556.241272,305,23.609533,-149.79364,67.571701,-1.59567384752317,0.202771845150223,"203-3-B-SAPU_2015",12.3333333333333,-5.2999999721845,153,112,8.50000015894572,-8.11666684349378,3.70000012715658,13.3000001907349,26.3999997675419,1.01666669920087,83.0599993467331,282.019999980927,148.200000762939,1,"24A_2015",0.77
"4322","203-3-D-SAPU",2015,0.0915,0.557232928347018,27,1988,15,"203-3","SAPU",117,104,18,17,39,2,3,0,0.051282051,0.076923077,0,"Moose","Hare",NA,1,0,1,0,922.335664,"East","24A","Low Shrub","Low Shrub","Loam","Mesic",0,556.241272,305,23.609533,-149.79364,67.571701,0.49213176289439,1.63579964270149,"203-3-D-SAPU_2015",12.3333333333333,-5.2999999721845,153,112,8.50000015894572,-8.11666684349378,3.70000012715658,13.3000001907349,26.3999997675419,1.01666669920087,83.0599993467331,282.019999980927,148.200000762939,1,"24A_2015",0.77
"4323","203-4-B-SAPU",2015,0.28325,1.80929995421967,19,1996,15,"203-4","SAPU",76,69,15,0,18,3,0,0,0.166666667,0,0,"Moose",NA,NA,1,1,1,0,951.384807,"East","24A","Low Shrub","Low Shrub","Loam","Mesic",0,569.135193,316,29.227108,-149.792864,67.571712,0.991285723909313,2.69469688223054,"203-4-B-SAPU_2015",12.3333333333333,-5.2999999721845,153,112,8.50000015894572,-8.11666684349378,3.70000012715658,13.3000001907349,26.3999997675419,1.01666669920087,83.0599993467331,282.019999980927,148.200000762939,1,"24A_2015",0.77
"4324","203-4-C-SAPU",2015,0.05475,0.142976826907984,23,1992,15,"203-4","SAPU",75,68,9,10,9,1,0,0,0.111111111,0,0,"Moose",NA,NA,1,1,1,0,951.384807,"East","24A","Low Shrub","Low Shrub","Loam","Mesic",0,569.135193,316,29.227108,-149.792864,67.571712,-1.17779461790264,0.30795715343714,"203-4-C-SAPU_2015",12.3333333333333,-5.2999999721845,153,112,8.50000015894572,-8.11666684349378,3.70000012715658,13.3000001907349,26.3999997675419,1.01666669920087,83.0599993467331,282.019999980927,148.200000762939,1,"24A_2015",0.77
"4325","209-1-C-SAPU",2015,0.079,0.340883223266744,18,1997,16,"209-1","SAPU",64,53,15,0,11,0,0,0,0,0,0,NA,NA,NA,0,0,1,0,698.873831,"East","24A","Low Shrub","Black Spruce Woodland","Sandy Loam","Mesic - Xeric",0,553.345276,287,19.679848,-149.692986,67.655886,-0.782274732858822,0.457364445180095,"209-1-C-SAPU_2015",11.5909729003906,-5.74843693772952,145,107,8.50000015894572,-8.11666684349378,3.70000012715658,13.3000001907349,26.3999997675419,1.01666669920087,83.0599993467331,282.019999980927,148.200000762939,1,"24A_2015",0.77
"4326","209-1-D-SAPU",2015,0.08,0.306619442990364,26,1989,16,"209-1","SAPU",53,47,13,0,9,1,0,0,0.111111111,0,0,"Moose",NA,NA,1,0,1,0,698.873831,"East","24A","Low Shrub","Black Spruce Woodland","Sandy Loam","Mesic - Xeric",0,553.345276,287,19.679848,-149.692986,67.655886,-0.178121698279204,0.836840575233541,"209-1-D-SAPU_2015",11.5909729003906,-5.74843693772952,145,107,8.50000015894572,-8.11666684349378,3.70000012715658,13.3000001907349,26.3999997675419,1.01666669920087,83.0599993467331,282.019999980927,148.200000762939,1,"24A_2015",0.77
"4327","209-2-A-SAPU",2015,0.05325,0.213419973581265,12,2003,16,"209-2","SAPU",55,46,9,0,10,0,0,0,0,0,0,NA,NA,NA,0,0,0,0,728.528855,"East","24A","Low Shrub","Black Spruce Woodland","Sandy Loam","Mesic - Xeric",0,561.911133,287,21.070175,-149.692261,67.656,-2.03351589069068,0.130874570613016,"209-2-A-SAPU_2015",11.5909729003906,-5.74843693772952,145,107,8.50000015894572,-8.11666684349378,3.70000012715658,13.3000001907349,26.3999997675419,1.01666669920087,83.0599993467331,282.019999980927,148.200000762939,1,"24A_2015",0.77
"4328","209-2-D-SAPU",2015,0.0445,0.0873056452414241,38,1977,16,"209-2","SAPU",53,41,8,0,11,0,0,0,0,0,0,NA,NA,NA,0,0,0,0,728.528855,"East","24A","Low Shrub","Black Spruce Woodland","Sandy Loam","Mesic - Xeric",0,561.911133,287,21.070175,-149.692261,67.656,-0.701510132497304,0.495835960132982,"209-2-D-SAPU_2015",11.5909729003906,-5.74843693772952,145,107,8.50000015894572,-8.11666684349378,3.70000012715658,13.3000001907349,26.3999997675419,1.01666669920087,83.0599993467331,282.019999980927,148.200000762939,1,"24A_2015",0.77
"4329","209-3-A-SAPU",2015,0.0415,0.144521901444928,23,1992,16,"209-3","SAPU",74,55,12,0,9,0,0,0,0,0,0,NA,NA,NA,0,0,1,0,711.058695,"East","24A","Low Shrub","Black Spruce Woodland","Sandy Loam","Mesic - Xeric",0,553.430786,276,18.070417,-149.69261,67.656251,-1.16704612227629,0.311285082630532,"209-3-A-SAPU_2015",11.5909729003906,-5.74843693772952,145,107,8.50000015894572,-8.11666684349378,3.70000012715658,13.3000001907349,26.3999997675419,1.01666669920087,83.0599993467331,282.019999980927,148.200000762939,1,"24A_2015",0.77
"4330","209-3-B-SAPU",2015,0.05175,0.0968554978597145,39,1976,16,"209-3","SAPU",59,53,15,0,17,0,1,0,0,0.058823529,0,NA,"Hare",NA,1,0,1,0,711.058695,"East","24A","Low Shrub","Black Spruce Woodland","Sandy Loam","Mesic - Xeric",0,553.430786,276,18.070417,-149.69261,67.656251,-0.547545798192946,0.578367500585058,"209-3-B-SAPU_2015",11.5909729003906,-5.74843693772952,145,107,8.50000015894572,-8.11666684349378,3.70000012715658,13.3000001907349,26.3999997675419,1.01666669920087,83.0599993467331,282.019999980927,148.200000762939,1,"24A_2015",0.77
"4331","209-4-A-SAPU",2015,0.042,0.19844812474196,9,2006,16,"209-4","SAPU",62,59,8,0,9,0,0,0,0,0,0,NA,NA,NA,0,0,0,0,738.024448,"East","24A","Low Shrub","Black Spruce Woodland","Sandy Loam","Mesic - Xeric",0,561.090881,296,18.584587,-149.691928,67.656444,-2.66177126987858,0.0698244342293319,"209-4-A-SAPU_2015",11.5909729003906,-5.74843693772952,145,107,8.50000015894572,-8.11666684349378,3.70000012715658,13.3000001907349,26.3999997675419,1.01666669920087,83.0599993467331,282.019999980927,148.200000762939,1,"24A_2015",0.77
"4332","209-4-B-SAPU",2015,0.08375,0.457085041386344,18,1997,16,"209-4","SAPU",67,54,11,11,16,0,0,2,0,0,0.125,NA,NA,"Ptarmagin",1,0,0,0,738.024448,"East","24A","Low Shrub","Black Spruce Woodland","Sandy Loam","Mesic - Xeric",0,561.090881,296,18.584587,-149.691928,67.656444,-0.488945237961564,0.613272910149055,"209-4-B-SAPU_2015",11.5909729003906,-5.74843693772952,145,107,8.50000015894572,-8.11666684349378,3.70000012715658,13.3000001907349,26.3999997675419,1.01666669920087,83.0599993467331,282.019999980927,148.200000762939,1,"24A_2015",0.77
"4333","222-1-A-SAGL",2015,0.13025,0.942881687082467,9,2006,17,"222-1","SAGL",78,49,13,0,27,1,11,0,0.037037037,0.407407407,0,"Moose","Hare",NA,1,2,18,0,769.468544,"East","24A","Low Shrub","Tall Shrub","Clay Loam","Mesic",0,669.484009,287,15.029548,-149.809491,67.826198,-1.10335818916448,0.331755114498246,"222-1-A-SAGL_2015",11.0666662851969,-6.3166667856276,149,110,8.50000015894572,-8.11666684349378,3.70000012715658,13.3000001907349,26.3999997675419,1.01666669920087,83.0599993467331,282.019999980927,148.200000762939,1,"24A_2015",0.77
"4334","222-1-C-SAGL",2015,0.13,0.735745291507461,16,1999,17,"222-1","SAGL",74,60,14,0,25,0,7,0,0,0.28,0,NA,"Hare",NA,1,2,18,0,769.468544,"East","24A","Low Shrub","Tall Shrub","Clay Loam","Mesic",0,669.484009,287,15.029548,-149.809491,67.826198,-0.24037265713312,0.78633477319705,"222-1-C-SAGL_2015",11.0666662851969,-6.3166667856276,149,110,8.50000015894572,-8.11666684349378,3.70000012715658,13.3000001907349,26.3999997675419,1.01666669920087,83.0599993467331,282.019999980927,148.200000762939,1,"24A_2015",0.77
"4335","222-2-B-SAGL",2015,0.08325,0.497509877555494,21,1994,17,"222-2","SAGL",106,74,19,0,21,0,10,0,0,0.476190476,0,NA,"Hare",NA,1,3,13,0,794.735172,"East","24A","Low Shrub","Tall Shrub","Clay Loam","Mesic",0,676.198608,282,15.59229,-149.808768,67.826375,-0.106530522143515,0.898947609934534,"222-2-B-SAGL_2015",11.0666662851969,-6.3166667856276,149,110,8.50000015894572,-8.11666684349378,3.70000012715658,13.3000001907349,26.3999997675419,1.01666669920087,83.0599993467331,282.019999980927,148.200000762939,1,"24A_2015",0.77
"4336","222-2-C-SAGL",2015,0.23225,0.860421948509205,13,2002,17,"222-2","SAGL",67,53,14,0,18,0,8,0,0,0.444444444,0,NA,"Hare",NA,1,3,13,0,794.735172,"East","24A","Low Shrub","Tall Shrub","Clay Loam","Mesic",0,676.198608,282,15.59229,-149.808768,67.826375,-0.484790472632622,0.615826215693051,"222-2-C-SAGL_2015",11.0666662851969,-6.3166667856276,149,110,8.50000015894572,-8.11666684349378,3.70000012715658,13.3000001907349,26.3999997675419,1.01666669920087,83.0599993467331,282.019999980927,148.200000762939,1,"24A_2015",0.77
"4337","222-3-B-SAGL",2015,0.069,0.29632444386455,20,1995,17,"222-3","SAGL",90,74,14,0,22,0,5,0,0,0.227272727,0,NA,"Hare",NA,1,2,11,1,778.440723,"East","24A","Low Shrub","Low Shrub","Clay Loam","Mesic",0,672.469177,278,13.422374,-149.809021,67.826615,-0.718905995137129,0.487285056685157,"222-3-B-SAGL_2015",11.0666662851969,-6.3166667856276,149,110,8.50000015894572,-8.11666684349378,3.70000012715658,13.3000001907349,26.3999997675419,1.01666669920087,83.0599993467331,282.019999980927,148.200000762939,1,"24A_2015",0.77
"4338","222-3-D-SAGL",2015,0.04475,0.185187265801617,22,1993,17,"222-3","SAGL",89,75,11,0,18,1,6,0,0.055555556,0.333333333,0,"Moose","Hare",NA,1,2,11,1,778.440723,"East","24A","Low Shrub","Low Shrub","Clay Loam","Mesic",0,672.469177,278,13.422374,-149.809021,67.826615,-1.00494707466515,0.366064008351553,"222-3-D-SAGL_2015",11.0666662851969,-6.3166667856276,149,110,8.50000015894572,-8.11666684349378,3.70000012715658,13.3000001907349,26.3999997675419,1.01666669920087,83.0599993467331,282.019999980927,148.200000762939,1,"24A_2015",0.77
"4339","222-4-A-SAGL",2015,0.303,2.50778733130234,9,2006,17,"222-4","SAGL",84,77,12,0,11,0,2,0,0,0.181818182,0,NA,"Hare",NA,1,0,15,0,805.061274,"East","24A","Low Shrub","Low Shrub","Clay Loam","Mesic",0,678.755371,278,16.631924,-149.808355,67.826658,-0.125142897513023,0.882370804981697,"222-4-A-SAGL_2015",11.0666662851969,-6.3166667856276,149,110,8.50000015894572,-8.11666684349378,3.70000012715658,13.3000001907349,26.3999997675419,1.01666669920087,83.0599993467331,282.019999980927,148.200000762939,1,"24A_2015",0.77
"4340","222-4-C-SAGL",2015,0.078,0.442427351812396,24,1991,17,"222-4","SAGL",71,66,12,8,15,1,4,0,0.066666667,0.266666667,0,"Moose","Hare",NA,1,0,15,0,805.061274,"East","24A","Low Shrub","Low Shrub","Clay Loam","Mesic",0,678.755371,278,16.631924,-149.808355,67.826658,0.033982753993364,1.03456676442898,"222-4-C-SAGL_2015",11.0666662851969,-6.3166667856276,149,110,8.50000015894572,-8.11666684349378,3.70000012715658,13.3000001907349,26.3999997675419,1.01666669920087,83.0599993467331,282.019999980927,148.200000762939,1,"24A_2015",0.77
"4341","235-1-C-SAPU",2015,0.0235,0.112106948445186,14,2001,18,"235-1","SAPU",53,45,12,20,23,0,3,5,0,0.130434783,0.217391304,NA,"Hare","Ptarmagin",1,0,5,0,477.732622,"East","24A","Low Shrub","Low Shrub","Sandy Gravel","Mesic",0,813.776917,295,20.303024,-149.727576,68.004859,-2.37965574478792,0.092582444013822,"235-1-C-SAPU_2015",8.80000003178914,-7.60833305120468,161,126,7.33333365122477,-9.28333337108294,2.70000004768372,12.0333334604899,13.2000000476837,0.933333343515793,60.9099986553192,292.989995956421,138.300004959106,1,"24A_2015",0.77
"4342","235-1-D-SAPU",2015,0.25525,2.03139170527254,8,2007,18,"235-1","SAPU",57,50,12,0,12,0,1,3,0,0.083333333,0.25,NA,"Hare","Ptarmagin",1,0,5,0,477.732622,"East","24A","Low Shrub","Low Shrub","Sandy Gravel","Mesic",0,813.776917,295,20.303024,-149.727576,68.004859,-0.563264540214201,0.569347369330849,"235-1-D-SAPU_2015",8.80000003178914,-7.60833305120468,161,126,7.33333365122477,-9.28333337108294,2.70000004768372,12.0333334604899,13.2000000476837,0.933333343515793,60.9099986553192,292.989995956421,138.300004959106,1,"24A_2015",0.77
"4343","235-2-B-SAPU",2015,0.09225,0.323067840376856,16,1999,18,"235-2","SAPU",50,47,10,6,17,0,0,3,0,0,0.176470588,NA,NA,"Ptarmagin",1,0,0,0,510.631222,"East","24A","Dwarf Shrub-Lichen","Low Shrub","Sandy Gravel","Mesic",0,828.022217,289,26.243103,-149.726481,68.004961,-1.06339431134863,0.345281825004271,"235-2-B-SAPU_2015",8.80000003178914,-7.60833305120468,161,126,7.33333365122477,-9.28333337108294,2.70000004768372,12.0333334604899,13.2000000476837,0.933333343515793,60.9099986553192,292.989995956421,138.300004959106,1,"24A_2015",0.77
"4344","235-2-C-SAPU",2015,0.25425,1.66120017144138,9,2006,18,"235-2","SAPU",57,49,11,12,16,0,1,1,0,0.0625,0.0625,NA,"Hare","Ptarmagin",1,0,0,0,510.631222,"East","24A","Dwarf Shrub-Lichen","Low Shrub","Sandy Gravel","Mesic",0,828.022217,289,26.243103,-149.726481,68.004961,-0.537003384579066,0.584497143842437,"235-2-C-SAPU_2015",8.80000003178914,-7.60833305120468,161,126,7.33333365122477,-9.28333337108294,2.70000004768372,12.0333334604899,13.2000000476837,0.933333343515793,60.9099986553192,292.989995956421,138.300004959106,1,"24A_2015",0.77
"4345","235-3-B-SAPU",2015,0.118,0.450224784778608,25,1990,18,"235-3","SAPU",47,41,14,0,11,0,1,4,0,0.090909091,0.363636364,NA,"Hare","Ptarmagin",1,0,1,0,482.982181,"East","24A","Dwarf Shrub-Lichen","Low Shrub","Sandy Gravel","Mesic",0,817.546387,298,18.704132,-149.726784,68.005244,0.13028173776807,1.13914927949372,"235-3-B-SAPU_2015",8.80000003178914,-7.60833305120468,161,126,7.33333365122477,-9.28333337108294,2.70000004768372,12.0333334604899,13.2000000476837,0.933333343515793,60.9099986553192,292.989995956421,138.300004959106,1,"24A_2015",0.77
"4346","235-3-D-SAPU",2015,0.45,4.94871528775098,9,2006,18,"235-3","SAPU",71,62,14,11,23,0,6,0,0,0.260869565,0,NA,"Hare",NA,1,0,1,0,482.982181,"East","24A","Dwarf Shrub-Lichen","Low Shrub","Sandy Gravel","Mesic",0,817.546387,298,18.704132,-149.726784,68.005244,0.554584284509887,1.74121698342356,"235-3-D-SAPU_2015",8.80000003178914,-7.60833305120468,161,126,7.33333365122477,-9.28333337108294,2.70000004768372,12.0333334604899,13.2000000476837,0.933333343515793,60.9099986553192,292.989995956421,138.300004959106,1,"24A_2015",0.77
"4347","235-4-A-SAPU",2015,0.2545,1.95646295333856,8,2007,18,"235-4","SAPU",57,38,9,0,10,0,3,0,0,0.3,0,NA,"Hare",NA,1,0,0,0,503.848767,"East","24A","Low Shrub","Low Shrub","Sandy Gravel","Mesic",0,825.290771,293,20.728168,-149.726015,68.005351,-0.600847440154153,0.548346748086738,"235-4-A-SAPU_2015",8.80000003178914,-7.60833305120468,161,126,7.33333365122477,-9.28333337108294,2.70000004768372,12.0333334604899,13.2000000476837,0.933333343515793,60.9099986553192,292.989995956421,138.300004959106,1,"24A_2015",0.77
"4348","235-4-C-SAPU",2015,0.02475,0.108292465915108,24,1991,18,"235-4","SAPU",41,39,10,0,15,0,0,0,0,0,0,NA,NA,NA,0,0,0,0,503.848767,"East","24A","Low Shrub","Low Shrub","Sandy Gravel","Mesic",0,825.290771,293,20.728168,-149.726015,68.005351,-1.37345793549811,0.253229791546287,"235-4-C-SAPU_2015",8.80000003178914,-7.60833305120468,161,126,7.33333365122477,-9.28333337108294,2.70000004768372,12.0333334604899,13.2000000476837,0.933333343515793,60.9099986553192,292.989995956421,138.300004959106,1,"24A_2015",0.77
"4349","240-1-B-SAPU",2015,0.099,0.54816864814325,15,2000,19,"240-1","SAPU",58,47,12,0,24,0,1,9,0,0.041666667,0.375,NA,"Hare","Ptarmagin",1,0,1,0,395.986648,"West","24A","Low Shrub","Low Shrub","Sandy Loam","Mesic",0,1043.032227,75,23.365055,-149.606437,68.069578,-0.659299129084763,0.517213707533075,"240-1-B-SAPU_2015",7.71828842163086,-8.09881303707759,202.579755783081,175.218667984009,7.33333365122477,-9.28333337108294,2.70000004768372,12.0333334604899,13.2000000476837,0.933333343515793,60.9099986553192,292.989995956421,138.300004959106,1,"24A_2015",0.77
"4350","240-1-D-SAPU",2015,0.09975,0.62071528744765,16,1999,19,"240-1","SAPU",115,81,18,0,57,3,0,19,0.052631579,0,0.333333333,"Moose",NA,"Ptarmagin",1,0,1,0,395.986648,"West","24A","Low Shrub","Low Shrub","Sandy Loam","Mesic",0,1043.032227,75,23.365055,-149.606437,68.069578,-0.410384142161524,0.663395363054308,"240-1-D-SAPU_2015",7.71828842163086,-8.09881303707759,202.579755783081,175.218667984009,7.33333365122477,-9.28333337108294,2.70000004768372,12.0333334604899,13.2000000476837,0.933333343515793,60.9099986553192,292.989995956421,138.300004959106,1,"24A_2015",0.77
"4351","240-2-A-SAPU",2015,0.03775,0.14092065451621,20,1995,19,"240-2","SAPU",59,51,16,0,29,0,0,11,0,0,0.379310345,NA,NA,"Ptarmagin",1,0,0,0,426.292991,"West","24A","Tussock Tundra (Low shrub or Herbaceous)","Low Shrub","Sandy Loam","Mesic",0,1048.270996,87,24.096361,-149.606886,68.069926,-1.46216394526919,0.231734271491383,"240-2-A-SAPU_2015",7.71828842163086,-8.09881303707759,202.579755783081,175.218667984009,7.33333365122477,-9.28333337108294,2.70000004768372,12.0333334604899,13.2000000476837,0.933333343515793,60.9099986553192,292.989995956421,138.300004959106,1,"24A_2015",0.77
"4352","240-2-C-SAPU",2015,0.135,1.55841059775812,8,2007,19,"240-2","SAPU",79,51,12,0,22,0,2,3,0,0.090909091,0.136363636,NA,"Hare","Ptarmagin",1,0,0,0,426.292991,"West","24A","Tussock Tundra (Low shrub or Herbaceous)","Low Shrub","Sandy Loam","Mesic",0,1048.270996,87,24.096361,-149.606886,68.069926,-0.828319213180049,0.436782808489344,"240-2-C-SAPU_2015",7.71828842163086,-8.09881303707759,202.579755783081,175.218667984009,7.33333365122477,-9.28333337108294,2.70000004768372,12.0333334604899,13.2000000476837,0.933333343515793,60.9099986553192,292.989995956421,138.300004959106,1,"24A_2015",0.77
"4353","240-3-B-SAPU",2015,0.5615,9.1507721765141,20,1995,19,"240-3","SAPU",122,81,25,0,57,1,3,7,0.01754386,0.052631579,0.122807018,"Moose","Hare","Ptarmagin",1,0,1,3,399.798137,"West","24A","Low Shrub","Low Shrub","Sandy Loam","Mesic",0,1034.808228,93,20.584356,-149.606025,68.07014,2.71123260225911,15.047812055572,"240-3-B-SAPU_2015",7.71828842163086,-8.09881303707759,202.579755783081,175.218667984009,7.33333365122477,-9.28333337108294,2.70000004768372,12.0333334604899,13.2000000476837,0.933333343515793,60.9099986553192,292.989995956421,138.300004959106,1,"24A_2015",0.77
"4354","240-3-D-SAPU",2015,0.1325,1.71894990934738,30,1985,19,"240-3","SAPU",167,110,47,0,149,7,11,21,0.046979866,0.073825503,0.140939597,"Moose","Hare","Ptarmagin",1,0,1,3,399.798137,"West","24A","Low Shrub","Low Shrub","Sandy Loam","Mesic",0,1034.808228,93,20.584356,-149.606025,68.07014,1.82207104658182,6.18465390164444,"240-3-D-SAPU_2015",7.71828842163086,-8.09881303707759,202.579755783081,175.218667984009,7.33333365122477,-9.28333337108294,2.70000004768372,12.0333334604899,13.2000000476837,0.933333343515793,60.9099986553192,292.989995956421,138.300004959106,1,"24A_2015",0.77
"4355","240-4-B-SAPU",2015,0.04825,0.177161281969859,24,1991,19,"240-4","SAPU",118,104,19,0,27,3,0,5,0.111111111,0,0.185185185,"Moose",NA,"Ptarmagin",1,0,2,0,431.079046,"West","24A","Low Shrub","Low Shrub","Sandy Loam","Mesic",0,1046.807861,94,24.616484,-149.606605,68.070368,-0.881233005025839,0.414271797434817,"240-4-B-SAPU_2015",7.71828842163086,-8.09881303707759,202.579755783081,175.218667984009,7.33333365122477,-9.28333337108294,2.70000004768372,12.0333334604899,13.2000000476837,0.933333343515793,60.9099986553192,292.989995956421,138.300004959106,1,"24A_2015",0.77
"4356","240-4-D-SAPU",2015,0.098,0.378892829183747,17,1998,19,"240-4","SAPU",77,61,11,0,15,0,1,2,0,0.066666667,0.133333333,NA,"Hare","Ptarmagin",1,0,2,0,431.079046,"West","24A","Low Shrub","Low Shrub","Sandy Loam","Mesic",0,1046.807861,94,24.616484,-149.606605,68.070368,-0.78693561214632,0.455237684847416,"240-4-D-SAPU_2015",7.71828842163086,-8.09881303707759,202.579755783081,175.218667984009,7.33333365122477,-9.28333337108294,2.70000004768372,12.0333334604899,13.2000000476837,0.933333343515793,60.9099986553192,292.989995956421,138.300004959106,1,"24A_2015",0.77
"4357","255-1-C-SAGL",2015,0.1365,0.607862835552271,26,1989,20,"255-1","SAGL",69,56,17,0,31,0,0,20,0,0,0.64516129,NA,NA,"Ptarmagin",1,0,0,0,585.543915,"East","26B","Low Shrub","Low Shrub","Sandy Gravel","Mesic - Xeric",0,991.483582,331,1.701594,-149.392735,68.222633,0.506220179546529,1.65900857429527,"255-1-C-SAGL_2015",8.03784688313802,-8.52838518222173,210.864593505859,157.909729003906,5.40000001589457,-10.8000001658996,0.900000045696894,9.90000025431315,8.30000001192093,0.816666670143604,48.6899993419647,310.279995918274,137.500001907349,1,"26B_2015",0.27
"4358","255-1-D-SAGL",2015,0.0985,0.346889948420405,17,1998,20,"255-1","SAGL",42,37,10,0,21,0,0,8,0,0,0.380952381,NA,NA,"Ptarmagin",1,0,0,0,585.543915,"East","26B","Low Shrub","Low Shrub","Sandy Gravel","Mesic - Xeric",0,991.483582,331,1.701594,-149.392735,68.222633,-0.875181426521319,0.416786396712621,"255-1-D-SAGL_2015",8.03784688313802,-8.52838518222173,210.864593505859,157.909729003906,5.40000001589457,-10.8000001658996,0.900000045696894,9.90000025431315,8.30000001192093,0.816666670143604,48.6899993419647,310.279995918274,137.500001907349,1,"26B_2015",0.27
"4359","255-2-A-SAPU",2015,0.04675,0.419863058927532,17,1998,20,"255-2","SAPU",51,48,12,0,26,0,0,5,0,0,0.192307692,NA,NA,"Ptarmagin",1,0,1,1,631.079496,"East","26B","Low Shrub","Low Shrub","Sandy Gravel","Mesic - Xeric",0,993.382141,286,2.676414,-149.39171,68.222788,-0.684260396699829,0.504463194278165,"255-2-A-SAPU_2015",8.03784688313802,-8.52838518222173,210.864593505859,157.909729003906,5.40000001589457,-10.8000001658996,0.900000045696894,9.90000025431315,8.30000001192093,0.816666670143604,48.6899993419647,310.279995918274,137.500001907349,1,"26B_2015",0.27
"4360","255-2-D-SAPU",2015,0.29525,2.62753208053703,12,2003,20,"255-2","SAPU",71,55,12,0,22,0,1,5,0,0.045454545,0.227272727,NA,"Hare","Ptarmagin",1,0,1,1,631.079496,"East","26B","Low Shrub","Low Shrub","Sandy Gravel","Mesic - Xeric",0,993.382141,286,2.676414,-149.39171,68.222788,0.477022490113857,1.61126968128534,"255-2-D-SAPU_2015",8.03784688313802,-8.52838518222173,210.864593505859,157.909729003906,5.40000001589457,-10.8000001658996,0.900000045696894,9.90000025431315,8.30000001192093,0.816666670143604,48.6899993419647,310.279995918274,137.500001907349,1,"26B_2015",0.27
"4361","255-3-A-SAPU",2015,0.09025,0.412888723236561,19,1996,20,"255-3","SAPU",54,46,9,0,20,0,0,3,0,0,0.15,NA,NA,"Ptarmagin",1,0,1,0,600.399561,"East","26B","Tussock Tundra (Low shrub or Herbaceous)","Low Shrub","Sandy Gravel","Mesic - Xeric",0,990.277893,304,2.837043,-149.392647,68.223106,-0.486231438518684,0.61493947016296,"255-3-A-SAPU_2015",8.03784688313802,-8.52838518222173,210.864593505859,157.909729003906,5.40000001589457,-10.8000001658996,0.900000045696894,9.90000025431315,8.30000001192093,0.816666670143604,48.6899993419647,310.279995918274,137.500001907349,1,"26B_2015",0.27
"4362","255-3-C-SAPU",2015,0.0395,0.127629557746575,21,1994,20,"255-3","SAPU",48,42,12,0,11,0,0,3,0,0,0.272727273,NA,NA,"Ptarmagin",1,0,1,0,600.399561,"East","26B","Tussock Tundra (Low shrub or Herbaceous)","Low Shrub","Sandy Gravel","Mesic - Xeric",0,990.277893,304,2.837043,-149.392647,68.223106,-1.46701394506062,0.230613081406585,"255-3-C-SAPU_2015",8.03784688313802,-8.52838518222173,210.864593505859,157.909729003906,5.40000001589457,-10.8000001658996,0.900000045696894,9.90000025431315,8.30000001192093,0.816666670143604,48.6899993419647,310.279995918274,137.500001907349,1,"26B_2015",0.27
"4363","255-4-A-SAPU",2015,0.0905,0.409554511683394,29,1986,20,"255-4","SAPU",72,61,14,0,18,0,2,3,0,0.111111111,0.166666667,NA,"Hare","Ptarmagin",1,0,0,2,644.564014,"East","26B","Low Shrub","Low Shrub","Sandy Gravel","Mesic - Xeric",0,993.003235,239,7.430982,-149.391619,68.223199,0.322207460683659,1.38017107749337,"255-4-A-SAPU_2015",8.03784688313802,-8.52838518222173,210.864593505859,157.909729003906,5.40000001589457,-10.8000001658996,0.900000045696894,9.90000025431315,8.30000001192093,0.816666670143604,48.6899993419647,310.279995918274,137.500001907349,1,"26B_2015",0.27
"4364","255-4-D-SAPU",2015,0.07125,0.353049237167308,7,2008,20,"255-4","SAPU",42,40,9,0,15,0,0,10,0,0,0.666666667,NA,NA,"Ptarmagin",1,0,0,2,644.564014,"East","26B","Low Shrub","Low Shrub","Sandy Gravel","Mesic - Xeric",0,993.003235,239,7.430982,-149.391619,68.223199,-2.57098582983469,0.0764601315785353,"255-4-D-SAPU_2015",8.03784688313802,-8.52838518222173,210.864593505859,157.909729003906,5.40000001589457,-10.8000001658996,0.900000045696894,9.90000025431315,8.30000001192093,0.816666670143604,48.6899993419647,310.279995918274,137.500001907349,1,"26B_2015",0.27
"4365","261-1-B-SAPU",2015,0.179,1.44129045283596,13,2002,21,"261-1","SAPU",65,51,10,0,19,0,0,5,0,0,0.263157895,NA,NA,"Ptarmagin",1,0,0,0,356.206777,"East","26B","Dwarf Shrub","Low Shrub","Sandy Loam","Mesic",0,883.832947,287,13.943512,-149.352299,68.301689,0.0310807597138822,1.03156880972452,"261-1-B-SAPU_2015",8.26493883132935,-8.65867070357005,233.609363555908,158.178260803223,5.40000001589457,-10.8000001658996,0.900000045696894,9.90000025431315,8.30000001192093,0.816666670143604,48.6899993419647,310.279995918274,137.500001907349,1,"26B_2015",0.27
"4366","261-1-C-SAPU",2015,0.04325,0.196235854465212,17,1998,21,"261-1","SAPU",69,41,17,0,31,0,0,3,0,0,0.096774194,NA,NA,"Ptarmagin",1,0,0,0,356.206777,"East","26B","Dwarf Shrub","Low Shrub","Sandy Loam","Mesic",0,883.832947,287,13.943512,-149.352299,68.301689,-1.44487172973225,0.235776317707704,"261-1-C-SAPU_2015",8.26493883132935,-8.65867070357005,233.609363555908,158.178260803223,5.40000001589457,-10.8000001658996,0.900000045696894,9.90000025431315,8.30000001192093,0.816666670143604,48.6899993419647,310.279995918274,137.500001907349,1,"26B_2015",0.27
"4367","261-2-C-SAPU",2015,0.08475,0.334077159132278,46,1969,21,"261-2","SAPU",91,67,27,0,29,0,0,3,0,0,0.103448276,NA,NA,"Ptarmagin",1,0,0,1,388.99561,"East","26B","Dwarf Shrub-Lichen","Low Shrub","Sandy Loam","Mesic",0,888.892761,295,13.025289,-149.351465,68.301786,1.00937909803684,2.74389679508814,"261-2-C-SAPU_2015",8.26493883132935,-8.65867070357005,233.609363555908,158.178260803223,5.40000001589457,-10.8000001658996,0.900000045696894,9.90000025431315,8.30000001192093,0.816666670143604,48.6899993419647,310.279995918274,137.500001907349,1,"26B_2015",0.27
"4368","261-2-D-SAPU",2015,0.0856666666666667,0.520048455143133,25,1990,21,"261-2","SAPU",122,71,29,0,41,2,0,11,0.048780488,0,0.268292683,"Moose",NA,"Ptarmagin",1,0,0,1,388.99561,"East","26B","Dwarf Shrub-Lichen","Low Shrub","Sandy Loam","Mesic",0,888.892761,295,13.025289,-149.351465,68.301786,0.274456748194686,1.3158156614355,"261-2-D-SAPU_2015",8.26493883132935,-8.65867070357005,233.609363555908,158.178260803223,5.40000001589457,-10.8000001658996,0.900000045696894,9.90000025431315,8.30000001192093,0.816666670143604,48.6899993419647,310.279995918274,137.500001907349,1,"26B_2015",0.27
"4369","261-3-A-SAPU",2015,0.07475,0.497319811199948,13,2002,21,"261-3","SAPU",41,18,7,0,8,0,0,0,0,0,0,NA,NA,NA,0,0,0,1,380.53651,"East","26B","Tussock Tundra (Low shrub or Herbaceous)","Low Shrub","Sandy Loam","Mesic",0,884.224731,295,11.657486,-149.351558,68.302088,-1.03298007690849,0.355944636060351,"261-3-A-SAPU_2015",8.26493883132935,-8.65867070357005,233.609363555908,158.178260803223,5.40000001589457,-10.8000001658996,0.900000045696894,9.90000025431315,8.30000001192093,0.816666670143604,48.6899993419647,310.279995918274,137.500001907349,1,"26B_2015",0.27
"4370","261-3-D-SAPU",2015,0.11375,0.451072818445535,8,2007,21,"261-3","SAPU",41,23,8,0,10,0,0,0,0,0,0,NA,NA,NA,0,0,0,1,380.53651,"East","26B","Tussock Tundra (Low shrub or Herbaceous)","Low Shrub","Sandy Loam","Mesic",0,884.224731,295,11.657486,-149.351558,68.302088,-2.06811216001732,0.126424225269819,"261-3-D-SAPU_2015",8.26493883132935,-8.65867070357005,233.609363555908,158.178260803223,5.40000001589457,-10.8000001658996,0.900000045696894,9.90000025431315,8.30000001192093,0.816666670143604,48.6899993419647,310.279995918274,137.500001907349,1,"26B_2015",0.27
"4371","261-4-A-SAPU",2015,0.11675,0.258305478619428,19,1996,21,"261-4","SAPU",41,27,9,0,9,0,0,0,0,0,0,NA,NA,NA,0,0,0,0,405.679111,"East","26B","Low Shrub","Low Shrub","Sandy Loam","Mesic",0,886.626587,308,9.946874,-149.350886,68.302265,-0.955266649740201,0.384709548173864,"261-4-A-SAPU_2015",8.26493883132935,-8.65867070357005,233.609363555908,158.178260803223,5.40000001589457,-10.8000001658996,0.900000045696894,9.90000025431315,8.30000001192093,0.816666670143604,48.6899993419647,310.279995918274,137.500001907349,1,"26B_2015",0.27
"4372","261-4-B-SAPU",2015,0.14225,0.829765894696394,9,2006,21,"261-4","SAPU",47,33,11,0,11,0,0,3,0,0,0.272727273,NA,NA,"Ptarmagin",1,0,0,0,405.679111,"East","26B","Low Shrub","Low Shrub","Sandy Loam","Mesic",0,886.626587,308,9.946874,-149.350886,68.302265,-1.23115539311588,0.291955059869208,"261-4-B-SAPU_2015",8.26493883132935,-8.65867070357005,233.609363555908,158.178260803223,5.40000001589457,-10.8000001658996,0.900000045696894,9.90000025431315,8.30000001192093,0.816666670143604,48.6899993419647,310.279995918274,137.500001907349,1,"26B_2015",0.27
"4373","268-1-C-SAPU",2015,0.10075,0.801654530932991,18,1997,22,"268-1","SAPU",61,49,10,0,21,0,0,5,0,0,0.238095238,NA,NA,"Ptarmagin",1,0,1,2,212.091228,"West","26B","Low Shrub","Low Shrub","Sandy Gravel","Mesic",0,818.738892,195,1.432166,-149.327109,68.400098,0.0728630578994008,1.0755832342015,"268-1-C-SAPU_2015",9.29548597335815,-8.06171858310699,244,144.909729003906,5.40000001589457,-10.8000001658996,0.900000045696894,9.90000025431315,8.30000001192093,0.816666670143604,48.6899993419647,310.279995918274,137.500001907349,1,"26B_2015",0.27
"4374","268-1-D-SAPU",2015,0.114,0.387270383329609,19,1996,22,"268-1","SAPU",75,52,13,0,37,0,0,6,0,0,0.162162162,NA,NA,"Ptarmagin",1,0,1,2,212.091228,"West","26B","Low Shrub","Low Shrub","Sandy Gravel","Mesic",0,818.738892,195,1.432166,-149.327109,68.400098,-0.550286445901501,0.576784569139399,"268-1-D-SAPU_2015",9.29548597335815,-8.06171858310699,244,144.909729003906,5.40000001589457,-10.8000001658996,0.900000045696894,9.90000025431315,8.30000001192093,0.816666670143604,48.6899993419647,310.279995918274,137.500001907349,1,"26B_2015",0.27
"4375","268-2-A-SAPU",2015,0.06425,0.342585377436363,10,2005,22,"268-2","SAPU",54,44,12,17,24,0,0,12,0,0,0.5,NA,NA,"Ptarmagin",1,0,0,4,184.615387,"West","26B","Low Shrub","Low Shrub","Sandy Gravel","Mesic",0,819.441162,203,1.359031,-149.326454,68.400307,-1.91232434131181,0.147736596932467,"268-2-A-SAPU_2015",9.29548597335815,-8.06171858310699,244,144.909729003906,5.40000001589457,-10.8000001658996,0.900000045696894,9.90000025431315,8.30000001192093,0.816666670143604,48.6899993419647,310.279995918274,137.500001907349,1,"26B_2015",0.27
"4376","268-2-B-SAPU",2015,0.221,1.37018521551094,9,2006,22,"268-2","SAPU",54,46,9,0,18,0,0,6,0,0,0.333333333,NA,NA,"Ptarmagin",1,0,0,4,184.615387,"West","26B","Low Shrub","Low Shrub","Sandy Gravel","Mesic",0,819.441162,203,1.359031,-149.326454,68.400307,-0.729597796051077,0.482102854772995,"268-2-B-SAPU_2015",9.29548597335815,-8.06171858310699,244,144.909729003906,5.40000001589457,-10.8000001658996,0.900000045696894,9.90000025431315,8.30000001192093,0.816666670143604,48.6899993419647,310.279995918274,137.500001907349,1,"26B_2015",0.27
"4377","268-3-B-SAPU",2015,0.105,0.548404267592266,37,1978,22,"268-3","SAPU",106,41,14,0,42,0,0,4,0,0,0.095238095,NA,NA,"Ptarmagin",1,0,0,0,206.549982,"West","26B","Low Shrub","Low Shrub","Sandy Gravel","Mesic",0,819.661011,150,1.610195,-149.326989,68.400547,1.08459042857697,2.95822796494883,"268-3-B-SAPU_2015",9.29548597335815,-8.06171858310699,244,144.909729003906,5.40000001589457,-10.8000001658996,0.900000045696894,9.90000025431315,8.30000001192093,0.816666670143604,48.6899993419647,310.279995918274,137.500001907349,1,"26B_2015",0.27
"4378","268-3-D-SAPU",2015,0.23325,1.38659630648467,10,2005,22,"268-3","SAPU",54,49,10,0,24,0,1,12,0,0.041666667,0.5,NA,"Hare","Ptarmagin",1,0,0,0,206.549982,"West","26B","Low Shrub","Low Shrub","Sandy Gravel","Mesic",0,819.661011,150,1.610195,-149.326989,68.400547,-0.51423792235216,0.597956110012972,"268-3-D-SAPU_2015",9.29548597335815,-8.06171858310699,244,144.909729003906,5.40000001589457,-10.8000001658996,0.900000045696894,9.90000025431315,8.30000001192093,0.816666670143604,48.6899993419647,310.279995918274,137.500001907349,1,"26B_2015",0.27
"4379","268-4-C-SAPU",2015,0.28775,1.94742753651729,16,1999,22,"268-4","SAPU",81,62,16,0,39,3,0,11,0.076923077,0,0.282051282,"Moose",NA,"Ptarmagin",1,0,0,5,171.881056,"West","26B","Dwarf Shrub-Lichen","Low Shrub","Sandy Gravel","Mesic",0,820.486511,188,1.085947,-149.326166,68.400831,0.733007923945018,2.08133168899728,"268-4-C-SAPU_2015",9.29548597335815,-8.06171858310699,244,144.909729003906,5.40000001589457,-10.8000001658996,0.900000045696894,9.90000025431315,8.30000001192093,0.816666670143604,48.6899993419647,310.279995918274,137.500001907349,1,"26B_2015",0.27
"4380","268-4-D-SAPU",2015,0.1435,0.584260835344017,11,2004,22,"268-4","SAPU",53,49,15,0,33,0,0,13,0,0,0.393939394,NA,NA,"Ptarmagin",1,0,0,5,171.881056,"West","26B","Dwarf Shrub-Lichen","Low Shrub","Sandy Gravel","Mesic",0,820.486511,188,1.085947,-149.326166,68.400831,-1.19445141817407,0.302870057626545,"268-4-D-SAPU_2015",9.29548597335815,-8.06171858310699,244,144.909729003906,5.40000001589457,-10.8000001658996,0.900000045696894,9.90000025431315,8.30000001192093,0.816666670143604,48.6899993419647,310.279995918274,137.500001907349,1,"26B_2015",0.27
"4381","282-1-C-SAPU",2015,0.053,0.261911437937128,8,2007,23,"282-1","SAPU",44,23,8,0,8,0,0,0,0,0,0,NA,NA,NA,0,0,0,0,577.316923,"West","26B","Tussock Tundra (Low shrub or Herbaceous)","Tussock Tundra","Clay Loam","Mesic",0,826.622314,26,2.82316,-149.530032,68.582817,-2.611734522977,0.0734071069602783,"282-1-C-SAPU_2015",9.76666673024496,-7.77499983708064,232,141,9.80000019073486,-7.29166685044765,5.16666682561239,14.5333337783813,34.2000008821487,1.08333336561918,82.4699975252151,267.959998130798,126.400003433228,1,"26B_2015",0.27
"4382","282-1-D-SAPU",2015,0.0436666666666667,0.152090098395647,24,1991,23,"282-1","SAPU",49,22,10,0,8,0,0,0,0,0,0,NA,NA,NA,0,0,0,0,577.316923,"West","26B","Tussock Tundra (Low shrub or Herbaceous)","Tussock Tundra","Clay Loam","Mesic",0,826.622314,26,2.82316,-149.530032,68.582817,-1.03382042244022,0.355645645221298,"282-1-D-SAPU_2015",9.76666673024496,-7.77499983708064,232,141,9.80000019073486,-7.29166685044765,5.16666682561239,14.5333337783813,34.2000008821487,1.08333336561918,82.4699975252151,267.959998130798,126.400003433228,1,"26B_2015",0.27
"4383","282-2-B-SAPU",2015,0.06625,0.329106374156138,25,1990,23,"282-2","SAPU",68,29,11,0,18,0,0,0,0,0,0,NA,NA,NA,0,0,0,0,604.079816,"West","26B","Low Shrub","Low Shrub-Tussock Tundra","Clay Loam","Mesic",0,826.41803,354,3.355184,-149.530916,68.583004,-0.183084217797661,0.832698024790231,"282-2-B-SAPU_2015",9.76666673024496,-7.77499983708064,232,141,9.80000019073486,-7.29166685044765,5.16666682561239,14.5333337783813,34.2000008821487,1.08333336561918,82.4699975252151,267.959998130798,126.400003433228,1,"26B_2015",0.27
"4384","282-2-D-SAPU",2015,0.06025,0.105950015892775,18,1997,23,"282-2","SAPU",41,22,7,0,4,0,0,0,0,0,0,NA,NA,NA,0,0,0,0,604.079816,"West","26B","Low Shrub","Low Shrub-Tussock Tundra","Clay Loam","Mesic",0,826.41803,354,3.355184,-149.530916,68.583004,-1.95084726301155,0.142153579079785,"282-2-D-SAPU_2015",9.76666673024496,-7.77499983708064,232,141,9.80000019073486,-7.29166685044765,5.16666682561239,14.5333337783813,34.2000008821487,1.08333336561918,82.4699975252151,267.959998130798,126.400003433228,1,"26B_2015",0.27
"4385","282-3-A-SAPU",2015,0.23,1.33602510779213,8,2007,23,"282-3","SAPU",37,21,9,0,9,0,0,0,0,0,0,NA,NA,NA,0,0,0,0,571.732475,"West","26B","Low Shrub","Low Shrub-Tussock Tundra","Clay Loam","Mesic",0,823.876221,27,3.830761,-149.53038,68.583298,-0.982286799277082,0.374453818289742,"282-3-A-SAPU_2015",9.76666673024496,-7.77499983708064,232,141,9.80000019073486,-7.29166685044765,5.16666682561239,14.5333337783813,34.2000008821487,1.08333336561918,82.4699975252151,267.959998130798,126.400003433228,1,"26B_2015",0.27
"4386","282-3-D-SAPU",2015,0.071,0.23636190613495,36,1979,23,"282-3","SAPU",49,26,10,0,9,0,0,0,0,0,0,NA,NA,NA,0,0,0,0,571.732475,"West","26B","Low Shrub","Low Shrub-Tussock Tundra","Clay Loam","Mesic",0,823.876221,27,3.830761,-149.53038,68.583298,0.190033735068231,1.20929039246304,"282-3-D-SAPU_2015",9.76666673024496,-7.77499983708064,232,141,9.80000019073486,-7.29166685044765,5.16666682561239,14.5333337783813,34.2000008821487,1.08333336561918,82.4699975252151,267.959998130798,126.400003433228,1,"26B_2015",0.27
"4387","282-4-C-SAPU",2015,0.03725,0.172581625279087,21,1994,23,"282-4","SAPU",45,23,12,0,10,0,0,0,0,0,0,NA,NA,NA,0,0,0,0,597.547448,"West","26B","Tussock Tundra (Low shrub or Herbaceous)","Low Shrub-Tussock Tundra","Clay Loam","Mesic",0,823.620117,358,4.137664,-149.531178,68.583423,-1.16527561835196,0.311836702269187,"282-4-C-SAPU_2015",9.76666673024496,-7.77499983708064,232,141,9.80000019073486,-7.29166685044765,5.16666682561239,14.5333337783813,34.2000008821487,1.08333336561918,82.4699975252151,267.959998130798,126.400003433228,1,"26B_2015",0.27
"4388","282-4-D-SAPU",2015,0.03175,0.111091624969459,38,1977,23,"282-4","SAPU",59,31,18,0,12,0,0,0,0,0,0,NA,NA,NA,0,0,0,0,597.547448,"West","26B","Tussock Tundra (Low shrub or Herbaceous)","Low Shrub-Tussock Tundra","Clay Loam","Mesic",0,823.620117,358,4.137664,-149.531178,68.583423,-0.460569947111394,0.630923949730221,"282-4-D-SAPU_2015",9.76666673024496,-7.77499983708064,232,141,9.80000019073486,-7.29166685044765,5.16666682561239,14.5333337783813,34.2000008821487,1.08333336561918,82.4699975252151,267.959998130798,126.400003433228,1,"26B_2015",0.27
"4389","60-1-B-SAPU",2015,0.14275,1.24280129103997,16,1999,1,"60-1","SAPU",98,NA,10,10,41,0,1,0,0,0.024390244,0,NA,"Hare",NA,1,0,1,0,1438.56091,"West","20F","Low Shrub","Low Shrub-Tussock Tundra","Silt Loam","Mesic",0,110.943649,215,1.507567,-149.840126,65.909691,0.28386657168979,1.32825569201621,"60-1-B-SAPU_2015",14.4909725189209,-4.33483805259069,109.451354980469,108.270812988281,13.8333336512248,-2.37499990065893,8.50000031789144,19.2333335876465,87.9000005722046,1.14166667747001,118.639998435974,232.279997289181,182.200002670288,1,"20F_2015",0.375
"4390","60-2-C-SAPU",2015,0.0925,0.373853452768002,10,2005,1,"60-2","SAPU",76,NA,8,17,12,3,0,0,0.25,0,0,"Moose",NA,NA,1,0,2,0,1432.670461,"West","20F","Low Shrub","Low Shrub","Silt Loam","Mesic",0,110.927505,264,1.953402,-149.84073,65.909949,-1.82498136202871,0.161220648927601,"60-2-C-SAPU_2015",14.4909725189209,-4.33483805259069,109.451354980469,108.270812988281,13.8333336512248,-2.37499990065893,8.50000031789144,19.2333335876465,87.9000005722046,1.14166667747001,118.639998435974,232.279997289181,182.200002670288,1,"20F_2015",0.375
"4391","60-2-D-SAPU",2015,0.042,0.13267259935375,21,1994,1,"60-2","SAPU",84,NA,16,7,26,2,1,0,0.076923077,0.038461538,0,"Moose","Hare",NA,1,0,2,0,1432.670461,"West","20F","Low Shrub","Low Shrub","Silt Loam","Mesic",0,110.927505,264,1.953402,-149.84073,65.909949,-1.42826149856464,0.23972532300035,"60-2-D-SAPU_2015",14.4909725189209,-4.33483805259069,109.451354980469,108.270812988281,13.8333336512248,-2.37499990065893,8.50000031789144,19.2333335876465,87.9000005722046,1.14166667747001,118.639998435974,232.279997289181,182.200002670288,1,"20F_2015",0.375
"4392","60-3-A-SAPU",2015,0.142333333333333,0.874482885060669,13,2002,1,"60-3","SAPU",139,NA,17,32,54,2,2,0,0.037037037,0.037037037,0,"Moose","Hare",NA,1,0,3,0,1403.187226,"West","20F","Low Shrub","Black Spruce Woodland","Silt Loam","Mesic",0,111.24585,78,1.323723,-149.840194,65.910114,-0.468580656205224,0.625889991216899,"60-3-A-SAPU_2015",14.4909725189209,-4.33483805259069,109.451354980469,108.270812988281,13.8333336512248,-2.37499990065893,8.50000031789144,19.2333335876465,87.9000005722046,1.14166667747001,118.639998435974,232.279997289181,182.200002670288,1,"20F_2015",0.375
"4393","60-3-B-SAPU",2015,0.0235,0.0506825288822014,21,1994,1,"60-3","SAPU",81,NA,8,22,16,0,0,0,0,0,0,NA,NA,NA,0,0,3,0,1403.187226,"West","20F","Low Shrub","Black Spruce Woodland","Silt Loam","Mesic",0,111.24585,78,1.323723,-149.840194,65.910114,-2.39056467970255,0.091577957060784,"60-3-B-SAPU_2015",14.4909725189209,-4.33483805259069,109.451354980469,108.270812988281,13.8333336512248,-2.37499990065893,8.50000031789144,19.2333335876465,87.9000005722046,1.14166667747001,118.639998435974,232.279997289181,182.200002670288,1,"20F_2015",0.375
"4394","60-4-A-SAPU",2015,0.06225,0.231010143547794,14,2001,1,"60-4","SAPU",88,NA,10,8,23,1,2,0,0.043478261,0.086956522,0,"Moose","Hare",NA,1,0,1,0,1406.241796,"West","20F","Tall Shrub (Open-Closed)","Black Spruce Woodland","Silt Loam","Mesic",0,110.670654,252,1.181915,-149.840942,65.910317,-1.65664743627105,0.190777502895782,"60-4-A-SAPU_2015",14.4909725189209,-4.33483805259069,109.451354980469,108.270812988281,13.8333336512248,-2.37499990065893,8.50000031789144,19.2333335876465,87.9000005722046,1.14166667747001,118.639998435974,232.279997289181,182.200002670288,1,"20F_2015",0.375
"4395","60-4-D-SAPU",2015,0.07275,0.246777797076163,20,1995,1,"60-4","SAPU",103,NA,15,13,35,1,4,0,0.028571429,0.114285714,0,"Moose","Hare",NA,1,0,1,0,1406.241796,"West","20F","Tall Shrub (Open-Closed)","Black Spruce Woodland","Silt Loam","Mesic",0,110.670654,252,1.181915,-149.840942,65.910317,-0.901872618565924,0.405809022261637,"60-4-D-SAPU_2015",14.4909725189209,-4.33483805259069,109.451354980469,108.270812988281,13.8333336512248,-2.37499990065893,8.50000031789144,19.2333335876465,87.9000005722046,1.14166667747001,118.639998435974,232.279997289181,182.200002670288,1,"20F_2015",0.375
"4396","72-1-A-SAPU",2015,0.0445,0.196769728866777,15,2000,2,"72-1","SAPU",91,87,15,19,15,0,6,0,0,0.4,0,NA,"Hare",NA,1,0,0,0,895.937772,"West","20F","Tussock Tundra (Low shrub or Herbaceous)","Black Spruce Woodland","Clay Loam","Mesic",0,130.808105,148,1.606934,-150.14017,66.022623,-1.68384796471975,0.18565819359094,"72-1-A-SAPU_2015",14.7007929484049,-4.06461497147878,105.310777664185,106.2024269104,12.6000003814697,-4.08333331346512,7.40000009536743,17.8666671117147,74.0000016689301,1.22500001701216,119.729996919632,245.679999291897,182.5,1,"20F_2015",0.375
"4397","72-1-C-SAGL",2015,0.19625,1.09019253740562,9,2006,2,"72-1","SAGL",112,103,13,11,16,1,0,0,0.0625,0,0,"Moose",NA,NA,1,0,0,0,895.937772,"West","20F","Tussock Tundra (Low shrub or Herbaceous)","Black Spruce Woodland","Clay Loam","Mesic",0,130.808105,148,1.606934,-150.14017,66.022623,-0.958189400093112,0.383586779791282,"72-1-C-SAGL_2015",14.7007929484049,-4.06461497147878,105.310777664185,106.2024269104,12.6000003814697,-4.08333331346512,7.40000009536743,17.8666671117147,74.0000016689301,1.22500001701216,119.729996919632,245.679999291897,182.5,1,"20F_2015",0.375
"4398","72-1-D-SAPU",2015,0.01275,0.0153511961522257,39,1976,2,"72-1","SAPU",68,54,18,0,8,0,1,0,0,0.125,0,NA,"Hare",NA,1,0,0,0,895.937772,"West","20F","Tussock Tundra (Low shrub or Herbaceous)","Black Spruce Woodland","Clay Loam","Mesic",0,130.808105,148,1.606934,-150.14017,66.022623,-2.38957255696092,0.091668858719962,"72-1-D-SAPU_2015",14.7007929484049,-4.06461497147878,105.310777664185,106.2024269104,12.6000003814697,-4.08333331346512,7.40000009536743,17.8666671117147,74.0000016689301,1.22500001701216,119.729996919632,245.679999291897,182.5,1,"20F_2015",0.375
"4399","72-2-A-SAGL",2015,0.01725,0.0685941230471047,25,1990,2,"72-2","SAGL",129,121,17,0,12,0,0,0,0,0,0,NA,NA,NA,0,0,0,0,855.94066,"West","20F","Tussock Tundra (Low shrub or Herbaceous)","Black Spruce Woodland","Clay Loam","Mesic",0,131.055786,179,2.125059,-150.13956,66.022889,-1.7512583808124,0.173555407184072,"72-2-A-SAGL_2015",14.7007929484049,-4.06461497147878,105.310777664185,106.2024269104,12.6000003814697,-4.08333331346512,7.40000009536743,17.8666671117147,74.0000016689301,1.22500001701216,119.729996919632,245.679999291897,182.5,1,"20F_2015",0.375
"4400","72-2-C-SAPU",2015,0.14575,0.922757037242654,18,1997,2,"72-2","SAPU",97,84,22,5,22,0,0,0,0,0,0,NA,NA,NA,0,0,0,0,855.94066,"West","20F","Tussock Tundra (Low shrub or Herbaceous)","Black Spruce Woodland","Clay Loam","Mesic",0,131.055786,179,2.125059,-150.13956,66.022889,0.213551270533136,1.23806697299464,"72-2-C-SAPU_2015",14.7007929484049,-4.06461497147878,105.310777664185,106.2024269104,12.6000003814697,-4.08333331346512,7.40000009536743,17.8666671117147,74.0000016689301,1.22500001701216,119.729996919632,245.679999291897,182.5,1,"20F_2015",0.375
"4401","72-2-D-SAPU",2015,0.13,0.773522937721452,26,1989,2,"72-2","SAPU",79,60,21,0,11,0,0,0,0,0,0,NA,NA,NA,0,0,0,0,855.94066,"West","20F","Tussock Tundra (Low shrub or Herbaceous)","Black Spruce Woodland","Clay Loam","Mesic",0,131.055786,179,2.125059,-150.13956,66.022889,0.747226246481441,2.111136116634,"72-2-D-SAPU_2015",14.7007929484049,-4.06461497147878,105.310777664185,106.2024269104,12.6000003814697,-4.08333331346512,7.40000009536743,17.8666671117147,74.0000016689301,1.22500001701216,119.729996919632,245.679999291897,182.5,1,"20F_2015",0.375
"4402","72-3-A-SAGL",2015,0.2005,1.70196096167493,10,2005,2,"72-3","SAGL",122,114,14,7,15,0,1,0,0,0.066666667,0,NA,"Hare",NA,1,0,1,0,885.368743,"West","20F","Tussock Tundra (Low shrub or Herbaceous)","Black Spruce Woodland","Clay Loam","Mesic",0,132.401993,119,2.284806,-150.140609,66.023021,-0.309308873002121,0.733954036425473,"72-3-A-SAGL_2015",14.7007929484049,-4.06461497147878,105.310777664185,106.2024269104,12.6000003814697,-4.08333331346512,7.40000009536743,17.8666671117147,74.0000016689301,1.22500001701216,119.729996919632,245.679999291897,182.5,1,"20F_2015",0.375
"4403","72-3-B-SAPU",2015,0.11975,0.605032849620009,27,1988,2,"72-3","SAPU",75,59,20,4,12,0,0,0,0,0,0,NA,NA,NA,0,0,1,0,885.368743,"West","20F","Tussock Tundra (Low shrub or Herbaceous)","Black Spruce Woodland","Clay Loam","Mesic",0,132.401993,119,2.284806,-150.140609,66.023021,0.574431180084064,1.77611994712332,"72-3-B-SAPU_2015",14.7007929484049,-4.06461497147878,105.310777664185,106.2024269104,12.6000003814697,-4.08333331346512,7.40000009536743,17.8666671117147,74.0000016689301,1.22500001701216,119.729996919632,245.679999291897,182.5,1,"20F_2015",0.375
"4404","72-3-D-SAGL",2015,0.103,0.453664828734286,28,1987,2,"72-3","SAGL",128,109,19,9,10,0,2,0,0,0.2,0,NA,"Hare",NA,1,0,1,0,885.368743,"West","20F","Tussock Tundra (Low shrub or Herbaceous)","Black Spruce Woodland","Clay Loam","Mesic",0,132.401993,119,2.284806,-150.140609,66.023021,0.356733907210903,1.42865566430077,"72-3-D-SAGL_2015",14.7007929484049,-4.06461497147878,105.310777664185,106.2024269104,12.6000003814697,-4.08333331346512,7.40000009536743,17.8666671117147,74.0000016689301,1.22500001701216,119.729996919632,245.679999291897,182.5,1,"20F_2015",0.375
"4405","72-4-B-SAPU",2015,0.0426666666666667,0.10419476866768,44,1971,2,"72-4","SAPU",111,93,14,0,13,0,0,0,0,0,0,NA,NA,NA,0,0,0,0,844.255779,"West","20F","Tussock Tundra (Low shrub or Herbaceous)","Low Shrub-Tussock Tundra","Clay Loam","Mesic",0,132.260803,156,1.029158,-150.139994,66.023305,-0.241568410197919,0.785395072918753,"72-4-B-SAPU_2015",14.7007929484049,-4.06461497147878,105.310777664185,106.2024269104,12.6000003814697,-4.08333331346512,7.40000009536743,17.8666671117147,74.0000016689301,1.22500001701216,119.729996919632,245.679999291897,182.5,1,"20F_2015",0.375
"4406","86-1-A-SABE",2015,0.379,2.83020741454393,9,2006,3,"86-1","SABE",129,NA,19,19,52,1,0,0,0.019230769,0,0,"Moose",NA,NA,1,1,0,0,1072.088921,"West","20F","Tall Shrub (Open-Closed)","Tall Shrub","Gravely Sand Loam","Mesic - Xeric",0,572.239319,57,8.372539,-150.2773,66.212913,-0.00419372022911135,0.995815061135751,"86-1-A-SABE_2015",12.5333331425985,-4.79166690508525,215,245,12.6000003814697,-4.08333331346512,7.40000009536743,17.8666671117147,74.0000016689301,1.22500001701216,119.729996919632,245.679999291897,182.5,1,"20F_2015",0.375
"4407","86-1-D-SABE",2015,0.471,12.5581301773704,9,2006,3,"86-1","SABE",76,NA,8,0,10,2,0,0,0.2,0,0,"Moose",NA,NA,1,1,0,0,1072.088921,"West","20F","Tall Shrub (Open-Closed)","Tall Shrub","Gravely Sand Loam","Mesic - Xeric",0,572.239319,57,8.372539,-150.2773,66.212913,1.4858245581723,4.41860730986177,"86-1-D-SABE_2015",12.5333331425985,-4.79166690508525,215,245,12.6000003814697,-4.08333331346512,7.40000009536743,17.8666671117147,74.0000016689301,1.22500001701216,119.729996919632,245.679999291897,182.5,1,"20F_2015",0.375
"4408","86-2-C-SABE",2015,0.0925,0.425579775809357,7,2008,3,"86-2","SABE",47,NA,7,22,18,0,0,0,0,0,0,NA,NA,NA,0,0,0,0,1091.215231,"West","20F","Low Shrub","Tall Shrub","Gravely Sand Loam","Mesic - Xeric",0,576.231995,67,9.004415,-150.278061,66.212989,-2.3841409414482,0.0921681233944333,"86-2-C-SABE_2015",12.5333331425985,-4.79166690508525,215,245,12.6000003814697,-4.08333331346512,7.40000009536743,17.8666671117147,74.0000016689301,1.22500001701216,119.729996919632,245.679999291897,182.5,1,"20F_2015",0.375
"4409","86-2-D-SABE",2015,0.6575,17.5937238932203,11,2004,3,"86-2","SABE",144,NA,31,15,91,0,0,0,0,0,0,NA,NA,NA,0,0,0,0,1091.215231,"West","20F","Low Shrub","Tall Shrub","Gravely Sand Loam","Mesic - Xeric",0,576.231995,67,9.004415,-150.278061,66.212989,2.21049858330107,9.12026247021611,"86-2-D-SABE_2015",12.5333331425985,-4.79166690508525,215,245,12.6000003814697,-4.08333331346512,7.40000009536743,17.8666671117147,74.0000016689301,1.22500001701216,119.729996919632,245.679999291897,182.5,1,"20F_2015",0.375
"4410","86-3-C-SABE",2015,0.5255,8.00277138903931,9,2006,3,"86-3","SABE",122,NA,15,7,21,1,0,0,0.047619048,0,0,"Moose",NA,NA,1,0,0,1,1057.338847,"West","20F","Tall Shrub (Open-Closed)","Tall Shrub","Gravely Sand Loam","Mesic - Xeric",0,571.701965,63,9.459789,-150.277761,66.213303,1.03524418476208,2.81579372560431,"86-3-C-SABE_2015",12.5333331425985,-4.79166690508525,215,245,12.6000003814697,-4.08333331346512,7.40000009536743,17.8666671117147,74.0000016689301,1.22500001701216,119.729996919632,245.679999291897,182.5,1,"20F_2015",0.375
"4411","86-3-D-SABE",2015,0.28925,1.98393166505476,10,2005,3,"86-3","SABE",120,NA,16,0,19,5,0,0,0.263157895,0,0,"Moose",NA,NA,1,0,0,1,1057.338847,"West","20F","Tall Shrub (Open-Closed)","Tall Shrub","Gravely Sand Loam","Mesic - Xeric",0,571.701965,63,9.459789,-150.277761,66.213303,-0.156009400901261,0.855551147381353,"86-3-D-SABE_2015",12.5333331425985,-4.79166690508525,215,245,12.6000003814697,-4.08333331346512,7.40000009536743,17.8666671117147,74.0000016689301,1.22500001701216,119.729996919632,245.679999291897,182.5,1,"20F_2015",0.375
"4412","86-4-A-SABE",2015,0.574,6.29102253365274,10,2005,3,"86-4","SABE",104,NA,19,18,32,3,0,0,0.09375,0,0,"Moose",NA,NA,1,2,0,0,1074.730943,"West","20F","Low Shrub","Tall Shrub","Gravely Sand Loam","Mesic - Xeric",0,575.689697,64,9.57597,-150.278532,66.213405,0.99803365631472,2.7129420038366,"86-4-A-SABE_2015",12.5333331425985,-4.79166690508525,215,245,12.6000003814697,-4.08333331346512,7.40000009536743,17.8666671117147,74.0000016689301,1.22500001701216,119.729996919632,245.679999291897,182.5,1,"20F_2015",0.375
"4413","86-4-D-SABE",2015,0.532,7.04548019820253,8,2007,3,"86-4","SABE",123,NA,12,21,19,3,0,0,0.157894737,0,0,"Moose",NA,NA,1,2,0,0,1074.730943,"West","20F","Low Shrub","Tall Shrub","Gravely Sand Loam","Mesic - Xeric",0,575.689697,64,9.57597,-150.278532,66.213405,0.680400637116972,1.97466869934916,"86-4-D-SABE_2015",12.5333331425985,-4.79166690508525,215,245,12.6000003814697,-4.08333331346512,7.40000009536743,17.8666671117147,74.0000016689301,1.22500001701216,119.729996919632,245.679999291897,182.5,1,"20F_2015",0.375
"4414","97-1-B-SAPU",2015,0.663666666666667,10.3935770569493,11,2004,4,"97-1","SAPU",161,144,25,14,28,0,0,4,0,0,0.142857143,NA,NA,"Ptarmagin",1,0,0,0,926.812684,"East","24A","Tussock Tundra (Low shrub or Herbaceous)","Low Shrub","Gravely Sand Loam","Mesic",2004,556.594971,67,6.396444,-150.432109,66.348765,1.68414436651061,5.38783894410904,"97-1-B-SAPU_2015",12.2045135498047,-4.80494818091393,220.774322509766,258.458374023438,12.6000003814697,-4.08333331346512,7.40000009536743,17.8666671117147,74.0000016689301,1.22500001701216,119.729996919632,245.679999291897,182.5,1,"24A_2015",0.77
"4415","97-1-D-SAPU",2015,0.287,4.00912932771167,11,2004,4,"97-1","SAPU",89,76,20,18,25,0,0,0,0,0,0,NA,NA,NA,0,0,0,0,926.812684,"East","24A","Tussock Tundra (Low shrub or Herbaceous)","Low Shrub","Gravely Sand Loam","Mesic",2004,556.594971,67,6.396444,-150.432109,66.348765,0.731530434313348,2.07825881363646,"97-1-D-SAPU_2015",12.2045135498047,-4.80494818091393,220.774322509766,258.458374023438,12.6000003814697,-4.08333331346512,7.40000009536743,17.8666671117147,74.0000016689301,1.22500001701216,119.729996919632,245.679999291897,182.5,1,"24A_2015",0.77
"4416","97-2-B-SAPU",2015,1.152,52.1466178970512,7,2008,4,"97-2","SAPU",189,157,30,52,57,0,0,3,0,0,0.052631579,NA,NA,"Ptarmagin",1,0,0,0,888.474156,"East","24A","Tussock Tundra (Low shrub or Herbaceous)","Low Shrub","Gravely Sand Loam","Mesic",2004,560.389526,70,6.330689,-150.43305,66.348843,2.42422124585991,11.2934311876013,"97-2-B-SAPU_2015",12.2045135498047,-4.80494818091393,220.774322509766,258.458374023438,12.6000003814697,-4.08333331346512,7.40000009536743,17.8666671117147,74.0000016689301,1.22500001701216,119.729996919632,245.679999291897,182.5,1,"24A_2015",0.77
"4417","97-2-C-SAPU",2015,0.352,4.1325263747557,11,2004,4,"97-2","SAPU",118,101,19,0,29,0,0,0,0,0,0,NA,NA,NA,0,0,0,0,888.474156,"East","24A","Tussock Tundra (Low shrub or Herbaceous)","Low Shrub","Gravely Sand Loam","Mesic",2004,560.389526,70,6.330689,-150.43305,66.348843,0.761845274797614,2.14222557041413,"97-2-C-SAPU_2015",12.2045135498047,-4.80494818091393,220.774322509766,258.458374023438,12.6000003814697,-4.08333331346512,7.40000009536743,17.8666671117147,74.0000016689301,1.22500001701216,119.729996919632,245.679999291897,182.5,1,"24A_2015",0.77
"4418","97-3-D-SAPU",2015,0.65625,15.1517295624153,11,2004,4,"97-3","SAPU",124,107,24,17,31,0,0,0,0,0,0,NA,NA,NA,0,0,0,0,924.995234,"East","24A","Tussock Tundra (Low shrub or Herbaceous)","Tall Shrub","Gravely Sand Loam","Mesic",2004,557.015015,71,7.919354,-150.432427,66.349149,2.0610710298039,7.8543775795078,"97-3-D-SAPU_2015",12.2045135498047,-4.80494818091393,220.774322509766,258.458374023438,12.6000003814697,-4.08333331346512,7.40000009536743,17.8666671117147,74.0000016689301,1.22500001701216,119.729996919632,245.679999291897,182.5,1,"24A_2015",0.77
"4419","102-1-D-SAPU",2014,0.101,2.2491871320221,10,2004,5,"102-1","SAPU",67,NA,13,0,26,0,0,0,0,0,0,NA,NA,NA,0,0,0,0,978.645101,"West","24A","Low Shrub","Low Shrub","Sandy Loam","Mesic",2004,428.203827,339,4.033863,-150.565499,66.400721,-0.0305210898699438,0.969939975943557,"102-1-D-SAPU_2014",11.8666667938232,-4.37499992052714,427,106,12.1333335240682,-3.67500007152557,7.06666692097982,17.2333335876465,60.3000011444092,1.15833334128062,106.089997291565,251.439997971058,319.900001525879,1,"24A_2014",0.78
"4420","102-2-A-SAPU",2014,0.21675,1.95378769084448,7,2007,5,"102-2","SAPU",94,NA,13,0,22,1,0,7,0.045454545,0,0.318181818,"Moose",NA,"Ptarmagin",1,0,0,1,973.266715,"West","24A","Tall Shrub (Open-Closed)","Low Shrub","Sandy Loam","Mesic",2004,426.001434,321,4.435797,-150.566012,66.400957,-0.860068186012942,0.423133229566216,"102-2-A-SAPU_2014",11.8666667938232,-4.37499992052714,427,106,12.1333335240682,-3.67500007152557,7.06666692097982,17.2333335876465,60.3000011444092,1.15833334128062,106.089997291565,251.439997971058,319.900001525879,1,"24A_2014",0.78
"4421","102-2-C-SAPU",2014,0.256,3.20452503762649,10,2004,5,"102-2","SAPU",91,NA,21,0,42,0,0,5,0,0,0.119047619,NA,NA,"Ptarmagin",1,0,0,1,973.266715,"West","24A","Tall Shrub (Open-Closed)","Low Shrub","Sandy Loam","Mesic",2004,426.001434,321,4.435797,-150.566012,66.400957,0.323473919048473,1.38192011400652,"102-2-C-SAPU_2014",11.8666667938232,-4.37499992052714,427,106,12.1333335240682,-3.67500007152557,7.06666692097982,17.2333335876465,60.3000011444092,1.15833334128062,106.089997291565,251.439997971058,319.900001525879,1,"24A_2014",0.78
"4422","102-3-A-SAPU",2014,0.42925,8.22771040478404,10,2004,5,"102-3","SAPU",138,NA,23,0,32,2,0,5,0.0625,0,0.15625,"Moose",NA,"Ptarmagin",1,0,0,0,939.238254,"West","24A","Tussock Tundra (Low shrub or Herbaceous)","Low Shrub","Sandy Loam","Mesic",2004,424.339783,330,3.896938,-150.565669,66.401242,1.26641780871005,3.54811972666416,"102-3-A-SAPU_2014",11.8666667938232,-4.37499992052714,427,106,12.1333335240682,-3.67500007152557,7.06666692097982,17.2333335876465,60.3000011444092,1.15833334128062,106.089997291565,251.439997971058,319.900001525879,1,"24A_2014",0.78
"4423","102-3-D-SAPU",2014,0.52875,8.22543667710101,6,2008,5,"102-3","SAPU",97,NA,16,0,28,0,0,3,0,0,0.107142857,NA,NA,"Ptarmagin",1,0,0,0,939.238254,"West","24A","Tussock Tundra (Low shrub or Herbaceous)","Low Shrub","Sandy Loam","Mesic",2004,424.339783,330,3.896938,-150.565669,66.401242,0.279724541763018,1.32276539552514,"102-3-D-SAPU_2014",11.8666667938232,-4.37499992052714,427,106,12.1333335240682,-3.67500007152557,7.06666692097982,17.2333335876465,60.3000011444092,1.15833334128062,106.089997291565,251.439997971058,319.900001525879,1,"24A_2014",0.78
"4424","102-4-A-SAPU",2014,0.1375,1.19417827249174,10,2004,5,"102-4","SAPU",98,NA,17,0,26,2,0,3,0.076923077,0,0.115384615,"Moose",NA,"Ptarmagin",1,0,0,0,934.189604,"West","24A","Low Shrub","Low Shrub","Sandy Loam","Mesic",2004,423.102509,349,3.666453,-150.566049,66.401434,-0.663631655384275,0.514977712793341,"102-4-A-SAPU_2014",11.8666667938232,-4.37499992052714,427,106,12.1333335240682,-3.67500007152557,7.06666692097982,17.2333335876465,60.3000011444092,1.15833334128062,106.089997291565,251.439997971058,319.900001525879,1,"24A_2014",0.78
"4425","102-4-C-SAPU",2014,0.36775,6.52438481380022,10,2004,5,"102-4","SAPU",122,NA,18,0,37,3,0,3,0.081081081,0,0.081081081,"Moose",NA,"Ptarmagin",1,0,0,0,934.189604,"West","24A","Low Shrub","Low Shrub","Sandy Loam","Mesic",2004,423.102509,349,3.666453,-150.566049,66.401434,1.03445670120004,2.81357720718176,"102-4-C-SAPU_2014",11.8666667938232,-4.37499992052714,427,106,12.1333335240682,-3.67500007152557,7.06666692097982,17.2333335876465,60.3000011444092,1.15833334128062,106.089997291565,251.439997971058,319.900001525879,1,"24A_2014",0.78
"4426","111-2-C-SAPU",2014,0.403,6.88927549907707,16,1998,6,"111-2","SAPU",87,78,14,0,21,0,0,0,0,0,0,NA,NA,NA,0,0,0,0,685.564701,"West","24A","Tall Shrub (Open-Closed)","Low Shrub","Gravely Sand Loam","Mesic",0,516.430603,8,6.353059,-150.737535,66.498284,1.99646456130595,7.36297866882622,"111-2-C-SAPU_2014",11.8042138417562,-4.38797934850057,471.379272460938,108.316054344177,12.1333335240682,-3.67500007152557,7.06666692097982,17.2333335876465,60.3000011444092,1.15833334128062,106.089997291565,251.439997971058,319.900001525879,1,"24A_2014",0.78
"4427","129-4-A-SAPU",2014,0.95875,28.185561309647,10,2004,8,"129-4","SAPU",127,105,25,18,36,0,0,0,0,0,0,NA,NA,NA,0,0,0,0,1057.255538,"East","24A","Tussock Tundra (Low shrub or Herbaceous)","Tall Shrub","Sandy Loam","Mesic - Hydric",2005,303.823029,358,6.979915,-150.646167,66.709845,2.49771987037182,12.1547479395619,"129-4-A-SAPU_2014",12.5666666030884,-4.07499996821086,424,90,12.1666669845581,-3.94166680177053,7.13333336512248,17.2666670481364,67.1000018119812,1.16666668529312,106.429998397827,249.899996757507,307.500007629395,1,"24A_2014",0.78
"4428","129-4-B-SAPU",2014,0.612666666666667,16.2506567513581,10,2004,8,"129-4","SAPU",194,177,37,34,72,0,0,0,0,0,0,NA,NA,NA,0,0,0,0,1057.255538,"East","24A","Tussock Tundra (Low shrub or Herbaceous)","Tall Shrub","Sandy Loam","Mesic - Hydric",2005,303.823029,358,6.979915,-150.646167,66.709845,1.94704335727324,7.00793695378676,"129-4-B-SAPU_2014",12.5666666030884,-4.07499996821086,424,90,12.1666669845581,-3.94166680177053,7.13333336512248,17.2666670481364,67.1000018119812,1.16666668529312,106.429998397827,249.899996757507,307.500007629395,1,"24A_2014",0.78
"4429","147-1-A-SAPU",2014,0.0806666666666667,0.280960334740262,26,1988,9,"147-1","SAPU",191,167,22,11,73,23,0,0,0.315068493,0,0,"Moose",NA,NA,1,1,0,0,984.758365,"West","24A","Low Shrub","Tall Shrub","Clay Loam","Mesic - Hydric",0,426.634277,145,7.907337,-150.485282,66.911769,-0.265515575685529,0.766810499193419,"147-1-A-SAPU_2014",12.0681715011597,-4.39091424147288,440.496490478516,94.1354064941406,10.6333335240682,-5.15833350022634,5.70000012715658,15.6333335240682,42.6000008583069,1.10833336164554,102.109996795654,264.229996323586,316.900009155273,1,"24A_2014",0.78
"4430","147-1-D-SAPU",2014,0.02875,0.159393612018402,20,1994,9,"147-1","SAPU",211,134,21,18,47,15,0,0,0.319148936,0,0,"Moose",NA,NA,1,1,0,0,984.758365,"West","24A","Low Shrub","Tall Shrub","Clay Loam","Mesic - Hydric",0,426.634277,145,7.907337,-150.485282,66.911769,-1.33898425293938,0.262111772672869,"147-1-D-SAPU_2014",12.0681715011597,-4.39091424147288,440.496490478516,94.1354064941406,10.6333335240682,-5.15833350022634,5.70000012715658,15.6333335240682,42.6000008583069,1.10833336164554,102.109996795654,264.229996323586,316.900009155273,1,"24A_2014",0.78
"4431","147-2-B-SAPU",2014,0.0535,0.171436711106397,22,1992,9,"147-2","SAPU",104,97,14,31,12,5,0,0,0.416666667,0,0,"Moose",NA,NA,1,2,1,0,986.173835,"West","24A","Low Shrub","Tall Shrub","Clay Loam","Mesic - Hydric",0,428.943481,147,8.698308,-150.484958,66.912025,-1.08210046829513,0.33888296462805,"147-2-B-SAPU_2014",12.0681715011597,-4.39091424147288,440.496490478516,94.1354064941406,10.6333335240682,-5.15833350022634,5.70000012715658,15.6333335240682,42.6000008583069,1.10833336164554,102.109996795654,264.229996323586,316.900009155273,1,"24A_2014",0.78
"4432","147-2-C-SAPU",2014,0.24575,3.19646508532418,8,2006,9,"147-2","SAPU",124,112,17,11,15,3,2,0,0.2,0.133333333,0,"Moose","Hare",NA,1,2,1,0,986.173835,"West","24A","Low Shrub","Tall Shrub","Clay Loam","Mesic - Hydric",0,428.943481,147,8.698308,-150.484958,66.912025,-0.109940129090526,0.895887771306549,"147-2-C-SAPU_2014",12.0681715011597,-4.39091424147288,440.496490478516,94.1354064941406,10.6333335240682,-5.15833350022634,5.70000012715658,15.6333335240682,42.6000008583069,1.10833336164554,102.109996795654,264.229996323586,316.900009155273,1,"24A_2014",0.78
"4433","147-3-B-SAPU",2014,0.10375,0.680318761368798,25,1989,9,"147-3","SAPU",167,149,20,7,58,18,0,0,0.310344828,0,0,"Moose",NA,NA,1,2,1,0,952.272152,"West","24A","White Spruce or Black Spruce (Woodland)","Black Spruce Woodland","Clay Loam","Mesic - Hydric",0,425.583191,170,6.572863,-150.484233,66.911912,0.54309621304509,1.72132821879278,"147-3-B-SAPU_2014",12.0681715011597,-4.39091424147288,440.496490478516,94.1354064941406,10.6333335240682,-5.15833350022634,5.70000012715658,15.6333335240682,42.6000008583069,1.10833336164554,102.109996795654,264.229996323586,316.900009155273,1,"24A_2014",0.78
"4434","147-3-C-SAPU",2014,0.185,1.799959802911,8,2006,9,"147-3","SAPU",128,104,11,14,17,5,2,0,0.294117647,0.117647059,0,"Moose","Hare",NA,1,2,1,0,952.272152,"West","24A","White Spruce or Black Spruce (Woodland)","Black Spruce Woodland","Clay Loam","Mesic - Hydric",0,425.583191,170,6.572863,-150.484233,66.911912,-0.684221334535875,0.504482900087041,"147-3-C-SAPU_2014",12.0681715011597,-4.39091424147288,440.496490478516,94.1354064941406,10.6333335240682,-5.15833350022634,5.70000012715658,15.6333335240682,42.6000008583069,1.10833336164554,102.109996795654,264.229996323586,316.900009155273,1,"24A_2014",0.78
"4435","147-4-A-SAPU",2014,0.111,0.655238838166568,23,1991,9,"147-4","SAPU",124,110,21,14,47,16,0,0,0.340425532,0,0,"Moose",NA,NA,1,0,1,0,956.341518,"West","24A","Tall Shrub (Open-Closed)","Tall Shrub","Clay Loam","Mesic - Hydric",0,428.39856,129,7.52786,-150.483929,66.912191,0.344522622156484,1.41131602782806,"147-4-A-SAPU_2014",12.0681715011597,-4.39091424147288,440.496490478516,94.1354064941406,10.6333335240682,-5.15833350022634,5.70000012715658,15.6333335240682,42.6000008583069,1.10833336164554,102.109996795654,264.229996323586,316.900009155273,1,"24A_2014",0.78
"4436","147-4-C-SAPU",2014,0.03825,0.0983257632215945,28,1986,9,"147-4","SAPU",113,101,16,9,12,5,0,0,0.416666667,0,0,"Moose",NA,NA,1,0,1,0,956.341518,"West","24A","Tall Shrub (Open-Closed)","Tall Shrub","Clay Loam","Mesic - Hydric",0,428.39856,129,7.52786,-150.483929,66.912191,-1.17233867495943,0.309641941971004,"147-4-C-SAPU_2014",12.0681715011597,-4.39091424147288,440.496490478516,94.1354064941406,10.6333335240682,-5.15833350022634,5.70000012715658,15.6333335240682,42.6000008583069,1.10833336164554,102.109996795654,264.229996323586,316.900009155273,1,"24A_2014",0.78
"4437","151-4-B-SAPU",2014,0.092,0.537444821620221,11,2003,10,"151-4","SAPU",61,54,9,0,8,0,0,0,0,0,0,NA,NA,NA,0,0,0,0,714.907956,"East","24A","Low Shrub","Low Shrub","Clay Loam","Mesic",0,485.466003,301,24.973797,-150.361301,66.958638,-1.2779728398718,0.278601498249255,"151-4-B-SAPU_2014",11.1982723871867,-5.2288348476092,477.293296813965,103.936789512634,10.6333335240682,-5.15833350022634,5.70000012715658,15.6333335240682,42.6000008583069,1.10833336164554,102.109996795654,264.229996323586,316.900009155273,1,"24A_2014",0.78
"4438","158-1-A-SAPU",2014,0.2625,10.3067015584484,7,2007,11,"158-1","SAPU",157,139,27,13,83,0,0,17,0,0,0.204819277,NA,NA,"Ptarmagin",1,0,0,0,1304.611642,"East","24A","Low Shrub","Low Shrub","Sandy Loam","Mesic - Xeric",2005,586.787537,51,13.434302,-150.285356,67.046606,0.802956240286335,2.23212989673223,"158-1-A-SAPU_2014",12.0666666030884,-4.849999944369,439,113,10.5333334604899,-5.50000001986821,5.6333335240682,15.5000003178914,45.2000012397766,1.05833336835106,104.6499979496,264.399996757507,297.100009918213,1,"24A_2014",0.78
"4439","158-1-C-SAPU",2014,0.43,7.77569314504702,8,2006,11,"158-1","SAPU",124,107,23,0,36,0,0,11,0,0,0.305555556,NA,NA,"Ptarmagin",1,0,0,0,1304.611642,"East","24A","Low Shrub","Low Shrub","Sandy Loam","Mesic - Xeric",2005,586.787537,51,13.434302,-150.285356,67.046606,0.779016937107463,2.17932879481876,"158-1-C-SAPU_2014",12.0666666030884,-4.849999944369,439,113,10.5333334604899,-5.50000001986821,5.6333335240682,15.5000003178914,45.2000012397766,1.05833336835106,104.6499979496,264.399996757507,297.100009918213,1,"24A_2014",0.78
"4440","158-1-D-SAGL",2014,0.19525,3.50203091667836,8,2006,11,"158-1","SAGL",134,119,17,9,22,0,0,2,0,0,0.090909091,NA,NA,"Ptarmagin",1,0,0,0,1304.611642,"East","24A","Low Shrub","Low Shrub","Sandy Loam","Mesic - Xeric",2005,586.787537,51,13.434302,-150.285356,67.046606,-0.0186426053559023,0.981530093162714,"158-1-D-SAGL_2014",12.0666666030884,-4.849999944369,439,113,10.5333334604899,-5.50000001986821,5.6333335240682,15.5000003178914,45.2000012397766,1.05833336835106,104.6499979496,264.399996757507,297.100009918213,1,"24A_2014",0.78
"4441","158-2-C-SAPU",2014,0.66125,21.5792847964952,8,2006,11,"158-2","SAPU",121,110,23,13,67,0,0,1,0,0,0.014925373,NA,NA,"Ptarmagin",1,0,0,1,1283.38641,"East","24A","Tussock Tundra (Low shrub or Herbaceous)","Low Shrub","Sandy Loam","Mesic - Xeric",2005,590.000549,54,15.617359,-150.286104,67.046812,1.79974814984788,6.04812405162271,"158-2-C-SAPU_2014",12.0666666030884,-4.849999944369,439,113,10.5333334604899,-5.50000001986821,5.6333335240682,15.5000003178914,45.2000012397766,1.05833336835106,104.6499979496,264.399996757507,297.100009918213,1,"24A_2014",0.78
"4442","158-3-A-SAPU",2014,0.52225,6.25146484250583,9,2005,11,"158-3","SAPU",91,77,19,0,37,0,0,3,0,0,0.081081081,NA,NA,"Ptarmagin",1,0,0,0,1313.543229,"East","24A","Tussock Tundra (Low shrub or Herbaceous)","Low Shrub","Sandy Loam","Mesic - Xeric",2005,580.218689,48,13.61797,-150.285679,67.047111,0.788272090530902,2.19959244412166,"158-3-A-SAPU_2014",12.0666666030884,-4.849999944369,439,113,10.5333334604899,-5.50000001986821,5.6333335240682,15.5000003178914,45.2000012397766,1.05833336835106,104.6499979496,264.399996757507,297.100009918213,1,"24A_2014",0.78
"4443","158-3-B-SAPU",2014,0.523666666666667,14.4383616162498,9,2005,11,"158-3","SAPU",129,118,12,11,15,0,0,0,0,0,0,NA,NA,NA,0,0,0,0,1313.543229,"East","24A","Tussock Tundra (Low shrub or Herbaceous)","Low Shrub","Sandy Loam","Mesic - Xeric",2005,580.218689,48,13.61797,-150.285679,67.047111,1.62534494499204,5.0801711145622,"158-3-B-SAPU_2014",12.0666666030884,-4.849999944369,439,113,10.5333334604899,-5.50000001986821,5.6333335240682,15.5000003178914,45.2000012397766,1.05833336835106,104.6499979496,264.399996757507,297.100009918213,1,"24A_2014",0.78
"4444","158-4-C-SAPU",2014,0.431333333333333,7.50259096961667,9,2005,11,"158-4","SAPU",191,163,27,14,50,0,0,4,0,0,0.08,NA,NA,"Ptarmagin",1,0,0,0,1283.367604,"East","24A","Tussock Tundra (Low shrub or Herbaceous)","Low Shrub","Sandy Loam","Mesic - Xeric",2005,587.563538,57,15.053073,-150.286524,67.047197,0.970704702942494,2.63980408174052,"158-4-C-SAPU_2014",12.0666666030884,-4.849999944369,439,113,10.5333334604899,-5.50000001986821,5.6333335240682,15.5000003178914,45.2000012397766,1.05833336835106,104.6499979496,264.399996757507,297.100009918213,1,"24A_2014",0.78
"4445","173-1-B-SAPU",2014,0.29725,5.53415991447678,6,2008,12,"173-1","SAPU",118,88,16,17,14,6,0,0,0.428571429,0,0,"Moose",NA,NA,1,0,0,0,1301.486525,"East","24A","Low Shrub","Low Shrub","Clay Loam","Mesic",0,349.871613,358,2.901099,-150.191497,67.228159,-0.116567067247624,0.889970407109411,"173-1-B-SAPU_2014",12.5325546264648,-4.6683277686437,390.370956420898,139.777174949646,10.5333334604899,-5.50000001986821,5.6333335240682,15.5000003178914,45.2000012397766,1.05833336835106,104.6499979496,264.399996757507,297.100009918213,1,"24A_2014",0.78
"4446","173-2-C-SAPU",2014,0.474,8.8580000885426,6,2008,12,"173-2","SAPU",129,111,17,16,20,7,0,0,0.35,0,0,"Moose",NA,NA,1,2,0,0,1323.706943,"East","24A","Tussock Tundra (Low shrub or Herbaceous)","Low Shrub","Clay Loam","Mesic",0,348.371155,13,2.823825,-150.190835,67.228457,0.353814170576815,1.42449044964411,"173-2-C-SAPU_2014",12.5325546264648,-4.6683277686437,390.370956420898,139.777174949646,10.5333334604899,-5.50000001986821,5.6333335240682,15.5000003178914,45.2000012397766,1.05833336835106,104.6499979496,264.399996757507,297.100009918213,1,"24A_2014",0.78
"4447","173-2-D-SAPU",2014,0.4805,3.88478901747341,8,2006,12,"173-2","SAPU",89,70,12,0,18,0,0,0,0,0,0,NA,NA,NA,0,2,0,0,1323.706943,"East","24A","Tussock Tundra (Low shrub or Herbaceous)","Low Shrub","Clay Loam","Mesic",0,348.371155,13,2.823825,-150.190835,67.228457,0.0850830079157541,1.08880744258386,"173-2-D-SAPU_2014",12.5325546264648,-4.6683277686437,390.370956420898,139.777174949646,10.5333334604899,-5.50000001986821,5.6333335240682,15.5000003178914,45.2000012397766,1.05833336835106,104.6499979496,264.399996757507,297.100009918213,1,"24A_2014",0.78
"4448","173-3-A-SAPU",2014,0.0685,0.398333528122936,12,2002,12,"173-3","SAPU",59,53,10,0,2,0,0,0,0,0,0,NA,NA,NA,0,0,0,0,1278.311889,"East","24A","Low Shrub","Low Shrub","Clay Loam","Mesic",0,347.24527,24,1.739254,-150.191816,67.228627,-1.40948815738262,0.244268278076638,"173-3-A-SAPU_2014",12.5325546264648,-4.6683277686437,390.370956420898,139.777174949646,10.5333334604899,-5.50000001986821,5.6333335240682,15.5000003178914,45.2000012397766,1.05833336835106,104.6499979496,264.399996757507,297.100009918213,1,"24A_2014",0.78
"4449","173-4-B-SAPU",2014,0.108,1.12582742652574,16,1998,12,"173-4","SAPU",149,112,21,11,30,5,0,0,0.166666667,0,0,"Moose",NA,NA,1,1,0,0,1308.377258,"East","24A","Low Shrub","Low Shrub","Clay Loam","Mesic",0,346.165253,355,1.872125,-150.190975,67.22891,0.185016889899109,1.20323876253738,"173-4-B-SAPU_2014",12.5325546264648,-4.6683277686437,390.370956420898,139.777174949646,10.5333334604899,-5.50000001986821,5.6333335240682,15.5000003178914,45.2000012397766,1.05833336835106,104.6499979496,264.399996757507,297.100009918213,1,"24A_2014",0.78
"4450","173-4-C-SAPU",2014,0.43625,9.86260307569381,10,2004,12,"173-4","SAPU",167,122,27,13,41,9,0,0,0.219512195,0,0,"Moose",NA,NA,1,1,0,0,1308.377258,"East","24A","Low Shrub","Low Shrub","Clay Loam","Mesic",0,346.165253,355,1.872125,-150.190975,67.22891,1.44766017123777,4.2531512179598,"173-4-C-SAPU_2014",12.5325546264648,-4.6683277686437,390.370956420898,139.777174949646,10.5333334604899,-5.50000001986821,5.6333335240682,15.5000003178914,45.2000012397766,1.05833336835106,104.6499979496,264.399996757507,297.100009918213,1,"24A_2014",0.78
"4451","184-1-A-SAPU",2014,0.1585,1.20302892439505,10,2004,13,"184-1","SAPU",133,112,18,3,22,6,0,0,0.272727273,0,0,"Moose",NA,NA,1,2,0,0,692.283244,"East","24A","White Spruce or Black Spruce (Open-Closed)","Tall Shrub","Clay Loam","Mesic",0,423.977753,249,10.469168,-150.109686,67.368938,-0.656247485896854,0.518794469955059,"184-1-A-SAPU_2014",12.0666666030884,-4.60000014305115,310,102,10.5333334604899,-5.50000001986821,5.6333335240682,15.5000003178914,45.2000012397766,1.05833336835106,104.6499979496,264.399996757507,297.100009918213,1,"24A_2014",0.78
"4452","184-1-C-SAPU",2014,0.26925,3.51481719877845,8,2006,13,"184-1","SAPU",108,91,21,0,42,8,1,0,0.19047619,0.023809524,0,"Moose","Hare",NA,1,2,0,0,692.283244,"East","24A","White Spruce or Black Spruce (Open-Closed)","Tall Shrub","Clay Loam","Mesic",0,423.977753,249,10.469168,-150.109686,67.368938,-0.0149981495996871,0.98511376245619,"184-1-C-SAPU_2014",12.0666666030884,-4.60000014305115,310,102,10.5333334604899,-5.50000001986821,5.6333335240682,15.5000003178914,45.2000012397766,1.05833336835106,104.6499979496,264.399996757507,297.100009918213,1,"24A_2014",0.78
"4453","184-2-A-SAPU",2014,0.64625,14.0468216086708,10,2004,13,"184-2","SAPU",124,118,27,4,36,7,0,0,0.194444444,0,0,"Moose",NA,NA,1,1,0,0,706.210196,"East","24A","White Spruce or Black Spruce (Open-Closed)","Tall Shrub","Clay Loam","Mesic",0,429.192566,258,16.706417,-150.109279,67.369156,1.8013061840107,6.05755458015118,"184-2-A-SAPU_2014",12.0636574427287,-4.60075243314107,308.961883544922,101.277830839157,10.5333334604899,-5.50000001986821,5.6333335240682,15.5000003178914,45.2000012397766,1.05833336835106,104.6499979496,264.399996757507,297.100009918213,1,"24A_2014",0.78
"4454","184-2-D-SAPU",2014,0.0985,0.892290068037682,23,1991,13,"184-2","SAPU",172,139,22,0,38,6,3,0,0.157894737,0.078947368,0,"Moose","Hare",NA,1,1,0,0,706.210196,"East","24A","White Spruce or Black Spruce (Open-Closed)","Tall Shrub","Clay Loam","Mesic",0,429.192566,258,16.706417,-150.109279,67.369156,0.653314082664203,1.92189962062847,"184-2-D-SAPU_2014",12.0636574427287,-4.60075243314107,308.961883544922,101.277830839157,10.5333334604899,-5.50000001986821,5.6333335240682,15.5000003178914,45.2000012397766,1.05833336835106,104.6499979496,264.399996757507,297.100009918213,1,"24A_2014",0.78
"4455","184-3-C-SAPU",2014,0.08625,0.621926371415613,17,1997,13,"184-3","SAPU",130,116,18,14,25,1,4,0,0.04,0.16,0,"Moose","Hare",NA,1,1,3,0,683.765397,"East","24A","White Spruce or Black Spruce (Open-Closed)","Tall Shrub","Clay Loam","Mesic",0,425.482941,261,10.788996,-150.109693,67.36937,-0.291367292836236,0.747241171279846,"184-3-C-SAPU_2014",12.0636574427287,-4.60075243314107,308.961883544922,101.277830839157,10.5333334604899,-5.50000001986821,5.6333335240682,15.5000003178914,45.2000012397766,1.05833336835106,104.6499979496,264.399996757507,297.100009918213,1,"24A_2014",0.78
"4456","184-3-D-SAPU",2014,0.05375,0.373393013094711,11,2003,13,"184-3","SAPU",66,58,11,0,18,1,2,0,0.055555556,0.111111111,0,"Moose","Hare",NA,1,1,3,0,683.765397,"East","24A","White Spruce or Black Spruce (Open-Closed)","Tall Shrub","Clay Loam","Mesic",0,425.482941,261,10.788996,-150.109693,67.36937,-1.6421674178042,0.193560061794586,"184-3-D-SAPU_2014",12.0636574427287,-4.60075243314107,308.961883544922,101.277830839157,10.5333334604899,-5.50000001986821,5.6333335240682,15.5000003178914,45.2000012397766,1.05833336835106,104.6499979496,264.399996757507,297.100009918213,1,"24A_2014",0.78
"4457","184-4-C-SAPU",2014,0.08425,0.448168023338209,14,2000,13,"184-4","SAPU",142,131,16,7,32,1,3,0,0.03125,0.09375,0,"Moose","Hare",NA,1,2,1,0,702.330496,"East","24A","White Spruce or Black Spruce (Open-Closed)","Tall Shrub","Clay Loam","Mesic",0,431.246765,263,17.707565,-150.109187,67.369491,-0.993940843096335,0.370115247136378,"184-4-C-SAPU_2014",12.0636574427287,-4.60075243314107,308.961883544922,101.277830839157,10.5333334604899,-5.50000001986821,5.6333335240682,15.5000003178914,45.2000012397766,1.05833336835106,104.6499979496,264.399996757507,297.100009918213,1,"24A_2014",0.78
"4458","184-4-D-SAPU",2014,0.09325,0.375493167783633,19,1995,13,"184-4","SAPU",139,114,15,19,23,0,0,0,0,0,0,NA,NA,NA,0,2,1,0,702.330496,"East","24A","White Spruce or Black Spruce (Open-Closed)","Tall Shrub","Clay Loam","Mesic",0,431.246765,263,17.707565,-150.109187,67.369491,-0.581169283857958,0.559244069047591,"184-4-D-SAPU_2014",12.0636574427287,-4.60075243314107,308.961883544922,101.277830839157,10.5333334604899,-5.50000001986821,5.6333335240682,15.5000003178914,45.2000012397766,1.05833336835106,104.6499979496,264.399996757507,297.100009918213,1,"24A_2014",0.78
"4459","191-1-B-SAPU",2014,0.199,2.17686609834013,12,2002,14,"191-1","SAPU",112,103,12,23,16,2,0,0,0.125,0,0,"Moose",NA,NA,1,1,0,0,1595.806211,"East","24A","Low Shrub","Low Shrub","Clay Loam","Mesic",0,492.755432,293,2.980974,-149.860617,67.475764,0.288863729828334,1.33490980774494,"191-1-B-SAPU_2014",11.2787024180094,-4.88295735915502,323.826477050781,98.774322271347,8.66666698455811,-6.97500013311704,3.93333339691162,13.466667175293,18.6000006198883,0.975000023841858,85.1499991416931,281.439997196198,307.700004577637,1,"24A_2014",0.78
"4460","191-1-C-SAPU",2014,0.178,2.50718885790183,12,2002,14,"191-1","SAPU",163,139,21,0,37,12,0,0,0.324324324,0,0,"Moose",NA,NA,1,1,0,0,1595.806211,"East","24A","Low Shrub","Low Shrub","Clay Loam","Mesic",0,492.755432,293,2.980974,-149.860617,67.475764,0.430139605459896,1.53747214807286,"191-1-C-SAPU_2014",11.2787024180094,-4.88295735915502,323.826477050781,98.774322271347,8.66666698455811,-6.97500013311704,3.93333339691162,13.466667175293,18.6000006198883,0.975000023841858,85.1499991416931,281.439997196198,307.700004577637,1,"24A_2014",0.78
"4461","191-2-A-SAPU",2014,0.60275,9.13990953086569,7,2007,14,"191-2","SAPU",126,110,15,27,22,2,0,0,0.090909091,0,0,"Moose",NA,NA,1,0,0,0,1628.072852,"East","24A","Low Shrub","Low Shrub","Clay Loam","Mesic",0,494.812988,260,1.497492,-149.859771,67.475671,0.682812407142837,1.97943689371215,"191-2-A-SAPU_2014",11.2787024180094,-4.88295735915502,323.826477050781,98.774322271347,8.66666698455811,-6.97500013311704,3.93333339691162,13.466667175293,18.6000006198883,0.975000023841858,85.1499991416931,281.439997196198,307.700004577637,1,"24A_2014",0.78
"4462","191-2-B-SAPU",2014,0.3955,4.42702712408484,7,2007,14,"191-2","SAPU",107,87,14,11,25,15,1,0,0.6,0.04,0,"Moose","Hare",NA,1,0,0,0,1628.072852,"East","24A","Low Shrub","Low Shrub","Clay Loam","Mesic",0,494.812988,260,1.497492,-149.859771,67.475671,-0.0421097994208248,0.958764503005745,"191-2-B-SAPU_2014",11.2787024180094,-4.88295735915502,323.826477050781,98.774322271347,8.66666698455811,-6.97500013311704,3.93333339691162,13.466667175293,18.6000006198883,0.975000023841858,85.1499991416931,281.439997196198,307.700004577637,1,"24A_2014",0.78
"4463","191-3-A-SAPU",2014,0.32325,3.39970649505735,12,2002,14,"191-3","SAPU",109,97,22,14,31,13,0,0,0.419354839,0,0,"Moose",NA,NA,1,2,0,0,1608.343863,"East","24A","Low Shrub","Low Shrub","Clay Loam","Mesic",0,494.475037,298,4.15829,-149.859591,67.475979,0.734666559803351,2.08478672490086,"191-3-A-SAPU_2014",11.2787024180094,-4.88295735915502,323.826477050781,98.774322271347,8.66666698455811,-6.97500013311704,3.93333339691162,13.466667175293,18.6000006198883,0.975000023841858,85.1499991416931,281.439997196198,307.700004577637,1,"24A_2014",0.78
"4464","191-3-B-SAPU",2014,0.174,1.48220655555631,6,2008,14,"191-3","SAPU",107,89,14,21,14,6,0,0,0.428571429,0,0,"Moose",NA,NA,1,2,0,0,1608.343863,"East","24A","Low Shrub","Low Shrub","Clay Loam","Mesic",0,494.475037,298,4.15829,-149.859591,67.475979,-1.4339749515392,0.238359568941622,"191-3-B-SAPU_2014",11.2787024180094,-4.88295735915502,323.826477050781,98.774322271347,8.66666698455811,-6.97500013311704,3.93333339691162,13.466667175293,18.6000006198883,0.975000023841858,85.1499991416931,281.439997196198,307.700004577637,1,"24A_2014",0.78
"4465","191-4-A-SAPU",2014,0.14675,0.761273677060991,23,1991,14,"191-4","SAPU",109,85,19,16,39,13,0,0,0.333333333,0,0,"Moose",NA,NA,1,1,0,0,1634.196324,"East","24A","Low Shrub","Low Shrub","Clay Loam","Mesic",0,497.007599,303,3.553675,-149.85875,67.475963,0.494515735975428,1.63970399710442,"191-4-A-SAPU_2014",11.2787024180094,-4.88295735915502,323.826477050781,98.774322271347,8.66666698455811,-6.97500013311704,3.93333339691162,13.466667175293,18.6000006198883,0.975000023841858,85.1499991416931,281.439997196198,307.700004577637,1,"24A_2014",0.78
"4466","191-4-D-SAPU",2014,0.14475,1.04125359244615,14,2000,14,"191-4","SAPU",114,103,16,7,34,2,0,0,0.058823529,0,0,"Moose",NA,NA,1,1,0,0,1634.196324,"East","24A","Low Shrub","Low Shrub","Clay Loam","Mesic",0,497.007599,303,3.553675,-149.85875,67.475963,-0.150928413687622,0.8599092541884,"191-4-D-SAPU_2014",11.2787024180094,-4.88295735915502,323.826477050781,98.774322271347,8.66666698455811,-6.97500013311704,3.93333339691162,13.466667175293,18.6000006198883,0.975000023841858,85.1499991416931,281.439997196198,307.700004577637,1,"24A_2014",0.78
"4467","203-1-C-SAPU",2014,0.1415,1.06310631459499,18,1996,15,"203-1","SAPU",102,74,13,0,16,1,1,0,0.0625,0.0625,0,"Moose","Hare",NA,1,1,0,0,905.036767,"East","24A","Low Shrub","Low Shrub","Loam","Mesic",0,550.644958,299,23.927214,-149.794431,67.571449,0.355135689342462,1.42637418492642,"203-1-C-SAPU_2014",11.5666666030884,-5,264,89,7.90000009536743,-7.76666679978371,3.30000019073486,12.5666672388713,10.5000003576279,1.00000002235174,78.0899990797043,287.439997196198,285.000007629395,1,"24A_2014",0.78
"4468","203-1-D-SAPU",2014,0.13375,2.24979169225837,8,2006,15,"203-1","SAPU",121,103,12,14,16,0,0,0,0,0,0,NA,NA,NA,0,1,0,0,905.036767,"East","24A","Low Shrub","Low Shrub","Loam","Mesic",0,550.644958,299,23.927214,-149.794431,67.571449,-0.461148036760607,0.630559324528623,"203-1-D-SAPU_2014",11.5666666030884,-5,264,89,7.90000009536743,-7.76666679978371,3.30000019073486,12.5666672388713,10.5000003576279,1.00000002235174,78.0899990797043,287.439997196198,285.000007629395,1,"24A_2014",0.78
"4469","203-2-A-SAPU",2014,0.0765,0.281548748216555,18,1996,15,"203-2","SAPU",122,97,14,32,16,1,0,0,0.0625,0,0,"Moose",NA,NA,1,0,1,0,933.944119,"East","24A","Low Shrub","Low Shrub","Loam","Mesic",0,566.911377,300,26.508135,-149.793674,67.571447,-0.973509092080836,0.377755132051339,"203-2-A-SAPU_2014",11.5666666030884,-5,264,89,7.90000009536743,-7.76666679978371,3.30000019073486,12.5666672388713,10.5000003576279,1.00000002235174,78.0899990797043,287.439997196198,285.000007629395,1,"24A_2014",0.78
"4470","203-2-B-SAPU",2014,0.10575,0.432637952754272,19,1995,15,"203-2","SAPU",129,107,22,18,35,2,0,0,0.057142857,0,0,"Moose",NA,NA,1,0,1,0,933.944119,"East","24A","Low Shrub","Low Shrub","Loam","Mesic",0,566.911377,300,26.508135,-149.793674,67.571447,-0.439508318493994,0.644353159741472,"203-2-B-SAPU_2014",11.5666666030884,-5,264,89,7.90000009536743,-7.76666679978371,3.30000019073486,12.5666672388713,10.5000003576279,1.00000002235174,78.0899990797043,287.439997196198,285.000007629395,1,"24A_2014",0.78
"4471","203-3-B-SAPU",2014,0.11075,0.687251470957109,7,2007,15,"203-3","SAPU",63,60,8,18,11,1,0,0,0.090909091,0,0,"Moose",NA,NA,1,0,1,0,922.335664,"East","24A","Low Shrub","Low Shrub","Loam","Mesic",0,556.241272,305,23.609533,-149.79364,67.571701,-1.90489309170628,0.148838553847436,"203-3-B-SAPU_2014",11.5666666030884,-5,264,89,7.90000009536743,-7.76666679978371,3.30000019073486,12.5666672388713,10.5000003576279,1.00000002235174,78.0899990797043,287.439997196198,285.000007629395,1,"24A_2014",0.78
"4472","203-3-D-SAPU",2014,0.11675,0.787386987896715,26,1988,15,"203-3","SAPU",117,104,18,17,39,2,3,0,0.051282051,0.076923077,0,"Moose","Hare",NA,1,0,1,0,922.335664,"East","24A","Low Shrub","Low Shrub","Loam","Mesic",0,556.241272,305,23.609533,-149.79364,67.571701,0.764990775421216,2.14897455117874,"203-3-D-SAPU_2014",11.5666666030884,-5,264,89,7.90000009536743,-7.76666679978371,3.30000019073486,12.5666672388713,10.5000003576279,1.00000002235174,78.0899990797043,287.439997196198,285.000007629395,1,"24A_2014",0.78
"4473","203-4-B-SAPU",2014,0.09575,0.725622883628052,18,1996,15,"203-4","SAPU",76,69,15,0,18,3,0,0,0.166666667,0,0,"Moose",NA,NA,1,1,1,0,951.384807,"East","24A","Low Shrub","Low Shrub","Loam","Mesic",0,569.135193,316,29.227108,-149.792864,67.571712,-0.0267842618999341,0.973571255282431,"203-4-B-SAPU_2014",11.5666666030884,-5,264,89,7.90000009536743,-7.76666679978371,3.30000019073486,12.5666672388713,10.5000003576279,1.00000002235174,78.0899990797043,287.439997196198,285.000007629395,1,"24A_2014",0.78
"4474","203-4-C-SAPU",2014,0.08425,0.256804975428259,22,1992,15,"203-4","SAPU",75,68,9,10,9,1,0,0,0.111111111,0,0,"Moose",NA,NA,1,1,1,0,951.384807,"East","24A","Low Shrub","Low Shrub","Loam","Mesic",0,569.135193,316,29.227108,-149.792864,67.571712,-0.677997688993924,0.507632413400369,"203-4-C-SAPU_2014",11.5666666030884,-5,264,89,7.90000009536743,-7.76666679978371,3.30000019073486,12.5666672388713,10.5000003576279,1.00000002235174,78.0899990797043,287.439997196198,285.000007629395,1,"24A_2014",0.78
"4475","209-1-C-SAPU",2014,0.0985,0.479952105263199,17,1997,16,"209-1","SAPU",64,53,15,0,11,0,0,0,0,0,0,NA,NA,NA,0,0,1,0,698.873831,"East","24A","Low Shrub","Black Spruce Woodland","Sandy Loam","Mesic - Xeric",0,553.345276,287,19.679848,-149.692986,67.655886,-0.550502686416944,0.576659858431109,"209-1-C-SAPU_2014",10.8894681930542,-5.44047975540161,250,87,7.90000009536743,-7.76666679978371,3.30000019073486,12.5666672388713,10.5000003576279,1.00000002235174,78.0899990797043,287.439997196198,285.000007629395,1,"24A_2014",0.78
"4476","209-1-D-SAPU",2014,0.069,0.296757983650745,25,1989,16,"209-1","SAPU",53,47,13,0,9,1,0,0,0.111111111,0,0,"Moose",NA,NA,1,0,1,0,698.873831,"East","24A","Low Shrub","Black Spruce Woodland","Sandy Loam","Mesic - Xeric",0,553.345276,287,19.679848,-149.692986,67.655886,-0.286548305254118,0.750850807615993,"209-1-D-SAPU_2014",10.8894681930542,-5.44047975540161,250,87,7.90000009536743,-7.76666679978371,3.30000019073486,12.5666672388713,10.5000003576279,1.00000002235174,78.0899990797043,287.439997196198,285.000007629395,1,"24A_2014",0.78
"4477","209-2-A-SAPU",2014,0.0595,0.259545033270811,11,2003,16,"209-2","SAPU",55,46,9,0,10,0,0,0,0,0,0,NA,NA,NA,0,0,0,0,728.528855,"East","24A","Low Shrub","Black Spruce Woodland","Sandy Loam","Mesic - Xeric",0,561.911133,287,21.070175,-149.692261,67.656,-2.00586871098753,0.134543365613629,"209-2-A-SAPU_2014",10.8894681930542,-5.44047975540161,250,87,7.90000009536743,-7.76666679978371,3.30000019073486,12.5666672388713,10.5000003576279,1.00000002235174,78.0899990797043,287.439997196198,285.000007629395,1,"24A_2014",0.78
"4478","209-2-D-SAPU",2014,0.0345,0.0762488098971144,37,1977,16,"209-2","SAPU",53,41,8,0,11,0,0,0,0,0,0,NA,NA,NA,0,0,0,0,728.528855,"East","24A","Low Shrub","Black Spruce Woodland","Sandy Loam","Mesic - Xeric",0,561.911133,287,21.070175,-149.692261,67.656,-0.888420493518806,0.411304898705518,"209-2-D-SAPU_2014",10.8894681930542,-5.44047975540161,250,87,7.90000009536743,-7.76666679978371,3.30000019073486,12.5666672388713,10.5000003576279,1.00000002235174,78.0899990797043,287.439997196198,285.000007629395,1,"24A_2014",0.78
"4479","209-3-A-SAPU",2014,0.038,0.141824058753659,22,1992,16,"209-3","SAPU",74,55,12,0,9,0,0,0,0,0,0,NA,NA,NA,0,0,1,0,711.058695,"East","24A","Low Shrub","Black Spruce Woodland","Sandy Loam","Mesic - Xeric",0,553.430786,276,18.070417,-149.69261,67.656251,-1.27172736882643,0.280346940721434,"209-3-A-SAPU_2014",10.8894681930542,-5.44047975540161,250,87,7.90000009536743,-7.76666679978371,3.30000019073486,12.5666672388713,10.5000003576279,1.00000002235174,78.0899990797043,287.439997196198,285.000007629395,1,"24A_2014",0.78
"4480","209-3-B-SAPU",2014,0.03475,0.074481467679929,38,1976,16,"209-3","SAPU",59,53,15,0,17,0,1,0,0,0.058823529,0,NA,"Hare",NA,1,0,1,0,711.058695,"East","24A","Low Shrub","Black Spruce Woodland","Sandy Loam","Mesic - Xeric",0,553.430786,276,18.070417,-149.69261,67.656251,-0.86037491963589,0.42300346028104,"209-3-B-SAPU_2014",10.8894681930542,-5.44047975540161,250,87,7.90000009536743,-7.76666679978371,3.30000019073486,12.5666672388713,10.5000003576279,1.00000002235174,78.0899990797043,287.439997196198,285.000007629395,1,"24A_2014",0.78
"4481","209-4-A-SAPU",2014,0.34725,2.06538059619173,8,2006,16,"209-4","SAPU",62,59,8,0,9,0,0,0,0,0,0,NA,NA,NA,0,0,0,0,738.024448,"East","24A","Low Shrub","Black Spruce Woodland","Sandy Loam","Mesic - Xeric",0,561.090881,296,18.584587,-149.691928,67.656444,-0.546671149959018,0.578873589990845,"209-4-A-SAPU_2014",10.8894681930542,-5.44047975540161,250,87,7.90000009536743,-7.76666679978371,3.30000019073486,12.5666672388713,10.5000003576279,1.00000002235174,78.0899990797043,287.439997196198,285.000007629395,1,"24A_2014",0.78
"4482","209-4-B-SAPU",2014,0.15425,0.957187714628749,17,1997,16,"209-4","SAPU",67,54,11,11,16,0,0,2,0,0,0.125,NA,NA,"Ptarmagin",1,0,0,0,738.024448,"East","24A","Low Shrub","Black Spruce Woodland","Sandy Loam","Mesic - Xeric",0,561.090881,296,18.584587,-149.691928,67.656444,0.139810516616816,1.15005586173462,"209-4-B-SAPU_2014",10.8894681930542,-5.44047975540161,250,87,7.90000009536743,-7.76666679978371,3.30000019073486,12.5666672388713,10.5000003576279,1.00000002235174,78.0899990797043,287.439997196198,285.000007629395,1,"24A_2014",0.78
"4483","222-1-A-SAGL",2014,0.438,3.95261050507726,8,2006,17,"222-1","SAGL",78,49,13,0,27,1,11,0,0.037037037,0.407407407,0,"Moose","Hare",NA,1,2,18,0,769.468544,"East","24A","Low Shrub","Tall Shrub","Clay Loam","Mesic",0,669.484009,287,15.029548,-149.809491,67.826198,0.102390580511953,1.10781607860966,"222-1-A-SAGL_2014",10.266666730245,-5.99166656533877,250,90,7.90000009536743,-7.76666679978371,3.30000019073486,12.5666672388713,10.5000003576279,1.00000002235174,78.0899990797043,287.439997196198,285.000007629395,1,"24A_2014",0.78
"4484","222-1-C-SAGL",2014,0.04025,0.249326021417308,15,1999,17,"222-1","SAGL",74,60,14,0,25,0,7,0,0,0.28,0,NA,"Hare",NA,1,2,18,0,769.468544,"East","24A","Low Shrub","Tall Shrub","Clay Loam","Mesic",0,669.484009,287,15.029548,-149.809491,67.826198,-1.4471207577631,0.235246646006682,"222-1-C-SAGL_2014",10.266666730245,-5.99166656533877,250,90,7.90000009536743,-7.76666679978371,3.30000019073486,12.5666672388713,10.5000003576279,1.00000002235174,78.0899990797043,287.439997196198,285.000007629395,1,"24A_2014",0.78
"4485","222-2-B-SAGL",2014,0.189,1.29113331956865,20,1994,17,"222-2","SAGL",106,74,19,0,21,0,10,0,0,0.476190476,0,NA,"Hare",NA,1,3,13,0,794.735172,"East","24A","Low Shrub","Tall Shrub","Clay Loam","Mesic",0,676.198608,282,15.59229,-149.808768,67.826375,0.752914710638993,2.12317946035424,"222-2-B-SAGL_2014",10.266666730245,-5.99166656533877,250,90,7.90000009536743,-7.76666679978371,3.30000019073486,12.5666672388713,10.5000003576279,1.00000002235174,78.0899990797043,287.439997196198,285.000007629395,1,"24A_2014",0.78
"4486","222-2-C-SAGL",2014,0.09,0.424539123242856,12,2002,17,"222-2","SAGL",67,53,14,0,18,0,8,0,0,0.444444444,0,NA,"Hare",NA,1,3,13,0,794.735172,"East","24A","Low Shrub","Tall Shrub","Clay Loam","Mesic",0,676.198608,282,15.59229,-149.808768,67.826375,-1.34577365747064,0.260338217320971,"222-2-C-SAGL_2014",10.266666730245,-5.99166656533877,250,90,7.90000009536743,-7.76666679978371,3.30000019073486,12.5666672388713,10.5000003576279,1.00000002235174,78.0899990797043,287.439997196198,285.000007629395,1,"24A_2014",0.78
"4487","222-3-B-SAGL",2014,0.06675,0.315128643042152,19,1995,17,"222-3","SAGL",90,74,14,0,22,0,5,0,0,0.227272727,0,NA,"Hare",NA,1,2,11,1,778.440723,"East","24A","Low Shrub","Low Shrub","Clay Loam","Mesic",0,672.469177,278,13.422374,-149.809021,67.826615,-0.756428613846059,0.469339630461368,"222-3-B-SAGL_2014",10.266666730245,-5.99166656533877,250,90,7.90000009536743,-7.76666679978371,3.30000019073486,12.5666672388713,10.5000003576279,1.00000002235174,78.0899990797043,287.439997196198,285.000007629395,1,"24A_2014",0.78
"4488","222-3-D-SAGL",2014,0.07825,0.354056117612784,21,1993,17,"222-3","SAGL",89,75,11,0,18,1,6,0,0.055555556,0.333333333,0,"Moose","Hare",NA,1,2,11,1,778.440723,"East","24A","Low Shrub","Low Shrub","Clay Loam","Mesic",0,672.469177,278,13.422374,-149.809021,67.826615,-0.446690508027948,0.639741872612793,"222-3-D-SAGL_2014",10.266666730245,-5.99166656533877,250,90,7.90000009536743,-7.76666679978371,3.30000019073486,12.5666672388713,10.5000003576279,1.00000002235174,78.0899990797043,287.439997196198,285.000007629395,1,"24A_2014",0.78
"4489","222-4-A-SAGL",2014,0.17425,1.70344202626155,8,2006,17,"222-4","SAGL",84,77,12,0,11,0,2,0,0,0.181818182,0,NA,"Hare",NA,1,0,15,0,805.061274,"East","24A","Low Shrub","Low Shrub","Clay Loam","Mesic",0,678.755371,278,16.631924,-149.808355,67.826658,-0.739334742065681,0.477431424940029,"222-4-A-SAGL_2014",10.266666730245,-5.99166656533877,250,90,7.90000009536743,-7.76666679978371,3.30000019073486,12.5666672388713,10.5000003576279,1.00000002235174,78.0899990797043,287.439997196198,285.000007629395,1,"24A_2014",0.78
"4490","222-4-C-SAGL",2014,0.07325,0.450290561874793,23,1991,17,"222-4","SAGL",71,66,12,8,15,1,4,0,0.066666667,0.266666667,0,"Moose","Hare",NA,1,0,15,0,805.061274,"East","24A","Low Shrub","Low Shrub","Clay Loam","Mesic",0,678.755371,278,16.631924,-149.808355,67.826658,-0.0305841179871845,0.969878844379561,"222-4-C-SAGL_2014",10.266666730245,-5.99166656533877,250,90,7.90000009536743,-7.76666679978371,3.30000019073486,12.5666672388713,10.5000003576279,1.00000002235174,78.0899990797043,287.439997196198,285.000007629395,1,"24A_2014",0.78
"4491","235-1-C-SAPU",2014,0.1405,0.74264501437291,13,2001,18,"235-1","SAPU",53,45,12,20,23,0,3,5,0,0.130434783,0.217391304,NA,"Hare","Ptarmagin",1,0,5,0,477.732622,"East","24A","Low Shrub","Low Shrub","Sandy Gravel","Mesic",0,813.776917,295,20.303024,-149.727576,68.004859,-0.631995222198257,0.531530221418669,"235-1-C-SAPU_2014",8.03333346048991,-7.25833335518837,257,97,6.70000012715658,-8.94166687317193,2.23333342870077,11.2000001271566,4.90000009536743,0.883333352704843,57.569998383522,297.639999389648,255.400001525879,1,"24A_2014",0.78
"4492","235-1-D-SAPU",2014,0.29875,2.89754097353878,7,2007,18,"235-1","SAPU",57,50,12,0,12,0,1,3,0,0.083333333,0.25,NA,"Hare","Ptarmagin",1,0,5,0,477.732622,"East","24A","Low Shrub","Low Shrub","Sandy Gravel","Mesic",0,813.776917,295,20.303024,-149.727576,68.004859,-0.465975642990718,0.627522568434223,"235-1-D-SAPU_2014",8.03333346048991,-7.25833335518837,257,97,6.70000012715658,-8.94166687317193,2.23333342870077,11.2000001271566,4.90000009536743,0.883333352704843,57.569998383522,297.639999389648,255.400001525879,1,"24A_2014",0.78
"4493","235-2-B-SAPU",2014,0.07325,0.294613257616049,15,1999,18,"235-2","SAPU",50,47,10,6,17,0,0,3,0,0,0.176470588,NA,NA,"Ptarmagin",1,0,0,0,510.631222,"East","24A","Dwarf Shrub-Lichen","Low Shrub","Sandy Gravel","Mesic",0,828.022217,289,26.243103,-149.726481,68.004961,-1.28021861566594,0.277976523787208,"235-2-B-SAPU_2014",8.03333346048991,-7.25833335518837,257,97,6.70000012715658,-8.94166687317193,2.23333342870077,11.2000001271566,4.90000009536743,0.883333352704843,57.569998383522,297.639999389648,255.400001525879,1,"24A_2014",0.78
"4494","235-2-C-SAPU",2014,0.196,1.55785296506211,8,2006,18,"235-2","SAPU",57,49,11,12,16,0,1,1,0,0.0625,0.0625,NA,"Hare","Ptarmagin",1,0,0,0,510.631222,"East","24A","Dwarf Shrub-Lichen","Low Shrub","Sandy Gravel","Mesic",0,828.022217,289,26.243103,-149.726481,68.004961,-0.828677098635318,0.436626518243745,"235-2-C-SAPU_2014",8.03333346048991,-7.25833335518837,257,97,6.70000012715658,-8.94166687317193,2.23333342870077,11.2000001271566,4.90000009536743,0.883333352704843,57.569998383522,297.639999389648,255.400001525879,1,"24A_2014",0.78
"4495","235-3-B-SAPU",2014,0.129,0.59229545855557,24,1990,18,"235-3","SAPU",47,41,14,0,11,0,1,4,0,0.090909091,0.363636364,NA,"Hare","Ptarmagin",1,0,1,0,482.982181,"East","24A","Dwarf Shrub-Lichen","Low Shrub","Sandy Gravel","Mesic",0,817.546387,298,18.704132,-149.726784,68.005244,0.325712075499232,1.38501653126466,"235-3-B-SAPU_2014",8.03333346048991,-7.25833335518837,257,97,6.70000012715658,-8.94166687317193,2.23333342870077,11.2000001271566,4.90000009536743,0.883333352704843,57.569998383522,297.639999389648,255.400001525879,1,"24A_2014",0.78
"4496","235-3-D-SAPU",2014,0.4685,6.50404398311593,8,2006,18,"235-3","SAPU",71,62,14,11,23,0,6,0,0,0.260869565,0,NA,"Hare",NA,1,0,1,0,482.982181,"East","24A","Dwarf Shrub-Lichen","Low Shrub","Sandy Gravel","Mesic",0,817.546387,298,18.704132,-149.726784,68.005244,0.600438467221814,1.8229179149387,"235-3-D-SAPU_2014",8.03333346048991,-7.25833335518837,257,97,6.70000012715658,-8.94166687317193,2.23333342870077,11.2000001271566,4.90000009536743,0.883333352704843,57.569998383522,297.639999389648,255.400001525879,1,"24A_2014",0.78
"4497","235-4-A-SAPU",2014,0.12925,1.1494284449863,7,2007,18,"235-4","SAPU",57,38,9,0,10,0,3,0,0,0.3,0,NA,"Hare",NA,1,0,0,0,503.848767,"East","24A","Low Shrub","Low Shrub","Sandy Gravel","Mesic",0,825.290771,293,20.728168,-149.726015,68.005351,-1.39057326565168,0.248932559234266,"235-4-A-SAPU_2014",8.03333346048991,-7.25833335518837,257,97,6.70000012715658,-8.94166687317193,2.23333342870077,11.2000001271566,4.90000009536743,0.883333352704843,57.569998383522,297.639999389648,255.400001525879,1,"24A_2014",0.78
"4498","235-4-C-SAPU",2014,0.10175,0.485638977014821,23,1991,18,"235-4","SAPU",41,39,10,0,15,0,0,0,0,0,0,NA,NA,NA,0,0,0,0,503.848767,"East","24A","Low Shrub","Low Shrub","Sandy Gravel","Mesic",0,825.290771,293,20.728168,-149.726015,68.005351,0.0449883167688572,1.04601563899484,"235-4-C-SAPU_2014",8.03333346048991,-7.25833335518837,257,97,6.70000012715658,-8.94166687317193,2.23333342870077,11.2000001271566,4.90000009536743,0.883333352704843,57.569998383522,297.639999389648,255.400001525879,1,"24A_2014",0.78
"4499","240-1-B-SAPU",2014,0.09725,0.598437075843797,14,2000,19,"240-1","SAPU",58,47,12,0,24,0,1,9,0,0.041666667,0.375,NA,"Hare","Ptarmagin",1,0,1,0,395.986648,"West","24A","Low Shrub","Low Shrub","Sandy Loam","Mesic",0,1043.032227,75,23.365055,-149.606437,68.069578,-0.704787674255034,0.494213497365809,"240-1-B-SAPU_2014",6.95162169138591,-7.78139429291089,316.392189025879,131.812442779541,6.70000012715658,-8.94166687317193,2.23333342870077,11.2000001271566,4.90000009536743,0.883333352704843,57.569998383522,297.639999389648,255.400001525879,1,"24A_2014",0.78
"4500","240-1-D-SAPU",2014,0.09775,0.66892027782341,15,1999,19,"240-1","SAPU",115,81,18,0,57,3,0,19,0.052631579,0,0.333333333,"Moose",NA,"Ptarmagin",1,0,1,0,395.986648,"West","24A","Low Shrub","Low Shrub","Sandy Loam","Mesic",0,1043.032227,75,23.365055,-149.606437,68.069578,-0.460217233928911,0.631146524174597,"240-1-D-SAPU_2014",6.95162169138591,-7.78139429291089,316.392189025879,131.812442779541,6.70000012715658,-8.94166687317193,2.23333342870077,11.2000001271566,4.90000009536743,0.883333352704843,57.569998383522,297.639999389648,255.400001525879,1,"24A_2014",0.78
"4501","240-2-A-SAPU",2014,0.041,0.163196313576027,19,1995,19,"240-2","SAPU",59,51,16,0,29,0,0,11,0,0,0.379310345,NA,NA,"Ptarmagin",1,0,0,0,426.292991,"West","24A","Tussock Tundra (Low shrub or Herbaceous)","Low Shrub","Sandy Loam","Mesic",0,1048.270996,87,24.096361,-149.606886,68.069926,-1.41445570602025,0.243057872388276,"240-2-A-SAPU_2014",6.95162169138591,-7.78139429291089,316.392189025879,131.812442779541,6.70000012715658,-8.94166687317193,2.23333342870077,11.2000001271566,4.90000009536743,0.883333352704843,57.569998383522,297.639999389648,255.400001525879,1,"24A_2014",0.78
"4502","240-2-C-SAPU",2014,0.24225,3.0835876612807,7,2007,19,"240-2","SAPU",79,51,12,0,22,0,2,3,0,0.090909091,0.136363636,NA,"Hare","Ptarmagin",1,0,0,0,426.292991,"West","24A","Tussock Tundra (Low shrub or Herbaceous)","Low Shrub","Sandy Loam","Mesic",0,1048.270996,87,24.096361,-149.606886,68.069926,-0.403744335925264,0.66781483570729,"240-2-C-SAPU_2014",6.95162169138591,-7.78139429291089,316.392189025879,131.812442779541,6.70000012715658,-8.94166687317193,2.23333342870077,11.2000001271566,4.90000009536743,0.883333352704843,57.569998383522,297.639999389648,255.400001525879,1,"24A_2014",0.78
"4503","240-3-B-SAPU",2014,0.655,13.1777873766008,19,1995,19,"240-3","SAPU",122,81,25,0,57,1,3,7,0.01754386,0.052631579,0.122807018,"Moose","Hare","Ptarmagin",1,0,1,3,399.798137,"West","24A","Low Shrub","Low Shrub","Sandy Loam","Mesic",0,1034.808228,93,20.584356,-149.606025,68.07014,2.97687835670617,19.6264541297346,"240-3-B-SAPU_2014",6.95162169138591,-7.78139429291089,316.392189025879,131.812442779541,6.70000012715658,-8.94166687317193,2.23333342870077,11.2000001271566,4.90000009536743,0.883333352704843,57.569998383522,297.639999389648,255.400001525879,1,"24A_2014",0.78
"4504","240-3-D-SAPU",2014,0.31525,4.53324928044122,29,1985,19,"240-3","SAPU",167,110,47,0,149,7,11,21,0.046979866,0.073825503,0.140939597,"Moose","Hare","Ptarmagin",1,0,1,3,399.798137,"West","24A","Low Shrub","Low Shrub","Sandy Loam","Mesic",0,1034.808228,93,20.584356,-149.606025,68.07014,2.72633169039094,15.2767442805496,"240-3-D-SAPU_2014",6.95162169138591,-7.78139429291089,316.392189025879,131.812442779541,6.70000012715658,-8.94166687317193,2.23333342870077,11.2000001271566,4.90000009536743,0.883333352704843,57.569998383522,297.639999389648,255.400001525879,1,"24A_2014",0.78
"4505","240-4-B-SAPU",2014,0.153,0.658509236118955,23,1991,19,"240-4","SAPU",118,104,19,0,27,3,0,5,0.111111111,0,0.185185185,"Moose",NA,"Ptarmagin",1,0,2,0,431.079046,"West","24A","Low Shrub","Low Shrub","Sandy Loam","Mesic",0,1046.807861,94,24.616484,-149.606605,68.070368,0.349501361645291,1.41836012347491,"240-4-B-SAPU_2014",6.95162169138591,-7.78139429291089,316.392189025879,131.812442779541,6.70000012715658,-8.94166687317193,2.23333342870077,11.2000001271566,4.90000009536743,0.883333352704843,57.569998383522,297.639999389648,255.400001525879,1,"24A_2014",0.78
"4506","240-4-D-SAPU",2014,0.111333333333333,0.50366011797799,16,1998,19,"240-4","SAPU",77,61,11,0,15,0,1,2,0,0.066666667,0.133333333,NA,"Hare","Ptarmagin",1,0,2,0,431.079046,"West","24A","Low Shrub","Low Shrub","Sandy Loam","Mesic",0,1046.807861,94,24.616484,-149.606605,68.070368,-0.61935497315315,0.538291538131585,"240-4-D-SAPU_2014",6.95162169138591,-7.78139429291089,316.392189025879,131.812442779541,6.70000012715658,-8.94166687317193,2.23333342870077,11.2000001271566,4.90000009536743,0.883333352704843,57.569998383522,297.639999389648,255.400001525879,1,"24A_2014",0.78
"4507","255-1-C-SAGL",2014,0.41225,2.5465327898486,25,1989,20,"255-1","SAGL",69,56,17,0,31,0,0,20,0,0,0.64516129,NA,NA,"Ptarmagin",1,0,0,0,585.543915,"East","26B","Low Shrub","Low Shrub","Sandy Gravel","Mesic - Xeric",0,991.483582,331,1.701594,-149.392735,68.222633,1.86302278067237,6.44318369587234,"255-1-C-SAGL_2014",7.27118015289307,-8.19542799455424,317.684051513672,122.864593505859,4.800000111262,-10.5000002284845,0.466666658719381,9.20000012715658,2.40000009536743,0.758333352704843,47.5499991774559,314.599997520447,269.500003814697,1,"26B_2014",0.27
"4508","255-1-D-SAGL",2014,0.084,0.343985546012159,16,1998,20,"255-1","SAGL",42,37,10,0,21,0,0,8,0,0,0.380952381,NA,NA,"Ptarmagin",1,0,0,0,585.543915,"East","26B","Low Shrub","Low Shrub","Sandy Gravel","Mesic - Xeric",0,991.483582,331,1.701594,-149.392735,68.222633,-1.00065700555998,0.367637821714544,"255-1-D-SAGL_2014",7.27118015289307,-8.19542799455424,317.684051513672,122.864593505859,4.800000111262,-10.5000002284845,0.466666658719381,9.20000012715658,2.40000009536743,0.758333352704843,47.5499991774559,314.599997520447,269.500003814697,1,"26B_2014",0.27
"4509","255-2-A-SAPU",2014,0.02675,0.24641926281457,16,1998,20,"255-2","SAPU",51,48,12,0,26,0,0,5,0,0,0.192307692,NA,NA,"Ptarmagin",1,0,1,1,631.079496,"East","26B","Low Shrub","Low Shrub","Sandy Gravel","Mesic - Xeric",0,993.382141,286,2.676414,-149.39171,68.222788,-1.33422223903323,0.263362929227409,"255-2-A-SAPU_2014",7.27118015289307,-8.19542799455424,317.684051513672,122.864593505859,4.800000111262,-10.5000002284845,0.466666658719381,9.20000012715658,2.40000009536743,0.758333352704843,47.5499991774559,314.599997520447,269.500003814697,1,"26B_2014",0.27
"4510","255-2-D-SAPU",2014,0.23,2.42637767007354,11,2003,20,"255-2","SAPU",71,55,12,0,22,0,1,5,0,0.045454545,0.227272727,NA,"Hare","Ptarmagin",1,0,1,1,631.079496,"East","26B","Low Shrub","Low Shrub","Sandy Gravel","Mesic - Xeric",0,993.382141,286,2.676414,-149.39171,68.222788,0.229355816274714,1.25778950137268,"255-2-D-SAPU_2014",7.27118015289307,-8.19542799455424,317.684051513672,122.864593505859,4.800000111262,-10.5000002284845,0.466666658719381,9.20000012715658,2.40000009536743,0.758333352704843,47.5499991774559,314.599997520447,269.500003814697,1,"26B_2014",0.27
"4511","255-3-A-SAPU",2014,0.07375,0.375399705402191,18,1996,20,"255-3","SAPU",54,46,9,0,20,0,0,3,0,0,0.15,NA,NA,"Ptarmagin",1,0,1,0,600.399561,"East","26B","Tussock Tundra (Low shrub or Herbaceous)","Low Shrub","Sandy Gravel","Mesic - Xeric",0,990.277893,304,2.837043,-149.392647,68.223106,-0.685823358333426,0.50367535350278,"255-3-A-SAPU_2014",7.27118015289307,-8.19542799455424,317.684051513672,122.864593505859,4.800000111262,-10.5000002284845,0.466666658719381,9.20000012715658,2.40000009536743,0.758333352704843,47.5499991774559,314.599997520447,269.500003814697,1,"26B_2014",0.27
"4512","255-3-C-SAPU",2014,0.04,0.1392353864071,20,1994,20,"255-3","SAPU",48,42,12,0,11,0,0,3,0,0,0.272727273,NA,NA,"Ptarmagin",1,0,1,0,600.399561,"East","26B","Tussock Tundra (Low shrub or Herbaceous)","Low Shrub","Sandy Gravel","Mesic - Xeric",0,990.277893,304,2.837043,-149.392647,68.223106,-1.47419501503717,0.2289629646246,"255-3-C-SAPU_2014",7.27118015289307,-8.19542799455424,317.684051513672,122.864593505859,4.800000111262,-10.5000002284845,0.466666658719381,9.20000012715658,2.40000009536743,0.758333352704843,47.5499991774559,314.599997520447,269.500003814697,1,"26B_2014",0.27
"4513","255-4-A-SAPU",2014,0.062,0.310282540024451,28,1986,20,"255-4","SAPU",72,61,14,0,18,0,2,3,0,0.111111111,0.166666667,NA,"Hare","Ptarmagin",1,0,0,2,644.564014,"East","26B","Low Shrub","Low Shrub","Sandy Gravel","Mesic - Xeric",0,993.003235,239,7.430982,-149.391619,68.223199,-0.0231414536581203,0.977124256196632,"255-4-A-SAPU_2014",7.27118015289307,-8.19542799455424,317.684051513672,122.864593505859,4.800000111262,-10.5000002284845,0.466666658719381,9.20000012715658,2.40000009536743,0.758333352704843,47.5499991774559,314.599997520447,269.500003814697,1,"26B_2014",0.27
"4514","255-4-D-SAPU",2014,0.4215,2.74105529822036,6,2008,20,"255-4","SAPU",42,40,9,0,15,0,0,10,0,0,0.666666667,NA,NA,"Ptarmagin",1,0,0,2,644.564014,"East","26B","Low Shrub","Low Shrub","Sandy Gravel","Mesic - Xeric",0,993.003235,239,7.430982,-149.391619,68.223199,-0.819163853333518,0.440800073970616,"255-4-D-SAPU_2014",7.27118015289307,-8.19542799455424,317.684051513672,122.864593505859,4.800000111262,-10.5000002284845,0.466666658719381,9.20000012715658,2.40000009536743,0.758333352704843,47.5499991774559,314.599997520447,269.500003814697,1,"26B_2014",0.27
"4515","261-1-B-SAPU",2014,0.169,1.54553478026738,12,2002,21,"261-1","SAPU",65,51,10,0,19,0,0,5,0,0,0.263157895,NA,NA,"Ptarmagin",1,0,0,0,356.206777,"East","26B","Dwarf Shrub","Low Shrub","Sandy Loam","Mesic",0,883.832947,287,13.943512,-149.352299,68.301689,-0.0536525565555945,0.947761342768401,"261-1-B-SAPU_2014",7.49616543451945,-8.33209023873011,338.85083770752,139.178262472153,4.800000111262,-10.5000002284845,0.466666658719381,9.20000012715658,2.40000009536743,0.758333352704843,47.5499991774559,314.599997520447,269.500003814697,1,"26B_2014",0.27
"4516","261-1-C-SAPU",2014,0.0195,0.0923204125147161,16,1998,21,"261-1","SAPU",69,41,17,0,31,0,0,3,0,0,0.096774194,NA,NA,"Ptarmagin",1,0,0,0,356.206777,"East","26B","Dwarf Shrub","Low Shrub","Sandy Loam","Mesic",0,883.832947,287,13.943512,-149.352299,68.301689,-2.31599137358066,0.098668318335383,"261-1-C-SAPU_2014",7.49616543451945,-8.33209023873011,338.85083770752,139.178262472153,4.800000111262,-10.5000002284845,0.466666658719381,9.20000012715658,2.40000009536743,0.758333352704843,47.5499991774559,314.599997520447,269.500003814697,1,"26B_2014",0.27
"4517","261-2-C-SAPU",2014,0.02175,0.0930137227434516,45,1969,21,"261-2","SAPU",91,67,27,0,29,0,0,3,0,0,0.103448276,NA,NA,"Ptarmagin",1,0,0,1,388.99561,"East","26B","Dwarf Shrub-Lichen","Low Shrub","Sandy Loam","Mesic",0,888.892761,295,13.025289,-149.351465,68.301786,-0.311687655950294,0.732210194012489,"261-2-C-SAPU_2014",7.49616543451945,-8.33209023873011,338.85083770752,139.178262472153,4.800000111262,-10.5000002284845,0.466666658719381,9.20000012715658,2.40000009536743,0.758333352704843,47.5499991774559,314.599997520447,269.500003814697,1,"26B_2014",0.27
"4518","261-2-D-SAPU",2014,0.193333333333333,1.34310764896093,24,1990,21,"261-2","SAPU",122,71,29,0,41,2,0,11,0.048780488,0,0.268292683,"Moose",NA,"Ptarmagin",1,0,0,1,388.99561,"East","26B","Dwarf Shrub-Lichen","Low Shrub","Sandy Loam","Mesic",0,888.892761,295,13.025289,-149.351465,68.301786,1.1444478286226,3.14070666963315,"261-2-D-SAPU_2014",7.49616543451945,-8.33209023873011,338.85083770752,139.178262472153,4.800000111262,-10.5000002284845,0.466666658719381,9.20000012715658,2.40000009536743,0.758333352704843,47.5499991774559,314.599997520447,269.500003814697,1,"26B_2014",0.27
"4519","261-3-A-SAPU",2014,0.15275,1.12543453109451,12,2002,21,"261-3","SAPU",41,18,7,0,8,0,0,0,0,0,0,NA,NA,NA,0,0,0,1,380.53651,"East","26B","Tussock Tundra (Low shrub or Herbaceous)","Low Shrub","Sandy Loam","Mesic",0,884.224731,295,11.657486,-149.351558,68.302088,-0.370853332166525,0.690145156230987,"261-3-A-SAPU_2014",7.49616543451945,-8.33209023873011,338.85083770752,139.178262472153,4.800000111262,-10.5000002284845,0.466666658719381,9.20000012715658,2.40000009536743,0.758333352704843,47.5499991774559,314.599997520447,269.500003814697,1,"26B_2014",0.27
"4520","261-3-D-SAPU",2014,0.1195,0.561441091706503,7,2007,21,"261-3","SAPU",41,23,8,0,10,0,0,0,0,0,0,NA,NA,NA,0,0,0,1,380.53651,"East","26B","Tussock Tundra (Low shrub or Herbaceous)","Low Shrub","Sandy Loam","Mesic",0,884.224731,295,11.657486,-149.351558,68.302088,-2.1070865027928,0.121591707972258,"261-3-D-SAPU_2014",7.49616543451945,-8.33209023873011,338.85083770752,139.178262472153,4.800000111262,-10.5000002284845,0.466666658719381,9.20000012715658,2.40000009536743,0.758333352704843,47.5499991774559,314.599997520447,269.500003814697,1,"26B_2014",0.27
"4521","261-4-A-SAPU",2014,0.0575,0.158693625905272,18,1996,21,"261-4","SAPU",41,27,9,0,9,0,0,0,0,0,0,NA,NA,NA,0,0,0,0,405.679111,"East","26B","Low Shrub","Low Shrub","Sandy Loam","Mesic",0,886.626587,308,9.946874,-149.350886,68.302265,-1.54683923543072,0.212919901044784,"261-4-A-SAPU_2014",7.49616543451945,-8.33209023873011,338.85083770752,139.178262472153,4.800000111262,-10.5000002284845,0.466666658719381,9.20000012715658,2.40000009536743,0.758333352704843,47.5499991774559,314.599997520447,269.500003814697,1,"26B_2014",0.27
"4522","261-4-B-SAPU",2014,0.084,0.549690749783914,8,2006,21,"261-4","SAPU",47,33,11,0,11,0,0,3,0,0,0.272727273,NA,NA,"Ptarmagin",1,0,0,0,405.679111,"East","26B","Low Shrub","Low Shrub","Sandy Loam","Mesic",0,886.626587,308,9.946874,-149.350886,68.302265,-1.87038509948312,0.154064320299557,"261-4-B-SAPU_2014",7.49616543451945,-8.33209023873011,338.85083770752,139.178262472153,4.800000111262,-10.5000002284845,0.466666658719381,9.20000012715658,2.40000009536743,0.758333352704843,47.5499991774559,314.599997520447,269.500003814697,1,"26B_2014",0.27
"4523","268-1-C-SAPU",2014,0.03225,0.270084094875899,17,1997,22,"268-1","SAPU",61,49,10,0,21,0,0,5,0,0,0.238095238,NA,NA,"Ptarmagin",1,0,1,2,212.091228,"West","26B","Low Shrub","Low Shrub","Sandy Gravel","Mesic",0,818.738892,195,1.432166,-149.327109,68.400098,-1.12545563163146,0.324504579118829,"268-1-C-SAPU_2014",8.52881940205892,-7.72838523983955,341.954864501953,145.135406494141,4.800000111262,-10.5000002284845,0.466666658719381,9.20000012715658,2.40000009536743,0.758333352704843,47.5499991774559,314.599997520447,269.500003814697,1,"26B_2014",0.27
"4524","268-1-D-SAPU",2014,0.031,0.119431826374532,18,1996,22,"268-1","SAPU",75,52,13,0,37,0,0,6,0,0,0.162162162,NA,NA,"Ptarmagin",1,0,1,2,212.091228,"West","26B","Low Shrub","Low Shrub","Sandy Gravel","Mesic",0,818.738892,195,1.432166,-149.327109,68.400098,-1.83106897973824,0.160242180542543,"268-1-D-SAPU_2014",8.52881940205892,-7.72838523983955,341.954864501953,145.135406494141,4.800000111262,-10.5000002284845,0.466666658719381,9.20000012715658,2.40000009536743,0.758333352704843,47.5499991774559,314.599997520447,269.500003814697,1,"26B_2014",0.27
"4525","268-2-A-SAPU",2014,0.1165,0.687339631900951,9,2005,22,"268-2","SAPU",54,44,12,17,24,0,0,12,0,0,0.5,NA,NA,"Ptarmagin",1,0,0,4,184.615387,"West","26B","Low Shrub","Low Shrub","Sandy Gravel","Mesic",0,819.441162,203,1.359031,-149.326454,68.400307,-1.41947045989777,0.241842048058081,"268-2-A-SAPU_2014",8.52881940205892,-7.72838523983955,341.954864501953,145.135406494141,4.800000111262,-10.5000002284845,0.466666658719381,9.20000012715658,2.40000009536743,0.758333352704843,47.5499991774559,314.599997520447,269.500003814697,1,"26B_2014",0.27
"4526","268-2-B-SAPU",2014,0.17875,1.33272152676734,8,2006,22,"268-2","SAPU",54,46,9,0,18,0,0,6,0,0,0.333333333,NA,NA,"Ptarmagin",1,0,0,4,184.615387,"West","26B","Low Shrub","Low Shrub","Sandy Gravel","Mesic",0,819.441162,203,1.359031,-149.326454,68.400307,-0.984762555251378,0.373527908648113,"268-2-B-SAPU_2014",8.52881940205892,-7.72838523983955,341.954864501953,145.135406494141,4.800000111262,-10.5000002284845,0.466666658719381,9.20000012715658,2.40000009536743,0.758333352704843,47.5499991774559,314.599997520447,269.500003814697,1,"26B_2014",0.27
"4527","268-3-B-SAPU",2014,0.02675,0.150784470050317,36,1978,22,"268-3","SAPU",106,41,14,0,42,0,0,4,0,0,0.095238095,NA,NA,"Ptarmagin",1,0,0,0,206.549982,"West","26B","Low Shrub","Low Shrub","Sandy Gravel","Mesic",0,819.661011,150,1.610195,-149.326989,68.400547,-0.259478929398437,0.771453462811271,"268-3-B-SAPU_2014",8.52881940205892,-7.72838523983955,341.954864501953,145.135406494141,4.800000111262,-10.5000002284845,0.466666658719381,9.20000012715658,2.40000009536743,0.758333352704843,47.5499991774559,314.599997520447,269.500003814697,1,"26B_2014",0.27
"4528","268-3-D-SAPU",2014,0.061,0.419014632561518,9,2005,22,"268-3","SAPU",54,49,10,0,24,0,1,12,0,0.041666667,0.5,NA,"Hare","Ptarmagin",1,0,0,0,206.549982,"West","26B","Low Shrub","Low Shrub","Sandy Gravel","Mesic",0,819.661011,150,1.610195,-149.326989,68.400547,-1.91439315764545,0.147431272986139,"268-3-D-SAPU_2014",8.52881940205892,-7.72838523983955,341.954864501953,145.135406494141,4.800000111262,-10.5000002284845,0.466666658719381,9.20000012715658,2.40000009536743,0.758333352704843,47.5499991774559,314.599997520447,269.500003814697,1,"26B_2014",0.27
"4529","268-4-C-SAPU",2014,0.207,1.72267034044739,15,1999,22,"268-4","SAPU",81,62,16,0,39,3,0,11,0.076923077,0,0.282051282,"Moose",NA,"Ptarmagin",1,0,0,5,171.881056,"West","26B","Dwarf Shrub-Lichen","Low Shrub","Sandy Gravel","Mesic",0,820.486511,188,1.085947,-149.326166,68.400831,0.485748768631664,1.62539159555733,"268-4-C-SAPU_2014",8.52881940205892,-7.72838523983955,341.954864501953,145.135406494141,4.800000111262,-10.5000002284845,0.466666658719381,9.20000012715658,2.40000009536743,0.758333352704843,47.5499991774559,314.599997520447,269.500003814697,1,"26B_2014",0.27
"4530","268-4-D-SAPU",2014,0.23375,1.22874659090597,10,2004,22,"268-4","SAPU",53,49,15,0,33,0,0,13,0,0,0.393939394,NA,NA,"Ptarmagin",1,0,0,5,171.881056,"West","26B","Dwarf Shrub-Lichen","Low Shrub","Sandy Gravel","Mesic",0,820.486511,188,1.085947,-149.326166,68.400831,-0.635095348119343,0.5298849623742,"268-4-D-SAPU_2014",8.52881940205892,-7.72838523983955,341.954864501953,145.135406494141,4.800000111262,-10.5000002284845,0.466666658719381,9.20000012715658,2.40000009536743,0.758333352704843,47.5499991774559,314.599997520447,269.500003814697,1,"26B_2014",0.27
"4531","282-1-C-SAPU",2014,0.11575,0.633368837258145,7,2007,23,"282-1","SAPU",44,23,8,0,8,0,0,0,0,0,0,NA,NA,NA,0,0,0,0,577.316923,"West","26B","Tussock Tundra (Low shrub or Herbaceous)","Tussock Tundra","Clay Loam","Mesic",0,826.622314,26,2.82316,-149.530032,68.582817,-1.9865404253578,0.137169152447572,"282-1-C-SAPU_2014",9,-7.42500003178914,303,168,9.16666698455811,-6.97499988476435,4.66666674613953,13.7000001271566,27.1000006198883,1.02500002086163,77.8299977779388,274.799997806549,190.800006866455,1,"26B_2014",0.27
"4532","282-1-D-SAPU",2014,0.111333333333333,0.441985075644494,23,1991,23,"282-1","SAPU",49,22,10,0,8,0,0,0,0,0,0,NA,NA,NA,0,0,0,0,577.316923,"West","26B","Tussock Tundra (Low shrub or Herbaceous)","Tussock Tundra","Clay Loam","Mesic",0,826.622314,26,2.82316,-149.530032,68.582817,-0.0492010694391386,0.951989694419335,"282-1-D-SAPU_2014",9,-7.42500003178914,303,168,9.16666698455811,-6.97499988476435,4.66666674613953,13.7000001271566,27.1000006198883,1.02500002086163,77.8299977779388,274.799997806549,190.800006866455,1,"26B_2014",0.27
"4533","282-2-B-SAPU",2014,0.0595,0.319080570250827,24,1990,23,"282-2","SAPU",68,29,11,0,18,0,0,0,0,0,0,NA,NA,NA,0,0,0,0,604.079816,"West","26B","Low Shrub","Low Shrub-Tussock Tundra","Clay Loam","Mesic",0,826.41803,354,3.355184,-149.530916,68.583004,-0.292849878067716,0.746134143389329,"282-2-B-SAPU_2014",9,-7.42500003178914,303,168,9.16666698455811,-6.97499988476435,4.66666674613953,13.7000001271566,27.1000006198883,1.02500002086163,77.8299977779388,274.799997806549,190.800006866455,1,"26B_2014",0.27
"4534","282-2-D-SAPU",2014,0.04175,0.0867961181829195,17,1997,23,"282-2","SAPU",41,22,7,0,4,0,0,0,0,0,0,NA,NA,NA,0,0,0,0,604.079816,"West","26B","Low Shrub","Low Shrub-Tussock Tundra","Clay Loam","Mesic",0,826.41803,354,3.355184,-149.530916,68.583004,-2.26062710536745,0.104285066519886,"282-2-D-SAPU_2014",9,-7.42500003178914,303,168,9.16666698455811,-6.97499988476435,4.66666674613953,13.7000001271566,27.1000006198883,1.02500002086163,77.8299977779388,274.799997806549,190.800006866455,1,"26B_2014",0.27
"4535","282-3-A-SAPU",2014,0.3195,2.40746763849342,7,2007,23,"282-3","SAPU",37,21,9,0,9,0,0,0,0,0,0,NA,NA,NA,0,0,0,0,571.732475,"West","26B","Low Shrub","Low Shrub-Tussock Tundra","Clay Loam","Mesic",0,823.876221,27,3.830761,-149.53038,68.583298,-0.651262657474662,0.521387027733585,"282-3-A-SAPU_2014",9,-7.42500003178914,303,168,9.16666698455811,-6.97499988476435,4.66666674613953,13.7000001271566,27.1000006198883,1.02500002086163,77.8299977779388,274.799997806549,190.800006866455,1,"26B_2014",0.27
"4536","282-3-D-SAPU",2014,0.0603333333333333,0.225745405150597,35,1979,23,"282-3","SAPU",49,26,10,0,9,0,0,0,0,0,0,NA,NA,NA,0,0,0,0,571.732475,"West","26B","Low Shrub","Low Shrub-Tussock Tundra","Clay Loam","Mesic",0,823.876221,27,3.830761,-149.53038,68.583298,0.0896787842207287,1.09382287410219,"282-3-D-SAPU_2014",9,-7.42500003178914,303,168,9.16666698455811,-6.97499988476435,4.66666674613953,13.7000001271566,27.1000006198883,1.02500002086163,77.8299977779388,274.799997806549,190.800006866455,1,"26B_2014",0.27
"4537","282-4-C-SAPU",2014,0.04775,0.233979734003602,20,1994,23,"282-4","SAPU",45,23,12,0,10,0,0,0,0,0,0,NA,NA,NA,0,0,0,0,597.547448,"West","26B","Tussock Tundra (Low shrub or Herbaceous)","Low Shrub-Tussock Tundra","Clay Loam","Mesic",0,823.620117,358,4.137664,-149.531178,68.583423,-0.9551264385407,0.384763492542787,"282-4-C-SAPU_2014",9,-7.42500003178914,303,168,9.16666698455811,-6.97499988476435,4.66666674613953,13.7000001271566,27.1000006198883,1.02500002086163,77.8299977779388,274.799997806549,190.800006866455,1,"26B_2014",0.27
"4538","282-4-D-SAPU",2014,0.03825,0.142246406616024,37,1977,23,"282-4","SAPU",59,31,18,0,12,0,0,0,0,0,0,NA,NA,NA,0,0,0,0,597.547448,"West","26B","Tussock Tundra (Low shrub or Herbaceous)","Low Shrub-Tussock Tundra","Clay Loam","Mesic",0,823.620117,358,4.137664,-149.531178,68.583423,-0.264861489337737,0.76731222353992,"282-4-D-SAPU_2014",9,-7.42500003178914,303,168,9.16666698455811,-6.97499988476435,4.66666674613953,13.7000001271566,27.1000006198883,1.02500002086163,77.8299977779388,274.799997806549,190.800006866455,1,"26B_2014",0.27
"4539","60-1-B-SAPU",2014,0.25825,2.5736981415242,15,1999,1,"60-1","SAPU",98,NA,10,10,41,0,1,0,0,0.024390244,0,NA,"Hare",NA,1,0,1,0,1438.56091,"West","20F","Low Shrub","Low Shrub-Tussock Tundra","Silt Loam","Mesic",0,110.943649,215,1.507567,-149.840126,65.909691,0.887216988370995,2.42836207863689,"60-1-B-SAPU_2014",13.8924773534139,-4.05983783801397,214.677032470703,58.2708146572113,13.3333333333333,-2.32500004768372,8.23333342870077,18.5000006357829,62.2000007629395,1.08333335754772,100.709996461868,240.16999793984,299.900016784668,1,"20F_2014",0.375
"4540","60-2-C-SAPU",2014,0.28975,1.51902386161144,9,2005,1,"60-2","SAPU",76,NA,8,17,12,3,0,0,0.25,0,0,"Moose",NA,NA,1,0,2,0,1432.670461,"West","20F","Low Shrub","Low Shrub","Silt Loam","Mesic",0,110.927505,264,1.953402,-149.84073,65.909949,-0.626475788303311,0.534472078563548,"60-2-C-SAPU_2014",13.8924773534139,-4.05983783801397,214.677032470703,58.2708146572113,13.3333333333333,-2.32500004768372,8.23333342870077,18.5000006357829,62.2000007629395,1.08333335754772,100.709996461868,240.16999793984,299.900016784668,1,"20F_2014",0.375
"4541","60-2-D-SAPU",2014,0.08625,0.307203582874393,20,1994,1,"60-2","SAPU",84,NA,16,7,26,2,1,0,0.076923077,0.038461538,0,"Moose","Hare",NA,1,0,2,0,1432.670461,"West","20F","Low Shrub","Low Shrub","Silt Loam","Mesic",0,110.927505,264,1.953402,-149.84073,65.909949,-0.682850279117515,0.505175048479153,"60-2-D-SAPU_2014",13.8924773534139,-4.05983783801397,214.677032470703,58.2708146572113,13.3333333333333,-2.32500004768372,8.23333342870077,18.5000006357829,62.2000007629395,1.08333335754772,100.709996461868,240.16999793984,299.900016784668,1,"20F_2014",0.375
"4542","60-3-A-SAPU",2014,0.134333333333333,0.942090651638227,12,2002,1,"60-3","SAPU",139,NA,17,32,54,2,2,0,0.037037037,0.037037037,0,"Moose","Hare",NA,1,0,3,0,1403.187226,"West","20F","Low Shrub","Black Spruce Woodland","Silt Loam","Mesic",0,111.24585,78,1.323723,-149.840194,65.910114,-0.548676318983705,0.577714013560881,"60-3-A-SAPU_2014",13.8924773534139,-4.05983783801397,214.677032470703,58.2708146572113,13.3333333333333,-2.32500004768372,8.23333342870077,18.5000006357829,62.2000007629395,1.08333335754772,100.709996461868,240.16999793984,299.900016784668,1,"20F_2014",0.375
"4543","60-3-B-SAPU",2014,0.021,0.0482265888252567,20,1994,1,"60-3","SAPU",81,NA,8,22,16,0,0,0,0,0,0,NA,NA,NA,0,0,3,0,1403.187226,"West","20F","Low Shrub","Black Spruce Woodland","Silt Loam","Mesic",0,111.24585,78,1.323723,-149.840194,65.910114,-2.53445043898514,0.0793052903870086,"60-3-B-SAPU_2014",13.8924773534139,-4.05983783801397,214.677032470703,58.2708146572113,13.3333333333333,-2.32500004768372,8.23333342870077,18.5000006357829,62.2000007629395,1.08333335754772,100.709996461868,240.16999793984,299.900016784668,1,"20F_2014",0.375
"4544","60-4-A-SAPU",2014,0.11225,0.478096798451716,13,2001,1,"60-4","SAPU",88,NA,10,8,23,1,2,0,0.043478261,0.086956522,0,"Moose","Hare",NA,1,0,1,0,1406.241796,"West","20F","Tall Shrub (Open-Closed)","Black Spruce Woodland","Silt Loam","Mesic",0,110.670654,252,1.181915,-149.840942,65.910317,-1.07240016014741,0.342186229251373,"60-4-A-SAPU_2014",13.8924773534139,-4.05983783801397,214.677032470703,58.2708146572113,13.3333333333333,-2.32500004768372,8.23333342870077,18.5000006357829,62.2000007629395,1.08333335754772,100.709996461868,240.16999793984,299.900016784668,1,"20F_2014",0.375
"4545","60-4-D-SAPU",2014,0.06925,0.26579817709824,19,1995,1,"60-4","SAPU",103,NA,15,13,35,1,4,0,0.028571429,0.114285714,0,"Moose","Hare",NA,1,0,1,0,1406.241796,"West","20F","Tall Shrub (Open-Closed)","Black Spruce Woodland","Silt Loam","Mesic",0,110.670654,252,1.181915,-149.840942,65.910317,-0.926672271827977,0.395868864893714,"60-4-D-SAPU_2014",13.8924773534139,-4.05983783801397,214.677032470703,58.2708146572113,13.3333333333333,-2.32500004768372,8.23333342870077,18.5000006357829,62.2000007629395,1.08333335754772,100.709996461868,240.16999793984,299.900016784668,1,"20F_2014",0.375
"4546","72-1-A-SAPU",2014,0.04975,0.234714866684543,14,2000,2,"72-1","SAPU",91,87,15,19,15,0,6,0,0,0.4,0,NA,"Hare",NA,1,0,0,0,895.937772,"West","20F","Tussock Tundra (Low shrub or Herbaceous)","Black Spruce Woodland","Clay Loam","Mesic",0,130.808105,148,1.606934,-150.14017,66.022623,-1.64073761308894,0.193837012829392,"72-1-A-SAPU_2014",14.1639426549276,-3.79679191112518,206.621545791626,57.1449227333069,11.9333337148031,-3.85000006357829,6.90000009536743,17.0333334604899,51.5000016689301,1.1750000094374,103.169996738434,253.249997973442,321.300003051758,1,"20F_2014",0.375
"4547","72-1-C-SAGL",2014,0.32025,2.29867565934639,8,2006,2,"72-1","SAGL",112,103,13,11,16,1,0,0,0.0625,0,0,"Moose",NA,NA,1,0,0,0,895.937772,"West","20F","Tussock Tundra (Low shrub or Herbaceous)","Black Spruce Woodland","Clay Loam","Mesic",0,130.808105,148,1.606934,-150.14017,66.022623,-0.439652510658249,0.644260255762998,"72-1-C-SAGL_2014",14.1639426549276,-3.79679191112518,206.621545791626,57.1449227333069,11.9333337148031,-3.85000006357829,6.90000009536743,17.0333334604899,51.5000016689301,1.1750000094374,103.169996738434,253.249997973442,321.300003051758,1,"20F_2014",0.375
"4548","72-1-D-SAPU",2014,0.011,0.0140649103101211,38,1976,2,"72-1","SAPU",68,54,18,0,8,0,1,0,0,0.125,0,NA,"Hare",NA,1,0,0,0,895.937772,"West","20F","Tussock Tundra (Low shrub or Herbaceous)","Black Spruce Woodland","Clay Loam","Mesic",0,130.808105,148,1.606934,-150.14017,66.022623,-2.5272421929942,0.0798790076920966,"72-1-D-SAPU_2014",14.1639426549276,-3.79679191112518,206.621545791626,57.1449227333069,11.9333337148031,-3.85000006357829,6.90000009536743,17.0333334604899,51.5000016689301,1.1750000094374,103.169996738434,253.249997973442,321.300003051758,1,"20F_2014",0.375
"4549","72-2-A-SAGL",2014,0.1145,0.502698021473352,24,1990,2,"72-2","SAGL",129,121,17,0,12,0,0,0,0,0,0,NA,NA,NA,0,0,0,0,855.94066,"West","20F","Tussock Tundra (Low shrub or Herbaceous)","Black Spruce Woodland","Clay Loam","Mesic",0,131.055786,179,2.125059,-150.13956,66.022889,0.161696114609807,1.17550296886044,"72-2-A-SAGL_2014",14.1639426549276,-3.79679191112518,206.621545791626,57.1449227333069,11.9333337148031,-3.85000006357829,6.90000009536743,17.0333334604899,51.5000016689301,1.1750000094374,103.169996738434,253.249997973442,321.300003051758,1,"20F_2014",0.375
"4550","72-2-C-SAPU",2014,0.301,2.32811493505455,17,1997,2,"72-2","SAPU",97,84,22,5,22,0,0,0,0,0,0,NA,NA,NA,0,0,0,0,855.94066,"West","20F","Tussock Tundra (Low shrub or Herbaceous)","Black Spruce Woodland","Clay Loam","Mesic",0,131.055786,179,2.125059,-150.13956,66.022889,1.02862517372175,2.7972175017832,"72-2-C-SAPU_2014",14.1639426549276,-3.79679191112518,206.621545791626,57.1449227333069,11.9333337148031,-3.85000006357829,6.90000009536743,17.0333334604899,51.5000016689301,1.1750000094374,103.169996738434,253.249997973442,321.300003051758,1,"20F_2014",0.375
"4551","72-2-D-SAPU",2014,0.176,1.2164246680977,25,1989,2,"72-2","SAPU",79,60,21,0,11,0,0,0,0,0,0,NA,NA,NA,0,0,0,0,855.94066,"West","20F","Tussock Tundra (Low shrub or Herbaceous)","Black Spruce Woodland","Clay Loam","Mesic",0,131.055786,179,2.125059,-150.13956,66.022889,1.12420599318413,3.07777210644516,"72-2-D-SAPU_2014",14.1639426549276,-3.79679191112518,206.621545791626,57.1449227333069,11.9333337148031,-3.85000006357829,6.90000009536743,17.0333334604899,51.5000016689301,1.1750000094374,103.169996738434,253.249997973442,321.300003051758,1,"20F_2014",0.375
"4552","72-3-A-SAGL",2014,0.2805,2.80491288129355,9,2005,2,"72-3","SAGL",122,114,14,7,15,0,1,0,0,0.066666667,0,NA,"Hare",NA,1,0,1,0,885.368743,"West","20F","Tussock Tundra (Low shrub or Herbaceous)","Black Spruce Woodland","Clay Loam","Mesic",0,132.401993,119,2.284806,-150.140609,66.023021,-0.013171240426888,0.98691512078308,"72-3-A-SAGL_2014",14.1639426549276,-3.79679191112518,206.621545791626,57.1449227333069,11.9333337148031,-3.85000006357829,6.90000009536743,17.0333334604899,51.5000016689301,1.1750000094374,103.169996738434,253.249997973442,321.300003051758,1,"20F_2014",0.375
"4553","72-3-B-SAPU",2014,0.15725,0.931342617265832,26,1988,2,"72-3","SAPU",75,59,20,4,12,0,0,0,0,0,0,NA,NA,NA,0,0,1,0,885.368743,"West","20F","Tussock Tundra (Low shrub or Herbaceous)","Black Spruce Woodland","Clay Loam","Mesic",0,132.401993,119,2.284806,-150.140609,66.023021,0.932898141982919,2.54186519932052,"72-3-B-SAPU_2014",14.1639426549276,-3.79679191112518,206.621545791626,57.1449227333069,11.9333337148031,-3.85000006357829,6.90000009536743,17.0333334604899,51.5000016689301,1.1750000094374,103.169996738434,253.249997973442,321.300003051758,1,"20F_2014",0.375
"4554","72-3-D-SAGL",2014,0.16025,0.838353830914064,27,1987,2,"72-3","SAGL",128,109,19,9,10,0,2,0,0,0.2,0,NA,"Hare",NA,1,0,1,0,885.368743,"West","20F","Tussock Tundra (Low shrub or Herbaceous)","Black Spruce Woodland","Clay Loam","Mesic",0,132.401993,119,2.284806,-150.140609,66.023021,0.900588670596002,2.46105143343687,"72-3-D-SAGL_2014",14.1639426549276,-3.79679191112518,206.621545791626,57.1449227333069,11.9333337148031,-3.85000006357829,6.90000009536743,17.0333334604899,51.5000016689301,1.1750000094374,103.169996738434,253.249997973442,321.300003051758,1,"20F_2014",0.375
"4555","72-4-B-SAPU",2014,0.0533333333333333,0.146328395900185,43,1971,2,"72-4","SAPU",111,93,14,0,13,0,0,0,0,0,0,NA,NA,NA,0,0,0,0,844.255779,"West","20F","Tussock Tundra (Low shrub or Herbaceous)","Low Shrub-Tussock Tundra","Clay Loam","Mesic",0,132.260803,156,1.029158,-150.139994,66.023305,0.0536297225871301,1.05509385239464,"72-4-B-SAPU_2014",14.1639426549276,-3.79679191112518,206.621545791626,57.1449227333069,11.9333337148031,-3.85000006357829,6.90000009536743,17.0333334604899,51.5000016689301,1.1750000094374,103.169996738434,253.249997973442,321.300003051758,1,"20F_2014",0.375
"4556","86-1-A-SABE",2014,0.2955,2.83283142980785,8,2006,3,"86-1","SABE",129,NA,19,19,52,1,0,0,0.019230769,0,0,"Moose",NA,NA,1,1,0,0,1072.088921,"West","20F","Tall Shrub (Open-Closed)","Tall Shrub","Gravely Sand Loam","Mesic - Xeric",0,572.239319,57,8.372539,-150.2773,66.212913,-0.2307089507567,0.793970516928173,"86-1-A-SABE_2014",11.9666668574015,-4.52499989668528,447,131,11.9333337148031,-3.85000006357829,6.90000009536743,17.0333334604899,51.5000016689301,1.1750000094374,103.169996738434,253.249997973442,321.300003051758,1,"20F_2014",0.375
"4557","86-1-D-SABE",2014,0.391666666666667,11.5043640136582,8,2006,3,"86-1","SABE",76,NA,8,0,10,2,0,0,0.2,0,0,"Moose",NA,NA,1,1,0,0,1072.088921,"West","20F","Tall Shrub (Open-Closed)","Tall Shrub","Gravely Sand Loam","Mesic - Xeric",0,572.239319,57,8.372539,-150.2773,66.212913,1.1707407753611,3.22438029553832,"86-1-D-SABE_2014",11.9666668574015,-4.52499989668528,447,131,11.9333337148031,-3.85000006357829,6.90000009536743,17.0333334604899,51.5000016689301,1.1750000094374,103.169996738434,253.249997973442,321.300003051758,1,"20F_2014",0.375
"4558","86-2-C-SABE",2014,0.27425,1.57777164423357,6,2008,3,"86-2","SABE",47,NA,7,22,18,0,0,0,0,0,0,NA,NA,NA,0,0,0,0,1091.215231,"West","20F","Low Shrub","Tall Shrub","Gravely Sand Loam","Mesic - Xeric",0,576.231995,67,9.004415,-150.278061,66.212989,-1.37149334511412,0.253727773364676,"86-2-C-SABE_2014",11.9666668574015,-4.52499989668528,447,131,11.9333337148031,-3.85000006357829,6.90000009536743,17.0333334604899,51.5000016689301,1.1750000094374,103.169996738434,253.249997973442,321.300003051758,1,"20F_2014",0.375
"4559","86-2-D-SABE",2014,0.6135,18.8660327896087,10,2004,3,"86-2","SABE",144,NA,31,15,91,0,0,0,0,0,0,NA,NA,NA,0,0,0,0,1091.215231,"West","20F","Low Shrub","Tall Shrub","Gravely Sand Loam","Mesic - Xeric",0,576.231995,67,9.004415,-150.278061,66.212989,2.09627313209867,8.13579231784597,"86-2-D-SABE_2014",11.9666668574015,-4.52499989668528,447,131,11.9333337148031,-3.85000006357829,6.90000009536743,17.0333334604899,51.5000016689301,1.1750000094374,103.169996738434,253.249997973442,321.300003051758,1,"20F_2014",0.375
"4560","86-3-C-SABE",2014,0.49575,9.1402527498631,8,2006,3,"86-3","SABE",122,NA,15,7,21,1,0,0,0.047619048,0,0,"Moose",NA,NA,1,0,0,1,1057.338847,"West","20F","Tall Shrub (Open-Closed)","Tall Shrub","Gravely Sand Loam","Mesic - Xeric",0,571.701965,63,9.459789,-150.277761,66.213303,0.940702370769076,2.56178010604578,"86-3-C-SABE_2014",11.9666668574015,-4.52499989668528,447,131,11.9333337148031,-3.85000006357829,6.90000009536743,17.0333334604899,51.5000016689301,1.1750000094374,103.169996738434,253.249997973442,321.300003051758,1,"20F_2014",0.375
"4561","86-3-D-SABE",2014,0.527,4.96603017566124,9,2005,3,"86-3","SABE",120,NA,16,0,19,5,0,0,0.263157895,0,0,"Moose",NA,NA,1,0,0,1,1057.338847,"West","20F","Tall Shrub (Open-Closed)","Tall Shrub","Gravely Sand Loam","Mesic - Xeric",0,571.701965,63,9.459789,-150.277761,66.213303,0.558077042962779,1.74730926700472,"86-3-D-SABE_2014",11.9666668574015,-4.52499989668528,447,131,11.9333337148031,-3.85000006357829,6.90000009536743,17.0333334604899,51.5000016689301,1.1750000094374,103.169996738434,253.249997973442,321.300003051758,1,"20F_2014",0.375
"4562","86-4-A-SABE",2014,0.335333333333333,4.63320822957626,9,2005,3,"86-4","SABE",104,NA,19,18,32,3,0,0,0.09375,0,0,"Moose",NA,NA,1,2,0,0,1074.730943,"West","20F","Low Shrub","Tall Shrub","Gravely Sand Loam","Mesic - Xeric",0,575.689697,64,9.57597,-150.278532,66.213405,0.488705829736272,1.63020509121719,"86-4-A-SABE_2014",11.9666668574015,-4.52499989668528,447,131,11.9333337148031,-3.85000006357829,6.90000009536743,17.0333334604899,51.5000016689301,1.1750000094374,103.169996738434,253.249997973442,321.300003051758,1,"20F_2014",0.375
"4563","86-4-D-SABE",2014,0.29175,4.61877324994899,7,2007,3,"86-4","SABE",123,NA,12,21,19,3,0,0,0.157894737,0,0,"Moose",NA,NA,1,2,0,0,1074.730943,"West","20F","Low Shrub","Tall Shrub","Gravely Sand Loam","Mesic - Xeric",0,575.689697,64,9.57597,-150.278532,66.213405,0.000291059400664651,1.00029110176256,"86-4-D-SABE_2014",11.9666668574015,-4.52499989668528,447,131,11.9333337148031,-3.85000006357829,6.90000009536743,17.0333334604899,51.5000016689301,1.1750000094374,103.169996738434,253.249997973442,321.300003051758,1,"20F_2014",0.375
"4564","97-1-B-SAPU",2014,0.224666666666667,4.14546419647137,10,2004,4,"97-1","SAPU",161,144,25,14,28,0,0,4,0,0,0.142857143,NA,NA,"Ptarmagin",1,0,0,0,926.812684,"East","24A","Tussock Tundra (Low shrub or Herbaceous)","Low Shrub","Gravely Sand Loam","Mesic",2004,556.594971,67,6.396444,-150.432109,66.348765,0.580924805661408,1.78769093320636,"97-1-B-SAPU_2014",11.6378472646077,-4.52123838663101,461.368103027344,133.729187011719,11.9333337148031,-3.85000006357829,6.90000009536743,17.0333334604899,51.5000016689301,1.1750000094374,103.169996738434,253.249997973442,321.300003051758,1,"24A_2014",0.78
"4565","97-1-D-SAPU",2014,0.301,4.76072081256385,10,2004,4,"97-1","SAPU",89,76,20,18,25,0,0,0,0,0,0,NA,NA,NA,0,0,0,0,926.812684,"East","24A","Tussock Tundra (Low shrub or Herbaceous)","Low Shrub","Gravely Sand Loam","Mesic",2004,556.594971,67,6.396444,-150.432109,66.348765,0.719309121835657,2.05301433778913,"97-1-D-SAPU_2014",11.6378472646077,-4.52123838663101,461.368103027344,133.729187011719,11.9333337148031,-3.85000006357829,6.90000009536743,17.0333334604899,51.5000016689301,1.1750000094374,103.169996738434,253.249997973442,321.300003051758,1,"24A_2014",0.78
"4566","97-2-B-SAPU",2014,0.662,33.7388369129879,6,2008,4,"97-2","SAPU",189,157,30,52,57,0,0,3,0,0,0.052631579,NA,NA,"Ptarmagin",1,0,0,0,888.474156,"East","24A","Tussock Tundra (Low shrub or Herbaceous)","Low Shrub","Gravely Sand Loam","Mesic",2004,560.389526,70,6.330689,-150.43305,66.348843,1.69114275955234,5.42567740847233,"97-2-B-SAPU_2014",11.6378472646077,-4.52123838663101,461.368103027344,133.729187011719,11.9333337148031,-3.85000006357829,6.90000009536743,17.0333334604899,51.5000016689301,1.1750000094374,103.169996738434,253.249997973442,321.300003051758,1,"24A_2014",0.78
"4567","97-2-C-SAPU",2014,0.144,1.91496408518097,10,2004,4,"97-2","SAPU",118,101,19,0,29,0,0,0,0,0,0,NA,NA,NA,0,0,0,0,888.474156,"East","24A","Tussock Tundra (Low shrub or Herbaceous)","Low Shrub","Gravely Sand Loam","Mesic",2004,560.389526,70,6.330689,-150.43305,66.348843,-0.191391098171964,0.825809552379635,"97-2-C-SAPU_2014",11.6378472646077,-4.52123838663101,461.368103027344,133.729187011719,11.9333337148031,-3.85000006357829,6.90000009536743,17.0333334604899,51.5000016689301,1.1750000094374,103.169996738434,253.249997973442,321.300003051758,1,"24A_2014",0.78
"4568","97-3-D-SAPU",2014,0.1145,2.92086435374859,10,2004,4,"97-3","SAPU",124,107,24,17,31,0,0,0,0,0,0,NA,NA,NA,0,0,0,0,924.995234,"East","24A","Tussock Tundra (Low shrub or Herbaceous)","Tall Shrub","Gravely Sand Loam","Mesic",2004,557.015015,71,7.919354,-150.432427,66.349149,0.230789617881135,1.25959421547209,"97-3-D-SAPU_2014",11.6378472646077,-4.52123838663101,461.368103027344,133.729187011719,11.9333337148031,-3.85000006357829,6.90000009536743,17.0333334604899,51.5000016689301,1.1750000094374,103.169996738434,253.249997973442,321.300003051758,1,"24A_2014",0.78
"4569","102-1-D-SAPU",2013,0.3885,9.249015276579,9,2004,5,"102-1","SAPU",67,NA,13,0,26,0,0,0,0,0,0,NA,NA,NA,0,0,0,0,978.645101,"West","24A","Low Shrub","Low Shrub","Sandy Loam","Mesic",2004,428.203827,339,4.033863,-150.565499,66.400721,1.17997336871452,3.25428753587524,"102-1-D-SAPU_2013",13.6000000635783,-5.96666655937831,132,298,13.9000002543132,-5.14166672031085,8.16666666666667,19.6666673024495,114.000004291534,1.17500000322858,122.149997234344,252.459997113794,105.300001144409,1,"24A_2013",0.79
"4570","102-2-A-SAPU",2013,0.2345,2.44622389626443,6,2007,5,"102-2","SAPU",94,NA,13,0,22,1,0,7,0.045454545,0,0.318181818,"Moose",NA,"Ptarmagin",1,0,0,1,973.266715,"West","24A","Tall Shrub (Open-Closed)","Low Shrub","Sandy Loam","Mesic",2004,426.001434,321,4.435797,-150.566012,66.400957,-0.93296127616774,0.393387056117451,"102-2-A-SAPU_2013",13.6000000635783,-5.96666655937831,132,298,13.9000002543132,-5.14166672031085,8.16666666666667,19.6666673024495,114.000004291534,1.17500000322858,122.149997234344,252.459997113794,105.300001144409,1,"24A_2013",0.79
"4571","102-2-C-SAPU",2013,0.3405,4.9003520396453,9,2004,5,"102-2","SAPU",91,NA,21,0,42,0,0,5,0,0,0.119047619,NA,NA,"Ptarmagin",1,0,0,1,973.266715,"West","24A","Tall Shrub (Open-Closed)","Low Shrub","Sandy Loam","Mesic",2004,426.001434,321,4.435797,-150.566012,66.400957,0.544763326804579,1.7242002620972,"102-2-C-SAPU_2013",13.6000000635783,-5.96666655937831,132,298,13.9000002543132,-5.14166672031085,8.16666666666667,19.6666673024495,114.000004291534,1.17500000322858,122.149997234344,252.459997113794,105.300001144409,1,"24A_2013",0.79
"4572","102-3-A-SAPU",2013,0.72625,16.556867745091,9,2004,5,"102-3","SAPU",138,NA,23,0,32,2,0,5,0.0625,0,0.15625,"Moose",NA,"Ptarmagin",1,0,0,0,939.238254,"West","24A","Tussock Tundra (Low shrub or Herbaceous)","Low Shrub","Sandy Loam","Mesic",2004,424.339783,330,3.896938,-150.565669,66.401242,1.76225726468209,5.82557242309084,"102-3-A-SAPU_2013",13.6000000635783,-5.96666655937831,132,298,13.9000002543132,-5.14166672031085,8.16666666666667,19.6666673024495,114.000004291534,1.17500000322858,122.149997234344,252.459997113794,105.300001144409,1,"24A_2013",0.79
"4573","102-4-A-SAPU",2013,0.29825,2.99857027358833,9,2004,5,"102-4","SAPU",98,NA,17,0,26,2,0,3,0.076923077,0,0.115384615,"Moose",NA,"Ptarmagin",1,0,0,0,934.189604,"West","24A","Low Shrub","Low Shrub","Sandy Loam","Mesic",2004,423.102509,349,3.666453,-150.566049,66.401434,0.0535918790425112,1.05505392465887,"102-4-A-SAPU_2013",13.6000000635783,-5.96666655937831,132,298,13.9000002543132,-5.14166672031085,8.16666666666667,19.6666673024495,114.000004291534,1.17500000322858,122.149997234344,252.459997113794,105.300001144409,1,"24A_2013",0.79
"4574","102-4-C-SAPU",2013,0.54725,11.2820602449855,9,2004,5,"102-4","SAPU",122,NA,18,0,37,3,0,3,0.081081081,0,0.081081081,"Moose",NA,"Ptarmagin",1,0,0,0,934.189604,"West","24A","Low Shrub","Low Shrub","Sandy Loam","Mesic",2004,423.102509,349,3.666453,-150.566049,66.401434,1.37867015466738,3.96961913634441,"102-4-C-SAPU_2013",13.6000000635783,-5.96666655937831,132,298,13.9000002543132,-5.14166672031085,8.16666666666667,19.6666673024495,114.000004291534,1.17500000322858,122.149997234344,252.459997113794,105.300001144409,1,"24A_2013",0.79
"4575","111-2-C-SAPU",2013,0.25775,4.94126951681244,15,1998,6,"111-2","SAPU",87,78,14,0,21,0,0,0,0,0,0,NA,NA,NA,0,0,0,0,685.564701,"West","24A","Tall Shrub (Open-Closed)","Low Shrub","Gravely Sand Loam","Mesic",0,516.430603,8,6.353059,-150.737535,66.498284,1.53949544360237,4.66223731577378,"111-2-C-SAPU_2013",13.604214032491,-5.97859259446462,146.063209533691,303.442469596863,13.9000002543132,-5.14166672031085,8.16666666666667,19.6666673024495,114.000004291534,1.17500000322858,122.149997234344,252.459997113794,105.300001144409,1,"24A_2013",0.79
"4576","129-4-A-SAPU",2013,0.744,25.8522036455023,9,2004,8,"129-4","SAPU",127,105,25,18,36,0,0,0,0,0,0,NA,NA,NA,0,0,0,0,1057.255538,"East","24A","Tussock Tundra (Low shrub or Herbaceous)","Tall Shrub","Sandy Loam","Mesic - Hydric",2005,303.823029,358,6.979915,-150.646167,66.709845,2.20785212417244,9.0961579781912,"129-4-A-SAPU_2013",14.3999999364217,-5.61666675408681,130,250,14.1000003814697,-5.2833334505558,8.40000009536743,19.8000005086263,120.50000333786,1.17500003986061,119.109998226166,252.379997948185,99.8999996185303,1,"24A_2013",0.79
"4577","129-4-B-SAPU",2013,0.743666666666667,22.8941604295844,9,2004,8,"129-4","SAPU",194,177,37,34,72,0,0,0,0,0,0,NA,NA,NA,0,0,0,0,1057.255538,"East","24A","Tussock Tundra (Low shrub or Herbaceous)","Tall Shrub","Sandy Loam","Mesic - Hydric",2005,303.823029,358,6.979915,-150.646167,66.709845,2.08633815440961,8.0553635930291,"129-4-B-SAPU_2013",14.3999999364217,-5.61666675408681,130,250,14.1000003814697,-5.2833334505558,8.40000009536743,19.8000005086263,120.50000333786,1.17500003986061,119.109998226166,252.379997948185,99.8999996185303,1,"24A_2013",0.79
"4578","147-1-A-SAPU",2013,0.135666666666667,0.564727497448782,25,1988,9,"147-1","SAPU",191,167,22,11,73,23,0,0,0.315068493,0,0,"Moose",NA,NA,1,1,0,0,984.758365,"West","24A","Low Shrub","Tall Shrub","Clay Loam","Mesic - Hydric",0,426.634277,145,7.907337,-150.485282,66.911769,0.356878067392306,1.42886163440649,"147-1-A-SAPU_2013",13.9348376592,-5.91629050175349,133.180541992188,255.496490478516,12.5666669209798,-6.55833342671394,7,18.200000445048,78.3000020980835,1.11666668578982,111.23999786377,262.269998788834,100.500001907349,1,"24A_2013",0.79
"4579","147-1-D-SAPU",2013,0.057,0.331370480711668,19,1994,9,"147-1","SAPU",211,134,21,18,47,15,0,0,0.319148936,0,0,"Moose",NA,NA,1,1,0,0,984.758365,"West","24A","Low Shrub","Tall Shrub","Clay Loam","Mesic - Hydric",0,426.634277,145,7.907337,-150.485282,66.911769,-0.706172533384935,0.493529554983096,"147-1-D-SAPU_2013",13.9348376592,-5.91629050175349,133.180541992188,255.496490478516,12.5666669209798,-6.55833342671394,7,18.200000445048,78.3000020980835,1.11666668578982,111.23999786377,262.269998788834,100.500001907349,1,"24A_2013",0.79
"4580","147-2-B-SAPU",2013,0.05175,0.182940241656134,21,1992,9,"147-2","SAPU",104,97,14,31,12,5,0,0,0.416666667,0,0,"Moose",NA,NA,1,2,1,0,986.173835,"West","24A","Low Shrub","Tall Shrub","Clay Loam","Mesic - Hydric",0,428.943481,147,8.698308,-150.484958,66.912025,-1.1069863817422,0.330553623991685,"147-2-B-SAPU_2013",13.9348376592,-5.91629050175349,133.180541992188,255.496490478516,12.5666669209798,-6.55833342671394,7,18.200000445048,78.3000020980835,1.11666668578982,111.23999786377,262.269998788834,100.500001907349,1,"24A_2013",0.79
"4581","147-2-C-SAPU",2013,0.337,5.00031908867884,7,2006,9,"147-2","SAPU",124,112,17,11,15,3,2,0,0.2,0.133333333,0,"Moose","Hare",NA,1,2,1,0,986.173835,"West","24A","Low Shrub","Tall Shrub","Clay Loam","Mesic - Hydric",0,428.943481,147,8.698308,-150.484958,66.912025,0.0796636480141077,1.08292276318916,"147-2-C-SAPU_2013",13.9348376592,-5.91629050175349,133.180541992188,255.496490478516,12.5666669209798,-6.55833342671394,7,18.200000445048,78.3000020980835,1.11666668578982,111.23999786377,262.269998788834,100.500001907349,1,"24A_2013",0.79
"4582","147-3-B-SAPU",2013,0.0665,0.471627670129354,24,1989,9,"147-3","SAPU",167,149,20,7,58,18,0,0,0.310344828,0,0,"Moose",NA,NA,1,2,1,0,952.272152,"West","24A","White Spruce or Black Spruce (Woodland)","Black Spruce Woodland","Clay Loam","Mesic - Hydric",0,425.583191,170,6.572863,-150.484233,66.911912,0.0978963195392172,1.10284843534674,"147-3-B-SAPU_2013",13.9348376592,-5.91629050175349,133.180541992188,255.496490478516,12.5666669209798,-6.55833342671394,7,18.200000445048,78.3000020980835,1.11666668578982,111.23999786377,262.269998788834,100.500001907349,1,"24A_2013",0.79
"4583","147-3-C-SAPU",2013,0.066,0.694191445478428,7,2006,9,"147-3","SAPU",128,104,11,14,17,5,2,0,0.294117647,0.117647059,0,"Moose","Hare",NA,1,2,1,0,952.272152,"West","24A","White Spruce or Black Spruce (Woodland)","Black Spruce Woodland","Clay Loam","Mesic - Hydric",0,425.583191,170,6.572863,-150.484233,66.911912,-1.89484557859858,0.150341549206693,"147-3-C-SAPU_2013",13.9348376592,-5.91629050175349,133.180541992188,255.496490478516,12.5666669209798,-6.55833342671394,7,18.200000445048,78.3000020980835,1.11666668578982,111.23999786377,262.269998788834,100.500001907349,1,"24A_2013",0.79
"4584","147-4-A-SAPU",2013,0.136,0.908347533488338,22,1991,9,"147-4","SAPU",124,110,21,14,47,16,0,0,0.340425532,0,0,"Moose",NA,NA,1,0,1,0,956.341518,"West","24A","Tall Shrub (Open-Closed)","Tall Shrub","Clay Loam","Mesic - Hydric",0,428.39856,129,7.52786,-150.483929,66.912191,0.58531241616253,1.79555185744356,"147-4-A-SAPU_2013",13.9348376592,-5.91629050175349,133.180541992188,255.496490478516,12.5666669209798,-6.55833342671394,7,18.200000445048,78.3000020980835,1.11666668578982,111.23999786377,262.269998788834,100.500001907349,1,"24A_2013",0.79
"4585","147-4-C-SAPU",2013,0.03025,0.0842706703885142,27,1986,9,"147-4","SAPU",113,101,16,9,12,5,0,0,0.416666667,0,0,"Moose",NA,NA,1,0,1,0,956.341518,"West","24A","Tall Shrub (Open-Closed)","Tall Shrub","Clay Loam","Mesic - Hydric",0,428.39856,129,7.52786,-150.483929,66.912191,-1.3968176883675,0.247382962311051,"147-4-C-SAPU_2013",13.9348376592,-5.91629050175349,133.180541992188,255.496490478516,12.5666669209798,-6.55833342671394,7,18.200000445048,78.3000020980835,1.11666668578982,111.23999786377,262.269998788834,100.500001907349,1,"24A_2013",0.79
"4586","151-4-B-SAPU",2013,0.103,0.664803417000422,10,2003,10,"151-4","SAPU",61,54,9,0,8,0,0,0,0,0,0,NA,NA,NA,0,0,0,0,714.907956,"East","24A","Low Shrub","Low Shrub","Clay Loam","Mesic",0,485.466003,301,24.973797,-150.361301,66.958638,-1.24935386171579,0.286689978398049,"151-4-B-SAPU_2013",13.0649391810099,-6.72936174273491,144.557525634766,278.683952331543,12.5666669209798,-6.55833342671394,7,18.200000445048,78.3000020980835,1.11666668578982,111.23999786377,262.269998788834,100.500001907349,1,"24A_2013",0.79
"4587","158-1-A-SAPU",2013,1.834,84.088852284485,6,2007,11,"158-1","SAPU",157,139,27,13,83,0,0,17,0,0,0.204819277,NA,NA,"Ptarmagin",1,0,0,0,1304.611642,"East","24A","Low Shrub","Low Shrub","Sandy Loam","Mesic - Xeric",2005,586.787537,51,13.434302,-150.285356,67.046606,2.60436716017531,13.5226649134626,"158-1-A-SAPU_2013",13.9000002543132,-6.34166661898295,136,285,12.5000003178914,-6.78333352009455,6.96666685740153,18.0666672388713,78.9000020027161,1.10000001018246,110.199998378754,262.52999740839,94.2999992370605,1,"24A_2013",0.79
"4588","158-1-C-SAPU",2013,0.89975,20.0289209956202,7,2006,11,"158-1","SAPU",124,107,23,0,36,0,0,11,0,0,0.305555556,NA,NA,"Ptarmagin",1,0,0,0,1304.611642,"East","24A","Low Shrub","Low Shrub","Sandy Loam","Mesic - Xeric",2005,586.787537,51,13.434302,-150.285356,67.046606,1.46733919869235,4.33767807286177,"158-1-C-SAPU_2013",13.9000002543132,-6.34166661898295,136,285,12.5000003178914,-6.78333352009455,6.96666685740153,18.0666672388713,78.9000020027161,1.10000001018246,110.199998378754,262.52999740839,94.2999992370605,1,"24A_2013",0.79
"4589","158-1-D-SAGL",2013,0.7435,15.5282264690518,7,2006,11,"158-1","SAGL",134,119,17,9,22,0,0,2,0,0,0.090909091,NA,NA,"Ptarmagin",1,0,0,0,1304.611642,"East","24A","Low Shrub","Low Shrub","Sandy Loam","Mesic - Xeric",2005,586.787537,51,13.434302,-150.285356,67.046606,1.21282135020112,3.36295936660626,"158-1-D-SAGL_2013",13.9000002543132,-6.34166661898295,136,285,12.5000003178914,-6.78333352009455,6.96666685740153,18.0666672388713,78.9000020027161,1.10000001018246,110.199998378754,262.52999740839,94.2999992370605,1,"24A_2013",0.79
"4590","158-2-C-SAPU",2013,0.53625,19.5174280855131,7,2006,11,"158-2","SAPU",121,110,23,13,67,0,0,1,0,0,0.014925373,NA,NA,"Ptarmagin",1,0,0,1,1283.38641,"East","24A","Tussock Tundra (Low shrub or Herbaceous)","Low Shrub","Sandy Loam","Mesic - Xeric",2005,590.000549,54,15.617359,-150.286104,67.046812,1.44146973427033,4.2269036791198,"158-2-C-SAPU_2013",13.9000002543132,-6.34166661898295,136,285,12.5000003178914,-6.78333352009455,6.96666685740153,18.0666672388713,78.9000020027161,1.10000001018246,110.199998378754,262.52999740839,94.2999992370605,1,"24A_2013",0.79
"4591","158-3-A-SAPU",2013,0.54975,8.43208789296058,8,2005,11,"158-3","SAPU",91,77,19,0,37,0,0,3,0,0,0.081081081,NA,NA,"Ptarmagin",1,0,0,0,1313.543229,"East","24A","Tussock Tundra (Low shrub or Herbaceous)","Low Shrub","Sandy Loam","Mesic - Xeric",2005,580.218689,48,13.61797,-150.285679,67.047111,0.860058748010361,2.36329952877281,"158-3-A-SAPU_2013",13.9000002543132,-6.34166661898295,136,285,12.5000003178914,-6.78333352009455,6.96666685740153,18.0666672388713,78.9000020027161,1.10000001018246,110.199998378754,262.52999740839,94.2999992370605,1,"24A_2013",0.79
"4592","158-3-B-SAPU",2013,0.504333333333333,15.5340826177464,8,2005,11,"158-3","SAPU",129,118,12,11,15,0,0,0,0,0,0,NA,NA,NA,0,0,0,0,1313.543229,"East","24A","Tussock Tundra (Low shrub or Herbaceous)","Low Shrub","Sandy Loam","Mesic - Xeric",2005,580.218689,48,13.61797,-150.285679,67.047111,1.47105082102156,4.35380781088468,"158-3-B-SAPU_2013",13.9000002543132,-6.34166661898295,136,285,12.5000003178914,-6.78333352009455,6.96666685740153,18.0666672388713,78.9000020027161,1.10000001018246,110.199998378754,262.52999740839,94.2999992370605,1,"24A_2013",0.79
"4593","158-4-C-SAPU",2013,0.525666666666667,10.7238395339906,8,2005,11,"158-4","SAPU",191,163,27,14,50,0,0,4,0,0,0.08,NA,NA,"Ptarmagin",1,0,0,0,1283.367604,"East","24A","Tussock Tundra (Low shrub or Herbaceous)","Low Shrub","Sandy Loam","Mesic - Xeric",2005,587.563538,57,15.053073,-150.286524,67.047197,1.10048358952838,3.00561915850913,"158-4-C-SAPU_2013",13.9000002543132,-6.34166661898295,136,285,12.5000003178914,-6.78333352009455,6.96666685740153,18.0666672388713,78.9000020027161,1.10000001018246,110.199998378754,262.52999740839,94.2999992370605,1,"24A_2013",0.79
"4594","173-2-D-SAPU",2013,0.1065,1.05743888144791,7,2006,12,"173-2","SAPU",89,70,12,0,18,0,0,0,0,0,0,NA,NA,NA,0,2,0,0,1323.706943,"East","24A","Tussock Tundra (Low shrub or Herbaceous)","Low Shrub","Clay Loam","Mesic",0,348.371155,13,2.823825,-150.190835,67.228457,-1.47398824517254,0.229010312160656,"173-2-D-SAPU_2013",14.3992214202881,-6.13338679075241,125.77717590332,308.532997131348,12.5000003178914,-6.78333352009455,6.96666685740153,18.0666672388713,78.9000020027161,1.10000001018246,110.199998378754,262.52999740839,94.2999992370605,1,"24A_2013",0.79
"4595","173-3-A-SAPU",2013,0.03875,0.238390922788325,11,2002,12,"173-3","SAPU",59,53,10,0,2,0,0,0,0,0,0,NA,NA,NA,0,0,0,0,1278.311889,"East","24A","Low Shrub","Low Shrub","Clay Loam","Mesic",0,347.24527,24,1.739254,-150.191816,67.228627,-2.09088707823926,0.123577464301595,"173-3-A-SAPU_2013",14.3992214202881,-6.13338679075241,125.77717590332,308.532997131348,12.5000003178914,-6.78333352009455,6.96666685740153,18.0666672388713,78.9000020027161,1.10000001018246,110.199998378754,262.52999740839,94.2999992370605,1,"24A_2013",0.79
"4596","173-4-B-SAPU",2013,0.3965,4.76167219153911,15,1998,12,"173-4","SAPU",149,112,21,11,30,5,0,0,0.166666667,0,0,"Moose",NA,NA,1,1,0,0,1308.377258,"East","24A","Low Shrub","Low Shrub","Clay Loam","Mesic",0,346.165253,355,1.872125,-150.190975,67.22891,1.50247206550428,4.49278180462355,"173-4-B-SAPU_2013",14.3992214202881,-6.13338679075241,125.77717590332,308.532997131348,12.5000003178914,-6.78333352009455,6.96666685740153,18.0666672388713,78.9000020027161,1.10000001018246,110.199998378754,262.52999740839,94.2999992370605,1,"24A_2013",0.79
"4597","173-4-C-SAPU",2013,0.632,16.4090536508947,9,2004,12,"173-4","SAPU",167,122,27,13,41,9,0,0,0.219512195,0,0,"Moose",NA,NA,1,1,0,0,1308.377258,"East","24A","Low Shrub","Low Shrub","Clay Loam","Mesic",0,346.165253,355,1.872125,-150.190975,67.22891,1.75328951383253,5.77356369027061,"173-4-C-SAPU_2013",14.3992214202881,-6.13338679075241,125.77717590332,308.532997131348,12.5000003178914,-6.78333352009455,6.96666685740153,18.0666672388713,78.9000020027161,1.10000001018246,110.199998378754,262.52999740839,94.2999992370605,1,"24A_2013",0.79
"4598","184-1-A-SAPU",2013,0.254,2.2570426844524,9,2004,13,"184-1","SAPU",133,112,18,3,22,6,0,0,0.272727273,0,0,"Moose",NA,NA,1,2,0,0,692.283244,"East","24A","White Spruce or Black Spruce (Open-Closed)","Tall Shrub","Clay Loam","Mesic",0,423.977753,249,10.469168,-150.109686,67.368938,-0.230488310869983,0.794145717820526,"184-1-A-SAPU_2013",14.0000003178914,-6.02499990661939,103,205,12.5000003178914,-6.78333352009455,6.96666685740153,18.0666672388713,78.9000020027161,1.10000001018246,110.199998378754,262.52999740839,94.2999992370605,1,"24A_2013",0.79
"4599","184-1-C-SAPU",2013,0.40775,6.19003688865111,7,2006,13,"184-1","SAPU",108,91,21,0,42,8,1,0,0.19047619,0.023809524,0,"Moose","Hare",NA,1,2,0,0,692.283244,"East","24A","White Spruce or Black Spruce (Open-Closed)","Tall Shrub","Clay Loam","Mesic",0,423.977753,249,10.469168,-150.109686,67.368938,0.293102965953615,1.34058081750779,"184-1-C-SAPU_2013",14.0000003178914,-6.02499990661939,103,205,12.5000003178914,-6.78333352009455,6.96666685740153,18.0666672388713,78.9000020027161,1.10000001018246,110.199998378754,262.52999740839,94.2999992370605,1,"24A_2013",0.79
"4600","184-2-A-SAPU",2013,0.66725,17.2566704677479,9,2004,13,"184-2","SAPU",124,118,27,4,36,7,0,0,0.194444444,0,0,"Moose",NA,NA,1,1,0,0,706.210196,"East","24A","White Spruce or Black Spruce (Open-Closed)","Tall Shrub","Clay Loam","Mesic",0,429.192566,258,16.706417,-150.109279,67.369156,1.80365504195622,6.07179963861729,"184-2-A-SAPU_2013",13.9969911575317,-6.02650446693103,102.684051513672,203.736196517944,12.5000003178914,-6.78333352009455,6.96666685740153,18.0666672388713,78.9000020027161,1.10000001018246,110.199998378754,262.52999740839,94.2999992370605,1,"24A_2013",0.79
"4601","184-2-D-SAPU",2013,0.30825,3.18626472667705,22,1991,13,"184-2","SAPU",172,139,22,0,38,6,3,0,0.157894737,0.078947368,0,"Moose","Hare",NA,1,1,0,0,706.210196,"East","24A","White Spruce or Black Spruce (Open-Closed)","Tall Shrub","Clay Loam","Mesic",0,429.192566,258,16.706417,-150.109279,67.369156,1.84028994228347,6.29836415839765,"184-2-D-SAPU_2013",13.9969911575317,-6.02650446693103,102.684051513672,203.736196517944,12.5000003178914,-6.78333352009455,6.96666685740153,18.0666672388713,78.9000020027161,1.10000001018246,110.199998378754,262.52999740839,94.2999992370605,1,"24A_2013",0.79
"4602","184-3-C-SAPU",2013,0.1695,1.35840738465263,16,1997,13,"184-3","SAPU",130,116,18,14,25,1,4,0,0.04,0.16,0,"Moose","Hare",NA,1,1,3,0,683.765397,"East","24A","White Spruce or Black Spruce (Open-Closed)","Tall Shrub","Clay Loam","Mesic",0,425.482941,261,10.788996,-150.109693,67.36937,0.372811607185462,1.45181080334401,"184-3-C-SAPU_2013",13.9969911575317,-6.02650446693103,102.684051513672,203.736196517944,12.5000003178914,-6.78333352009455,6.96666685740153,18.0666672388713,78.9000020027161,1.10000001018246,110.199998378754,262.52999740839,94.2999992370605,1,"24A_2013",0.79
"4603","184-3-D-SAPU",2013,0.1825,1.40325126358814,10,2003,13,"184-3","SAPU",66,58,11,0,18,1,2,0,0.055555556,0.111111111,0,"Moose","Hare",NA,1,1,3,0,683.765397,"East","24A","White Spruce or Black Spruce (Open-Closed)","Tall Shrub","Clay Loam","Mesic",0,425.482941,261,10.788996,-150.109693,67.36937,-0.502298090841677,0.605138397543558,"184-3-D-SAPU_2013",13.9969911575317,-6.02650446693103,102.684051513672,203.736196517944,12.5000003178914,-6.78333352009455,6.96666685740153,18.0666672388713,78.9000020027161,1.10000001018246,110.199998378754,262.52999740839,94.2999992370605,1,"24A_2013",0.79
"4604","184-4-C-SAPU",2013,0.134,0.804690683883145,13,2000,13,"184-4","SAPU",142,131,16,7,32,1,3,0,0.03125,0.09375,0,"Moose","Hare",NA,1,2,1,0,702.330496,"East","24A","White Spruce or Black Spruce (Open-Closed)","Tall Shrub","Clay Loam","Mesic",0,431.246765,263,17.707565,-150.109187,67.369491,-0.551755419403561,0.575937909903177,"184-4-C-SAPU_2013",13.9969911575317,-6.02650446693103,102.684051513672,203.736196517944,12.5000003178914,-6.78333352009455,6.96666685740153,18.0666672388713,78.9000020027161,1.10000001018246,110.199998378754,262.52999740839,94.2999992370605,1,"24A_2013",0.79
"4605","184-4-D-SAPU",2013,0.09875,0.45720481460626,18,1995,13,"184-4","SAPU",139,114,15,19,23,0,0,0,0,0,0,NA,NA,NA,0,2,1,0,702.330496,"East","24A","White Spruce or Black Spruce (Open-Closed)","Tall Shrub","Clay Loam","Mesic",0,431.246765,263,17.707565,-150.109187,67.369491,-0.488683235228369,0.613433610378739,"184-4-D-SAPU_2013",13.9969911575317,-6.02650446693103,102.684051513672,203.736196517944,12.5000003178914,-6.78333352009455,6.96666685740153,18.0666672388713,78.9000020027161,1.10000001018246,110.199998378754,262.52999740839,94.2999992370605,1,"24A_2013",0.79
"4606","191-1-B-SAPU",2013,0.352,4.45985519651853,11,2002,14,"191-1","SAPU",112,103,12,23,16,2,0,0,0.125,0,0,"Moose",NA,NA,1,1,0,0,1595.806211,"East","24A","Low Shrub","Low Shrub","Clay Loam","Mesic",0,492.755432,293,2.980974,-149.860617,67.475764,0.838072640185499,2.31190680371426,"191-1-B-SAPU_2013",13.1787026723226,-6.30758115649223,106.593780517578,183.413237571716,10.6666669845581,-8.25000003228585,5.26666673024495,16.0666672388713,35.800000667572,1.04166668405135,82.5199980735779,275.439998626709,94.9000015258789,1,"24A_2013",0.79
"4607","191-1-C-SAPU",2013,0.4,6.3604684864579,11,2002,14,"191-1","SAPU",163,139,21,0,37,12,0,0,0.324324324,0,0,"Moose",NA,NA,1,1,0,0,1595.806211,"East","24A","Low Shrub","Low Shrub","Clay Loam","Mesic",0,492.755432,293,2.980974,-149.860617,67.475764,1.19305837786082,3.29714973260367,"191-1-C-SAPU_2013",13.1787026723226,-6.30758115649223,106.593780517578,183.413237571716,10.6666669845581,-8.25000003228585,5.26666673024495,16.0666672388713,35.800000667572,1.04166668405135,82.5199980735779,275.439998626709,94.9000015258789,1,"24A_2013",0.79
"4608","191-2-A-SAPU",2013,0.32225,5.82294649946812,6,2007,14,"191-2","SAPU",126,110,15,27,22,2,0,0,0.090909091,0,0,"Moose",NA,NA,1,0,0,0,1628.072852,"East","24A","Low Shrub","Low Shrub","Clay Loam","Mesic",0,494.812988,260,1.497492,-149.859771,67.475671,-0.0657004399024683,0.93641133375126,"191-2-A-SAPU_2013",13.1787026723226,-6.30758115649223,106.593780517578,183.413237571716,10.6666669845581,-8.25000003228585,5.26666673024495,16.0666672388713,35.800000667572,1.04166668405135,82.5199980735779,275.439998626709,94.9000015258789,1,"24A_2013",0.79
"4609","191-2-B-SAPU",2013,0.2185,2.86725150431874,6,2007,14,"191-2","SAPU",107,87,14,11,25,15,1,0,0.6,0.04,0,"Moose","Hare",NA,1,0,0,0,1628.072852,"East","24A","Low Shrub","Low Shrub","Clay Loam","Mesic",0,494.812988,260,1.497492,-149.859771,67.475671,-0.774152938002022,0.461094190991565,"191-2-B-SAPU_2013",13.1787026723226,-6.30758115649223,106.593780517578,183.413237571716,10.6666669845581,-8.25000003228585,5.26666673024495,16.0666672388713,35.800000667572,1.04166668405135,82.5199980735779,275.439998626709,94.9000015258789,1,"24A_2013",0.79
"4610","191-3-A-SAPU",2013,0.27425,3.39915553824574,11,2002,14,"191-3","SAPU",109,97,22,14,31,13,0,0,0.419354839,0,0,"Moose",NA,NA,1,2,0,0,1608.343863,"East","24A","Low Shrub","Low Shrub","Clay Loam","Mesic",0,494.475037,298,4.15829,-149.859591,67.475979,0.566483371497616,1.76205963410828,"191-3-A-SAPU_2013",13.1787026723226,-6.30758115649223,106.593780517578,183.413237571716,10.6666669845581,-8.25000003228585,5.26666673024495,16.0666672388713,35.800000667572,1.04166668405135,82.5199980735779,275.439998626709,94.9000015258789,1,"24A_2013",0.79
"4611","191-4-A-SAPU",2013,0.1915,1.19691302889668,22,1991,14,"191-4","SAPU",109,85,19,16,39,13,0,0,0.333333333,0,0,"Moose",NA,NA,1,1,0,0,1634.196324,"East","24A","Low Shrub","Low Shrub","Clay Loam","Mesic",0,497.007599,303,3.553675,-149.85875,67.475963,0.861186410012267,2.36596603502686,"191-4-A-SAPU_2013",13.1787026723226,-6.30758115649223,106.593780517578,183.413237571716,10.6666669845581,-8.25000003228585,5.26666673024495,16.0666672388713,35.800000667572,1.04166668405135,82.5199980735779,275.439998626709,94.9000015258789,1,"24A_2013",0.79
"4612","191-4-D-SAPU",2013,0.19975,1.65307915443186,13,2000,14,"191-4","SAPU",114,103,16,7,34,2,0,0,0.058823529,0,0,"Moose",NA,NA,1,1,0,0,1634.196324,"East","24A","Low Shrub","Low Shrub","Clay Loam","Mesic",0,497.007599,303,3.553675,-149.85875,67.475963,0.168181602635082,1.18315145456096,"191-4-D-SAPU_2013",13.1787026723226,-6.30758115649223,106.593780517578,183.413237571716,10.6666669845581,-8.25000003228585,5.26666673024495,16.0666672388713,35.800000667572,1.04166668405135,82.5199980735779,275.439998626709,94.9000015258789,1,"24A_2013",0.79
"4613","203-1-C-SAPU",2013,0.08375,0.688488865763543,17,1996,15,"203-1","SAPU",102,74,13,0,16,1,1,0,0.0625,0.0625,0,"Moose","Hare",NA,1,1,0,0,905.036767,"East","24A","Low Shrub","Low Shrub","Loam","Mesic",0,550.644958,299,23.927214,-149.794431,67.571449,-0.189689858331352,0.827215648204892,"203-1-C-SAPU_2013",13.5,-6.41666664679845,87,152,9.83333365122477,-9.20833363632361,4.5666667620341,15.1333332061768,26.400000333786,1.01666667312384,71.3299983739853,281.679998874664,90.7000007629395,1,"24A_2013",0.79
"4614","203-1-D-SAPU",2013,0.35225,6.46297256790876,7,2006,15,"203-1","SAPU",121,103,12,14,16,0,0,0,0,0,0,NA,NA,NA,0,1,0,0,905.036767,"East","24A","Low Shrub","Low Shrub","Loam","Mesic",0,550.644958,299,23.927214,-149.794431,67.571449,0.336251281669625,1.39969069724002,"203-1-D-SAPU_2013",13.5,-6.41666664679845,87,152,9.83333365122477,-9.20833363632361,4.5666667620341,15.1333332061768,26.400000333786,1.01666667312384,71.3299983739853,281.679998874664,90.7000007629395,1,"24A_2013",0.79
"4615","203-2-A-SAPU",2013,0.1085,0.462380392153511,17,1996,15,"203-2","SAPU",122,97,14,32,16,1,0,0,0.0625,0,0,"Moose",NA,NA,1,0,1,0,933.944119,"East","24A","Low Shrub","Low Shrub","Loam","Mesic",0,566.911377,300,26.508135,-149.793674,67.571447,-0.587801092692018,0.555547540174545,"203-2-A-SAPU_2013",13.5,-6.41666664679845,87,152,9.83333365122477,-9.20833363632361,4.5666667620341,15.1333332061768,26.400000333786,1.01666667312384,71.3299983739853,281.679998874664,90.7000007629395,1,"24A_2013",0.79
"4616","203-2-B-SAPU",2013,0.29225,1.561051302733,18,1995,15,"203-2","SAPU",129,107,22,18,35,2,0,0,0.057142857,0,0,"Moose",NA,NA,1,0,1,0,933.944119,"East","24A","Low Shrub","Low Shrub","Loam","Mesic",0,566.911377,300,26.508135,-149.793674,67.571447,0.739300087546747,2.09446905638257,"203-2-B-SAPU_2013",13.5,-6.41666664679845,87,152,9.83333365122477,-9.20833363632361,4.5666667620341,15.1333332061768,26.400000333786,1.01666667312384,71.3299983739853,281.679998874664,90.7000007629395,1,"24A_2013",0.79
"4617","203-3-B-SAPU",2013,0.09925,0.681367660616015,6,2007,15,"203-3","SAPU",63,60,8,18,11,1,0,0,0.090909091,0,0,"Moose",NA,NA,1,0,1,0,922.335664,"East","24A","Low Shrub","Low Shrub","Loam","Mesic",0,556.241272,305,23.609533,-149.79364,67.571701,-2.21116008000695,0.109573460774661,"203-3-B-SAPU_2013",13.5,-6.41666664679845,87,152,9.83333365122477,-9.20833363632361,4.5666667620341,15.1333332061768,26.400000333786,1.01666667312384,71.3299983739853,281.679998874664,90.7000007629395,1,"24A_2013",0.79
"4618","203-3-D-SAPU",2013,0.121,0.906426449580665,25,1988,15,"203-3","SAPU",117,104,18,17,39,2,3,0,0.051282051,0.076923077,0,"Moose","Hare",NA,1,0,1,0,922.335664,"East","24A","Low Shrub","Low Shrub","Loam","Mesic",0,556.241272,305,23.609533,-149.79364,67.571701,0.830044648195191,2.29342113509279,"203-3-D-SAPU_2013",13.5,-6.41666664679845,87,152,9.83333365122477,-9.20833363632361,4.5666667620341,15.1333332061768,26.400000333786,1.01666667312384,71.3299983739853,281.679998874664,90.7000007629395,1,"24A_2013",0.79
"4619","203-4-B-SAPU",2013,0.25975,2.25856341164627,17,1996,15,"203-4","SAPU",76,69,15,0,18,3,0,0,0.166666667,0,0,"Moose",NA,NA,1,1,1,0,951.384807,"East","24A","Low Shrub","Low Shrub","Loam","Mesic",0,569.135193,316,29.227108,-149.792864,67.571712,0.99829522694739,2.71365172260968,"203-4-B-SAPU_2013",13.5,-6.41666664679845,87,152,9.83333365122477,-9.20833363632361,4.5666667620341,15.1333332061768,26.400000333786,1.01666667312384,71.3299983739853,281.679998874664,90.7000007629395,1,"24A_2013",0.79
"4620","203-4-C-SAPU",2013,0.0745,0.264240928889764,21,1992,15,"203-4","SAPU",75,68,9,10,9,1,0,0,0.111111111,0,0,"Moose",NA,NA,1,1,1,0,951.384807,"East","24A","Low Shrub","Low Shrub","Loam","Mesic",0,569.135193,316,29.227108,-149.792864,67.571712,-0.739284636525529,0.477455347498782,"203-4-C-SAPU_2013",13.5,-6.41666664679845,87,152,9.83333365122477,-9.20833363632361,4.5666667620341,15.1333332061768,26.400000333786,1.01666667312384,71.3299983739853,281.679998874664,90.7000007629395,1,"24A_2013",0.79
"4621","209-1-C-SAPU",2013,0.03375,0.178472896902734,16,1997,16,"209-1","SAPU",64,53,15,0,11,0,0,0,0,0,0,NA,NA,NA,0,0,1,0,698.873831,"East","24A","Low Shrub","Black Spruce Woodland","Sandy Loam","Mesic - Xeric",0,553.345276,287,19.679848,-149.692986,67.655886,-1.65681989303291,0.190744604862223,"209-1-C-SAPU_2013",12.7894684473673,-6.87381318211555,81,136.954864501953,9.83333365122477,-9.20833363632361,4.5666667620341,15.1333332061768,26.400000333786,1.01666667312384,71.3299983739853,281.679998874664,90.7000007629395,1,"24A_2013",0.79
"4622","209-1-D-SAPU",2013,0.07625,0.362733196521999,24,1989,16,"209-1","SAPU",53,47,13,0,9,1,0,0,0.111111111,0,0,"Moose",NA,NA,1,0,1,0,698.873831,"East","24A","Low Shrub","Black Spruce Woodland","Sandy Loam","Mesic - Xeric",0,553.345276,287,19.679848,-149.692986,67.655886,-0.164625952065161,0.84821091629948,"209-1-D-SAPU_2013",12.7894684473673,-6.87381318211555,81,136.954864501953,9.83333365122477,-9.20833363632361,4.5666667620341,15.1333332061768,26.400000333786,1.01666667312384,71.3299983739853,281.679998874664,90.7000007629395,1,"24A_2013",0.79
"4623","209-2-A-SAPU",2013,0.05525,0.260923603397113,10,2003,16,"209-2","SAPU",55,46,9,0,10,0,0,0,0,0,0,NA,NA,NA,0,0,0,0,728.528855,"East","24A","Low Shrub","Black Spruce Woodland","Sandy Loam","Mesic - Xeric",0,561.911133,287,21.070175,-149.692261,67.656,-2.18461758795135,0.112520754720206,"209-2-A-SAPU_2013",12.7894684473673,-6.87381318211555,81,136.954864501953,9.83333365122477,-9.20833363632361,4.5666667620341,15.1333332061768,26.400000333786,1.01666667312384,71.3299983739853,281.679998874664,90.7000007629395,1,"24A_2013",0.79
"4624","209-2-D-SAPU",2013,0.0375,0.0913614413572083,36,1977,16,"209-2","SAPU",53,41,8,0,11,0,0,0,0,0,0,NA,NA,NA,0,0,0,0,728.528855,"East","24A","Low Shrub","Black Spruce Woodland","Sandy Loam","Mesic - Xeric",0,561.911133,287,21.070175,-149.692261,67.656,-0.760506873457667,0.46742943937746,"209-2-D-SAPU_2013",12.7894684473673,-6.87381318211555,81,136.954864501953,9.83333365122477,-9.20833363632361,4.5666667620341,15.1333332061768,26.400000333786,1.01666667312384,71.3299983739853,281.679998874664,90.7000007629395,1,"24A_2013",0.79
"4625","209-3-A-SAPU",2013,0.06125,0.247695927529174,21,1992,16,"209-3","SAPU",74,55,12,0,9,0,0,0,0,0,0,NA,NA,NA,0,0,1,0,711.058695,"East","24A","Low Shrub","Black Spruce Woodland","Sandy Loam","Mesic - Xeric",0,553.430786,276,18.070417,-149.69261,67.656251,-0.803944037709621,0.447560283902165,"209-3-A-SAPU_2013",12.7894684473673,-6.87381318211555,81,136.954864501953,9.83333365122477,-9.20833363632361,4.5666667620341,15.1333332061768,26.400000333786,1.01666667312384,71.3299983739853,281.679998874664,90.7000007629395,1,"24A_2013",0.79
"4626","209-3-B-SAPU",2013,0.03525,0.0833050233466179,37,1976,16,"209-3","SAPU",59,53,15,0,17,0,1,0,0,0.058823529,0,NA,"Hare",NA,1,0,1,0,711.058695,"East","24A","Low Shrub","Black Spruce Woodland","Sandy Loam","Mesic - Xeric",0,553.430786,276,18.070417,-149.69261,67.656251,-0.799913449342131,0.449367855517679,"209-3-B-SAPU_2013",12.7894684473673,-6.87381318211555,81,136.954864501953,9.83333365122477,-9.20833363632361,4.5666667620341,15.1333332061768,26.400000333786,1.01666667312384,71.3299983739853,281.679998874664,90.7000007629395,1,"24A_2013",0.79
"4627","209-4-A-SAPU",2013,0.331,2.67401842338174,7,2006,16,"209-4","SAPU",62,59,8,0,9,0,0,0,0,0,0,NA,NA,NA,0,0,0,0,738.024448,"East","24A","Low Shrub","Black Spruce Woodland","Sandy Loam","Mesic - Xeric",0,561.090881,296,18.584587,-149.691928,67.656444,-0.546255711642335,0.579114126221167,"209-4-A-SAPU_2013",12.7894684473673,-6.87381318211555,81,136.954864501953,9.83333365122477,-9.20833363632361,4.5666667620341,15.1333332061768,26.400000333786,1.01666667312384,71.3299983739853,281.679998874664,90.7000007629395,1,"24A_2013",0.79
"4628","209-4-B-SAPU",2013,0.18275,1.32752297632382,16,1997,16,"209-4","SAPU",67,54,11,11,16,0,0,2,0,0,0.125,NA,NA,"Ptarmagin",1,0,0,0,738.024448,"East","24A","Low Shrub","Black Spruce Woodland","Sandy Loam","Mesic - Xeric",0,561.090881,296,18.584587,-149.691928,67.656444,0.34981341628741,1.41880279840143,"209-4-B-SAPU_2013",12.7894684473673,-6.87381318211555,81,136.954864501953,9.83333365122477,-9.20833363632361,4.5666667620341,15.1333332061768,26.400000333786,1.01666667312384,71.3299983739853,281.679998874664,90.7000007629395,1,"24A_2013",0.79
"4629","222-1-A-SAGL",2013,0.256,2.86834949095117,7,2006,17,"222-1","SAGL",78,49,13,0,27,1,11,0,0.037037037,0.407407407,0,"Moose","Hare",NA,1,2,18,0,769.468544,"East","24A","Low Shrub","Tall Shrub","Clay Loam","Mesic",0,669.484009,287,15.029548,-149.809491,67.826198,-0.476101306036714,0.621200547694199,"222-1-A-SAGL_2013",12.2000001271566,-7.4083332195878,87,132,9.83333365122477,-9.20833363632361,4.5666667620341,15.1333332061768,26.400000333786,1.01666667312384,71.3299983739853,281.679998874664,90.7000007629395,1,"24A_2013",0.79
"4630","222-1-C-SAGL",2013,0.17575,1.20793314687685,14,1999,17,"222-1","SAGL",74,60,14,0,25,0,7,0,0,0.28,0,NA,"Hare",NA,1,2,18,0,769.468544,"East","24A","Low Shrub","Tall Shrub","Clay Loam","Mesic",0,669.484009,287,15.029548,-149.809491,67.826198,-0.0024430223171038,0.997559959433262,"222-1-C-SAGL_2013",12.2000001271566,-7.4083332195878,87,132,9.83333365122477,-9.20833363632361,4.5666667620341,15.1333332061768,26.400000333786,1.01666667312384,71.3299983739853,281.679998874664,90.7000007629395,1,"24A_2013",0.79
"4631","222-2-B-SAGL",2013,0.1815,1.45115662456457,19,1994,17,"222-2","SAGL",106,74,19,0,21,0,10,0,0,0.476190476,0,NA,"Hare",NA,1,3,13,0,794.735172,"East","24A","Low Shrub","Tall Shrub","Clay Loam","Mesic",0,676.198608,282,15.59229,-149.808768,67.826375,0.770706629643845,2.16129294798378,"222-2-B-SAGL_2013",12.2000001271566,-7.4083332195878,87,132,9.83333365122477,-9.20833363632361,4.5666667620341,15.1333332061768,26.400000333786,1.01666667312384,71.3299983739853,281.679998874664,90.7000007629395,1,"24A_2013",0.79
"4632","222-2-C-SAGL",2013,0.3785,2.34251285418596,11,2002,17,"222-2","SAGL",67,53,14,0,18,0,8,0,0,0.444444444,0,NA,"Hare",NA,1,3,13,0,794.735172,"East","24A","Low Shrub","Tall Shrub","Clay Loam","Mesic",0,676.198608,282,15.59229,-149.808768,67.826375,0.19418056432357,1.21431552522338,"222-2-C-SAGL_2013",12.2000001271566,-7.4083332195878,87,132,9.83333365122477,-9.20833363632361,4.5666667620341,15.1333332061768,26.400000333786,1.01666667312384,71.3299983739853,281.679998874664,90.7000007629395,1,"24A_2013",0.79
"4633","222-3-B-SAGL",2013,0.15225,0.823525906288203,18,1995,17,"222-3","SAGL",90,74,14,0,22,0,5,0,0,0.227272727,0,NA,"Hare",NA,1,2,11,1,778.440723,"East","24A","Low Shrub","Low Shrub","Clay Loam","Mesic",0,672.469177,278,13.422374,-149.809021,67.826615,0.0997803101536374,1.10492814991428,"222-3-B-SAGL_2013",12.2000001271566,-7.4083332195878,87,132,9.83333365122477,-9.20833363632361,4.5666667620341,15.1333332061768,26.400000333786,1.01666667312384,71.3299983739853,281.679998874664,90.7000007629395,1,"24A_2013",0.79
"4634","222-3-D-SAGL",2013,0.10875,0.555947035203997,20,1993,17,"222-3","SAGL",89,75,11,0,18,1,6,0,0.055555556,0.333333333,0,"Moose","Hare",NA,1,2,11,1,778.440723,"East","24A","Low Shrub","Low Shrub","Clay Loam","Mesic",0,672.469177,278,13.422374,-149.809021,67.826615,-0.0896879140370465,0.914216454877261,"222-3-D-SAGL_2013",12.2000001271566,-7.4083332195878,87,132,9.83333365122477,-9.20833363632361,4.5666667620341,15.1333332061768,26.400000333786,1.01666667312384,71.3299983739853,281.679998874664,90.7000007629395,1,"24A_2013",0.79
"4635","222-4-A-SAGL",2013,0.3215,3.64365450255079,7,2006,17,"222-4","SAGL",84,77,12,0,11,0,2,0,0,0.181818182,0,NA,"Hare",NA,1,0,15,0,805.061274,"East","24A","Low Shrub","Low Shrub","Clay Loam","Mesic",0,678.755371,278,16.631924,-149.808355,67.826658,-0.23685091790867,0.789108921257155,"222-4-A-SAGL_2013",12.2000001271566,-7.4083332195878,87,132,9.83333365122477,-9.20833363632361,4.5666667620341,15.1333332061768,26.400000333786,1.01666667312384,71.3299983739853,281.679998874664,90.7000007629395,1,"24A_2013",0.79
"4636","222-4-C-SAGL",2013,0.19825,1.38780032186916,22,1991,17,"222-4","SAGL",71,66,12,8,15,1,4,0,0.066666667,0.266666667,0,"Moose","Hare",NA,1,0,15,0,805.061274,"East","24A","Low Shrub","Low Shrub","Clay Loam","Mesic",0,678.755371,278,16.631924,-149.808355,67.826658,1.00916063505037,2.74329742067266,"222-4-C-SAGL_2013",12.2000001271566,-7.4083332195878,87,132,9.83333365122477,-9.20833363632361,4.5666667620341,15.1333332061768,26.400000333786,1.01666667312384,71.3299983739853,281.679998874664,90.7000007629395,1,"24A_2013",0.79
"4637","235-1-C-SAPU",2013,0.15475,0.961505833731109,12,2001,18,"235-1","SAPU",53,45,12,20,23,0,3,5,0,0.130434783,0.217391304,NA,"Hare","Ptarmagin",1,0,5,0,477.732622,"East","24A","Low Shrub","Low Shrub","Sandy Gravel","Mesic",0,813.776917,295,20.303024,-149.727576,68.004859,-0.52827718975808,0.589619898362296,"235-1-C-SAPU_2013",9.93333339691162,-8.71666666865349,98,136,8.63333336512248,-10.3416670064131,3.5666667620341,13.8000001907349,11.0000002384186,0.933333347241084,57.8699996471405,290.659996509552,92,1,"24A_2013",0.79
"4638","235-1-D-SAPU",2013,0.27775,3.19690530099476,6,2007,18,"235-1","SAPU",57,50,12,0,12,0,1,3,0,0.083333333,0.25,NA,"Hare","Ptarmagin",1,0,5,0,477.732622,"East","24A","Low Shrub","Low Shrub","Sandy Gravel","Mesic",0,813.776917,295,20.303024,-149.727576,68.004859,-0.665323596490003,0.514107137521257,"235-1-D-SAPU_2013",9.93333339691162,-8.71666666865349,98,136,8.63333336512248,-10.3416670064131,3.5666667620341,13.8000001907349,11.0000002384186,0.933333347241084,57.8699996471405,290.659996509552,92,1,"24A_2013",0.79
"4639","235-2-B-SAPU",2013,0.08175,0.368608367483293,14,1999,18,"235-2","SAPU",50,47,10,6,17,0,0,3,0,0,0.176470588,NA,NA,"Ptarmagin",1,0,0,0,510.631222,"East","24A","Dwarf Shrub-Lichen","Low Shrub","Sandy Gravel","Mesic",0,828.022217,289,26.243103,-149.726481,68.004961,-1.18937431159871,0.304411671344658,"235-2-B-SAPU_2013",9.93333339691162,-8.71666666865349,98,136,8.63333336512248,-10.3416670064131,3.5666667620341,13.8000001907349,11.0000002384186,0.933333347241084,57.8699996471405,290.659996509552,92,1,"24A_2013",0.79
"4640","235-2-C-SAPU",2013,0.25825,2.42117067659976,7,2006,18,"235-2","SAPU",57,49,11,12,16,0,1,1,0,0.0625,0.0625,NA,"Hare","Ptarmagin",1,0,0,0,510.631222,"East","24A","Dwarf Shrub-Lichen","Low Shrub","Sandy Gravel","Mesic",0,828.022217,289,26.243103,-149.726481,68.004961,-0.645586906259475,0.524354704721199,"235-2-C-SAPU_2013",9.93333339691162,-8.71666666865349,98,136,8.63333336512248,-10.3416670064131,3.5666667620341,13.8000001907349,11.0000002384186,0.933333347241084,57.8699996471405,290.659996509552,92,1,"24A_2013",0.79
"4641","235-3-B-SAPU",2013,0.09025,0.476540924690025,23,1990,18,"235-3","SAPU",47,41,14,0,11,0,1,4,0,0.090909091,0.363636364,NA,"Hare","Ptarmagin",1,0,1,0,482.982181,"East","24A","Dwarf Shrub-Lichen","Low Shrub","Sandy Gravel","Mesic",0,817.546387,298,18.704132,-149.726784,68.005244,0.0260764199928259,1.02641938443836,"235-3-B-SAPU_2013",9.93333339691162,-8.71666666865349,98,136,8.63333336512248,-10.3416670064131,3.5666667620341,13.8000001907349,11.0000002384186,0.933333347241084,57.8699996471405,290.659996509552,92,1,"24A_2013",0.79
"4642","235-3-D-SAPU",2013,0.59025,10.1575291181284,7,2006,18,"235-3","SAPU",71,62,14,11,23,0,6,0,0,0.260869565,0,NA,"Hare",NA,1,0,1,0,482.982181,"East","24A","Dwarf Shrub-Lichen","Low Shrub","Sandy Gravel","Mesic",0,817.546387,298,18.704132,-149.726784,68.005244,0.788377135419043,2.19982351219996,"235-3-D-SAPU_2013",9.93333339691162,-8.71666666865349,98,136,8.63333336512248,-10.3416670064131,3.5666667620341,13.8000001907349,11.0000002384186,0.933333347241084,57.8699996471405,290.659996509552,92,1,"24A_2013",0.79
"4643","235-4-A-SAPU",2013,0.2295,2.29961519189936,6,2007,18,"235-4","SAPU",57,38,9,0,10,0,3,0,0,0.3,0,NA,"Hare",NA,1,0,0,0,503.848767,"East","24A","Low Shrub","Low Shrub","Sandy Gravel","Mesic",0,825.290771,293,20.728168,-149.726015,68.005351,-0.994765043852233,0.369810323546306,"235-4-A-SAPU_2013",9.93333339691162,-8.71666666865349,98,136,8.63333336512248,-10.3416670064131,3.5666667620341,13.8000001907349,11.0000002384186,0.933333347241084,57.8699996471405,290.659996509552,92,1,"24A_2013",0.79
"4644","235-4-C-SAPU",2013,0.16325,0.915079377496357,22,1991,18,"235-4","SAPU",41,39,10,0,15,0,0,0,0,0,0,NA,NA,NA,0,0,0,0,503.848767,"East","24A","Low Shrub","Low Shrub","Sandy Gravel","Mesic",0,825.290771,293,20.728168,-149.726015,68.005351,0.592696177532301,1.80885885126144,"235-4-C-SAPU_2013",9.93333339691162,-8.71666666865349,98,136,8.63333336512248,-10.3416670064131,3.5666667620341,13.8000001907349,11.0000002384186,0.933333347241084,57.8699996471405,290.659996509552,92,1,"24A_2013",0.79
"4645","240-1-B-SAPU",2013,0.18075,1.27012254425099,13,2000,19,"240-1","SAPU",58,47,12,0,24,0,1,9,0,0.041666667,0.375,NA,"Hare","Ptarmagin",1,0,1,0,395.986648,"West","24A","Low Shrub","Low Shrub","Sandy Loam","Mesic",0,1043.032227,75,23.365055,-149.606437,68.069578,-0.0953447130243623,0.90905951579657,"240-1-B-SAPU_2013",8.88495492935181,-9.20752256115278,124.992986679077,181.173525810242,8.63333336512248,-10.3416670064131,3.5666667620341,13.8000001907349,11.0000002384186,0.933333347241084,57.8699996471405,290.659996509552,92,1,"24A_2013",0.79
"4646","240-1-D-SAPU",2013,0.131,0.990597570751974,14,1999,19,"240-1","SAPU",115,81,18,0,57,3,0,19,0.052631579,0,0.333333333,"Moose",NA,"Ptarmagin",1,0,1,0,395.986648,"West","24A","Low Shrub","Low Shrub","Sandy Loam","Mesic",0,1043.032227,75,23.365055,-149.606437,68.069578,-0.200800689439593,0.818075466385699,"240-1-D-SAPU_2013",8.88495492935181,-9.20752256115278,124.992986679077,181.173525810242,8.63333336512248,-10.3416670064131,3.5666667620341,13.8000001907349,11.0000002384186,0.933333347241084,57.8699996471405,290.659996509552,92,1,"24A_2013",0.79
"4647","240-2-A-SAPU",2013,0.116,0.518940840890579,18,1995,19,"240-2","SAPU",59,51,16,0,29,0,0,11,0,0,0.379310345,NA,NA,"Ptarmagin",1,0,0,0,426.292991,"West","24A","Tussock Tundra (Low shrub or Herbaceous)","Low Shrub","Sandy Loam","Mesic",0,1048.270996,87,24.096361,-149.606886,68.069926,-0.362024807782889,0.696265094834214,"240-2-A-SAPU_2013",8.88495492935181,-9.20752256115278,124.992986679077,181.173525810242,8.63333336512248,-10.3416670064131,3.5666667620341,13.8000001907349,11.0000002384186,0.933333347241084,57.8699996471405,290.659996509552,92,1,"24A_2013",0.79
"4648","240-2-C-SAPU",2013,0.3375,4.91072165159663,6,2007,19,"240-2","SAPU",79,51,12,0,22,0,2,3,0,0.090909091,0.136363636,NA,"Hare","Ptarmagin",1,0,0,0,426.292991,"West","24A","Tussock Tundra (Low shrub or Herbaceous)","Low Shrub","Sandy Loam","Mesic",0,1048.270996,87,24.096361,-149.606886,68.069926,-0.236085938028177,0.789712804655311,"240-2-C-SAPU_2013",8.88495492935181,-9.20752256115278,124.992986679077,181.173525810242,8.63333336512248,-10.3416670064131,3.5666667620341,13.8000001907349,11.0000002384186,0.933333347241084,57.8699996471405,290.659996509552,92,1,"24A_2013",0.79
"4649","240-3-B-SAPU",2013,0.858,21.3401665950076,18,1995,19,"240-3","SAPU",122,81,25,0,57,1,3,7,0.01754386,0.052631579,0.122807018,"Moose","Hare","Ptarmagin",1,0,1,3,399.798137,"West","24A","Low Shrub","Low Shrub","Sandy Loam","Mesic",0,1034.808228,93,20.584356,-149.606025,68.07014,3.35453163379822,28.6321906993322,"240-3-B-SAPU_2013",8.88495492935181,-9.20752256115278,124.992986679077,181.173525810242,8.63333336512248,-10.3416670064131,3.5666667620341,13.8000001907349,11.0000002384186,0.933333347241084,57.8699996471405,290.659996509552,92,1,"24A_2013",0.79
"4650","240-3-D-SAPU",2013,0.4205,7.01868398366375,28,1985,19,"240-3","SAPU",167,110,47,0,149,7,11,21,0.046979866,0.073825503,0.140939597,"Moose","Hare","Ptarmagin",1,0,1,3,399.798137,"West","24A","Low Shrub","Low Shrub","Sandy Loam","Mesic",0,1034.808228,93,20.584356,-149.606025,68.07014,3.09570625725068,22.1028433197569,"240-3-D-SAPU_2013",8.88495492935181,-9.20752256115278,124.992986679077,181.173525810242,8.63333336512248,-10.3416670064131,3.5666667620341,13.8000001907349,11.0000002384186,0.933333347241084,57.8699996471405,290.659996509552,92,1,"24A_2013",0.79
"4651","240-4-B-SAPU",2013,0.12775,0.66250946531468,22,1991,19,"240-4","SAPU",118,104,19,0,27,3,0,5,0.111111111,0,0.185185185,"Moose",NA,"Ptarmagin",1,0,2,0,431.079046,"West","24A","Low Shrub","Low Shrub","Sandy Loam","Mesic",0,1046.807861,94,24.616484,-149.606605,68.070368,0.269720209683079,1.30959798663336,"240-4-B-SAPU_2013",8.88495492935181,-9.20752256115278,124.992986679077,181.173525810242,8.63333336512248,-10.3416670064131,3.5666667620341,13.8000001907349,11.0000002384186,0.933333347241084,57.8699996471405,290.659996509552,92,1,"24A_2013",0.79
"4652","240-4-D-SAPU",2013,0.098,0.507790279312926,15,1998,19,"240-4","SAPU",77,61,11,0,15,0,1,2,0,0.066666667,0.133333333,NA,"Hare","Ptarmagin",1,0,2,0,431.079046,"West","24A","Low Shrub","Low Shrub","Sandy Loam","Mesic",0,1046.807861,94,24.616484,-149.606605,68.070368,-0.735813594432977,0.479115494660798,"240-4-D-SAPU_2013",8.88495492935181,-9.20752256115278,124.992986679077,181.173525810242,8.63333336512248,-10.3416670064131,3.5666667620341,13.8000001907349,11.0000002384186,0.933333347241084,57.8699996471405,290.659996509552,92,1,"24A_2013",0.79
"4653","255-1-C-SAGL",2013,0.4435,3.93188227674888,24,1989,20,"255-1","SAGL",69,56,17,0,31,0,0,20,0,0,0.64516129,NA,NA,"Ptarmagin",1,0,0,0,585.543915,"East","26B","Low Shrub","Low Shrub","Sandy Gravel","Mesic - Xeric",0,991.483582,331,1.701594,-149.392735,68.222633,2.21858002074866,9.19426592526001,"255-1-C-SAGL_2013",9.2378470102946,-9.6204277475675,136.909729003906,144.864593505859,6.63333336512248,-12.0416669050852,1.70000000794729,11.6333338419596,6.40000021457672,0.808333365867535,47.0199995040894,307.729996681213,94.3000030517578,1,"26B_2013",0.27
"4654","255-1-D-SAGL",2013,0.03275,0.146125488145045,15,1998,20,"255-1","SAGL",42,37,10,0,21,0,0,8,0,0,0.380952381,NA,NA,"Ptarmagin",1,0,0,0,585.543915,"East","26B","Low Shrub","Low Shrub","Sandy Gravel","Mesic - Xeric",0,991.483582,331,1.701594,-149.392735,68.222633,-1.98141636038728,0.137873819935847,"255-1-D-SAGL_2013",9.2378470102946,-9.6204277475675,136.909729003906,144.864593505859,6.63333336512248,-12.0416669050852,1.70000000794729,11.6333338419596,6.40000021457672,0.808333365867535,47.0199995040894,307.729996681213,94.3000030517578,1,"26B_2013",0.27
"4655","255-2-A-SAPU",2013,0.1165,1.12561929601244,15,1998,20,"255-2","SAPU",51,48,12,0,26,0,0,5,0,0,0.192307692,NA,NA,"Ptarmagin",1,0,1,1,631.079496,"East","26B","Low Shrub","Low Shrub","Sandy Gravel","Mesic - Xeric",0,993.382141,286,2.676414,-149.39171,68.222788,0.0602065277483985,1.06205586790368,"255-2-A-SAPU_2013",9.2378470102946,-9.6204277475675,136.909729003906,144.864593505859,6.63333336512248,-12.0416669050852,1.70000000794729,11.6333338419596,6.40000021457672,0.808333365867535,47.0199995040894,307.729996681213,94.3000030517578,1,"26B_2013",0.27
"4656","255-2-D-SAPU",2013,0.23875,2.87027391280103,10,2003,20,"255-2","SAPU",71,55,12,0,22,0,1,5,0,0.045454545,0.227272727,NA,"Hare","Ptarmagin",1,0,1,1,631.079496,"East","26B","Low Shrub","Low Shrub","Sandy Gravel","Mesic - Xeric",0,993.382141,286,2.676414,-149.39171,68.222788,0.213317499063766,1.23777758208618,"255-2-D-SAPU_2013",9.2378470102946,-9.6204277475675,136.909729003906,144.864593505859,6.63333336512248,-12.0416669050852,1.70000000794729,11.6333338419596,6.40000021457672,0.808333365867535,47.0199995040894,307.729996681213,94.3000030517578,1,"26B_2013",0.27
"4657","255-3-A-SAPU",2013,0.1055,0.596422725904223,17,1996,20,"255-3","SAPU",54,46,9,0,20,0,0,3,0,0,0.15,NA,NA,"Ptarmagin",1,0,1,0,600.399561,"East","26B","Tussock Tundra (Low shrub or Herbaceous)","Low Shrub","Sandy Gravel","Mesic - Xeric",0,990.277893,304,2.837043,-149.392647,68.223106,-0.333239317336319,0.716598679146157,"255-3-A-SAPU_2013",9.2378470102946,-9.6204277475675,136.909729003906,144.864593505859,6.63333336512248,-12.0416669050852,1.70000000794729,11.6333338419596,6.40000021457672,0.808333365867535,47.0199995040894,307.729996681213,94.3000030517578,1,"26B_2013",0.27
"4658","255-3-C-SAPU",2013,0.06,0.227702635532188,19,1994,20,"255-3","SAPU",48,42,12,0,11,0,0,3,0,0,0.272727273,NA,NA,"Ptarmagin",1,0,1,0,600.399561,"East","26B","Tussock Tundra (Low shrub or Herbaceous)","Low Shrub","Sandy Gravel","Mesic - Xeric",0,990.277893,304,2.837043,-149.392647,68.223106,-1.08136901232883,0.339130933272422,"255-3-C-SAPU_2013",9.2378470102946,-9.6204277475675,136.909729003906,144.864593505859,6.63333336512248,-12.0416669050852,1.70000000794729,11.6333338419596,6.40000021457672,0.808333365867535,47.0199995040894,307.729996681213,94.3000030517578,1,"26B_2013",0.27
"4659","255-4-A-SAPU",2013,0.048,0.256806349875044,27,1986,20,"255-4","SAPU",72,61,14,0,18,0,2,3,0,0.111111111,0.166666667,NA,"Hare","Ptarmagin",1,0,0,2,644.564014,"East","26B","Low Shrub","Low Shrub","Sandy Gravel","Mesic - Xeric",0,993.003235,239,7.430982,-149.391619,68.223199,-0.282529274927489,0.753874572012843,"255-4-A-SAPU_2013",9.2378470102946,-9.6204277475675,136.909729003906,144.864593505859,6.63333336512248,-12.0416669050852,1.70000000794729,11.6333338419596,6.40000021457672,0.808333365867535,47.0199995040894,307.729996681213,94.3000030517578,1,"26B_2013",0.27
"4660","261-1-B-SAPU",2013,0.32475,3.47363563147888,11,2002,21,"261-1","SAPU",65,51,10,0,19,0,0,5,0,0,0.263157895,NA,NA,"Ptarmagin",1,0,0,0,356.206777,"East","26B","Dwarf Shrub","Low Shrub","Sandy Loam","Mesic",0,883.832947,287,13.943512,-149.352299,68.301689,0.588158119713809,1.80066874285723,"261-1-B-SAPU_2013",9.42949867248535,-9.75867066780726,153.115051269531,152.304681777954,6.63333336512248,-12.0416669050852,1.70000000794729,11.6333338419596,6.40000021457672,0.808333365867535,47.0199995040894,307.729996681213,94.3000030517578,1,"26B_2013",0.27
"4661","261-1-C-SAPU",2013,0.16225,0.860795405335901,15,1998,21,"261-1","SAPU",69,41,17,0,31,0,0,3,0,0,0.096774194,NA,NA,"Ptarmagin",1,0,0,0,356.206777,"East","26B","Dwarf Shrub","Low Shrub","Sandy Loam","Mesic",0,883.832947,287,13.943512,-149.352299,68.301689,-0.208025269047168,0.812186513273323,"261-1-C-SAPU_2013",9.42949867248535,-9.75867066780726,153.115051269531,152.304681777954,6.63333336512248,-12.0416669050852,1.70000000794729,11.6333338419596,6.40000021457672,0.808333365867535,47.0199995040894,307.729996681213,94.3000030517578,1,"26B_2013",0.27
"4662","261-2-C-SAPU",2013,0.1585,0.767578264468123,44,1969,21,"261-2","SAPU",91,67,27,0,29,0,0,3,0,0,0.103448276,NA,NA,"Ptarmagin",1,0,0,1,388.99561,"East","26B","Dwarf Shrub-Lichen","Low Shrub","Sandy Loam","Mesic",0,888.892761,295,13.025289,-149.351465,68.301786,1.75541011397868,5.78582010115628,"261-2-C-SAPU_2013",9.42949867248535,-9.75867066780726,153.115051269531,152.304681777954,6.63333336512248,-12.0416669050852,1.70000000794729,11.6333338419596,6.40000021457672,0.808333365867535,47.0199995040894,307.729996681213,94.3000030517578,1,"26B_2013",0.27
"4663","261-2-D-SAPU",2013,0.463,4.17118580554141,23,1990,21,"261-2","SAPU",122,71,29,0,41,2,0,11,0.048780488,0,0.268292683,"Moose",NA,"Ptarmagin",1,0,0,1,388.99561,"East","26B","Dwarf Shrub-Lichen","Low Shrub","Sandy Loam","Mesic",0,888.892761,295,13.025289,-149.351465,68.301786,2.19547845476924,8.98429860916301,"261-2-D-SAPU_2013",9.42949867248535,-9.75867066780726,153.115051269531,152.304681777954,6.63333336512248,-12.0416669050852,1.70000000794729,11.6333338419596,6.40000021457672,0.808333365867535,47.0199995040894,307.729996681213,94.3000030517578,1,"26B_2013",0.27
"4664","261-3-A-SAPU",2013,0.156,1.30069475680986,11,2002,21,"261-3","SAPU",41,18,7,0,8,0,0,0,0,0,0,NA,NA,NA,0,0,0,1,380.53651,"East","26B","Tussock Tundra (Low shrub or Herbaceous)","Low Shrub","Sandy Loam","Mesic",0,884.224731,295,11.657486,-149.351558,68.302088,-0.394145108144278,0.674256209074139,"261-3-A-SAPU_2013",9.42949867248535,-9.75867066780726,153.115051269531,152.304681777954,6.63333336512248,-12.0416669050852,1.70000000794729,11.6333338419596,6.40000021457672,0.808333365867535,47.0199995040894,307.729996681213,94.3000030517578,1,"26B_2013",0.27
"4665","261-3-D-SAPU",2013,0.2415,1.40851657287555,6,2007,21,"261-3","SAPU",41,23,8,0,10,0,0,0,0,0,0,NA,NA,NA,0,0,0,1,380.53651,"East","26B","Tussock Tundra (Low shrub or Herbaceous)","Low Shrub","Sandy Loam","Mesic",0,884.224731,295,11.657486,-149.351558,68.302088,-1.48496977032508,0.22650918787209,"261-3-D-SAPU_2013",9.42949867248535,-9.75867066780726,153.115051269531,152.304681777954,6.63333336512248,-12.0416669050852,1.70000000794729,11.6333338419596,6.40000021457672,0.808333365867535,47.0199995040894,307.729996681213,94.3000030517578,1,"26B_2013",0.27
"4666","261-4-A-SAPU",2013,0.1035,0.337998455812582,17,1996,21,"261-4","SAPU",41,27,9,0,9,0,0,0,0,0,0,NA,NA,NA,0,0,0,0,405.679111,"East","26B","Low Shrub","Low Shrub","Sandy Loam","Mesic",0,886.626587,308,9.946874,-149.350886,68.302265,-0.901147677768032,0.406103316438066,"261-4-A-SAPU_2013",9.42949867248535,-9.75867066780726,153.115051269531,152.304681777954,6.63333336512248,-12.0416669050852,1.70000000794729,11.6333338419596,6.40000021457672,0.808333365867535,47.0199995040894,307.729996681213,94.3000030517578,1,"26B_2013",0.27
"4667","261-4-B-SAPU",2013,0.17125,1.2579732200614,7,2006,21,"261-4","SAPU",47,33,11,0,11,0,0,3,0,0,0.272727273,NA,NA,"Ptarmagin",1,0,0,0,405.679111,"East","26B","Low Shrub","Low Shrub","Sandy Loam","Mesic",0,886.626587,308,9.946874,-149.350886,68.302265,-1.30033620977738,0.272440180581913,"261-4-B-SAPU_2013",9.42949867248535,-9.75867066780726,153.115051269531,152.304681777954,6.63333336512248,-12.0416669050852,1.70000000794729,11.6333338419596,6.40000021457672,0.808333365867535,47.0199995040894,307.729996681213,94.3000030517578,1,"26B_2013",0.27
"4668","268-1-C-SAPU",2013,0.24825,2.29778148353736,16,1997,22,"268-1","SAPU",61,49,10,0,21,0,0,5,0,0,0.238095238,NA,NA,"Ptarmagin",1,0,1,2,212.091228,"West","26B","Low Shrub","Low Shrub","Sandy Gravel","Mesic",0,818.738892,195,1.432166,-149.327109,68.400098,0.898442719398773,2.45577579981755,"268-1-C-SAPU_2013",10.462153116862,-9.15300900737445,162.045135498047,154.135406494141,6.63333336512248,-12.0416669050852,1.70000000794729,11.6333338419596,6.40000021457672,0.808333365867535,47.0199995040894,307.729996681213,94.3000030517578,1,"26B_2013",0.27
"4669","268-1-D-SAPU",2013,0.174666666666667,0.78578350868095,17,1996,22,"268-1","SAPU",75,52,13,0,37,0,0,6,0,0,0.162162162,NA,NA,"Ptarmagin",1,0,1,2,212.091228,"West","26B","Low Shrub","Low Shrub","Sandy Gravel","Mesic",0,818.738892,195,1.432166,-149.327109,68.400098,-0.0575076843967139,0.944114635407145,"268-1-D-SAPU_2013",10.462153116862,-9.15300900737445,162.045135498047,154.135406494141,6.63333336512248,-12.0416669050852,1.70000000794729,11.6333338419596,6.40000021457672,0.808333365867535,47.0199995040894,307.729996681213,94.3000030517578,1,"26B_2013",0.27
"4670","268-2-A-SAPU",2013,0.34675,2.55043425522528,8,2005,22,"268-2","SAPU",54,44,12,17,24,0,0,12,0,0,0.5,NA,NA,"Ptarmagin",1,0,0,4,184.615387,"West","26B","Low Shrub","Low Shrub","Sandy Gravel","Mesic",0,819.441162,203,1.359031,-149.326454,68.400307,-0.335722026634163,0.714821779617819,"268-2-A-SAPU_2013",10.462153116862,-9.15300900737445,162.045135498047,154.135406494141,6.63333336512248,-12.0416669050852,1.70000000794729,11.6333338419596,6.40000021457672,0.808333365867535,47.0199995040894,307.729996681213,94.3000030517578,1,"26B_2013",0.27
"4671","268-2-B-SAPU",2013,0.3315,3.00298637111158,7,2006,22,"268-2","SAPU",54,46,9,0,18,0,0,6,0,0,0.333333333,NA,NA,"Ptarmagin",1,0,0,4,184.615387,"West","26B","Low Shrub","Low Shrub","Sandy Gravel","Mesic",0,819.441162,203,1.359031,-149.326454,68.400307,-0.430230829552985,0.65035895532874,"268-2-B-SAPU_2013",10.462153116862,-9.15300900737445,162.045135498047,154.135406494141,6.63333336512248,-12.0416669050852,1.70000000794729,11.6333338419596,6.40000021457672,0.808333365867535,47.0199995040894,307.729996681213,94.3000030517578,1,"26B_2013",0.27
"4672","268-3-B-SAPU",2013,0.12225,0.746324015719804,35,1978,22,"268-3","SAPU",106,41,14,0,42,0,0,4,0,0,0.095238095,NA,NA,"Ptarmagin",1,0,0,0,206.549982,"West","26B","Low Shrub","Low Shrub","Sandy Gravel","Mesic",0,819.661011,150,1.610195,-149.326989,68.400547,1.28543078917056,3.61622545248055,"268-3-B-SAPU_2013",10.462153116862,-9.15300900737445,162.045135498047,154.135406494141,6.63333336512248,-12.0416669050852,1.70000000794729,11.6333338419596,6.40000021457672,0.808333365867535,47.0199995040894,307.729996681213,94.3000030517578,1,"26B_2013",0.27
"4673","268-3-D-SAPU",2013,0.4715,4.02754848543967,8,2005,22,"268-3","SAPU",54,49,10,0,24,0,1,12,0,0.041666667,0.5,NA,"Hare","Ptarmagin",1,0,0,0,206.549982,"West","26B","Low Shrub","Low Shrub","Sandy Gravel","Mesic",0,819.661011,150,1.610195,-149.326989,68.400547,0.121172207118581,1.12881928634727,"268-3-D-SAPU_2013",10.462153116862,-9.15300900737445,162.045135498047,154.135406494141,6.63333336512248,-12.0416669050852,1.70000000794729,11.6333338419596,6.40000021457672,0.808333365867535,47.0199995040894,307.729996681213,94.3000030517578,1,"26B_2013",0.27
"4674","268-4-C-SAPU",2013,0.334,3.34724130869378,14,1999,22,"268-4","SAPU",81,62,16,0,39,3,0,11,0.076923077,0,0.282051282,"Moose",NA,"Ptarmagin",1,0,0,5,171.881056,"West","26B","Dwarf Shrub-Lichen","Low Shrub","Sandy Gravel","Mesic",0,820.486511,188,1.085947,-149.326166,68.400831,1.01678273833177,2.76428700772652,"268-4-C-SAPU_2013",10.462153116862,-9.15300900737445,162.045135498047,154.135406494141,6.63333336512248,-12.0416669050852,1.70000000794729,11.6333338419596,6.40000021457672,0.808333365867535,47.0199995040894,307.729996681213,94.3000030517578,1,"26B_2013",0.27
"4675","268-4-D-SAPU",2013,0.5415,4.16532067506836,9,2004,22,"268-4","SAPU",53,49,15,0,33,0,0,13,0,0,0.393939394,NA,NA,"Ptarmagin",1,0,0,5,171.881056,"West","26B","Dwarf Shrub-Lichen","Low Shrub","Sandy Gravel","Mesic",0,820.486511,188,1.085947,-149.326166,68.400831,0.382249544911686,1.46557776697847,"268-4-D-SAPU_2013",10.462153116862,-9.15300900737445,162.045135498047,154.135406494141,6.63333336512248,-12.0416669050852,1.70000000794729,11.6333338419596,6.40000021457672,0.808333365867535,47.0199995040894,307.729996681213,94.3000030517578,1,"26B_2013",0.27
"4676","282-1-C-SAPU",2013,0.23825,1.56863628549601,6,2007,23,"282-1","SAPU",44,23,8,0,8,0,0,0,0,0,0,NA,NA,NA,0,0,0,0,577.316923,"West","26B","Tussock Tundra (Low shrub or Herbaceous)","Tussock Tundra","Clay Loam","Mesic",0,826.622314,26,2.82316,-149.530032,68.582817,-1.37730021098257,0.252258679760515,"282-1-C-SAPU_2013",10.9333333969116,-8.85833344856898,160,178,10.9666668574015,-8.50000005463759,5.86666679382324,16.1000003814697,41.100001335144,1.04166668653488,79.3599984645844,271.199997782707,94.0000038146973,1,"26B_2013",0.27
"4677","282-1-D-SAPU",2013,0.0936666666666667,0.432173560779398,22,1991,23,"282-1","SAPU",49,22,10,0,8,0,0,0,0,0,0,NA,NA,NA,0,0,0,0,577.316923,"West","26B","Tussock Tundra (Low shrub or Herbaceous)","Tussock Tundra","Clay Loam","Mesic",0,826.622314,26,2.82316,-149.530032,68.582817,-0.157487366719513,0.85428760599525,"282-1-D-SAPU_2013",10.9333333969116,-8.85833344856898,160,178,10.9666668574015,-8.50000005463759,5.86666679382324,16.1000003814697,41.100001335144,1.04166668653488,79.3599984645844,271.199997782707,94.0000038146973,1,"26B_2013",0.27
"4678","282-2-B-SAPU",2013,0.1105,0.651593019892079,23,1990,23,"282-2","SAPU",68,29,11,0,18,0,0,0,0,0,0,NA,NA,NA,0,0,0,0,604.079816,"West","26B","Low Shrub","Low Shrub-Tussock Tundra","Clay Loam","Mesic",0,826.41803,354,3.355184,-149.530916,68.583004,0.338942978975004,1.40346331601425,"282-2-B-SAPU_2013",10.9333333969116,-8.85833344856898,160,178,10.9666668574015,-8.50000005463759,5.86666679382324,16.1000003814697,41.100001335144,1.04166668653488,79.3599984645844,271.199997782707,94.0000038146973,1,"26B_2013",0.27
"4679","282-2-D-SAPU",2013,0.03825,0.089133070418109,16,1997,23,"282-2","SAPU",41,22,7,0,4,0,0,0,0,0,0,NA,NA,NA,0,0,0,0,604.079816,"West","26B","Low Shrub","Low Shrub-Tussock Tundra","Clay Loam","Mesic",0,826.41803,354,3.355184,-149.530916,68.583004,-2.35112621833337,0.0952618161755096,"282-2-D-SAPU_2013",10.9333333969116,-8.85833344856898,160,178,10.9666668574015,-8.50000005463759,5.86666679382324,16.1000003814697,41.100001335144,1.04166668653488,79.3599984645844,271.199997782707,94.0000038146973,1,"26B_2013",0.27
"4680","282-3-A-SAPU",2013,0.3935,3.84648829063717,6,2007,23,"282-3","SAPU",37,21,9,0,9,0,0,0,0,0,0,NA,NA,NA,0,0,0,0,571.732475,"West","26B","Low Shrub","Low Shrub-Tussock Tundra","Clay Loam","Mesic",0,823.876221,27,3.830761,-149.53038,68.583298,-0.480346245168113,0.618569178133984,"282-3-A-SAPU_2013",10.9333333969116,-8.85833344856898,160,178,10.9666668574015,-8.50000005463759,5.86666679382324,16.1000003814697,41.100001335144,1.04166668653488,79.3599984645844,271.199997782707,94.0000038146973,1,"26B_2013",0.27
"4681","282-3-D-SAPU",2013,0.0946666666666667,0.400305929883772,34,1979,23,"282-3","SAPU",49,26,10,0,9,0,0,0,0,0,0,NA,NA,NA,0,0,0,0,571.732475,"West","26B","Low Shrub","Low Shrub-Tussock Tundra","Clay Loam","Mesic",0,823.876221,27,3.830761,-149.53038,68.583298,0.606524376659805,1.83404585575529,"282-3-D-SAPU_2013",10.9333333969116,-8.85833344856898,160,178,10.9666668574015,-8.50000005463759,5.86666679382324,16.1000003814697,41.100001335144,1.04166668653488,79.3599984645844,271.199997782707,94.0000038146973,1,"26B_2013",0.27
"4682","282-4-C-SAPU",2013,0.14275,0.784921230362725,19,1994,23,"282-4","SAPU",45,23,12,0,10,0,0,0,0,0,0,NA,NA,NA,0,0,0,0,597.547448,"West","26B","Tussock Tundra (Low shrub or Herbaceous)","Low Shrub-Tussock Tundra","Clay Loam","Mesic",0,823.620117,358,4.137664,-149.531178,68.583423,0.15617380934774,1.16902937366581,"282-4-C-SAPU_2013",10.9333333969116,-8.85833344856898,160,178,10.9666668574015,-8.50000005463759,5.86666679382324,16.1000003814697,41.100001335144,1.04166668653488,79.3599984645844,271.199997782707,94.0000038146973,1,"26B_2013",0.27
"4683","282-4-D-SAPU",2013,0.052,0.208124230115015,36,1977,23,"282-4","SAPU",59,31,18,0,12,0,0,0,0,0,0,NA,NA,NA,0,0,0,0,597.547448,"West","26B","Tussock Tundra (Low shrub or Herbaceous)","Low Shrub-Tussock Tundra","Clay Loam","Mesic",0,823.620117,358,4.137664,-149.531178,68.583423,0.0628047656629018,1.06481892971855,"282-4-D-SAPU_2013",10.9333333969116,-8.85833344856898,160,178,10.9666668574015,-8.50000005463759,5.86666679382324,16.1000003814697,41.100001335144,1.04166668653488,79.3599984645844,271.199997782707,94.0000038146973,1,"26B_2013",0.27
"4684","60-1-B-SAPU",2013,0.2585,2.99584317481547,14,1999,1,"60-1","SAPU",98,NA,10,10,41,0,1,0,0,0.024390244,0,NA,"Hare",NA,1,0,1,0,1438.56091,"West","20F","Low Shrub","Low Shrub-Tussock Tundra","Silt Loam","Mesic",0,110.943649,215,1.507567,-149.840126,65.909691,0.905871941121341,2.47408824210535,"60-1-B-SAPU_2013",15.7243057886759,-5.62005209922791,67.2708129882812,150.406220436096,15.2000001271566,-3.71666706415514,9.39999993642171,21.0333340962728,123.60000038147,1.09999999962747,119.849997520447,242.259999174625,107.89999961853,1,"20F_2013",0.375
"4685","60-2-C-SAPU",2013,0.28,1.96908744341701,8,2005,1,"60-2","SAPU",76,NA,8,17,12,3,0,0,0.25,0,0,"Moose",NA,NA,1,0,2,0,1432.670461,"West","20F","Low Shrub","Low Shrub","Silt Loam","Mesic",0,110.927505,264,1.953402,-149.84073,65.909949,-0.594415458737134,0.551885071196285,"60-2-C-SAPU_2013",15.7243057886759,-5.62005209922791,67.2708129882812,150.406220436096,15.2000001271566,-3.71666706415514,9.39999993642171,21.0333340962728,123.60000038147,1.09999999962747,119.849997520447,242.259999174625,107.89999961853,1,"20F_2013",0.375
"4686","60-2-D-SAPU",2013,0.07125,0.289031432868783,19,1994,1,"60-2","SAPU",84,NA,16,7,26,2,1,0,0.076923077,0.038461538,0,"Moose","Hare",NA,1,0,2,0,1432.670461,"West","20F","Low Shrub","Low Shrub","Silt Loam","Mesic",0,110.927505,264,1.953402,-149.84073,65.909949,-0.842874113463077,0.430471519772986,"60-2-D-SAPU_2013",15.7243057886759,-5.62005209922791,67.2708129882812,150.406220436096,15.2000001271566,-3.71666706415514,9.39999993642171,21.0333340962728,123.60000038147,1.09999999962747,119.849997520447,242.259999174625,107.89999961853,1,"20F_2013",0.375
"4687","60-3-A-SAPU",2013,0.143333333333333,1.13024028021495,11,2002,1,"60-3","SAPU",139,NA,17,32,54,2,2,0,0.037037037,0.037037037,0,"Moose","Hare",NA,1,0,3,0,1403.187226,"West","20F","Low Shrub","Black Spruce Woodland","Silt Loam","Mesic",0,111.24585,78,1.323723,-149.840194,65.910114,-0.534613410692603,0.585895747400191,"60-3-A-SAPU_2013",15.7243057886759,-5.62005209922791,67.2708129882812,150.406220436096,15.2000001271566,-3.71666706415514,9.39999993642171,21.0333340962728,123.60000038147,1.09999999962747,119.849997520447,242.259999174625,107.89999961853,1,"20F_2013",0.375
"4688","60-3-B-SAPU",2013,0.02175,0.0528700591168033,19,1994,1,"60-3","SAPU",81,NA,8,22,16,0,0,0,0,0,0,NA,NA,NA,0,0,3,0,1403.187226,"West","20F","Low Shrub","Black Spruce Woodland","Silt Loam","Mesic",0,111.24585,78,1.323723,-149.840194,65.910114,-2.54157237151219,0.0787424899520542,"60-3-B-SAPU_2013",15.7243057886759,-5.62005209922791,67.2708129882812,150.406220436096,15.2000001271566,-3.71666706415514,9.39999993642171,21.0333340962728,123.60000038147,1.09999999962747,119.849997520447,242.259999174625,107.89999961853,1,"20F_2013",0.375
"4689","60-4-A-SAPU",2013,0.1125,0.558594808762349,12,2001,1,"60-4","SAPU",88,NA,10,8,23,1,2,0,0.043478261,0.086956522,0,"Moose","Hare",NA,1,0,1,0,1406.241796,"West","20F","Tall Shrub (Open-Closed)","Black Spruce Woodland","Silt Loam","Mesic",0,110.670654,252,1.181915,-149.840942,65.910317,-1.07135346192415,0.342544582480682,"60-4-A-SAPU_2013",15.7243057886759,-5.62005209922791,67.2708129882812,150.406220436096,15.2000001271566,-3.71666706415514,9.39999993642171,21.0333340962728,123.60000038147,1.09999999962747,119.849997520447,242.259999174625,107.89999961853,1,"20F_2013",0.375
"4690","60-4-D-SAPU",2013,0.1165,0.51513872838157,18,1995,1,"60-4","SAPU",103,NA,15,13,35,1,4,0,0.028571429,0.114285714,0,"Moose","Hare",NA,1,0,1,0,1406.241796,"West","20F","Tall Shrub (Open-Closed)","Black Spruce Woodland","Silt Loam","Mesic",0,110.670654,252,1.181915,-149.840942,65.910317,-0.369378457841577,0.69116378459216,"60-4-D-SAPU_2013",15.7243057886759,-5.62005209922791,67.2708129882812,150.406220436096,15.2000001271566,-3.71666706415514,9.39999993642171,21.0333340962728,123.60000038147,1.09999999962747,119.849997520447,242.259999174625,107.89999961853,1,"20F_2013",0.375
"4691","72-1-A-SAPU",2013,0.1575,0.84561464058513,13,2000,2,"72-1","SAPU",91,87,15,19,15,0,6,0,0,0.4,0,NA,"Hare",NA,1,0,0,0,895.937772,"West","20F","Tussock Tundra (Low shrub or Herbaceous)","Black Spruce Woodland","Clay Loam","Mesic",0,130.808105,148,1.606934,-150.14017,66.022623,-0.502149631109665,0.605228242896931,"72-1-A-SAPU_2013",15.9326206843058,-5.37146313985189,64.3107738494873,147.305068969727,13.7000001271566,-5.30000013113022,7.96666669845581,19.4333330790202,98.5000023841858,1.1750000162671,119.209996700287,253.509996280074,104.60000038147,1,"20F_2013",0.375
"4692","72-1-C-SAGL",2013,0.13225,1.13726066393986,7,2006,2,"72-1","SAGL",112,103,13,11,16,1,0,0,0.0625,0,0,"Moose",NA,NA,1,0,0,0,895.937772,"West","20F","Tussock Tundra (Low shrub or Herbaceous)","Black Spruce Woodland","Clay Loam","Mesic",0,130.808105,148,1.606934,-150.14017,66.022623,-1.40121563574243,0.246297373991285,"72-1-C-SAGL_2013",15.9326206843058,-5.37146313985189,64.3107738494873,147.305068969727,13.7000001271566,-5.30000013113022,7.96666669845581,19.4333330790202,98.5000023841858,1.1750000162671,119.209996700287,253.509996280074,104.60000038147,1,"20F_2013",0.375
"4693","72-1-D-SAPU",2013,0.01725,0.0235872739926933,37,1976,2,"72-1","SAPU",68,54,18,0,8,0,1,0,0,0.125,0,NA,"Hare",NA,1,0,0,0,895.937772,"West","20F","Tussock Tundra (Low shrub or Herbaceous)","Black Spruce Woodland","Clay Loam","Mesic",0,130.808105,148,1.606934,-150.14017,66.022623,-2.06171497198488,0.127235577229267,"72-1-D-SAPU_2013",15.9326206843058,-5.37146313985189,64.3107738494873,147.305068969727,13.7000001271566,-5.30000013113022,7.96666669845581,19.4333330790202,98.5000023841858,1.1750000162671,119.209996700287,253.509996280074,104.60000038147,1,"20F_2013",0.375
"4694","72-2-A-SAGL",2013,0.191,1.02187526721111,23,1990,2,"72-2","SAGL",129,121,17,0,12,0,0,0,0,0,0,NA,NA,NA,0,0,0,0,855.94066,"West","20F","Tussock Tundra (Low shrub or Herbaceous)","Black Spruce Woodland","Clay Loam","Mesic",0,131.055786,179,2.125059,-150.13956,66.022889,0.788917530140005,2.20101260647419,"72-2-A-SAGL_2013",15.9326206843058,-5.37146313985189,64.3107738494873,147.305068969727,13.7000001271566,-5.30000013113022,7.96666669845581,19.4333330790202,98.5000023841858,1.1750000162671,119.209996700287,253.509996280074,104.60000038147,1,"20F_2013",0.375
"4695","72-2-C-SAPU",2013,0.07875,0.703050147712933,16,1997,2,"72-2","SAPU",97,84,22,5,22,0,0,0,0,0,0,NA,NA,NA,0,0,0,0,855.94066,"West","20F","Tussock Tundra (Low shrub or Herbaceous)","Black Spruce Woodland","Clay Loam","Mesic",0,131.055786,179,2.125059,-150.13956,66.022889,-0.285828421504283,0.751391527515329,"72-2-C-SAPU_2013",15.9326206843058,-5.37146313985189,64.3107738494873,147.305068969727,13.7000001271566,-5.30000013113022,7.96666669845581,19.4333330790202,98.5000023841858,1.1750000162671,119.209996700287,253.509996280074,104.60000038147,1,"20F_2013",0.375
"4696","72-2-D-SAPU",2013,0.068,0.522107563437015,24,1989,2,"72-2","SAPU",79,60,21,0,11,0,0,0,0,0,0,NA,NA,NA,0,0,0,0,855.94066,"West","20F","Tussock Tundra (Low shrub or Herbaceous)","Black Spruce Woodland","Clay Loam","Mesic",0,131.055786,179,2.125059,-150.13956,66.022889,0.199580106598312,1.22089000685919,"72-2-D-SAPU_2013",15.9326206843058,-5.37146313985189,64.3107738494873,147.305068969727,13.7000001271566,-5.30000013113022,7.96666669845581,19.4333330790202,98.5000023841858,1.1750000162671,119.209996700287,253.509996280074,104.60000038147,1,"20F_2013",0.375
"4697","72-3-A-SAGL",2013,0.25675,3.0007682103486,8,2005,2,"72-3","SAGL",122,114,14,7,15,0,1,0,0,0.066666667,0,NA,"Hare",NA,1,0,1,0,885.368743,"West","20F","Tussock Tundra (Low shrub or Herbaceous)","Black Spruce Woodland","Clay Loam","Mesic",0,132.401993,119,2.284806,-150.140609,66.023021,-0.173117341468575,0.841038920312218,"72-3-A-SAGL_2013",15.9326206843058,-5.37146313985189,64.3107738494873,147.305068969727,13.7000001271566,-5.30000013113022,7.96666669845581,19.4333330790202,98.5000023841858,1.1750000162671,119.209996700287,253.509996280074,104.60000038147,1,"20F_2013",0.375
"4698","72-3-B-SAPU",2013,0.1025,0.69071841479988,25,1988,2,"72-3","SAPU",75,59,20,4,12,0,0,0,0,0,0,NA,NA,NA,0,0,1,0,885.368743,"West","20F","Tussock Tundra (Low shrub or Herbaceous)","Black Spruce Woodland","Clay Loam","Mesic",0,132.401993,119,2.284806,-150.140609,66.023021,0.558266994800746,1.74764120313643,"72-3-B-SAPU_2013",15.9326206843058,-5.37146313985189,64.3107738494873,147.305068969727,13.7000001271566,-5.30000013113022,7.96666669845581,19.4333330790202,98.5000023841858,1.1750000162671,119.209996700287,253.509996280074,104.60000038147,1,"20F_2013",0.375
"4699","72-3-D-SAGL",2013,0.18925,1.19786237892669,26,1987,2,"72-3","SAGL",128,109,19,9,10,0,2,0,0,0.2,0,NA,"Hare",NA,1,0,1,0,885.368743,"West","20F","Tussock Tundra (Low shrub or Herbaceous)","Black Spruce Woodland","Clay Loam","Mesic",0,132.401993,119,2.284806,-150.140609,66.023021,1.18456481884179,3.26926378984756,"72-3-D-SAGL_2013",15.9326206843058,-5.37146313985189,64.3107738494873,147.305068969727,13.7000001271566,-5.30000013113022,7.96666669845581,19.4333330790202,98.5000023841858,1.1750000162671,119.209996700287,253.509996280074,104.60000038147,1,"20F_2013",0.375
"4700","72-4-B-SAPU",2013,0.0343333333333333,0.103654744786987,42,1971,2,"72-4","SAPU",111,93,14,0,13,0,0,0,0,0,0,NA,NA,NA,0,0,0,0,844.255779,"West","20F","Tussock Tundra (Low shrub or Herbaceous)","Low Shrub-Tussock Tundra","Clay Loam","Mesic",0,132.260803,156,1.029158,-150.139994,66.023305,-0.336596016274328,0.714197305719478,"72-4-B-SAPU_2013",15.9326206843058,-5.37146313985189,64.3107738494873,147.305068969727,13.7000001271566,-5.30000013113022,7.96666669845581,19.4333330790202,98.5000023841858,1.1750000162671,119.209996700287,253.509996280074,104.60000038147,1,"20F_2013",0.375
"4701","86-1-A-SABE",2013,0.3695,4.31418190136606,7,2006,3,"86-1","SABE",129,NA,19,19,52,1,0,0,0.019230769,0,0,"Moose",NA,NA,1,1,0,0,1072.088921,"West","20F","Tall Shrub (Open-Closed)","Tall Shrub","Gravely Sand Loam","Mesic - Xeric",0,572.239319,57,8.372539,-150.2773,66.212913,-0.0679303676807652,0.934325530565766,"86-1-A-SABE_2013",13.733333269755,-6.10833328962326,138,340,13.7000001271566,-5.30000013113022,7.96666669845581,19.4333330790202,98.5000023841858,1.1750000162671,119.209996700287,253.509996280074,104.60000038147,1,"20F_2013",0.375
"4702","86-1-D-SABE",2013,0.433,13.840243473084,7,2006,3,"86-1","SABE",76,NA,8,0,10,2,0,0,0.2,0,0,"Moose",NA,NA,1,1,0,0,1072.088921,"West","20F","Tall Shrub (Open-Closed)","Tall Shrub","Gravely Sand Loam","Mesic - Xeric",0,572.239319,57,8.372539,-150.2773,66.212913,1.09774246190113,2.99739165426799,"86-1-D-SABE_2013",13.733333269755,-6.10833328962326,138,340,13.7000001271566,-5.30000013113022,7.96666669845581,19.4333330790202,98.5000023841858,1.1750000162671,119.209996700287,253.509996280074,104.60000038147,1,"20F_2013",0.375
"4703","86-2-D-SABE",2013,0.682,23.7482036471695,9,2004,3,"86-2","SABE",144,NA,31,15,91,0,0,0,0,0,0,NA,NA,NA,0,0,0,0,1091.215231,"West","20F","Low Shrub","Tall Shrub","Gravely Sand Loam","Mesic - Xeric",0,576.231995,67,9.004415,-150.278061,66.212989,2.1229631711546,8.35586068541946,"86-2-D-SABE_2013",13.733333269755,-6.10833328962326,138,340,13.7000001271566,-5.30000013113022,7.96666669845581,19.4333330790202,98.5000023841858,1.1750000162671,119.209996700287,253.509996280074,104.60000038147,1,"20F_2013",0.375
"4704","86-3-C-SABE",2013,0.68975,15.28594978885,7,2006,3,"86-3","SABE",122,NA,15,7,21,1,0,0,0.047619048,0,0,"Moose",NA,NA,1,0,0,1,1057.338847,"West","20F","Tall Shrub (Open-Closed)","Tall Shrub","Gravely Sand Loam","Mesic - Xeric",0,571.701965,63,9.459789,-150.277761,66.213303,1.19709601191561,3.3104893287292,"86-3-C-SABE_2013",13.733333269755,-6.10833328962326,138,340,13.7000001271566,-5.30000013113022,7.96666669845581,19.4333330790202,98.5000023841858,1.1750000162671,119.209996700287,253.509996280074,104.60000038147,1,"20F_2013",0.375
"4705","86-3-D-SABE",2013,0.45125,5.63903216773983,8,2005,3,"86-3","SABE",120,NA,16,0,19,5,0,0,0.263157895,0,0,"Moose",NA,NA,1,0,0,1,1057.338847,"West","20F","Tall Shrub (Open-Closed)","Tall Shrub","Gravely Sand Loam","Mesic - Xeric",0,571.701965,63,9.459789,-150.277761,66.213303,0.457726781847654,1.58047712902518,"86-3-D-SABE_2013",13.733333269755,-6.10833328962326,138,340,13.7000001271566,-5.30000013113022,7.96666669845581,19.4333330790202,98.5000023841858,1.1750000162671,119.209996700287,253.509996280074,104.60000038147,1,"20F_2013",0.375
"4706","86-4-A-SABE",2013,0.527,8.709109529676,8,2005,3,"86-4","SABE",104,NA,19,18,32,3,0,0,0.09375,0,0,"Moose",NA,NA,1,2,0,0,1074.730943,"West","20F","Low Shrub","Tall Shrub","Gravely Sand Loam","Mesic - Xeric",0,575.689697,64,9.57597,-150.278532,66.213405,0.892383882766636,2.4409416396972,"86-4-A-SABE_2013",13.733333269755,-6.10833328962326,138,340,13.7000001271566,-5.30000013113022,7.96666669845581,19.4333330790202,98.5000023841858,1.1750000162671,119.209996700287,253.509996280074,104.60000038147,1,"20F_2013",0.375
"4707","86-4-D-SABE",2013,0.2775,4.88944521535019,6,2007,3,"86-4","SABE",123,NA,12,21,19,3,0,0,0.157894737,0,0,"Moose",NA,NA,1,2,0,0,1074.730943,"West","20F","Low Shrub","Tall Shrub","Gravely Sand Loam","Mesic - Xeric",0,575.689697,64,9.57597,-150.278532,66.213405,-0.240428000763076,0.786291255780558,"86-4-D-SABE_2013",13.733333269755,-6.10833328962326,138,340,13.7000001271566,-5.30000013113022,7.96666669845581,19.4333330790202,98.5000023841858,1.1750000162671,119.209996700287,253.509996280074,104.60000038147,1,"20F_2013",0.375
"4708","97-1-B-SAPU",2013,0.551666666666667,11.5246167858495,9,2004,4,"97-1","SAPU",161,144,25,14,28,0,0,4,0,0,0.142857143,NA,NA,"Ptarmagin",1,0,0,0,926.812684,"East","24A","Tussock Tundra (Low shrub or Herbaceous)","Low Shrub","Gravely Sand Loam","Mesic",2004,556.594971,67,6.396444,-150.432109,66.348765,1.39994161708753,4.05496321937102,"97-1-B-SAPU_2013",13.3726851145426,-6.1212389866511,141.774322509766,363.232696533203,13.7000001271566,-5.30000013113022,7.96666669845581,19.4333330790202,98.5000023841858,1.1750000162671,119.209996700287,253.509996280074,104.60000038147,1,"24A_2013",0.79
"4709","97-1-D-SAPU",2013,0.55525,10.2756435771254,9,2004,4,"97-1","SAPU",89,76,20,18,25,0,0,0,0,0,0,NA,NA,NA,0,0,0,0,926.812684,"East","24A","Tussock Tundra (Low shrub or Herbaceous)","Low Shrub","Gravely Sand Loam","Mesic",2004,556.594971,67,6.396444,-150.432109,66.348765,1.28523267310729,3.61550909109369,"97-1-D-SAPU_2013",13.3726851145426,-6.1212389866511,141.774322509766,363.232696533203,13.7000001271566,-5.30000013113022,7.96666669845581,19.4333330790202,98.5000023841858,1.1750000162671,119.209996700287,253.509996280074,104.60000038147,1,"24A_2013",0.79
"4710","97-2-C-SAPU",2013,0.26475,3.86071361852217,9,2004,4,"97-2","SAPU",118,101,19,0,29,0,0,0,0,0,0,NA,NA,NA,0,0,0,0,888.474156,"East","24A","Tussock Tundra (Low shrub or Herbaceous)","Low Shrub","Gravely Sand Loam","Mesic",2004,560.389526,70,6.330689,-150.43305,66.348843,0.306308321097366,1.35840106569567,"97-2-C-SAPU_2013",13.3726851145426,-6.1212389866511,141.774322509766,363.232696533203,13.7000001271566,-5.30000013113022,7.96666669845581,19.4333330790202,98.5000023841858,1.1750000162671,119.209996700287,253.509996280074,104.60000038147,1,"24A_2013",0.79
"4711","97-3-D-SAPU",2013,0.488,13.3724404574172,9,2004,4,"97-3","SAPU",124,107,24,17,31,0,0,0,0,0,0,NA,NA,NA,0,0,0,0,924.995234,"East","24A","Tussock Tundra (Low shrub or Herbaceous)","Tall Shrub","Gravely Sand Loam","Mesic",2004,557.015015,71,7.919354,-150.432427,66.349149,1.54865218624234,4.70512427577078,"97-3-D-SAPU_2013",13.3726851145426,-6.1212389866511,141.774322509766,363.232696533203,13.7000001271566,-5.30000013113022,7.96666669845581,19.4333330790202,98.5000023841858,1.1750000162671,119.209996700287,253.509996280074,104.60000038147,1,"24A_2013",0.79
"4712","102-1-D-SAPU",2012,0.44325,11.710668908812,8,2004,5,"102-1","SAPU",67,NA,13,0,26,0,0,0,0,0,0,NA,NA,NA,0,0,0,0,978.645101,"West","24A","Low Shrub","Low Shrub","Sandy Loam","Mesic",2004,428.203827,339,4.033863,-150.565499,66.400721,1.18851463137601,3.28220230447486,"102-1-D-SAPU_2012",12.3999999364217,-7.37499996026357,208,102,12.5333334604899,-6.58333351214727,7.56666692097982,17.5333337783813,66.600001335144,1.03333335866531,101.979997158051,251.66999784112,152.600002288818,1,"24A_2012",0.8
"4713","102-2-C-SAPU",2012,0.433,7.28377785495895,8,2004,5,"102-2","SAPU",91,NA,21,0,42,0,0,5,0,0,0.119047619,NA,NA,"Ptarmagin",1,0,0,1,973.266715,"West","24A","Tall Shrub (Open-Closed)","Low Shrub","Sandy Loam","Mesic",2004,426.001434,321,4.435797,-150.566012,66.400957,0.713663996256016,2.04145746472603,"102-2-C-SAPU_2012",12.3999999364217,-7.37499996026357,208,102,12.5333334604899,-6.58333351214727,7.56666692097982,17.5333337783813,66.600001335144,1.03333335866531,101.979997158051,251.66999784112,152.600002288818,1,"24A_2012",0.8
"4714","102-3-A-SAPU",2012,0.708,19.330935880663,8,2004,5,"102-3","SAPU",138,NA,23,0,32,2,0,5,0.0625,0,0.15625,"Moose",NA,"Ptarmagin",1,0,0,0,939.238254,"West","24A","Tussock Tundra (Low shrub or Herbaceous)","Low Shrub","Sandy Loam","Mesic",2004,424.339783,330,3.896938,-150.565669,66.401242,1.68972104054378,5.41796910058869,"102-3-A-SAPU_2012",12.3999999364217,-7.37499996026357,208,102,12.5333334604899,-6.58333351214727,7.56666692097982,17.5333337783813,66.600001335144,1.03333335866531,101.979997158051,251.66999784112,152.600002288818,1,"24A_2012",0.8
"4715","102-4-A-SAPU",2012,0.3275,3.93646271883782,8,2004,5,"102-4","SAPU",98,NA,17,0,26,2,0,3,0.076923077,0,0.115384615,"Moose",NA,"Ptarmagin",1,0,0,0,934.189604,"West","24A","Low Shrub","Low Shrub","Sandy Loam","Mesic",2004,423.102509,349,3.666453,-150.566049,66.401434,0.0982968654881042,1.10329026530045,"102-4-A-SAPU_2012",12.3999999364217,-7.37499996026357,208,102,12.5333334604899,-6.58333351214727,7.56666692097982,17.5333337783813,66.600001335144,1.03333335866531,101.979997158051,251.66999784112,152.600002288818,1,"24A_2012",0.8
"4716","102-4-C-SAPU",2012,0.4365,10.347868988581,8,2004,5,"102-4","SAPU",122,NA,18,0,37,3,0,3,0.081081081,0,0.081081081,"Moose",NA,"Ptarmagin",1,0,0,0,934.189604,"West","24A","Low Shrub","Low Shrub","Sandy Loam","Mesic",2004,423.102509,349,3.666453,-150.566049,66.401434,1.06479493621651,2.90024418802991,"102-4-C-SAPU_2012",12.3999999364217,-7.37499996026357,208,102,12.5333334604899,-6.58333351214727,7.56666692097982,17.5333337783813,66.600001335144,1.03333335866531,101.979997158051,251.66999784112,152.600002288818,1,"24A_2012",0.8
"4717","111-2-C-SAPU",2012,0.347,7.31151968888648,14,1998,6,"111-2","SAPU",87,78,14,0,21,0,0,0,0,0,0,NA,NA,NA,0,0,0,0,685.564701,"West","24A","Tall Shrub (Open-Closed)","Low Shrub","Gravely Sand Loam","Mesic",0,516.430603,8,6.353059,-150.737535,66.498284,1.79809736562278,6.03814814015089,"111-2-C-SAPU_2012",12.4375470479329,-7.3785924911499,227.189628601074,100.126420021057,12.5333334604899,-6.58333351214727,7.56666692097982,17.5333337783813,66.600001335144,1.03333335866531,101.979997158051,251.66999784112,152.600002288818,1,"24A_2012",0.8
"4718","129-4-A-SAPU",2012,0.821,32.5642901773242,8,2004,8,"129-4","SAPU",127,105,25,18,36,0,0,0,0,0,0,NA,NA,NA,0,0,0,0,1057.255538,"East","24A","Tussock Tundra (Low shrub or Herbaceous)","Tall Shrub","Sandy Loam","Mesic - Hydric",2005,303.823029,358,6.979915,-150.646167,66.709845,2.21123062718477,9.12694134689225,"129-4-A-SAPU_2012",13.3666667938232,-6.96666651964188,204,79,13.0666669209798,-6.48333346843719,8.06666692097982,18.0666675567627,66.2000012397766,1.10000003998478,99.029996573925,249.039998307824,147.900001525879,1,"24A_2012",0.8
"4719","129-4-B-SAPU",2012,1.033,37.5671901492733,8,2004,8,"129-4","SAPU",194,177,37,34,72,0,0,0,0,0,0,NA,NA,NA,0,0,0,0,1057.255538,"East","24A","Tussock Tundra (Low shrub or Herbaceous)","Tall Shrub","Sandy Loam","Mesic - Hydric",2005,303.823029,358,6.979915,-150.646167,66.709845,2.35414539957127,10.5291268193747,"129-4-B-SAPU_2012",13.3666667938232,-6.96666651964188,204,79,13.0666669209798,-6.48333346843719,8.06666692097982,18.0666675567627,66.2000012397766,1.10000003998478,99.029996573925,249.039998307824,147.900001525879,1,"24A_2012",0.8
"4720","147-1-A-SAPU",2012,0.141,0.709481603501325,24,1988,9,"147-1","SAPU",191,167,22,11,73,23,0,0,0.315068493,0,0,"Moose",NA,NA,1,1,0,0,984.758365,"West","24A","Low Shrub","Tall Shrub","Clay Loam","Mesic - Hydric",0,426.634277,145,7.907337,-150.485282,66.911769,0.506241047161691,1.65904319420896,"147-1-A-SAPU_2012",13.0030091603597,-7.22387154897054,212.270812988281,79.1354064941406,11.2000001271566,-7.93333331743876,6.30000003178914,16.1333335240682,44.8000001907349,0.991666676476598,93.9799982309341,263.459995865822,147.900001525879,1,"24A_2012",0.8
"4721","147-1-D-SAPU",2012,0.0695,0.431659542992221,18,1994,9,"147-1","SAPU",211,134,21,18,47,15,0,0,0.319148936,0,0,"Moose",NA,NA,1,1,0,0,984.758365,"West","24A","Low Shrub","Tall Shrub","Clay Loam","Mesic - Hydric",0,426.634277,145,7.907337,-150.485282,66.911769,-0.546177515119809,0.579159412702582,"147-1-D-SAPU_2012",13.0030091603597,-7.22387154897054,212.270812988281,79.1354064941406,11.2000001271566,-7.93333331743876,6.30000003178914,16.1333335240682,44.8000001907349,0.991666676476598,93.9799982309341,263.459995865822,147.900001525879,1,"24A_2012",0.8
"4722","147-2-B-SAPU",2012,0.04775,0.183726032518618,20,1992,9,"147-2","SAPU",104,97,14,31,12,5,0,0,0.416666667,0,0,"Moose",NA,NA,1,2,1,0,986.173835,"West","24A","Low Shrub","Tall Shrub","Clay Loam","Mesic - Hydric",0,428.943481,147,8.698308,-150.484958,66.912025,-1.1969152490129,0.302124755564535,"147-2-B-SAPU_2012",13.0030091603597,-7.22387154897054,212.270812988281,79.1354064941406,11.2000001271566,-7.93333331743876,6.30000003178914,16.1333335240682,44.8000001907349,0.991666676476598,93.9799982309341,263.459995865822,147.900001525879,1,"24A_2012",0.8
"4723","147-2-C-SAPU",2012,0.64175,11.4953955919146,6,2006,9,"147-2","SAPU",124,112,17,11,15,3,2,0,0.2,0.133333333,0,"Moose","Hare",NA,1,2,1,0,986.173835,"West","24A","Low Shrub","Tall Shrub","Clay Loam","Mesic - Hydric",0,428.943481,147,8.698308,-150.484958,66.912025,0.614439726962666,1.8486205770921,"147-2-C-SAPU_2012",13.0030091603597,-7.22387154897054,212.270812988281,79.1354064941406,11.2000001271566,-7.93333331743876,6.30000003178914,16.1333335240682,44.8000001907349,0.991666676476598,93.9799982309341,263.459995865822,147.900001525879,1,"24A_2012",0.8
"4724","147-3-B-SAPU",2012,0.09775,0.743696858863236,23,1989,9,"147-3","SAPU",167,149,20,7,58,18,0,0,0.310344828,0,0,"Moose",NA,NA,1,2,1,0,952.272152,"West","24A","White Spruce or Black Spruce (Woodland)","Black Spruce Woodland","Clay Loam","Mesic - Hydric",0,425.583191,170,6.572863,-150.484233,66.911912,0.471156318602654,1.60184536633381,"147-3-B-SAPU_2012",13.0030091603597,-7.22387154897054,212.270812988281,79.1354064941406,11.2000001271566,-7.93333331743876,6.30000003178914,16.1333335240682,44.8000001907349,0.991666676476598,93.9799982309341,263.459995865822,147.900001525879,1,"24A_2012",0.8
"4725","147-3-C-SAPU",2012,0.34025,4.01301881576636,6,2006,9,"147-3","SAPU",128,104,11,14,17,5,2,0,0.294117647,0.117647059,0,"Moose","Hare",NA,1,2,1,0,952.272152,"West","24A","White Spruce or Black Spruce (Woodland)","Black Spruce Woodland","Clay Loam","Mesic - Hydric",0,425.583191,170,6.572863,-150.484233,66.911912,-0.437963064942878,0.645349618442129,"147-3-C-SAPU_2012",13.0030091603597,-7.22387154897054,212.270812988281,79.1354064941406,11.2000001271566,-7.93333331743876,6.30000003178914,16.1333335240682,44.8000001907349,0.991666676476598,93.9799982309341,263.459995865822,147.900001525879,1,"24A_2012",0.8
"4726","147-4-A-SAPU",2012,0.2,1.54692022262761,21,1991,9,"147-4","SAPU",124,110,21,14,47,16,0,0,0.340425532,0,0,"Moose",NA,NA,1,0,1,0,956.341518,"West","24A","Tall Shrub (Open-Closed)","Tall Shrub","Clay Loam","Mesic - Hydric",0,428.39856,129,7.52786,-150.483929,66.912191,1.02787534723173,2.79512086015896,"147-4-A-SAPU_2012",13.0030091603597,-7.22387154897054,212.270812988281,79.1354064941406,11.2000001271566,-7.93333331743876,6.30000003178914,16.1333335240682,44.8000001907349,0.991666676476598,93.9799982309341,263.459995865822,147.900001525879,1,"24A_2012",0.8
"4727","147-4-C-SAPU",2012,0.0665,0.20546879892457,26,1986,9,"147-4","SAPU",113,101,16,9,12,5,0,0,0.416666667,0,0,"Moose",NA,NA,1,0,1,0,956.341518,"West","24A","Tall Shrub (Open-Closed)","Tall Shrub","Clay Loam","Mesic - Hydric",0,428.39856,129,7.52786,-150.483929,66.912191,-0.578434885189468,0.560775357908354,"147-4-C-SAPU_2012",13.0030091603597,-7.22387154897054,212.270812988281,79.1354064941406,11.2000001271566,-7.93333331743876,6.30000003178914,16.1333335240682,44.8000001907349,0.991666676476598,93.9799982309341,263.459995865822,147.900001525879,1,"24A_2012",0.8
"4728","151-4-B-SAPU",2012,0.13475,0.970377298685764,9,2003,10,"151-4","SAPU",61,54,9,0,8,0,0,0,0,0,0,NA,NA,NA,0,0,0,0,714.907956,"East","24A","Low Shrub","Low Shrub","Clay Loam","Mesic",0,485.466003,301,24.973797,-150.361301,66.958638,-1.07461403595262,0.341429509388528,"151-4-B-SAPU_2012",12.1940581003825,-8.02155540386836,230.241470336914,86.93678855896,11.2000001271566,-7.93333331743876,6.30000003178914,16.1333335240682,44.8000001907349,0.991666676476598,93.9799982309341,263.459995865822,147.900001525879,1,"24A_2012",0.8
"4729","158-1-C-SAPU",2012,1.034,29.299005166981,6,2006,11,"158-1","SAPU",124,107,23,0,36,0,0,11,0,0,0.305555556,NA,NA,"Ptarmagin",1,0,0,0,1304.611642,"East","24A","Low Shrub","Low Shrub","Sandy Loam","Mesic - Xeric",2005,586.787537,51,13.434302,-150.285356,67.046606,1.55004671718127,4.71169029433875,"158-1-C-SAPU_2012",13.0666669209798,-7.59999990463257,218,88,11.6333335240682,-7.91666694482168,6.6333335240682,16.6666669845581,40.4000005722046,0.991666675855716,92.9899978637695,262.109997153282,142.700000762939,1,"24A_2012",0.8
"4730","158-1-D-SAGL",2012,0.69575,17.6768125393729,6,2006,11,"158-1","SAGL",134,119,17,9,22,0,0,2,0,0,0.090909091,NA,NA,"Ptarmagin",1,0,0,0,1304.611642,"East","24A","Low Shrub","Low Shrub","Sandy Loam","Mesic - Xeric",2005,586.787537,51,13.434302,-150.285356,67.046606,1.04474690980145,2.84267897841362,"158-1-D-SAGL_2012",13.0666669209798,-7.59999990463257,218,88,11.6333335240682,-7.91666694482168,6.6333335240682,16.6666669845581,40.4000005722046,0.991666675855716,92.9899978637695,262.109997153282,142.700000762939,1,"24A_2012",0.8
"4731","158-2-C-SAPU",2012,0.64825,26.0060739449366,6,2006,11,"158-2","SAPU",121,110,23,13,67,0,0,1,0,0,0.014925373,NA,NA,"Ptarmagin",1,0,0,1,1283.38641,"East","24A","Tussock Tundra (Low shrub or Herbaceous)","Low Shrub","Sandy Loam","Mesic - Xeric",2005,590.000549,54,15.617359,-150.286104,67.046812,1.43082327908497,4.18214084409608,"158-2-C-SAPU_2012",13.0666669209798,-7.59999990463257,218,88,11.6333335240682,-7.91666694482168,6.6333335240682,16.6666669845581,40.4000005722046,0.991666675855716,92.9899978637695,262.109997153282,142.700000762939,1,"24A_2012",0.8
"4732","158-3-A-SAPU",2012,0.57675,10.8873356214234,7,2005,11,"158-3","SAPU",91,77,19,0,37,0,0,3,0,0,0.081081081,NA,NA,"Ptarmagin",1,0,0,0,1313.543229,"East","24A","Tussock Tundra (Low shrub or Herbaceous)","Low Shrub","Sandy Loam","Mesic - Xeric",2005,580.218689,48,13.61797,-150.285679,67.047111,0.857762164027663,2.35787824053338,"158-3-A-SAPU_2012",13.0666669209798,-7.59999990463257,218,88,11.6333335240682,-7.91666694482168,6.6333335240682,16.6666669845581,40.4000005722046,0.991666675855716,92.9899978637695,262.109997153282,142.700000762939,1,"24A_2012",0.8
"4733","158-3-B-SAPU",2012,0.532666666666667,18.1421223995994,7,2005,11,"158-3","SAPU",129,118,12,11,15,0,0,0,0,0,0,NA,NA,NA,0,0,0,0,1313.543229,"East","24A","Tussock Tundra (Low shrub or Herbaceous)","Low Shrub","Sandy Loam","Mesic - Xeric",2005,580.218689,48,13.61797,-150.285679,67.047111,1.36839835880386,3.92905272056968,"158-3-B-SAPU_2012",13.0666669209798,-7.59999990463257,218,88,11.6333335240682,-7.91666694482168,6.6333335240682,16.6666669845581,40.4000005722046,0.991666675855716,92.9899978637695,262.109997153282,142.700000762939,1,"24A_2012",0.8
"4734","158-4-C-SAPU",2012,0.576666666666667,13.7613069178956,7,2005,11,"158-4","SAPU",191,163,27,14,50,0,0,4,0,0,0.08,NA,NA,"Ptarmagin",1,0,0,0,1283.367604,"East","24A","Tussock Tundra (Low shrub or Herbaceous)","Low Shrub","Sandy Loam","Mesic - Xeric",2005,587.563538,57,15.053073,-150.286524,67.047197,1.09202272737366,2.9802963067621,"158-4-C-SAPU_2012",13.0666669209798,-7.59999990463257,218,88,11.6333335240682,-7.91666694482168,6.6333335240682,16.6666669845581,40.4000005722046,0.991666675855716,92.9899978637695,262.109997153282,142.700000762939,1,"24A_2012",0.8
"4735","173-2-D-SAPU",2012,0.36725,4.19301558145562,6,2006,12,"173-2","SAPU",89,70,12,0,18,0,0,0,0,0,0,NA,NA,NA,0,2,0,0,1323.706943,"East","24A","Tussock Tundra (Low shrub or Herbaceous)","Low Shrub","Clay Loam","Mesic",0,348.371155,13,2.823825,-150.190835,67.228457,-0.394086660674422,0.674295618795282,"173-2-D-SAPU_2012",13.6638762156169,-7.35040593147278,204.686904907227,101.734893798828,11.6333335240682,-7.91666694482168,6.6333335240682,16.6666669845581,40.4000005722046,0.991666675855716,92.9899978637695,262.109997153282,142.700000762939,1,"24A_2012",0.8
"4736","173-3-A-SAPU",2012,0.105,0.693380914573801,10,2002,12,"173-3","SAPU",59,53,10,0,2,0,0,0,0,0,0,NA,NA,NA,0,0,0,0,1278.311889,"East","24A","Low Shrub","Low Shrub","Clay Loam","Mesic",0,347.24527,24,1.739254,-150.191816,67.228627,-1.20726573667447,0.299013745022096,"173-3-A-SAPU_2012",13.6638762156169,-7.35040593147278,204.686904907227,101.734893798828,11.6333335240682,-7.91666694482168,6.6333335240682,16.6666669845581,40.4000005722046,0.991666675855716,92.9899978637695,262.109997153282,142.700000762939,1,"24A_2012",0.8
"4737","173-4-B-SAPU",2012,0.20675,2.87474034125657,14,1998,12,"173-4","SAPU",149,112,21,11,30,5,0,0,0.166666667,0,0,"Moose",NA,NA,1,1,0,0,1308.377258,"East","24A","Low Shrub","Low Shrub","Clay Loam","Mesic",0,346.165253,355,1.872125,-150.190975,67.22891,0.864608575776957,2.37407663298226,"173-4-B-SAPU_2012",13.6638762156169,-7.35040593147278,204.686904907227,101.734893798828,11.6333335240682,-7.91666694482168,6.6333335240682,16.6666669845581,40.4000005722046,0.991666675855716,92.9899978637695,262.109997153282,142.700000762939,1,"24A_2012",0.8
"4738","173-4-C-SAPU",2012,0.97225,30.1432428082361,8,2004,12,"173-4","SAPU",167,122,27,13,41,9,0,0,0.219512195,0,0,"Moose",NA,NA,1,1,0,0,1308.377258,"East","24A","Low Shrub","Low Shrub","Clay Loam","Mesic",0,346.165253,355,1.872125,-150.190975,67.22891,2.13397511145241,8.44838341685937,"173-4-C-SAPU_2012",13.6638762156169,-7.35040593147278,204.686904907227,101.734893798828,11.6333335240682,-7.91666694482168,6.6333335240682,16.6666669845581,40.4000005722046,0.991666675855716,92.9899978637695,262.109997153282,142.700000762939,1,"24A_2012",0.8
"4739","184-1-A-SAPU",2012,0.60125,6.95817121501892,8,2004,13,"184-1","SAPU",133,112,18,3,22,6,0,0,0.272727273,0,0,"Moose",NA,NA,1,2,0,0,692.283244,"East","24A","White Spruce or Black Spruce (Open-Closed)","Tall Shrub","Clay Loam","Mesic",0,423.977753,249,10.469168,-150.109686,67.368938,0.667931015884473,1.95019821452561,"184-1-A-SAPU_2012",13.266666730245,-7.22500010331472,164,70,11.6333335240682,-7.91666694482168,6.6333335240682,16.6666669845581,40.4000005722046,0.991666675855716,92.9899978637695,262.109997153282,142.700000762939,1,"24A_2012",0.8
"4740","184-1-C-SAPU",2012,0.56075,10.2188801029631,6,2006,13,"184-1","SAPU",108,91,21,0,42,8,1,0,0.19047619,0.023809524,0,"Moose","Hare",NA,1,2,0,0,692.283244,"East","24A","White Spruce or Black Spruce (Open-Closed)","Tall Shrub","Clay Loam","Mesic",0,423.977753,249,10.469168,-150.109686,67.368938,0.496730154884951,1.64333901187895,"184-1-C-SAPU_2012",13.266666730245,-7.22500010331472,164,70,11.6333335240682,-7.91666694482168,6.6333335240682,16.6666669845581,40.4000005722046,0.991666675855716,92.9899978637695,262.109997153282,142.700000762939,1,"24A_2012",0.8
"4741","184-2-A-SAPU",2012,0.97975,30.4080884937117,8,2004,13,"184-2","SAPU",124,118,27,4,36,7,0,0,0.194444444,0,0,"Moose",NA,NA,1,1,0,0,706.210196,"East","24A","White Spruce or Black Spruce (Open-Closed)","Tall Shrub","Clay Loam","Mesic",0,429.192566,258,16.706417,-150.109279,67.369156,2.1427229744217,8.52261291868946,"184-2-A-SAPU_2012",13.2651621500651,-7.22612845897675,163.458374023438,69.5937774181366,11.6333335240682,-7.91666694482168,6.6333335240682,16.6666669845581,40.4000005722046,0.991666675855716,92.9899978637695,262.109997153282,142.700000762939,1,"24A_2012",0.8
"4742","184-2-D-SAPU",2012,0.25025,3.02582398255731,21,1991,13,"184-2","SAPU",172,139,22,0,38,6,3,0,0.157894737,0.078947368,0,"Moose","Hare",NA,1,1,0,0,706.210196,"East","24A","White Spruce or Black Spruce (Open-Closed)","Tall Shrub","Clay Loam","Mesic",0,429.192566,258,16.706417,-150.109279,67.369156,1.69879279137334,5.46734318234532,"184-2-D-SAPU_2012",13.2651621500651,-7.22612845897675,163.458374023438,69.5937774181366,11.6333335240682,-7.91666694482168,6.6333335240682,16.6666669845581,40.4000005722046,0.991666675855716,92.9899978637695,262.109997153282,142.700000762939,1,"24A_2012",0.8
"4743","184-3-C-SAPU",2012,0.141,1.26754310033285,15,1997,13,"184-3","SAPU",130,116,18,14,25,1,4,0,0.04,0.16,0,"Moose","Hare",NA,1,1,3,0,683.765397,"East","24A","White Spruce or Black Spruce (Open-Closed)","Tall Shrub","Clay Loam","Mesic",0,425.482941,261,10.788996,-150.109693,67.36937,0.178953618321547,1.19596527200476,"184-3-C-SAPU_2012",13.2651621500651,-7.22612845897675,163.458374023438,69.5937774181366,11.6333335240682,-7.91666694482168,6.6333335240682,16.6666669845581,40.4000005722046,0.991666675855716,92.9899978637695,262.109997153282,142.700000762939,1,"24A_2012",0.8
"4744","184-3-D-SAPU",2012,0.4405,4.24917763697431,9,2003,13,"184-3","SAPU",66,58,11,0,18,1,2,0,0.055555556,0.111111111,0,"Moose","Hare",NA,1,1,3,0,683.765397,"East","24A","White Spruce or Black Spruce (Open-Closed)","Tall Shrub","Clay Loam","Mesic",0,425.482941,261,10.788996,-150.109693,67.36937,0.402181746473957,1.49508303405462,"184-3-D-SAPU_2012",13.2651621500651,-7.22612845897675,163.458374023438,69.5937774181366,11.6333335240682,-7.91666694482168,6.6333335240682,16.6666669845581,40.4000005722046,0.991666675855716,92.9899978637695,262.109997153282,142.700000762939,1,"24A_2012",0.8
"4745","184-4-C-SAPU",2012,0.1435,0.986841796734603,12,2000,13,"184-4","SAPU",142,131,16,7,32,1,3,0,0.03125,0.09375,0,"Moose","Hare",NA,1,2,1,0,702.330496,"East","24A","White Spruce or Black Spruce (Open-Closed)","Tall Shrub","Clay Loam","Mesic",0,431.246765,263,17.707565,-150.109187,67.369491,-0.502268082501755,0.605156557014758,"184-4-C-SAPU_2012",13.2651621500651,-7.22612845897675,163.458374023438,69.5937774181366,11.6333335240682,-7.91666694482168,6.6333335240682,16.6666669845581,40.4000005722046,0.991666675855716,92.9899978637695,262.109997153282,142.700000762939,1,"24A_2012",0.8
"4746","184-4-D-SAPU",2012,0.176,0.966781156845112,17,1995,13,"184-4","SAPU",139,114,15,19,23,0,0,0,0,0,0,NA,NA,NA,0,2,1,0,702.330496,"East","24A","White Spruce or Black Spruce (Open-Closed)","Tall Shrub","Clay Loam","Mesic",0,431.246765,263,17.707565,-150.109187,67.369491,0.149783153770064,1.16158233066701,"184-4-D-SAPU_2012",13.2651621500651,-7.22612845897675,163.458374023438,69.5937774181366,11.6333335240682,-7.91666694482168,6.6333335240682,16.6666669845581,40.4000005722046,0.991666675855716,92.9899978637695,262.109997153282,142.700000762939,1,"24A_2012",0.8
"4747","191-1-B-SAPU",2012,0.55325,8.58310385911955,10,2002,14,"191-1","SAPU",112,103,12,23,16,2,0,0,0.125,0,0,"Moose",NA,NA,1,1,0,0,1595.806211,"East","24A","Low Shrub","Low Shrub","Clay Loam","Mesic",0,492.755432,293,2.980974,-149.860617,67.475764,1.30870563707038,3.70137968162343,"191-1-B-SAPU_2012",12.5120360056559,-7.46629053354263,169.368103027344,69.8194577693939,9.79999987284342,-9.37500042716662,5,14.6333335240682,20.5999999046326,0.941666688149174,77.5599984526634,276.249998569489,141.400005340576,1,"24A_2012",0.8
"4748","191-1-C-SAPU",2012,0.38775,7.12527881144866,10,2002,14,"191-1","SAPU",163,139,21,0,37,12,0,0,0.324324324,0,0,"Moose",NA,NA,1,1,0,0,1595.806211,"East","24A","Low Shrub","Low Shrub","Clay Loam","Mesic",0,492.755432,293,2.980974,-149.860617,67.475764,1.12255889066647,3.07270687288449,"191-1-C-SAPU_2012",12.5120360056559,-7.46629053354263,169.368103027344,69.8194577693939,9.79999987284342,-9.37500042716662,5,14.6333335240682,20.5999999046326,0.941666688149174,77.5599984526634,276.249998569489,141.400005340576,1,"24A_2012",0.8
"4749","191-3-A-SAPU",2012,0.45025,6.60537114541894,10,2002,14,"191-3","SAPU",109,97,22,14,31,13,0,0,0.419354839,0,0,"Moose",NA,NA,1,2,0,0,1608.343863,"East","24A","Low Shrub","Low Shrub","Clay Loam","Mesic",0,494.475037,298,4.15829,-149.859591,67.475979,1.04679316182659,2.8485017714493,"191-3-A-SAPU_2012",12.5120360056559,-7.46629053354263,169.368103027344,69.8194577693939,9.79999987284342,-9.37500042716662,5,14.6333335240682,20.5999999046326,0.941666688149174,77.5599984526634,276.249998569489,141.400005340576,1,"24A_2012",0.8
"4750","191-4-A-SAPU",2012,0.1305,0.947663780149855,21,1991,14,"191-4","SAPU",109,85,19,16,39,13,0,0,0.333333333,0,0,"Moose",NA,NA,1,1,0,0,1634.196324,"East","24A","Low Shrub","Low Shrub","Clay Loam","Mesic",0,497.007599,303,3.553675,-149.85875,67.475963,0.537853844130327,1.71232799311048,"191-4-A-SAPU_2012",12.5120360056559,-7.46629053354263,169.368103027344,69.8194577693939,9.79999987284342,-9.37500042716662,5,14.6333335240682,20.5999999046326,0.941666688149174,77.5599984526634,276.249998569489,141.400005340576,1,"24A_2012",0.8
"4751","191-4-D-SAPU",2012,0.12025,1.11604627414833,12,2000,14,"191-4","SAPU",114,103,16,7,34,2,0,0,0.058823529,0,0,"Moose",NA,NA,1,1,0,0,1634.196324,"East","24A","Low Shrub","Low Shrub","Clay Loam","Mesic",0,497.007599,303,3.553675,-149.85875,67.475963,-0.3792302157193,0.684388037644484,"191-4-D-SAPU_2012",12.5120360056559,-7.46629053354263,169.368103027344,69.8194577693939,9.79999987284342,-9.37500042716662,5,14.6333335240682,20.5999999046326,0.941666688149174,77.5599984526634,276.249998569489,141.400005340576,1,"24A_2012",0.8
"4752","203-1-C-SAPU",2012,0.11575,1.02409931846031,16,1996,15,"203-1","SAPU",102,74,13,0,16,1,1,0,0.0625,0.0625,0,"Moose","Hare",NA,1,1,0,0,905.036767,"East","24A","Low Shrub","Low Shrub","Loam","Mesic",0,550.644958,299,23.927214,-149.794431,67.571449,0.0903121469359417,1.09451588016663,"203-1-C-SAPU_2012",12.8666664759318,-7.54999987284342,140,63,8.96666653951009,-10.2750003437201,4.23333342870076,13.7666670481364,12.8000006079674,0.8833333371828,71.2399979829788,282.969997882843,136.100002288818,1,"24A_2012",0.8
"4753","203-1-D-SAPU",2012,0.4365,9.0903821263323,6,2006,15,"203-1","SAPU",121,103,12,14,16,0,0,0,0,0,0,NA,NA,NA,0,1,0,0,905.036767,"East","24A","Low Shrub","Low Shrub","Loam","Mesic",0,550.644958,299,23.927214,-149.794431,67.571449,0.379710100486205,1.46186073528324,"203-1-D-SAPU_2012",12.8666664759318,-7.54999987284342,140,63,8.96666653951009,-10.2750003437201,4.23333342870076,13.7666670481364,12.8000006079674,0.8833333371828,71.2399979829788,282.969997882843,136.100002288818,1,"24A_2012",0.8
"4754","203-2-A-SAPU",2012,0.21475,1.13325513330653,16,1996,15,"203-2","SAPU",122,97,14,32,16,1,0,0,0.0625,0,0,"Moose",NA,NA,1,0,1,0,933.944119,"East","24A","Low Shrub","Low Shrub","Loam","Mesic",0,566.911377,300,26.508135,-149.793674,67.571447,0.191592774887773,1.21117719475606,"203-2-A-SAPU_2012",12.8666664759318,-7.54999987284342,140,63,8.96666653951009,-10.2750003437201,4.23333342870076,13.7666670481364,12.8000006079674,0.8833333371828,71.2399979829788,282.969997882843,136.100002288818,1,"24A_2012",0.8
"4755","203-2-B-SAPU",2012,0.54775,4.37128093689368,17,1995,15,"203-2","SAPU",129,107,22,18,35,2,0,0,0.057142857,0,0,"Moose",NA,NA,1,0,1,0,933.944119,"East","24A","Low Shrub","Low Shrub","Loam","Mesic",0,566.911377,300,26.508135,-149.793674,67.571447,1.65862236107004,5.25207040158596,"203-2-B-SAPU_2012",12.8666664759318,-7.54999987284342,140,63,8.96666653951009,-10.2750003437201,4.23333342870076,13.7666670481364,12.8000006079674,0.8833333371828,71.2399979829788,282.969997882843,136.100002288818,1,"24A_2012",0.8
"4756","203-3-D-SAPU",2012,0.14975,1.24917165554328,24,1988,15,"203-3","SAPU",117,104,18,17,39,2,3,0,0.051282051,0.076923077,0,"Moose","Hare",NA,1,0,1,0,922.335664,"East","24A","Low Shrub","Low Shrub","Loam","Mesic",0,556.241272,305,23.609533,-149.79364,67.571701,1.07194241478347,2.92104787960715,"203-3-D-SAPU_2012",12.8666664759318,-7.54999987284342,140,63,8.96666653951009,-10.2750003437201,4.23333342870076,13.7666670481364,12.8000006079674,0.8833333371828,71.2399979829788,282.969997882843,136.100002288818,1,"24A_2012",0.8
"4757","203-4-B-SAPU",2012,0.1845,1.86175178881446,16,1996,15,"203-4","SAPU",76,69,15,0,18,3,0,0,0.166666667,0,0,"Moose",NA,NA,1,1,1,0,951.384807,"East","24A","Low Shrub","Low Shrub","Loam","Mesic",0,569.135193,316,29.227108,-149.792864,67.571712,0.688016500770383,1.98976491933387,"203-4-B-SAPU_2012",12.8666664759318,-7.54999987284342,140,63,8.96666653951009,-10.2750003437201,4.23333342870076,13.7666670481364,12.8000006079674,0.8833333371828,71.2399979829788,282.969997882843,136.100002288818,1,"24A_2012",0.8
"4758","203-4-C-SAPU",2012,0.106,0.436075051466838,20,1992,15,"203-4","SAPU",75,68,9,10,9,1,0,0,0.111111111,0,0,"Moose",NA,NA,1,1,1,0,951.384807,"East","24A","Low Shrub","Low Shrub","Loam","Mesic",0,569.135193,316,29.227108,-149.792864,67.571712,-0.332546578398505,0.717095266936978,"203-4-C-SAPU_2012",12.8666664759318,-7.54999987284342,140,63,8.96666653951009,-10.2750003437201,4.23333342870076,13.7666670481364,12.8000006079674,0.8833333371828,71.2399979829788,282.969997882843,136.100002288818,1,"24A_2012",0.8
"4759","209-1-C-SAPU",2012,0.13,0.754327812053445,15,1997,16,"209-1","SAPU",64,53,15,0,11,0,0,0,0,0,0,NA,NA,NA,0,0,1,0,698.873831,"East","24A","Low Shrub","Black Spruce Woodland","Sandy Loam","Mesic - Xeric",0,553.345276,287,19.679848,-149.692986,67.655886,-0.340055083250957,0.711731117219092,"209-1-C-SAPU_2012",12.1894683837891,-7.98214608430862,132,62,8.96666653951009,-10.2750003437201,4.23333342870076,13.7666670481364,12.8000006079674,0.8833333371828,71.2399979829788,282.969997882843,136.100002288818,1,"24A_2012",0.8
"4760","209-1-D-SAPU",2012,0.122,0.656357245151247,23,1989,16,"209-1","SAPU",53,47,13,0,9,1,0,0,0.111111111,0,0,"Moose",NA,NA,1,0,1,0,698.873831,"East","24A","Low Shrub","Black Spruce Woodland","Sandy Loam","Mesic - Xeric",0,553.345276,287,19.679848,-149.692986,67.655886,0.346228036300324,1.41372495967271,"209-1-D-SAPU_2012",12.1894683837891,-7.98214608430862,132,62,8.96666653951009,-10.2750003437201,4.23333342870076,13.7666670481364,12.8000006079674,0.8833333371828,71.2399979829788,282.969997882843,136.100002288818,1,"24A_2012",0.8
"4761","209-2-A-SAPU",2012,0.03075,0.153527865835066,9,2003,16,"209-2","SAPU",55,46,9,0,10,0,0,0,0,0,0,NA,NA,NA,0,0,0,0,728.528855,"East","24A","Low Shrub","Black Spruce Woodland","Sandy Loam","Mesic - Xeric",0,561.911133,287,21.070175,-149.692261,67.656,-2.91841691260269,0.0540191366600683,"209-2-A-SAPU_2012",12.1894683837891,-7.98214608430862,132,62,8.96666653951009,-10.2750003437201,4.23333342870076,13.7666670481364,12.8000006079674,0.8833333371828,71.2399979829788,282.969997882843,136.100002288818,1,"24A_2012",0.8
"4762","209-2-D-SAPU",2012,0.03675,0.0981066371340064,35,1977,16,"209-2","SAPU",53,41,8,0,11,0,0,0,0,0,0,NA,NA,NA,0,0,0,0,728.528855,"East","24A","Low Shrub","Black Spruce Woodland","Sandy Loam","Mesic - Xeric",0,561.911133,287,21.070175,-149.692261,67.656,-0.743674033059681,0.47536419944774,"209-2-D-SAPU_2012",12.1894683837891,-7.98214608430862,132,62,8.96666653951009,-10.2750003437201,4.23333342870076,13.7666670481364,12.8000006079674,0.8833333371828,71.2399979829788,282.969997882843,136.100002288818,1,"24A_2012",0.8
"4763","209-3-A-SAPU",2012,0.0715,0.318965902118971,20,1992,16,"209-3","SAPU",74,55,12,0,9,0,0,0,0,0,0,NA,NA,NA,0,0,1,0,711.058695,"East","24A","Low Shrub","Black Spruce Woodland","Sandy Loam","Mesic - Xeric",0,553.430786,276,18.070417,-149.69261,67.656251,-0.645276736163071,0.524517369096021,"209-3-A-SAPU_2012",12.1894683837891,-7.98214608430862,132,62,8.96666653951009,-10.2750003437201,4.23333342870076,13.7666670481364,12.8000006079674,0.8833333371828,71.2399979829788,282.969997882843,136.100002288818,1,"24A_2012",0.8
"4764","209-3-B-SAPU",2012,0.039,0.101264526799487,36,1976,16,"209-3","SAPU",59,53,15,0,17,0,1,0,0,0.058823529,0,NA,"Hare",NA,1,0,1,0,711.058695,"East","24A","Low Shrub","Black Spruce Woodland","Sandy Loam","Mesic - Xeric",0,553.430786,276,18.070417,-149.69261,67.656251,-0.657594225659898,0.518096259073231,"209-3-B-SAPU_2012",12.1894683837891,-7.98214608430862,132,62,8.96666653951009,-10.2750003437201,4.23333342870076,13.7666670481364,12.8000006079674,0.8833333371828,71.2399979829788,282.969997882843,136.100002288818,1,"24A_2012",0.8
"4765","209-4-A-SAPU",2012,0.22275,2.18701795865067,6,2006,16,"209-4","SAPU",62,59,8,0,9,0,0,0,0,0,0,NA,NA,NA,0,0,0,0,738.024448,"East","24A","Low Shrub","Black Spruce Woodland","Sandy Loam","Mesic - Xeric",0,561.090881,296,18.584587,-149.691928,67.656444,-1.04496789171325,0.351703111781139,"209-4-A-SAPU_2012",12.1894683837891,-7.98214608430862,132,62,8.96666653951009,-10.2750003437201,4.23333342870076,13.7666670481364,12.8000006079674,0.8833333371828,71.2399979829788,282.969997882843,136.100002288818,1,"24A_2012",0.8
"4766","209-4-B-SAPU",2012,0.10775,0.881048075076346,15,1997,16,"209-4","SAPU",67,54,11,11,16,0,0,2,0,0,0.125,NA,NA,"Ptarmagin",1,0,0,0,738.024448,"East","24A","Low Shrub","Black Spruce Woodland","Sandy Loam","Mesic - Xeric",0,561.090881,296,18.584587,-149.691928,67.656444,-0.18476992756706,0.831295520034982,"209-4-B-SAPU_2012",12.1894683837891,-7.98214608430862,132,62,8.96666653951009,-10.2750003437201,4.23333342870076,13.7666670481364,12.8000006079674,0.8833333371828,71.2399979829788,282.969997882843,136.100002288818,1,"24A_2012",0.8
"4767","222-1-A-SAGL",2012,0.29775,3.85411980824135,6,2006,17,"222-1","SAGL",78,49,13,0,27,1,11,0,0.037037037,0.407407407,0,"Moose","Hare",NA,1,2,18,0,769.468544,"East","24A","Low Shrub","Tall Shrub","Clay Loam","Mesic",0,669.484009,287,15.029548,-149.809491,67.826198,-0.478364188685146,0.619796433026149,"222-1-A-SAGL_2012",11.6333335240682,-8.50000011920929,133,64,8.96666653951009,-10.2750003437201,4.23333342870076,13.7666670481364,12.8000006079674,0.8833333371828,71.2399979829788,282.969997882843,136.100002288818,1,"24A_2012",0.8
"4768","222-1-C-SAGL",2012,0.15075,1.19073646139018,13,1999,17,"222-1","SAGL",74,60,14,0,25,0,7,0,0,0.28,0,NA,"Hare",NA,1,2,18,0,769.468544,"East","24A","Low Shrub","Tall Shrub","Clay Loam","Mesic",0,669.484009,287,15.029548,-149.809491,67.826198,-0.159886109559062,0.852240845524882,"222-1-C-SAGL_2012",11.6333335240682,-8.50000011920929,133,64,8.96666653951009,-10.2750003437201,4.23333342870076,13.7666670481364,12.8000006079674,0.8833333371828,71.2399979829788,282.969997882843,136.100002288818,1,"24A_2012",0.8
"4769","222-2-B-SAGL",2012,0.2,1.83877418014611,18,1994,17,"222-2","SAGL",106,74,19,0,21,0,10,0,0,0.476190476,0,NA,"Hare",NA,1,3,13,0,794.735172,"East","24A","Low Shrub","Tall Shrub","Clay Loam","Mesic",0,676.198608,282,15.59229,-149.808768,67.826375,0.903039724418133,2.46709100158891,"222-2-B-SAGL_2012",11.6333335240682,-8.50000011920929,133,64,8.96666653951009,-10.2750003437201,4.23333342870076,13.7666670481364,12.8000006079674,0.8833333371828,71.2399979829788,282.969997882843,136.100002288818,1,"24A_2012",0.8
"4770","222-2-C-SAGL",2012,0.3325,2.80051779317118,10,2002,17,"222-2","SAGL",67,53,14,0,18,0,8,0,0,0.444444444,0,NA,"Hare",NA,1,3,13,0,794.735172,"East","24A","Low Shrub","Tall Shrub","Clay Loam","Mesic",0,676.198608,282,15.59229,-149.808768,67.826375,0.188714360062978,1.20769593701876,"222-2-C-SAGL_2012",11.6333335240682,-8.50000011920929,133,64,8.96666653951009,-10.2750003437201,4.23333342870076,13.7666670481364,12.8000006079674,0.8833333371828,71.2399979829788,282.969997882843,136.100002288818,1,"24A_2012",0.8
"4771","222-3-B-SAGL",2012,0.1365,0.86215748210077,17,1995,17,"222-3","SAGL",90,74,14,0,22,0,5,0,0,0.227272727,0,NA,"Hare",NA,1,2,11,1,778.440723,"East","24A","Low Shrub","Low Shrub","Clay Loam","Mesic",0,672.469177,278,13.422374,-149.809021,67.826615,0.0352489431908193,1.03587755136715,"222-3-B-SAGL_2012",11.6333335240682,-8.50000011920929,133,64,8.96666653951009,-10.2750003437201,4.23333342870076,13.7666670481364,12.8000006079674,0.8833333371828,71.2399979829788,282.969997882843,136.100002288818,1,"24A_2012",0.8
"4772","222-3-D-SAGL",2012,0.06775,0.383915384988827,19,1993,17,"222-3","SAGL",89,75,11,0,18,1,6,0,0.055555556,0.333333333,0,"Moose","Hare",NA,1,2,11,1,778.440723,"East","24A","Low Shrub","Low Shrub","Clay Loam","Mesic",0,672.469177,278,13.422374,-149.809021,67.826615,-0.558987383197799,0.571787772700141,"222-3-D-SAGL_2012",11.6333335240682,-8.50000011920929,133,64,8.96666653951009,-10.2750003437201,4.23333342870076,13.7666670481364,12.8000006079674,0.8833333371828,71.2399979829788,282.969997882843,136.100002288818,1,"24A_2012",0.8
"4773","222-4-A-SAGL",2012,0.52075,7.27972146979455,6,2006,17,"222-4","SAGL",84,77,12,0,11,0,2,0,0,0.181818182,0,NA,"Hare",NA,1,0,15,0,805.061274,"East","24A","Low Shrub","Low Shrub","Clay Loam","Mesic",0,678.755371,278,16.631924,-149.808355,67.826658,0.1575857569131,1.17068114767853,"222-4-A-SAGL_2012",11.6333335240682,-8.50000011920929,133,64,8.96666653951009,-10.2750003437201,4.23333342870076,13.7666670481364,12.8000006079674,0.8833333371828,71.2399979829788,282.969997882843,136.100002288818,1,"24A_2012",0.8
"4774","222-4-C-SAGL",2012,0.13775,1.10969043951104,21,1991,17,"222-4","SAGL",71,66,12,8,15,1,4,0,0.066666667,0.266666667,0,"Moose","Hare",NA,1,0,15,0,805.061274,"East","24A","Low Shrub","Low Shrub","Clay Loam","Mesic",0,678.755371,278,16.631924,-149.808355,67.826658,0.69569043915984,2.00509299085099,"222-4-C-SAGL_2012",11.6333335240682,-8.50000011920929,133,64,8.96666653951009,-10.2750003437201,4.23333342870076,13.7666670481364,12.8000006079674,0.8833333371828,71.2399979829788,282.969997882843,136.100002288818,1,"24A_2012",0.8
"4775","235-1-C-SAPU",2012,0.13625,0.971120285348339,11,2001,18,"235-1","SAPU",53,45,12,20,23,0,3,5,0,0.130434783,0.217391304,NA,"Hare","Ptarmagin",1,0,5,0,477.732622,"East","24A","Low Shrub","Low Shrub","Sandy Gravel","Mesic",0,813.776917,295,20.303024,-149.727576,68.004859,-0.686348598729453,0.503410872324817,"235-1-C-SAPU_2012",9.43333339691162,-9.74999979448815,140,80,7.83333349227905,-11.4166668007771,3.23333350817362,12.5000003178914,7.40000005066395,0.808333337927858,57.9899977445602,291.939997196198,131.200002670288,1,"24A_2012",0.8
"4776","235-2-B-SAPU",2012,0.074,0.36987226947774,13,1999,18,"235-2","SAPU",50,47,10,6,17,0,0,3,0,0,0.176470588,NA,NA,"Ptarmagin",1,0,0,0,510.631222,"East","24A","Dwarf Shrub-Lichen","Low Shrub","Sandy Gravel","Mesic",0,828.022217,289,26.243103,-149.726481,68.004961,-1.32905565094899,0.264727138117445,"235-2-B-SAPU_2012",9.43333339691162,-9.74999979448815,140,80,7.83333349227905,-11.4166668007771,3.23333350817362,12.5000003178914,7.40000005066395,0.808333337927858,57.9899977445602,291.939997196198,131.200002670288,1,"24A_2012",0.8
"4777","235-2-C-SAPU",2012,0.254,2.79008299317228,6,2006,18,"235-2","SAPU",57,49,11,12,16,0,1,1,0,0.0625,0.0625,NA,"Hare","Ptarmagin",1,0,0,0,510.631222,"East","24A","Dwarf Shrub-Lichen","Low Shrub","Sandy Gravel","Mesic",0,828.022217,289,26.243103,-149.726481,68.004961,-0.801435502872385,0.448684413836159,"235-2-C-SAPU_2012",9.43333339691162,-9.74999979448815,140,80,7.83333349227905,-11.4166668007771,3.23333350817362,12.5000003178914,7.40000005066395,0.808333337927858,57.9899977445602,291.939997196198,131.200002670288,1,"24A_2012",0.8
"4778","235-3-B-SAPU",2012,0.125,0.744557458900782,22,1990,18,"235-3","SAPU",47,41,14,0,11,0,1,4,0,0.090909091,0.363636364,NA,"Hare","Ptarmagin",1,0,1,0,482.982181,"East","24A","Dwarf Shrub-Lichen","Low Shrub","Sandy Gravel","Mesic",0,817.546387,298,18.704132,-149.726784,68.005244,0.386475391641854,1.47178417842857,"235-3-B-SAPU_2012",9.43333339691162,-9.74999979448815,140,80,7.83333349227905,-11.4166668007771,3.23333350817362,12.5000003178914,7.40000005066395,0.808333337927858,57.9899977445602,291.939997196198,131.200002670288,1,"24A_2012",0.8
"4779","235-3-D-SAPU",2012,0.697,14.8132533881699,6,2006,18,"235-3","SAPU",71,62,14,11,23,0,6,0,0,0.260869565,0,NA,"Hare",NA,1,0,1,0,482.982181,"East","24A","Dwarf Shrub-Lichen","Low Shrub","Sandy Gravel","Mesic",0,817.546387,298,18.704132,-149.726784,68.005244,0.868015434330569,2.38217856950576,"235-3-D-SAPU_2012",9.43333339691162,-9.74999979448815,140,80,7.83333349227905,-11.4166668007771,3.23333350817362,12.5000003178914,7.40000005066395,0.808333337927858,57.9899977445602,291.939997196198,131.200002670288,1,"24A_2012",0.8
"4780","235-4-C-SAPU",2012,0.12125,0.788024338506311,21,1991,18,"235-4","SAPU",41,39,10,0,15,0,0,0,0,0,0,NA,NA,NA,0,0,0,0,503.848767,"East","24A","Low Shrub","Low Shrub","Sandy Gravel","Mesic",0,825.290771,293,20.728168,-149.726015,68.005351,0.353383042882263,1.42387644472742,"235-4-C-SAPU_2012",9.43333339691162,-9.74999979448815,140,80,7.83333349227905,-11.4166668007771,3.23333350817362,12.5000003178914,7.40000005066395,0.808333337927858,57.9899977445602,291.939997196198,131.200002670288,1,"24A_2012",0.8
"4781","240-1-B-SAPU",2012,0.193,1.58281763108386,12,2000,19,"240-1","SAPU",58,47,12,0,24,0,1,9,0,0.041666667,0.375,NA,"Hare","Ptarmagin",1,0,1,0,395.986648,"West","24A","Low Shrub","Low Shrub","Sandy Loam","Mesic",0,1043.032227,75,23.365055,-149.606437,68.069578,-0.0298159734687987,0.970624137707215,"240-1-B-SAPU_2012",8.38645935058594,-10.2325225820144,176.3089427948,116.812441825867,7.83333349227905,-11.4166668007771,3.23333350817362,12.5000003178914,7.40000005066395,0.808333337927858,57.9899977445602,291.939997196198,131.200002670288,1,"24A_2012",0.8
"4782","240-1-D-SAPU",2012,0.1055,0.876156418965168,13,1999,19,"240-1","SAPU",115,81,18,0,57,3,0,19,0.052631579,0,0.333333333,"Moose",NA,"Ptarmagin",1,0,1,0,395.986648,"West","24A","Low Shrub","Low Shrub","Sandy Loam","Mesic",0,1043.032227,75,23.365055,-149.606437,68.069578,-0.466668743899315,0.627087782664488,"240-1-D-SAPU_2012",8.38645935058594,-10.2325225820144,176.3089427948,116.812441825867,7.83333349227905,-11.4166668007771,3.23333350817362,12.5000003178914,7.40000005066395,0.808333337927858,57.9899977445602,291.939997196198,131.200002670288,1,"24A_2012",0.8
"4783","240-2-A-SAPU",2012,0.23875,1.33416076890176,17,1995,19,"240-2","SAPU",59,51,16,0,29,0,0,11,0,0,0.379310345,NA,NA,"Ptarmagin",1,0,0,0,426.292991,"West","24A","Tussock Tundra (Low shrub or Herbaceous)","Low Shrub","Sandy Loam","Mesic",0,1048.270996,87,24.096361,-149.606886,68.069926,0.471868730993378,1.60298694741078,"240-2-A-SAPU_2012",8.38645935058594,-10.2325225820144,176.3089427948,116.812441825867,7.83333349227905,-11.4166668007771,3.23333350817362,12.5000003178914,7.40000005066395,0.808333337927858,57.9899977445602,291.939997196198,131.200002670288,1,"24A_2012",0.8
"4784","240-3-B-SAPU",2012,0.59025,17.3662178035785,17,1995,19,"240-3","SAPU",122,81,25,0,57,1,3,7,0.01754386,0.052631579,0.122807018,"Moose","Hare","Ptarmagin",1,0,1,3,399.798137,"West","24A","Low Shrub","Low Shrub","Sandy Loam","Mesic",0,1034.808228,93,20.584356,-149.606025,68.07014,3.03809308785746,20.8654167577901,"240-3-B-SAPU_2012",8.38645935058594,-10.2325225820144,176.3089427948,116.812441825867,7.83333349227905,-11.4166668007771,3.23333350817362,12.5000003178914,7.40000005066395,0.808333337927858,57.9899977445602,291.939997196198,131.200002670288,1,"24A_2012",0.8
"4785","240-3-D-SAPU",2012,0.338,6.44707277113939,27,1985,19,"240-3","SAPU",167,110,47,0,149,7,11,21,0.046979866,0.073825503,0.140939597,"Moose","Hare","Ptarmagin",1,0,1,3,399.798137,"West","24A","Low Shrub","Low Shrub","Sandy Loam","Mesic",0,1034.808228,93,20.584356,-149.606025,68.07014,2.94052989947882,18.9258724655495,"240-3-D-SAPU_2012",8.38645935058594,-10.2325225820144,176.3089427948,116.812441825867,7.83333349227905,-11.4166668007771,3.23333350817362,12.5000003178914,7.40000005066395,0.808333337927858,57.9899977445602,291.939997196198,131.200002670288,1,"24A_2012",0.8
"4786","240-4-B-SAPU",2012,0.065,0.376449193698033,21,1991,19,"240-4","SAPU",118,104,19,0,27,3,0,5,0.111111111,0,0.185185185,"Moose",NA,"Ptarmagin",1,0,2,0,431.079046,"West","24A","Low Shrub","Low Shrub","Sandy Loam","Mesic",0,1046.807861,94,24.616484,-149.606605,68.070368,-0.385362838490864,0.680203787308489,"240-4-B-SAPU_2012",8.38645935058594,-10.2325225820144,176.3089427948,116.812441825867,7.83333349227905,-11.4166668007771,3.23333350817362,12.5000003178914,7.40000005066395,0.808333337927858,57.9899977445602,291.939997196198,131.200002670288,1,"24A_2012",0.8
"4787","240-4-D-SAPU",2012,0.0293333333333333,0.163725826944341,14,1998,19,"240-4","SAPU",77,61,11,0,15,0,1,2,0,0.066666667,0.133333333,NA,"Hare","Ptarmagin",1,0,2,0,431.079046,"West","24A","Low Shrub","Low Shrub","Sandy Loam","Mesic",0,1046.807861,94,24.616484,-149.606605,68.070368,-2.00091581538683,0.13521139783858,"240-4-D-SAPU_2012",8.38645935058594,-10.2325225820144,176.3089427948,116.812441825867,7.83333349227905,-11.4166668007771,3.23333350817362,12.5000003178914,7.40000005066395,0.808333337927858,57.9899977445602,291.939997196198,131.200002670288,1,"24A_2012",0.8
"4788","255-1-C-SAGL",2012,0.15875,1.7077687847437,23,1989,20,"255-1","SAGL",69,56,17,0,31,0,0,20,0,0,0.64516129,NA,NA,"Ptarmagin",1,0,0,0,585.543915,"East","26B","Low Shrub","Low Shrub","Sandy Gravel","Mesic - Xeric",0,991.483582,331,1.701594,-149.392735,68.222633,1.30246580781842,3.67835561224857,"255-1-C-SAGL_2012",8.77118047078451,-10.6204277575016,180.819458007812,127,6.00000015894572,-12.9666668673356,1.53333334128062,10.5000003178914,4.5,0.708333345130086,47.9299988746643,307.709997177124,133.500003814697,1,"26B_2012",0.27
"4789","255-1-D-SAGL",2012,0.02625,0.121989024486596,14,1998,20,"255-1","SAGL",42,37,10,0,21,0,0,8,0,0,0.380952381,NA,NA,"Ptarmagin",1,0,0,0,585.543915,"East","26B","Low Shrub","Low Shrub","Sandy Gravel","Mesic - Xeric",0,991.483582,331,1.701594,-149.392735,68.222633,-2.29517797982938,0.100743461368527,"255-1-D-SAGL_2012",8.77118047078451,-10.6204277575016,180.819458007812,127,6.00000015894572,-12.9666668673356,1.53333334128062,10.5000003178914,4.5,0.708333345130086,47.9299988746643,307.709997177124,133.500003814697,1,"26B_2012",0.27
"4790","255-2-A-SAPU",2012,0.2285,2.45541933796149,14,1998,20,"255-2","SAPU",51,48,12,0,26,0,0,5,0,0,0.192307692,NA,NA,"Ptarmagin",1,0,1,1,631.079496,"East","26B","Low Shrub","Low Shrub","Sandy Gravel","Mesic - Xeric",0,993.382141,286,2.676414,-149.39171,68.222788,0.706943778111496,2.02778441961095,"255-2-A-SAPU_2012",8.77118047078451,-10.6204277575016,180.819458007812,127,6.00000015894572,-12.9666668673356,1.53333334128062,10.5000003178914,4.5,0.708333345130086,47.9299988746643,307.709997177124,133.500003814697,1,"26B_2012",0.27
"4791","255-2-D-SAPU",2012,0.43125,6.09225010491914,9,2003,20,"255-2","SAPU",71,55,12,0,22,0,1,5,0,0.045454545,0.227272727,NA,"Hare","Ptarmagin",1,0,1,1,631.079496,"East","26B","Low Shrub","Low Shrub","Sandy Gravel","Mesic - Xeric",0,993.382141,286,2.676414,-149.39171,68.222788,0.762473768281918,2.1435723684096,"255-2-D-SAPU_2012",8.77118047078451,-10.6204277575016,180.819458007812,127,6.00000015894572,-12.9666668673356,1.53333334128062,10.5000003178914,4.5,0.708333345130086,47.9299988746643,307.709997177124,133.500003814697,1,"26B_2012",0.27
"4792","255-3-A-SAPU",2012,0.063,0.389507223562678,16,1996,20,"255-3","SAPU",54,46,9,0,20,0,0,3,0,0,0.15,NA,NA,"Ptarmagin",1,0,1,0,600.399561,"East","26B","Tussock Tundra (Low shrub or Herbaceous)","Low Shrub","Sandy Gravel","Mesic - Xeric",0,990.277893,304,2.837043,-149.392647,68.223106,-0.876374233773116,0.416289547257898,"255-3-A-SAPU_2012",8.77118047078451,-10.6204277575016,180.819458007812,127,6.00000015894572,-12.9666668673356,1.53333334128062,10.5000003178914,4.5,0.708333345130086,47.9299988746643,307.709997177124,133.500003814697,1,"26B_2012",0.27
"4793","255-3-C-SAPU",2012,0.05125,0.212407988047727,18,1994,20,"255-3","SAPU",48,42,12,0,11,0,0,3,0,0,0.272727273,NA,NA,"Ptarmagin",1,0,1,0,600.399561,"East","26B","Tussock Tundra (Low shrub or Herbaceous)","Low Shrub","Sandy Gravel","Mesic - Xeric",0,990.277893,304,2.837043,-149.392647,68.223106,-1.25530580055688,0.284988685199242,"255-3-C-SAPU_2012",8.77118047078451,-10.6204277575016,180.819458007812,127,6.00000015894572,-12.9666668673356,1.53333334128062,10.5000003178914,4.5,0.708333345130086,47.9299988746643,307.709997177124,133.500003814697,1,"26B_2012",0.27
"4794","255-4-A-SAPU",2012,0.01425,0.0790261741524265,26,1986,20,"255-4","SAPU",72,61,14,0,18,0,2,3,0,0.111111111,0.166666667,NA,"Hare","Ptarmagin",1,0,0,2,644.564014,"East","26B","Low Shrub","Low Shrub","Sandy Gravel","Mesic - Xeric",0,993.003235,239,7.430982,-149.391619,68.223199,-1.5339499615693,0.215682046745812,"255-4-A-SAPU_2012",8.77118047078451,-10.6204277575016,180.819458007812,127,6.00000015894572,-12.9666668673356,1.53333334128062,10.5000003178914,4.5,0.708333345130086,47.9299988746643,307.709997177124,133.500003814697,1,"26B_2012",0.27
"4795","261-1-B-SAPU",2012,0.197,2.4300863202011,10,2002,21,"261-1","SAPU",65,51,10,0,19,0,0,5,0,0,0.263157895,NA,NA,"Ptarmagin",1,0,0,0,356.206777,"East","26B","Dwarf Shrub","Low Shrub","Sandy Loam","Mesic",0,883.832947,287,13.943512,-149.352299,68.301689,0.0468368132840271,1.04795098344599,"261-1-B-SAPU_2012",8.99827226003011,-10.7331438809633,196.798999786377,130.051840305328,6.00000015894572,-12.9666668673356,1.53333334128062,10.5000003178914,4.5,0.708333345130086,47.9299988746643,307.709997177124,133.500003814697,1,"26B_2012",0.27
"4796","261-1-C-SAPU",2012,0.1995,1.28514622936908,14,1998,21,"261-1","SAPU",69,41,17,0,31,0,0,3,0,0,0.096774194,NA,NA,"Ptarmagin",1,0,0,0,356.206777,"East","26B","Dwarf Shrub","Low Shrub","Sandy Loam","Mesic",0,883.832947,287,13.943512,-149.352299,68.301689,0.0595187307382122,1.06132564020608,"261-1-C-SAPU_2012",8.99827226003011,-10.7331438809633,196.798999786377,130.051840305328,6.00000015894572,-12.9666668673356,1.53333334128062,10.5000003178914,4.5,0.708333345130086,47.9299988746643,307.709997177124,133.500003814697,1,"26B_2012",0.27
"4797","261-2-C-SAPU",2012,0.13525,0.779798470841971,43,1969,21,"261-2","SAPU",91,67,27,0,29,0,0,3,0,0,0.103448276,NA,NA,"Ptarmagin",1,0,0,1,388.99561,"East","26B","Dwarf Shrub-Lichen","Low Shrub","Sandy Loam","Mesic",0,888.892761,295,13.025289,-149.351465,68.301786,1.72681185533508,5.62269932387788,"261-2-C-SAPU_2012",8.99827226003011,-10.7331438809633,196.798999786377,130.051840305328,6.00000015894572,-12.9666668673356,1.53333334128062,10.5000003178914,4.5,0.708333345130086,47.9299988746643,307.709997177124,133.500003814697,1,"26B_2012",0.27
"4798","261-2-D-SAPU",2012,0.428666666666667,5.06267943355528,22,1990,21,"261-2","SAPU",122,71,29,0,41,2,0,11,0.048780488,0,0.268292683,"Moose",NA,"Ptarmagin",1,0,0,1,388.99561,"East","26B","Dwarf Shrub-Lichen","Low Shrub","Sandy Loam","Mesic",0,888.892761,295,13.025289,-149.351465,68.301786,2.30333651910925,10.0075170850653,"261-2-D-SAPU_2012",8.99827226003011,-10.7331438809633,196.798999786377,130.051840305328,6.00000015894572,-12.9666668673356,1.53333334128062,10.5000003178914,4.5,0.708333345130086,47.9299988746643,307.709997177124,133.500003814697,1,"26B_2012",0.27
"4799","261-3-A-SAPU",2012,0.116,1.06630681211083,10,2002,21,"261-3","SAPU",41,18,7,0,8,0,0,0,0,0,0,NA,NA,NA,0,0,0,1,380.53651,"East","26B","Tussock Tundra (Low shrub or Herbaceous)","Low Shrub","Sandy Loam","Mesic",0,884.224731,295,11.657486,-149.351558,68.302088,-0.776888865582457,0.45983439481863,"261-3-A-SAPU_2012",8.99827226003011,-10.7331438809633,196.798999786377,130.051840305328,6.00000015894572,-12.9666668673356,1.53333334128062,10.5000003178914,4.5,0.708333345130086,47.9299988746643,307.709997177124,133.500003814697,1,"26B_2012",0.27
"4800","261-4-A-SAPU",2012,0.0615,0.232718973601808,16,1996,21,"261-4","SAPU",41,27,9,0,9,0,0,0,0,0,0,NA,NA,NA,0,0,0,0,405.679111,"East","26B","Low Shrub","Low Shrub","Sandy Loam","Mesic",0,886.626587,308,9.946874,-149.350886,68.302265,-1.39142504090945,0.248720614916735,"261-4-A-SAPU_2012",8.99827226003011,-10.7331438809633,196.798999786377,130.051840305328,6.00000015894572,-12.9666668673356,1.53333334128062,10.5000003178914,4.5,0.708333345130086,47.9299988746643,307.709997177124,133.500003814697,1,"26B_2012",0.27
"4801","261-4-B-SAPU",2012,0.18075,1.52763928676483,6,2006,21,"261-4","SAPU",47,33,11,0,11,0,0,3,0,0,0.272727273,NA,NA,"Ptarmagin",1,0,0,0,405.679111,"East","26B","Low Shrub","Low Shrub","Sandy Loam","Mesic",0,886.626587,308,9.946874,-149.350886,68.302265,-1.40378325091547,0.245665788298234,"261-4-B-SAPU_2012",8.99827226003011,-10.7331438809633,196.798999786377,130.051840305328,6.00000015894572,-12.9666668673356,1.53333334128062,10.5000003178914,4.5,0.708333345130086,47.9299988746643,307.709997177124,133.500003814697,1,"26B_2012",0.27
"4802","268-1-C-SAPU",2012,0.2255,2.42282767037498,15,1997,22,"268-1","SAPU",61,49,10,0,21,0,0,5,0,0,0.238095238,NA,NA,"Ptarmagin",1,0,1,2,212.091228,"West","26B","Low Shrub","Low Shrub","Sandy Gravel","Mesic",0,818.738892,195,1.432166,-149.327109,68.400098,0.826808475093605,2.28601122364973,"268-1-C-SAPU_2012",10.0939814249674,-10.0950521212071,206,110.954864501953,6.00000015894572,-12.9666668673356,1.53333334128062,10.5000003178914,4.5,0.708333345130086,47.9299988746643,307.709997177124,133.500003814697,1,"26B_2012",0.27
"4803","268-1-D-SAPU",2012,0.235333333333333,1.36183007880684,16,1996,22,"268-1","SAPU",75,52,13,0,37,0,0,6,0,0,0.162162162,NA,NA,"Ptarmagin",1,0,1,2,212.091228,"West","26B","Low Shrub","Low Shrub","Sandy Gravel","Mesic",0,818.738892,195,1.432166,-149.327109,68.400098,0.375328075697059,1.45546884025236,"268-1-D-SAPU_2012",10.0939814249674,-10.0950521212071,206,110.954864501953,6.00000015894572,-12.9666668673356,1.53333334128062,10.5000003178914,4.5,0.708333345130086,47.9299988746643,307.709997177124,133.500003814697,1,"26B_2012",0.27
"4804","268-2-A-SAPU",2012,0.40125,3.89419749842228,7,2005,22,"268-2","SAPU",54,44,12,17,24,0,0,12,0,0,0.5,NA,NA,"Ptarmagin",1,0,0,4,184.615387,"West","26B","Low Shrub","Low Shrub","Sandy Gravel","Mesic",0,819.441162,203,1.359031,-149.326454,68.400307,-0.170350455805846,0.843369201166317,"268-2-A-SAPU_2012",10.0939814249674,-10.0950521212071,206,110.954864501953,6.00000015894572,-12.9666668673356,1.53333334128062,10.5000003178914,4.5,0.708333345130086,47.9299988746643,307.709997177124,133.500003814697,1,"26B_2012",0.27
"4805","268-2-B-SAPU",2012,0.4075,4.63752090045883,6,2006,22,"268-2","SAPU",54,46,9,0,18,0,0,6,0,0,0.333333333,NA,NA,"Ptarmagin",1,0,0,4,184.615387,"West","26B","Low Shrub","Low Shrub","Sandy Gravel","Mesic",0,819.441162,203,1.359031,-149.326454,68.400307,-0.293326910159089,0.745778298339966,"268-2-B-SAPU_2012",10.0939814249674,-10.0950521212071,206,110.954864501953,6.00000015894572,-12.9666668673356,1.53333334128062,10.5000003178914,4.5,0.708333345130086,47.9299988746643,307.709997177124,133.500003814697,1,"26B_2012",0.27
"4806","268-3-B-SAPU",2012,0.208,1.48562146677077,34,1978,22,"268-3","SAPU",106,41,14,0,42,0,0,4,0,0,0.095238095,NA,NA,"Ptarmagin",1,0,0,0,206.549982,"West","26B","Low Shrub","Low Shrub","Sandy Gravel","Mesic",0,819.661011,150,1.610195,-149.326989,68.400547,1.91788375700541,6.8065389267232,"268-3-B-SAPU_2012",10.0939814249674,-10.0950521212071,206,110.954864501953,6.00000015894572,-12.9666668673356,1.53333334128062,10.5000003178914,4.5,0.708333345130086,47.9299988746643,307.709997177124,133.500003814697,1,"26B_2012",0.27
"4807","268-3-D-SAPU",2012,0.37,4.13868703794938,7,2005,22,"268-3","SAPU",54,49,10,0,24,0,1,12,0,0.041666667,0.5,NA,"Hare","Ptarmagin",1,0,0,0,206.549982,"West","26B","Low Shrub","Low Shrub","Sandy Gravel","Mesic",0,819.661011,150,1.610195,-149.326989,68.400547,-0.109459483173921,0.896318479606364,"268-3-D-SAPU_2012",10.0939814249674,-10.0950521212071,206,110.954864501953,6.00000015894572,-12.9666668673356,1.53333334128062,10.5000003178914,4.5,0.708333345130086,47.9299988746643,307.709997177124,133.500003814697,1,"26B_2012",0.27
"4808","268-4-C-SAPU",2012,0.34025,4.13060077480859,13,1999,22,"268-4","SAPU",81,62,16,0,39,3,0,11,0.076923077,0,0.282051282,"Moose",NA,"Ptarmagin",1,0,0,5,171.881056,"West","26B","Dwarf Shrub-Lichen","Low Shrub","Sandy Gravel","Mesic",0,820.486511,188,1.085947,-149.326166,68.400831,1.08396476207306,2.95637767969136,"268-4-C-SAPU_2012",10.0939814249674,-10.0950521212071,206,110.954864501953,6.00000015894572,-12.9666668673356,1.53333334128062,10.5000003178914,4.5,0.708333345130086,47.9299988746643,307.709997177124,133.500003814697,1,"26B_2012",0.27
"4809","268-4-D-SAPU",2012,0.37825,4.00251647152541,8,2004,22,"268-4","SAPU",53,49,15,0,33,0,0,13,0,0,0.393939394,NA,NA,"Ptarmagin",1,0,0,5,171.881056,"West","26B","Dwarf Shrub-Lichen","Low Shrub","Sandy Gravel","Mesic",0,820.486511,188,1.085947,-149.326166,68.400831,0.11493761371702,1.12180345024134,"268-4-D-SAPU_2012",10.0939814249674,-10.0950521212071,206,110.954864501953,6.00000015894572,-12.9666668673356,1.53333334128062,10.5000003178914,4.5,0.708333345130086,47.9299988746643,307.709997177124,133.500003814697,1,"26B_2012",0.27
"4810","282-1-D-SAPU",2012,0.0843333333333333,0.436269466551068,21,1991,23,"282-1","SAPU",49,22,10,0,8,0,0,0,0,0,0,NA,NA,NA,0,0,0,0,577.316923,"West","26B","Tussock Tundra (Low shrub or Herbaceous)","Tussock Tundra","Clay Loam","Mesic",0,826.622314,26,2.82316,-149.530032,68.582817,-0.237885837940252,0.788292679072993,"282-1-D-SAPU_2012",10.6000000635783,-9.75000000186265,193,89,10.4333333969116,-9.41666685044765,5.76666673024495,15.1333338419596,16.5000002384186,0.958333358789484,78.4499981403351,269.179996609688,114.600004196167,1,"26B_2012",0.27
"4811","282-2-B-SAPU",2012,0.08275,0.53819625131305,22,1990,23,"282-2","SAPU",68,29,11,0,18,0,0,0,0,0,0,NA,NA,NA,0,0,0,0,604.079816,"West","26B","Low Shrub","Low Shrub-Tussock Tundra","Clay Loam","Mesic",0,826.41803,354,3.355184,-149.530916,68.583004,0.061908637695566,1.06386514311674,"282-2-B-SAPU_2012",10.6000000635783,-9.75000000186265,193,89,10.4333333969116,-9.41666685044765,5.76666673024495,15.1333338419596,16.5000002384186,0.958333358789484,78.4499981403351,269.179996609688,114.600004196167,1,"26B_2012",0.27
"4812","282-2-D-SAPU",2012,0.07325,0.196351307995229,15,1997,23,"282-2","SAPU",41,22,7,0,4,0,0,0,0,0,0,NA,NA,NA,0,0,0,0,604.079816,"West","26B","Low Shrub","Low Shrub-Tussock Tundra","Clay Loam","Mesic",0,826.41803,354,3.355184,-149.530916,68.583004,-1.68597667822179,0.185263400836894,"282-2-D-SAPU_2012",10.6000000635783,-9.75000000186265,193,89,10.4333333969116,-9.41666685044765,5.76666673024495,15.1333338419596,16.5000002384186,0.958333358789484,78.4499981403351,269.179996609688,114.600004196167,1,"26B_2012",0.27
"4813","282-3-D-SAPU",2012,0.078,0.372140492839119,33,1979,23,"282-3","SAPU",49,26,10,0,9,0,0,0,0,0,0,NA,NA,NA,0,0,0,0,571.732475,"West","26B","Low Shrub","Low Shrub-Tussock Tundra","Clay Loam","Mesic",0,823.876221,27,3.830761,-149.53038,68.583298,0.475919940916987,1.60949415617405,"282-3-D-SAPU_2012",10.6000000635783,-9.75000000186265,193,89,10.4333333969116,-9.41666685044765,5.76666673024495,15.1333338419596,16.5000002384186,0.958333358789484,78.4499981403351,269.179996609688,114.600004196167,1,"26B_2012",0.27
"4814","282-4-C-SAPU",2012,0.085,0.528195972848051,18,1994,23,"282-4","SAPU",45,23,12,0,10,0,0,0,0,0,0,NA,NA,NA,0,0,0,0,597.547448,"West","26B","Tussock Tundra (Low shrub or Herbaceous)","Low Shrub-Tussock Tundra","Clay Loam","Mesic",0,823.620117,358,4.137664,-149.531178,68.583423,-0.344347322188207,0.708682744057993,"282-4-C-SAPU_2012",10.6000000635783,-9.75000000186265,193,89,10.4333333969116,-9.41666685044765,5.76666673024495,15.1333338419596,16.5000002384186,0.958333358789484,78.4499981403351,269.179996609688,114.600004196167,1,"26B_2012",0.27
"4815","282-4-D-SAPU",2012,0.0535,0.231859748011054,35,1977,23,"282-4","SAPU",59,31,18,0,12,0,0,0,0,0,0,NA,NA,NA,0,0,0,0,597.547448,"West","26B","Tussock Tundra (Low shrub or Herbaceous)","Low Shrub-Tussock Tundra","Clay Loam","Mesic",0,823.620117,358,4.137664,-149.531178,68.583423,0.116403600264561,1.12344920504084,"282-4-D-SAPU_2012",10.6000000635783,-9.75000000186265,193,89,10.4333333969116,-9.41666685044765,5.76666673024495,15.1333338419596,16.5000002384186,0.958333358789484,78.4499981403351,269.179996609688,114.600004196167,1,"26B_2012",0.27
"4816","60-1-B-SAPU",2012,0.24325,3.2025393547199,13,1999,1,"60-1","SAPU",98,NA,10,10,41,0,1,0,0,0.024390244,0,NA,"Hare",NA,1,0,1,0,1438.56091,"West","20F","Low Shrub","Low Shrub-Tussock Tundra","Silt Loam","Mesic",0,110.943649,215,1.507567,-149.840126,65.909691,0.829485943086559,2.29214014686902,"60-1-B-SAPU_2012",14.1924772262573,-7.10263300935427,104.315948486328,69.2256784439087,13.4666668574015,-5.15833348035812,8.46666685740153,18.5333340962728,75.600001335144,0.983333346744378,100.869997024536,239.949997004122,149.300003051758,1,"20F_2012",0.375
"4817","60-2-C-SAPU",2012,0.28725,2.5319719005983,7,2005,1,"60-2","SAPU",76,NA,8,17,12,3,0,0,0.25,0,0,"Moose",NA,NA,1,0,2,0,1432.670461,"West","20F","Low Shrub","Low Shrub","Silt Loam","Mesic",0,110.927505,264,1.953402,-149.84073,65.909949,-0.600839673609139,0.548351006862978,"60-2-C-SAPU_2012",14.1924772262573,-7.10263300935427,104.315948486328,69.2256784439087,13.4666668574015,-5.15833348035812,8.46666685740153,18.5333340962728,75.600001335144,0.983333346744378,100.869997024536,239.949997004122,149.300003051758,1,"20F_2012",0.375
"4818","60-2-D-SAPU",2012,0.06775,0.30441856098698,18,1994,1,"60-2","SAPU",84,NA,16,7,26,2,1,0,0.076923077,0.038461538,0,"Moose","Hare",NA,1,0,2,0,1432.670461,"West","20F","Low Shrub","Low Shrub","Silt Loam","Mesic",0,110.927505,264,1.953402,-149.84073,65.909949,-0.895411097952741,0.408439655416496,"60-2-D-SAPU_2012",14.1924772262573,-7.10263300935427,104.315948486328,69.2256784439087,13.4666668574015,-5.15833348035812,8.46666685740153,18.5333340962728,75.600001335144,0.983333346744378,100.869997024536,239.949997004122,149.300003051758,1,"20F_2012",0.375
"4819","60-3-A-SAPU",2012,0.215666666666667,1.94385313826073,10,2002,1,"60-3","SAPU",139,NA,17,32,54,2,2,0,0.037037037,0.037037037,0,"Moose","Hare",NA,1,0,3,0,1403.187226,"West","20F","Low Shrub","Black Spruce Woodland","Silt Loam","Mesic",0,111.24585,78,1.323723,-149.840194,65.910114,-0.176417809131698,0.838267674271889,"60-3-A-SAPU_2012",14.1924772262573,-7.10263300935427,104.315948486328,69.2256784439087,13.4666668574015,-5.15833348035812,8.46666685740153,18.5333340962728,75.600001335144,0.983333346744378,100.869997024536,239.949997004122,149.300003051758,1,"20F_2012",0.375
"4820","60-3-B-SAPU",2012,0.028,0.0724388434064735,18,1994,1,"60-3","SAPU",81,NA,8,22,16,0,0,0,0,0,0,NA,NA,NA,0,0,3,0,1403.187226,"West","20F","Low Shrub","Black Spruce Woodland","Silt Loam","Mesic",0,111.24585,78,1.323723,-149.840194,65.910114,-2.33107203106828,0.0971914989144665,"60-3-B-SAPU_2012",14.1924772262573,-7.10263300935427,104.315948486328,69.2256784439087,13.4666668574015,-5.15833348035812,8.46666685740153,18.5333340962728,75.600001335144,0.983333346744378,100.869997024536,239.949997004122,149.300003051758,1,"20F_2012",0.375
"4821","60-4-A-SAPU",2012,0.109,0.6170653458328,11,2001,1,"60-4","SAPU",88,NA,10,8,23,1,2,0,0.043478261,0.086956522,0,"Moose","Hare",NA,1,0,1,0,1406.241796,"West","20F","Tall Shrub (Open-Closed)","Black Spruce Woodland","Silt Loam","Mesic",0,110.670654,252,1.181915,-149.840942,65.910317,-1.13982400988854,0.319875311754691,"60-4-A-SAPU_2012",14.1924772262573,-7.10263300935427,104.315948486328,69.2256784439087,13.4666668574015,-5.15833348035812,8.46666685740153,18.5333340962728,75.600001335144,0.983333346744378,100.869997024536,239.949997004122,149.300003051758,1,"20F_2012",0.375
"4822","60-4-D-SAPU",2012,0.16325,0.865331472428602,17,1995,1,"60-4","SAPU",103,NA,15,13,35,1,4,0,0.028571429,0.114285714,0,"Moose","Hare",NA,1,0,1,0,1406.241796,"West","20F","Tall Shrub (Open-Closed)","Black Spruce Woodland","Silt Loam","Mesic",0,110.670654,252,1.181915,-149.840942,65.910317,0.0389236340085347,1.03969108357805,"60-4-D-SAPU_2012",14.1924772262573,-7.10263300935427,104.315948486328,69.2256784439087,13.4666668574015,-5.15833348035812,8.46666685740153,18.5333340962728,75.600001335144,0.983333346744378,100.869997024536,239.949997004122,149.300003051758,1,"20F_2012",0.375
"4823","72-1-A-SAPU",2012,0.06475,0.392851252592883,12,2000,2,"72-1","SAPU",91,87,15,19,15,0,6,0,0,0.4,0,NA,"Hare",NA,1,0,0,0,895.937772,"West","20F","Tussock Tundra (Low shrub or Herbaceous)","Black Spruce Woodland","Clay Loam","Mesic",0,130.808105,148,1.606934,-150.14017,66.022623,-1.42334677399859,0.240906406908077,"72-1-A-SAPU_2012",14.5000950495402,-6.84757234652837,100.310775756836,63.0997867584229,12.3333336512248,-6.72499988476435,7.43333355585734,17.2999998728434,59.5000014305115,1.04166669150194,99.8099982738495,252.929999649525,150.600002288818,1,"20F_2012",0.375
"4824","72-1-C-SAGL",2012,0.3185,3.1899040654167,6,2006,2,"72-1","SAGL",112,103,13,11,16,1,0,0,0.0625,0,0,"Moose",NA,NA,1,0,0,0,895.937772,"West","20F","Tussock Tundra (Low shrub or Herbaceous)","Black Spruce Woodland","Clay Loam","Mesic",0,130.808105,148,1.606934,-150.14017,66.022623,-0.667516002112519,0.512981240804508,"72-1-C-SAGL_2012",14.5000950495402,-6.84757234652837,100.310775756836,63.0997867584229,12.3333336512248,-6.72499988476435,7.43333355585734,17.2999998728434,59.5000014305115,1.04166669150194,99.8099982738495,252.929999649525,150.600002288818,1,"20F_2012",0.375
"4825","72-1-D-SAPU",2012,0.01475,0.0216516602189997,36,1976,2,"72-1","SAPU",68,54,18,0,8,0,1,0,0,0.125,0,NA,"Hare",NA,1,0,0,0,895.937772,"West","20F","Tussock Tundra (Low shrub or Herbaceous)","Black Spruce Woodland","Clay Loam","Mesic",0,130.808105,148,1.606934,-150.14017,66.022623,-2.20024825992914,0.110775653792373,"72-1-D-SAPU_2012",14.5000950495402,-6.84757234652837,100.310775756836,63.0997867584229,12.3333336512248,-6.72499988476435,7.43333355585734,17.2999998728434,59.5000014305115,1.04166669150194,99.8099982738495,252.929999649525,150.600002288818,1,"20F_2012",0.375
"4826","72-2-A-SAGL",2012,0.22125,1.47026241663691,22,1990,2,"72-2","SAGL",129,121,17,0,12,0,0,0,0,0,0,NA,NA,NA,0,0,0,0,855.94066,"West","20F","Tussock Tundra (Low shrub or Herbaceous)","Black Spruce Woodland","Clay Loam","Mesic",0,131.055786,179,2.125059,-150.13956,66.022889,1.06688154321724,2.9063021759785,"72-2-A-SAGL_2012",14.5000950495402,-6.84757234652837,100.310775756836,63.0997867584229,12.3333336512248,-6.72499988476435,7.43333355585734,17.2999998728434,59.5000014305115,1.04166669150194,99.8099982738495,252.929999649525,150.600002288818,1,"20F_2012",0.375
"4827","72-2-C-SAPU",2012,0.14625,1.40904259329549,15,1997,2,"72-2","SAPU",97,84,22,5,22,0,0,0,0,0,0,NA,NA,NA,0,0,0,0,855.94066,"West","20F","Tussock Tundra (Low shrub or Herbaceous)","Black Spruce Woodland","Clay Loam","Mesic",0,131.055786,179,2.125059,-150.13956,66.022889,0.284783620119051,1.32947432549979,"72-2-C-SAPU_2012",14.5000950495402,-6.84757234652837,100.310775756836,63.0997867584229,12.3333336512248,-6.72499988476435,7.43333355585734,17.2999998728434,59.5000014305115,1.04166669150194,99.8099982738495,252.929999649525,150.600002288818,1,"20F_2012",0.375
"4828","72-2-D-SAPU",2012,0.154333333333333,1.29277825638601,23,1989,2,"72-2","SAPU",79,60,21,0,11,0,0,0,0,0,0,NA,NA,NA,0,0,0,0,855.94066,"West","20F","Tussock Tundra (Low shrub or Herbaceous)","Black Spruce Woodland","Clay Loam","Mesic",0,131.055786,179,2.125059,-150.13956,66.022889,1.02407168318047,2.78450935352123,"72-2-D-SAPU_2012",14.5000950495402,-6.84757234652837,100.310775756836,63.0997867584229,12.3333336512248,-6.72499988476435,7.43333355585734,17.2999998728434,59.5000014305115,1.04166669150194,99.8099982738495,252.929999649525,150.600002288818,1,"20F_2012",0.375
"4829","72-3-A-SAGL",2012,0.351,4.77248136466255,7,2005,2,"72-3","SAGL",122,114,14,7,15,0,1,0,0,0.066666667,0,NA,"Hare",NA,1,0,1,0,885.368743,"West","20F","Tussock Tundra (Low shrub or Herbaceous)","Black Spruce Woodland","Clay Loam","Mesic",0,132.401993,119,2.284806,-150.140609,66.023021,0.0330282917578131,1.03357978061649,"72-3-A-SAGL_2012",14.5000950495402,-6.84757234652837,100.310775756836,63.0997867584229,12.3333336512248,-6.72499988476435,7.43333355585734,17.2999998728434,59.5000014305115,1.04166669150194,99.8099982738495,252.929999649525,150.600002288818,1,"20F_2012",0.375
"4830","72-3-B-SAPU",2012,0.136,1.01836610821705,24,1988,2,"72-3","SAPU",75,59,20,4,12,0,0,0,0,0,0,NA,NA,NA,0,0,1,0,885.368743,"West","20F","Tussock Tundra (Low shrub or Herbaceous)","Black Spruce Woodland","Clay Loam","Mesic",0,132.401993,119,2.284806,-150.140609,66.023021,0.867661246967194,2.38133498136208,"72-3-B-SAPU_2012",14.5000950495402,-6.84757234652837,100.310775756836,63.0997867584229,12.3333336512248,-6.72499988476435,7.43333355585734,17.2999998728434,59.5000014305115,1.04166669150194,99.8099982738495,252.929999649525,150.600002288818,1,"20F_2012",0.375
"4831","72-3-D-SAGL",2012,0.20225,1.52890024351617,25,1987,2,"72-3","SAGL",128,109,19,9,10,0,2,0,0,0.2,0,NA,"Hare",NA,1,0,1,0,885.368743,"West","20F","Tussock Tundra (Low shrub or Herbaceous)","Black Spruce Woodland","Clay Loam","Mesic",0,132.401993,119,2.284806,-150.140609,66.023021,1.35283871883487,3.86839123411573,"72-3-D-SAGL_2012",14.5000950495402,-6.84757234652837,100.310775756836,63.0997867584229,12.3333336512248,-6.72499988476435,7.43333355585734,17.2999998728434,59.5000014305115,1.04166669150194,99.8099982738495,252.929999649525,150.600002288818,1,"20F_2012",0.375
"4832","72-4-B-SAPU",2012,0.062,0.205946057910002,41,1971,2,"72-4","SAPU",111,93,14,0,13,0,0,0,0,0,0,NA,NA,NA,0,0,0,0,844.255779,"West","20F","Tussock Tundra (Low shrub or Herbaceous)","Low Shrub-Tussock Tundra","Clay Loam","Mesic",0,132.260803,156,1.029158,-150.139994,66.023305,0.303419682122451,1.35448279738959,"72-4-B-SAPU_2012",14.5000950495402,-6.84757234652837,100.310775756836,63.0997867584229,12.3333336512248,-6.72499988476435,7.43333355585734,17.2999998728434,59.5000014305115,1.04166669150194,99.8099982738495,252.929999649525,150.600002288818,1,"20F_2012",0.375
"4833","86-1-A-SABE",2012,0.39975,5.63343659852471,6,2006,3,"86-1","SABE",129,NA,19,19,52,1,0,0,0.019230769,0,0,"Moose",NA,NA,1,1,0,0,1072.088921,"West","20F","Tall Shrub (Open-Closed)","Tall Shrub","Gravely Sand Loam","Mesic - Xeric",0,572.239319,57,8.372539,-150.2773,66.212913,-0.0987871807280032,0.90593548804021,"86-1-A-SABE_2012",12.4666665395101,-7.54166664679845,211,130,12.3333336512248,-6.72499988476435,7.43333355585734,17.2999998728434,59.5000014305115,1.04166669150194,99.8099982738495,252.929999649525,150.600002288818,1,"20F_2012",0.375
"4834","86-1-D-SABE",2012,0.31,10.6323223815273,6,2006,3,"86-1","SABE",76,NA,8,0,10,2,0,0,0.2,0,0,"Moose",NA,NA,1,1,0,0,1072.088921,"West","20F","Tall Shrub (Open-Closed)","Tall Shrub","Gravely Sand Loam","Mesic - Xeric",0,572.239319,57,8.372539,-150.2773,66.212913,0.536391797845362,1.7098263195564,"86-1-D-SABE_2012",12.4666665395101,-7.54166664679845,211,130,12.3333336512248,-6.72499988476435,7.43333355585734,17.2999998728434,59.5000014305115,1.04166669150194,99.8099982738495,252.929999649525,150.600002288818,1,"20F_2012",0.375
"4835","86-2-D-SABE",2012,0.717,28.1182312849439,8,2004,3,"86-2","SABE",144,NA,31,15,91,0,0,0,0,0,0,NA,NA,NA,0,0,0,0,1091.215231,"West","20F","Low Shrub","Tall Shrub","Gravely Sand Loam","Mesic - Xeric",0,576.231995,67,9.004415,-150.278061,66.212989,2.06443249866327,7.88082425007801,"86-2-D-SABE_2012",12.4666665395101,-7.54166664679845,211,130,12.3333336512248,-6.72499988476435,7.43333355585734,17.2999998728434,59.5000014305115,1.04166669150194,99.8099982738495,252.929999649525,150.600002288818,1,"20F_2012",0.375
"4836","86-3-C-SABE",2012,0.47825,12.3536567137268,6,2006,3,"86-3","SABE",122,NA,15,7,21,1,0,0,0.047619048,0,0,"Moose",NA,NA,1,0,0,1,1057.338847,"West","20F","Tall Shrub (Open-Closed)","Tall Shrub","Gravely Sand Loam","Mesic - Xeric",0,571.701965,63,9.459789,-150.277761,66.213303,0.686445264508278,1.98664098340295,"86-3-C-SABE_2012",12.4666665395101,-7.54166664679845,211,130,12.3333336512248,-6.72499988476435,7.43333355585734,17.2999998728434,59.5000014305115,1.04166669150194,99.8099982738495,252.929999649525,150.600002288818,1,"20F_2012",0.375
"4837","86-3-D-SABE",2012,0.60475,9.56351167409961,7,2005,3,"86-3","SABE",120,NA,16,0,19,5,0,0,0.263157895,0,0,"Moose",NA,NA,1,0,0,1,1057.338847,"West","20F","Tall Shrub (Open-Closed)","Tall Shrub","Gravely Sand Loam","Mesic - Xeric",0,571.701965,63,9.459789,-150.277761,66.213303,0.728116909421431,2.07117671977291,"86-3-D-SABE_2012",12.4666665395101,-7.54166664679845,211,130,12.3333336512248,-6.72499988476435,7.43333355585734,17.2999998728434,59.5000014305115,1.04166669150194,99.8099982738495,252.929999649525,150.600002288818,1,"20F_2012",0.375
"4838","86-4-A-SABE",2012,0.773666666666667,15.9468091932282,7,2005,3,"86-4","SABE",104,NA,19,18,32,3,0,0,0.09375,0,0,"Moose",NA,NA,1,2,0,0,1074.730943,"West","20F","Low Shrub","Tall Shrub","Gravely Sand Loam","Mesic - Xeric",0,575.689697,64,9.57597,-150.278532,66.213405,1.23942067851727,3.45361213340962,"86-4-A-SABE_2012",12.4666665395101,-7.54166664679845,211,130,12.3333336512248,-6.72499988476435,7.43333355585734,17.2999998728434,59.5000014305115,1.04166669150194,99.8099982738495,252.929999649525,150.600002288818,1,"20F_2012",0.375
"4839","97-1-B-SAPU",2012,0.625666666666667,15.3846714550543,8,2004,4,"97-1","SAPU",161,144,25,14,28,0,0,4,0,0,0.142857143,NA,NA,"Ptarmagin",1,0,0,0,926.812684,"East","24A","Tussock Tundra (Low shrub or Herbaceous)","Low Shrub","Gravely Sand Loam","Mesic",2004,556.594971,67,6.396444,-150.432109,66.348765,1.46138598618586,4.3119316664628,"97-1-B-SAPU_2012",12.1711804072062,-7.53865778446198,216.729187011719,127.774322509766,12.3333336512248,-6.72499988476435,7.43333355585734,17.2999998728434,59.5000014305115,1.04166669150194,99.8099982738495,252.929999649525,150.600002288818,1,"24A_2012",0.8
"4840","97-1-D-SAPU",2012,0.95875,22.3031214883502,8,2004,4,"97-1","SAPU",89,76,20,18,25,0,0,0,0,0,0,NA,NA,NA,0,0,0,0,926.812684,"East","24A","Tussock Tundra (Low shrub or Herbaceous)","Low Shrub","Gravely Sand Loam","Mesic",2004,556.594971,67,6.396444,-150.432109,66.348765,1.83274097825373,6.25099704517836,"97-1-D-SAPU_2012",12.1711804072062,-7.53865778446198,216.729187011719,127.774322509766,12.3333336512248,-6.72499988476435,7.43333355585734,17.2999998728434,59.5000014305115,1.04166669150194,99.8099982738495,252.929999649525,150.600002288818,1,"24A_2012",0.8
"4841","97-2-C-SAPU",2012,0.36,5.95627117564702,8,2004,4,"97-2","SAPU",118,101,19,0,29,0,0,0,0,0,0,NA,NA,NA,0,0,0,0,888.474156,"East","24A","Tussock Tundra (Low shrub or Herbaceous)","Low Shrub","Gravely Sand Loam","Mesic",2004,560.389526,70,6.330689,-150.43305,66.348843,0.512458976139348,1.66939114503316,"97-2-C-SAPU_2012",12.1711804072062,-7.53865778446198,216.729187011719,127.774322509766,12.3333336512248,-6.72499988476435,7.43333355585734,17.2999998728434,59.5000014305115,1.04166669150194,99.8099982738495,252.929999649525,150.600002288818,1,"24A_2012",0.8
"4842","97-3-D-SAPU",2012,0.4435,13.4508828843847,8,2004,4,"97-3","SAPU",124,107,24,17,31,0,0,0,0,0,0,NA,NA,NA,0,0,0,0,924.995234,"East","24A","Tussock Tundra (Low shrub or Herbaceous)","Tall Shrub","Gravely Sand Loam","Mesic",2004,557.015015,71,7.919354,-150.432427,66.349149,1.32705907838267,3.7699399704767,"97-3-D-SAPU_2012",12.1711804072062,-7.53865778446198,216.729187011719,127.774322509766,12.3333336512248,-6.72499988476435,7.43333355585734,17.2999998728434,59.5000014305115,1.04166669150194,99.8099982738495,252.929999649525,150.600002288818,1,"24A_2012",0.8
"4843","102-1-D-SAPU",2011,0.66225,19.7966654069348,7,2004,5,"102-1","SAPU",67,NA,13,0,26,0,0,0,0,0,0,NA,NA,NA,0,0,0,0,978.645101,"West","24A","Low Shrub","Low Shrub","Sandy Loam","Mesic",2004,428.203827,339,4.033863,-150.565499,66.400721,1.45567542960663,4.28737831010567,"102-1-D-SAPU_2011",12.1333332061768,-6.00833360354106,315,181,12.3000001907349,-5.23333350817362,7.40000025431315,17.266666730245,79.4000020027161,1.12500004159908,112.619997501373,245.099997937679,199.5,1,"24A_2011",0.81
"4844","102-2-C-SAPU",2011,0.56625,11.302856410255,7,2004,5,"102-2","SAPU",91,NA,21,0,42,0,0,5,0,0,0.119047619,NA,NA,"Ptarmagin",1,0,0,1,973.266715,"West","24A","Tall Shrub (Open-Closed)","Low Shrub","Sandy Loam","Mesic",2004,426.001434,321,4.435797,-150.566012,66.400957,0.895217393323987,2.44786788175906,"102-2-C-SAPU_2011",12.1333332061768,-6.00833360354106,315,181,12.3000001907349,-5.23333350817362,7.40000025431315,17.266666730245,79.4000020027161,1.12500004159908,112.619997501373,245.099997937679,199.5,1,"24A_2011",0.81
"4845","102-3-A-SAPU",2011,0.65725,20.7642633778698,7,2004,5,"102-3","SAPU",138,NA,23,0,32,2,0,5,0.0625,0,0.15625,"Moose",NA,"Ptarmagin",1,0,0,0,939.238254,"West","24A","Tussock Tundra (Low shrub or Herbaceous)","Low Shrub","Sandy Loam","Mesic",2004,424.339783,330,3.896938,-150.565669,66.401242,1.50339532211631,4.49693171055037,"102-3-A-SAPU_2011",12.1333332061768,-6.00833360354106,315,181,12.3000001907349,-5.23333350817362,7.40000025431315,17.266666730245,79.4000020027161,1.12500004159908,112.619997501373,245.099997937679,199.5,1,"24A_2011",0.81
"4846","102-4-A-SAPU",2011,0.246,3.4000734723492,7,2004,5,"102-4","SAPU",98,NA,17,0,26,2,0,3,0.076923077,0,0.115384615,"Moose",NA,"Ptarmagin",1,0,0,0,934.189604,"West","24A","Low Shrub","Low Shrub","Sandy Loam","Mesic",2004,423.102509,349,3.666453,-150.566049,66.401434,-0.306041039216391,0.736356399346386,"102-4-A-SAPU_2011",12.1333332061768,-6.00833360354106,315,181,12.3000001907349,-5.23333350817362,7.40000025431315,17.266666730245,79.4000020027161,1.12500004159908,112.619997501373,245.099997937679,199.5,1,"24A_2011",0.81
"4847","102-4-C-SAPU",2011,0.47275,12.5576352196363,7,2004,5,"102-4","SAPU",122,NA,18,0,37,3,0,3,0.081081081,0,0.081081081,"Moose",NA,"Ptarmagin",1,0,0,0,934.189604,"West","24A","Low Shrub","Low Shrub","Sandy Loam","Mesic",2004,423.102509,349,3.666453,-150.566049,66.401434,1.00049078450252,2.719616246483,"102-4-C-SAPU_2011",12.1333332061768,-6.00833360354106,315,181,12.3000001907349,-5.23333350817362,7.40000025431315,17.266666730245,79.4000020027161,1.12500004159908,112.619997501373,245.099997937679,199.5,1,"24A_2011",0.81
"4848","111-2-C-SAPU",2011,0.27225,6.26613136780911,13,1998,6,"111-2","SAPU",87,78,14,0,21,0,0,0,0,0,0,NA,NA,NA,0,0,0,0,685.564701,"West","24A","Tall Shrub (Open-Closed)","Low Shrub","Gravely Sand Loam","Mesic",0,516.430603,8,6.353059,-150.737535,66.498284,1.50070105711276,4.48483209192812,"111-2-C-SAPU_2011",12.1375471750895,-6.00464618206024,351.252838134766,180.189632415771,12.3000001907349,-5.23333350817362,7.40000025431315,17.266666730245,79.4000020027161,1.12500004159908,112.619997501373,245.099997937679,199.5,1,"24A_2011",0.81
"4849","129-4-A-SAPU",2011,0.5865,25.8564212336396,7,2004,8,"129-4","SAPU",127,105,25,18,36,0,0,0,0,0,0,NA,NA,NA,0,0,0,0,1057.255538,"East","24A","Tussock Tundra (Low shrub or Herbaceous)","Tall Shrub","Sandy Loam","Mesic - Hydric",2005,303.823029,358,6.979915,-150.646167,66.709845,1.72272089361029,5.59974406271621,"129-4-A-SAPU_2011",13,-5.60000010331472,318,145,12.5666669209798,-5.31666668256124,7.66666698455811,17.5666672388713,84.0000028610229,1.13333336636424,110.60999751091,242.959998577833,195.000007629395,1,"24A_2011",0.81
"4850","129-4-B-SAPU",2011,1.51666666666667,67.3052543768061,7,2004,8,"129-4","SAPU",194,177,37,34,72,0,0,0,0,0,0,NA,NA,NA,0,0,0,0,1057.255538,"East","24A","Tussock Tundra (Low shrub or Herbaceous)","Tall Shrub","Sandy Loam","Mesic - Hydric",2005,303.823029,358,6.979915,-150.646167,66.709845,2.67940022743314,14.5763481798394,"129-4-B-SAPU_2011",13,-5.60000010331472,318,145,12.5666669209798,-5.31666668256124,7.66666698455811,17.5666672388713,84.0000028610229,1.13333336636424,110.60999751091,242.959998577833,195.000007629395,1,"24A_2011",0.81
"4851","147-1-A-SAPU",2011,0.279333333333333,1.77440925841294,23,1988,9,"147-1","SAPU",191,167,22,11,73,23,0,0,0.315068493,0,0,"Moose",NA,NA,1,1,0,0,984.758365,"West","24A","Low Shrub","Tall Shrub","Clay Loam","Mesic - Hydric",0,426.634277,145,7.907337,-150.485282,66.911769,1.34074564891696,3.82189223296327,"147-1-A-SAPU_2011",12.5363423029582,-5.89053841431936,331.451354980469,152.135406494141,10.9000002543132,-6.73333350817362,6.10000006357829,15.766666730245,55.9000015258789,1.05000001502534,104.889997005463,258.009998440742,197.999996185303,1,"24A_2011",0.81
"4852","147-1-D-SAPU",2011,0.066,0.438016555726756,17,1994,9,"147-1","SAPU",211,134,21,18,47,15,0,0,0.319148936,0,0,"Moose",NA,NA,1,1,0,0,984.758365,"West","24A","Low Shrub","Tall Shrub","Clay Loam","Mesic - Hydric",0,426.634277,145,7.907337,-150.485282,66.911769,-0.64193229651377,0.52627452249086,"147-1-D-SAPU_2011",12.5363423029582,-5.89053841431936,331.451354980469,152.135406494141,10.9000002543132,-6.73333350817362,6.10000006357829,15.766666730245,55.9000015258789,1.05000001502534,104.889997005463,258.009998440742,197.999996185303,1,"24A_2011",0.81
"4853","147-2-B-SAPU",2011,0.06225,0.26102923945009,19,1992,9,"147-2","SAPU",104,97,14,31,12,5,0,0,0.416666667,0,0,"Moose",NA,NA,1,2,1,0,986.173835,"West","24A","Low Shrub","Tall Shrub","Clay Loam","Mesic - Hydric",0,428.943481,147,8.698308,-150.484958,66.912025,-0.944777130320579,0.388766205446866,"147-2-B-SAPU_2011",12.5363423029582,-5.89053841431936,331.451354980469,152.135406494141,10.9000002543132,-6.73333350817362,6.10000006357829,15.766666730245,55.9000015258789,1.05000001502534,104.889997005463,258.009998440742,197.999996185303,1,"24A_2011",0.81
"4854","147-3-B-SAPU",2011,0.11575,0.95828059617312,22,1989,9,"147-3","SAPU",167,149,20,7,58,18,0,0,0.310344828,0,0,"Moose",NA,NA,1,2,1,0,952.272152,"West","24A","White Spruce or Black Spruce (Woodland)","Black Spruce Woodland","Clay Loam","Mesic - Hydric",0,425.583191,170,6.572863,-150.484233,66.911912,0.63882599762623,1.89425571268186,"147-3-B-SAPU_2011",12.5363423029582,-5.89053841431936,331.451354980469,152.135406494141,10.9000002543132,-6.73333350817362,6.10000006357829,15.766666730245,55.9000015258789,1.05000001502534,104.889997005463,258.009998440742,197.999996185303,1,"24A_2011",0.81
"4855","147-4-A-SAPU",2011,0.159,1.40912682724851,20,1991,9,"147-4","SAPU",124,110,21,14,47,16,0,0,0.340425532,0,0,"Moose",NA,NA,1,0,1,0,956.341518,"West","24A","Tall Shrub (Open-Closed)","Tall Shrub","Clay Loam","Mesic - Hydric",0,428.39856,129,7.52786,-150.483929,66.912191,0.840364576763889,2.31721162431754,"147-4-A-SAPU_2011",12.5363423029582,-5.89053841431936,331.451354980469,152.135406494141,10.9000002543132,-6.73333350817362,6.10000006357829,15.766666730245,55.9000015258789,1.05000001502534,104.889997005463,258.009998440742,197.999996185303,1,"24A_2011",0.81
"4856","147-4-C-SAPU",2011,0.049,0.169177905988465,25,1986,9,"147-4","SAPU",113,101,16,9,12,5,0,0,0.416666667,0,0,"Moose",NA,NA,1,0,1,0,956.341518,"West","24A","Tall Shrub (Open-Closed)","Tall Shrub","Clay Loam","Mesic - Hydric",0,428.39856,129,7.52786,-150.483929,66.912191,-0.848514382625574,0.428050378896359,"147-4-C-SAPU_2011",12.5363423029582,-5.89053841431936,331.451354980469,152.135406494141,10.9000002543132,-6.73333350817362,6.10000006357829,15.766666730245,55.9000015258789,1.05000001502534,104.889997005463,258.009998440742,197.999996185303,1,"24A_2011",0.81
"4857","151-4-B-SAPU",2011,0.1315,1.05696607175355,8,2003,10,"151-4","SAPU",61,54,9,0,8,0,0,0,0,0,0,NA,NA,NA,0,0,0,0,714.907956,"East","24A","Low Shrub","Low Shrub","Clay Loam","Mesic",0,485.466003,301,24.973797,-150.361301,66.958638,-1.21658305972444,0.296240676213702,"151-4-B-SAPU_2011",11.6670459111532,-6.70330834388733,358.735778808594,162.936790466309,10.9000002543132,-6.73333350817362,6.10000006357829,15.766666730245,55.9000015258789,1.05000001502534,104.889997005463,258.009998440742,197.999996185303,1,"24A_2011",0.81
"4858","158-3-A-SAPU",2011,0.4005,8.78984009433031,6,2005,11,"158-3","SAPU",91,77,19,0,37,0,0,3,0,0,0.081081081,NA,NA,"Ptarmagin",1,0,0,0,1313.543229,"East","24A","Tussock Tundra (Low shrub or Herbaceous)","Low Shrub","Sandy Loam","Mesic - Xeric",2005,580.218689,48,13.61797,-150.285679,67.047111,0.346089674840348,1.41352936815476,"158-3-A-SAPU_2011",12.5333334604899,-6.29999999205271,326,168,11,-6.80000030994415,6.16666666666667,15.8666671117147,56.4000005722046,1.02500000409782,105.069996833801,256.779998421669,194.400005340576,1,"24A_2011",0.81
"4859","158-3-B-SAPU",2011,0.486333333333333,18.1209432919529,6,2005,11,"158-3","SAPU",129,118,12,11,15,0,0,0,0,0,0,NA,NA,NA,0,0,0,0,1313.543229,"East","24A","Tussock Tundra (Low shrub or Herbaceous)","Low Shrub","Sandy Loam","Mesic - Xeric",2005,580.218689,48,13.61797,-150.285679,67.047111,1.06956151239468,2.91410142243252,"158-3-B-SAPU_2011",12.5333334604899,-6.29999999205271,326,168,11,-6.80000030994415,6.16666666666667,15.8666671117147,56.4000005722046,1.02500000409782,105.069996833801,256.779998421669,194.400005340576,1,"24A_2011",0.81
"4860","158-4-C-SAPU",2011,0.673333333333333,18.7122892232507,6,2005,11,"158-4","SAPU",191,163,27,14,50,0,0,4,0,0,0.08,NA,NA,"Ptarmagin",1,0,0,0,1283.367604,"East","24A","Tussock Tundra (Low shrub or Herbaceous)","Low Shrub","Sandy Loam","Mesic - Xeric",2005,587.563538,57,15.053073,-150.286524,67.047197,1.1016736408078,3.00919812859075,"158-4-C-SAPU_2011",12.5333334604899,-6.29999999205271,326,168,11,-6.80000030994415,6.16666666666667,15.8666671117147,56.4000005722046,1.02500000409782,105.069996833801,256.779998421669,194.400005340576,1,"24A_2011",0.81
"4861","173-3-A-SAPU",2011,0.078,0.559926058649309,9,2002,12,"173-3","SAPU",59,53,10,0,2,0,0,0,0,0,0,NA,NA,NA,0,0,0,0,1278.311889,"East","24A","Low Shrub","Low Shrub","Clay Loam","Mesic",0,347.24527,24,1.739254,-150.191816,67.228627,-1.62449426265383,0.197011285978562,"173-3-A-SAPU_2011",13.0658880869548,-6.05961855252584,286.56957244873,184.698318481445,11,-6.80000030994415,6.16666666666667,15.8666671117147,56.4000005722046,1.02500000409782,105.069996833801,256.779998421669,194.400005340576,1,"24A_2011",0.81
"4862","173-4-B-SAPU",2011,0.113,1.68471152361162,13,1998,12,"173-4","SAPU",149,112,21,11,30,5,0,0,0.166666667,0,0,"Moose",NA,NA,1,1,0,0,1308.377258,"East","24A","Low Shrub","Low Shrub","Clay Loam","Mesic",0,346.165253,355,1.872125,-150.190975,67.22891,0.187136246167038,1.20579155833694,"173-4-B-SAPU_2011",13.0658880869548,-6.05961855252584,286.56957244873,184.698318481445,11,-6.80000030994415,6.16666666666667,15.8666671117147,56.4000005722046,1.02500000409782,105.069996833801,256.779998421669,194.400005340576,1,"24A_2011",0.81
"4863","173-4-C-SAPU",2011,0.73125,26.5848098969001,7,2004,12,"173-4","SAPU",167,122,27,13,41,9,0,0,0.219512195,0,0,"Moose",NA,NA,1,1,0,0,1308.377258,"East","24A","Low Shrub","Low Shrub","Clay Loam","Mesic",0,346.165253,355,1.872125,-150.190975,67.22891,1.75050191604577,5.7574917283961,"173-4-C-SAPU_2011",13.0658880869548,-6.05961855252584,286.56957244873,184.698318481445,11,-6.80000030994415,6.16666666666667,15.8666671117147,56.4000005722046,1.02500000409782,105.069996833801,256.779998421669,194.400005340576,1,"24A_2011",0.81
"4864","184-1-A-SAPU",2011,0.79025,12.6000369029827,7,2004,13,"184-1","SAPU",133,112,18,3,22,6,0,0,0.272727273,0,0,"Moose",NA,NA,1,2,0,0,692.283244,"East","24A","White Spruce or Black Spruce (Open-Closed)","Tall Shrub","Clay Loam","Mesic",0,423.977753,249,10.469168,-150.109686,67.368938,1.0038616626418,2.72879921006573,"184-1-A-SAPU_2011",12.6333332061768,-5.95833333333333,231,129,11,-6.80000030994415,6.16666666666667,15.8666671117147,56.4000005722046,1.02500000409782,105.069996833801,256.779998421669,194.400005340576,1,"24A_2011",0.81
"4865","184-2-A-SAPU",2011,1.185,44.837250175005,7,2004,13,"184-2","SAPU",124,118,27,4,36,7,0,0,0.194444444,0,0,"Moose",NA,NA,1,1,0,0,706.210196,"East","24A","White Spruce or Black Spruce (Open-Closed)","Tall Shrub","Clay Loam","Mesic",0,429.192566,258,16.706417,-150.109279,67.369156,2.27320119093649,9.71043607262052,"184-2-A-SAPU_2011",12.6318286259969,-5.95983783404032,230.232696533203,128.27782869339,11,-6.80000030994415,6.16666666666667,15.8666671117147,56.4000005722046,1.02500000409782,105.069996833801,256.779998421669,194.400005340576,1,"24A_2011",0.81
"4866","184-2-D-SAPU",2011,0.11125,1.47149156476263,20,1991,13,"184-2","SAPU",172,139,22,0,38,6,3,0,0.157894737,0.078947368,0,"Moose","Hare",NA,1,1,0,0,706.210196,"East","24A","White Spruce or Black Spruce (Open-Closed)","Tall Shrub","Clay Loam","Mesic",0,429.192566,258,16.706417,-150.109279,67.369156,0.883670891924176,2.41976612255061,"184-2-D-SAPU_2011",12.6318286259969,-5.95983783404032,230.232696533203,128.27782869339,11,-6.80000030994415,6.16666666666667,15.8666671117147,56.4000005722046,1.02500000409782,105.069996833801,256.779998421669,194.400005340576,1,"24A_2011",0.81
"4867","184-3-C-SAPU",2011,0.16075,1.59747610605597,14,1997,13,"184-3","SAPU",130,116,18,14,25,1,4,0,0.04,0.16,0,"Moose","Hare",NA,1,1,3,0,683.765397,"East","24A","White Spruce or Black Spruce (Open-Closed)","Tall Shrub","Clay Loam","Mesic",0,425.482941,261,10.788996,-150.109693,67.36937,0.277071171763285,1.3192602617728,"184-3-C-SAPU_2011",12.6318286259969,-5.95983783404032,230.232696533203,128.27782869339,11,-6.80000030994415,6.16666666666667,15.8666671117147,56.4000005722046,1.02500000409782,105.069996833801,256.779998421669,194.400005340576,1,"24A_2011",0.81
"4868","184-3-D-SAPU",2011,0.53475,6.79672516125002,8,2003,13,"184-3","SAPU",66,58,11,0,18,1,2,0,0.055555556,0.111111111,0,"Moose","Hare",NA,1,1,3,0,683.765397,"East","24A","White Spruce or Black Spruce (Open-Closed)","Tall Shrub","Clay Loam","Mesic",0,425.482941,261,10.788996,-150.109693,67.36937,0.644455234772107,1.90494899658129,"184-3-D-SAPU_2011",12.6318286259969,-5.95983783404032,230.232696533203,128.27782869339,11,-6.80000030994415,6.16666666666667,15.8666671117147,56.4000005722046,1.02500000409782,105.069996833801,256.779998421669,194.400005340576,1,"24A_2011",0.81
"4869","184-4-C-SAPU",2011,0.2265,1.82090951352147,11,2000,13,"184-4","SAPU",142,131,16,7,32,1,3,0,0.03125,0.09375,0,"Moose","Hare",NA,1,2,1,0,702.330496,"East","24A","White Spruce or Black Spruce (Open-Closed)","Tall Shrub","Clay Loam","Mesic",0,431.246765,263,17.707565,-150.109187,67.369491,-0.0577075492030876,0.943925958973862,"184-4-C-SAPU_2011",12.6318286259969,-5.95983783404032,230.232696533203,128.27782869339,11,-6.80000030994415,6.16666666666667,15.8666671117147,56.4000005722046,1.02500000409782,105.069996833801,256.779998421669,194.400005340576,1,"24A_2011",0.81
"4870","184-4-D-SAPU",2011,0.1075,0.686249499250154,16,1995,13,"184-4","SAPU",139,114,15,19,23,0,0,0,0,0,0,NA,NA,NA,0,2,1,0,702.330496,"East","24A","White Spruce or Black Spruce (Open-Closed)","Tall Shrub","Clay Loam","Mesic",0,431.246765,263,17.707565,-150.109187,67.369491,-0.310015381510761,0.733435674788803,"184-4-D-SAPU_2011",12.6318286259969,-5.95983783404032,230.232696533203,128.27782869339,11,-6.80000030994415,6.16666666666667,15.8666671117147,56.4000005722046,1.02500000409782,105.069996833801,256.779998421669,194.400005340576,1,"24A_2011",0.81
"4871","191-1-B-SAPU",2011,0.481,9.02508098143478,9,2002,14,"191-1","SAPU",112,103,12,23,16,2,0,0,0.125,0,0,"Moose",NA,NA,1,1,0,0,1595.806211,"East","24A","Low Shrub","Low Shrub","Clay Loam","Mesic",0,492.755432,293,2.980974,-149.860617,67.475764,1.15546375663399,3.17549573331565,"191-1-B-SAPU_2011",11.8135404586792,-6.23220479488373,238.097290039062,122.684051036835,9.16666666666667,-8.2583335240682,4.5666667620341,13.8333336512248,26.6000007390976,0.98333336537083,84.2899981737137,273.569997310638,196.900001525879,1,"24A_2011",0.81
"4872","191-1-C-SAPU",2011,0.38925,8.10300881139061,9,2002,14,"191-1","SAPU",163,139,21,0,37,12,0,0,0.324324324,0,0,"Moose",NA,NA,1,1,0,0,1595.806211,"East","24A","Low Shrub","Low Shrub","Clay Loam","Mesic",0,492.755432,293,2.980974,-149.860617,67.475764,1.04769173034439,2.85106249578487,"191-1-C-SAPU_2011",11.8135404586792,-6.23220479488373,238.097290039062,122.684051036835,9.16666666666667,-8.2583335240682,4.5666667620341,13.8333336512248,26.6000007390976,0.98333336537083,84.2899981737137,273.569997310638,196.900001525879,1,"24A_2011",0.81
"4873","191-3-A-SAPU",2011,0.4865,8.56888952680885,9,2002,14,"191-3","SAPU",109,97,22,14,31,13,0,0,0.419354839,0,0,"Moose",NA,NA,1,2,0,0,1608.343863,"East","24A","Low Shrub","Low Shrub","Clay Loam","Mesic",0,494.475037,298,4.15829,-149.859591,67.475979,1.10359442685526,3.0149837090225,"191-3-A-SAPU_2011",11.8135404586792,-6.23220479488373,238.097290039062,122.684051036835,9.16666666666667,-8.2583335240682,4.5666667620341,13.8333336512248,26.6000007390976,0.98333336537083,84.2899981737137,273.569997310638,196.900001525879,1,"24A_2011",0.81
"4874","191-4-A-SAPU",2011,0.16675,1.36662127499498,20,1991,14,"191-4","SAPU",109,85,19,16,39,13,0,0,0.333333333,0,0,"Moose",NA,NA,1,1,0,0,1634.196324,"East","24A","Low Shrub","Low Shrub","Clay Loam","Mesic",0,497.007599,303,3.553675,-149.85875,67.475963,0.809735806728802,2.24731418295505,"191-4-A-SAPU_2011",11.8135404586792,-6.23220479488373,238.097290039062,122.684051036835,9.16666666666667,-8.2583335240682,4.5666667620341,13.8333336512248,26.6000007390976,0.98333336537083,84.2899981737137,273.569997310638,196.900001525879,1,"24A_2011",0.81
"4875","191-4-D-SAPU",2011,0.17175,1.7515743673072,11,2000,14,"191-4","SAPU",114,103,16,7,34,2,0,0,0.058823529,0,0,"Moose",NA,NA,1,1,0,0,1634.196324,"East","24A","Low Shrub","Low Shrub","Clay Loam","Mesic",0,497.007599,303,3.553675,-149.85875,67.475963,-0.0965286362065495,0.907983896013068,"191-4-D-SAPU_2011",11.8135404586792,-6.23220479488373,238.097290039062,122.684051036835,9.16666666666667,-8.2583335240682,4.5666667620341,13.8333336512248,26.6000007390976,0.98333336537083,84.2899981737137,273.569997310638,196.900001525879,1,"24A_2011",0.81
"4876","203-1-C-SAPU",2011,0.1635,1.59000480967711,15,1996,15,"203-1","SAPU",102,74,13,0,16,1,1,0,0.0625,0.0625,0,"Moose","Hare",NA,1,1,0,0,905.036767,"East","24A","Low Shrub","Low Shrub","Loam","Mesic",0,550.644958,299,23.927214,-149.794431,67.571449,0.405610199390819,1.50021765271336,"203-1-C-SAPU_2011",12.1666666666667,-6.30833331743876,193,107,8.30000003178914,-9.16666676600774,3.76666665077209,12.8666667938232,21.8000012934208,0.916666679084301,78.6799992322922,281.489999294281,195.400009155273,1,"24A_2011",0.81
"4877","203-2-A-SAPU",2011,0.1565,1.00839312233823,15,1996,15,"203-2","SAPU",122,97,14,32,16,1,0,0,0.0625,0,0,"Moose",NA,NA,1,0,1,0,933.944119,"East","24A","Low Shrub","Low Shrub","Loam","Mesic",0,566.911377,300,26.508135,-149.793674,67.571447,-0.0497687458531876,0.951449425686813,"203-2-A-SAPU_2011",12.1666666666667,-6.30833331743876,193,107,8.30000003178914,-9.16666676600774,3.76666665077209,12.8666667938232,21.8000012934208,0.916666679084301,78.6799992322922,281.489999294281,195.400009155273,1,"24A_2011",0.81
"4878","203-2-B-SAPU",2011,0.56325,6.46089440436842,16,1995,15,"203-2","SAPU",129,107,22,18,35,2,0,0,0.057142857,0,0,"Moose",NA,NA,1,0,1,0,933.944119,"East","24A","Low Shrub","Low Shrub","Loam","Mesic",0,566.911377,300,26.508135,-149.793674,67.571447,1.93226639523746,6.90514230230396,"203-2-B-SAPU_2011",12.1666666666667,-6.30833331743876,193,107,8.30000003178914,-9.16666676600774,3.76666665077209,12.8666667938232,21.8000012934208,0.916666679084301,78.6799992322922,281.489999294281,195.400009155273,1,"24A_2011",0.81
"4879","203-3-D-SAPU",2011,0.11,1.00735168437357,23,1988,15,"203-3","SAPU",117,104,18,17,39,2,3,0,0.051282051,0.076923077,0,"Moose","Hare",NA,1,0,1,0,922.335664,"East","24A","Low Shrub","Low Shrub","Loam","Mesic",0,556.241272,305,23.609533,-149.79364,67.571701,0.774602886007699,2.16973032580618,"203-3-D-SAPU_2011",12.1666666666667,-6.30833331743876,193,107,8.30000003178914,-9.16666676600774,3.76666665077209,12.8666667938232,21.8000012934208,0.916666679084301,78.6799992322922,281.489999294281,195.400009155273,1,"24A_2011",0.81
"4880","203-4-B-SAPU",2011,0.17225,1.93119100028538,15,1996,15,"203-4","SAPU",76,69,15,0,18,3,0,0,0.166666667,0,0,"Moose",NA,NA,1,1,1,0,951.384807,"East","24A","Low Shrub","Low Shrub","Loam","Mesic",0,569.135193,316,29.227108,-149.792864,67.571712,0.60001006939231,1.82213714811192,"203-4-B-SAPU_2011",12.1666666666667,-6.30833331743876,193,107,8.30000003178914,-9.16666676600774,3.76666665077209,12.8666667938232,21.8000012934208,0.916666679084301,78.6799992322922,281.489999294281,195.400009155273,1,"24A_2011",0.81
"4881","203-4-C-SAPU",2011,0.078,0.365973552994635,19,1992,15,"203-4","SAPU",75,68,9,10,9,1,0,0,0.111111111,0,0,"Moose",NA,NA,1,1,1,0,951.384807,"East","24A","Low Shrub","Low Shrub","Loam","Mesic",0,569.135193,316,29.227108,-149.792864,67.571712,-0.606848488699933,0.545065946601878,"203-4-C-SAPU_2011",12.1666666666667,-6.30833331743876,193,107,8.30000003178914,-9.16666676600774,3.76666665077209,12.8666667938232,21.8000012934208,0.916666679084301,78.6799992322922,281.489999294281,195.400009155273,1,"24A_2011",0.81
"4882","209-1-C-SAPU",2011,0.19,1.29348794326252,14,1997,16,"209-1","SAPU",64,53,15,0,11,0,0,0,0,0,0,NA,NA,NA,0,0,1,0,698.873831,"East","24A","Low Shrub","Black Spruce Woodland","Sandy Loam","Mesic - Xeric",0,553.345276,287,19.679848,-149.692986,67.655886,0.0659886232730248,1.06821456431141,"209-1-C-SAPU_2011",11.4258104960124,-6.75639414787292,180,103,8.30000003178914,-9.16666676600774,3.76666665077209,12.8666667938232,21.8000012934208,0.916666679084301,78.6799992322922,281.489999294281,195.400009155273,1,"24A_2011",0.81
"4883","209-1-D-SAPU",2011,0.09925,0.602949188292518,22,1989,16,"209-1","SAPU",53,47,13,0,9,1,0,0,0.111111111,0,0,"Moose",NA,NA,1,0,1,0,698.873831,"East","24A","Low Shrub","Black Spruce Woodland","Sandy Loam","Mesic - Xeric",0,553.345276,287,19.679848,-149.692986,67.655886,0.175518292979162,1.19186379119134,"209-1-D-SAPU_2011",11.4258104960124,-6.75639414787292,180,103,8.30000003178914,-9.16666676600774,3.76666665077209,12.8666667938232,21.8000012934208,0.916666679084301,78.6799992322922,281.489999294281,195.400009155273,1,"24A_2011",0.81
"4884","209-2-A-SAPU",2011,0.03075,0.159469010242086,8,2003,16,"209-2","SAPU",55,46,9,0,10,0,0,0,0,0,0,NA,NA,NA,0,0,0,0,728.528855,"East","24A","Low Shrub","Black Spruce Woodland","Sandy Loam","Mesic - Xeric",0,561.911133,287,21.070175,-149.692261,67.656,-3.10789133626019,0.0446951029855389,"209-2-A-SAPU_2011",11.4258104960124,-6.75639414787292,180,103,8.30000003178914,-9.16666676600774,3.76666665077209,12.8666667938232,21.8000012934208,0.916666679084301,78.6799992322922,281.489999294281,195.400009155273,1,"24A_2011",0.81
"4885","209-2-D-SAPU",2011,0.037,0.107346650176836,34,1977,16,"209-2","SAPU",53,41,8,0,11,0,0,0,0,0,0,NA,NA,NA,0,0,0,0,728.528855,"East","24A","Low Shrub","Black Spruce Woodland","Sandy Loam","Mesic - Xeric",0,561.911133,287,21.070175,-149.692261,67.656,-0.709641383677452,0.491820540712955,"209-2-D-SAPU_2011",11.4258104960124,-6.75639414787292,180,103,8.30000003178914,-9.16666676600774,3.76666665077209,12.8666667938232,21.8000012934208,0.916666679084301,78.6799992322922,281.489999294281,195.400009155273,1,"24A_2011",0.81
"4886","209-3-A-SAPU",2011,0.14075,0.721746943691688,19,1992,16,"209-3","SAPU",74,55,12,0,9,0,0,0,0,0,0,NA,NA,NA,0,0,1,0,711.058695,"East","24A","Low Shrub","Black Spruce Woodland","Sandy Loam","Mesic - Xeric",0,553.430786,276,18.070417,-149.69261,67.656251,0.0722650240408563,1.07494019130964,"209-3-A-SAPU_2011",11.4258104960124,-6.75639414787292,180,103,8.30000003178914,-9.16666676600774,3.76666665077209,12.8666667938232,21.8000012934208,0.916666679084301,78.6799992322922,281.489999294281,195.400009155273,1,"24A_2011",0.81
"4887","209-3-B-SAPU",2011,0.0315,0.088767271223506,35,1976,16,"209-3","SAPU",59,53,15,0,17,0,1,0,0,0.058823529,0,NA,"Hare",NA,1,0,1,0,711.058695,"East","24A","Low Shrub","Black Spruce Woodland","Sandy Loam","Mesic - Xeric",0,553.430786,276,18.070417,-149.69261,67.656251,-0.843711039404374,0.430111397709868,"209-3-B-SAPU_2011",11.4258104960124,-6.75639414787292,180,103,8.30000003178914,-9.16666676600774,3.76666665077209,12.8666667938232,21.8000012934208,0.916666679084301,78.6799992322922,281.489999294281,195.400009155273,1,"24A_2011",0.81
"4888","209-4-B-SAPU",2011,0.164,1.48100332556999,14,1997,16,"209-4","SAPU",67,54,11,11,16,0,0,2,0,0,0.125,NA,NA,"Ptarmagin",1,0,0,0,738.024448,"East","24A","Low Shrub","Black Spruce Woodland","Sandy Loam","Mesic - Xeric",0,561.090881,296,18.584587,-149.691928,67.656444,0.201366002463727,1.22307233740208,"209-4-B-SAPU_2011",11.4258104960124,-6.75639414787292,180,103,8.30000003178914,-9.16666676600774,3.76666665077209,12.8666667938232,21.8000012934208,0.916666679084301,78.6799992322922,281.489999294281,195.400009155273,1,"24A_2011",0.81
"4889","222-1-C-SAGL",2011,0.31275,2.925737945702,12,1999,17,"222-1","SAGL",74,60,14,0,25,0,7,0,0,0.28,0,NA,"Hare",NA,1,2,18,0,769.468544,"East","24A","Low Shrub","Tall Shrub","Clay Loam","Mesic",0,669.484009,287,15.029548,-149.809491,67.826198,0.584524194883741,1.79413712289753,"222-1-C-SAGL_2011",10.8666664759318,-7.29999987284342,186,106,8.30000003178914,-9.16666676600774,3.76666665077209,12.8666667938232,21.8000012934208,0.916666679084301,78.6799992322922,281.489999294281,195.400009155273,1,"24A_2011",0.81
"4890","222-2-B-SAGL",2011,0.20325,2.12614096160756,17,1994,17,"222-2","SAGL",106,74,19,0,21,0,10,0,0,0.476190476,0,NA,"Hare",NA,1,3,13,0,794.735172,"East","24A","Low Shrub","Tall Shrub","Clay Loam","Mesic",0,676.198608,282,15.59229,-149.808768,67.826375,0.937874855737536,2.55454686515615,"222-2-B-SAGL_2011",10.8666664759318,-7.29999987284342,186,106,8.30000003178914,-9.16666676600774,3.76666665077209,12.8666667938232,21.8000012934208,0.916666679084301,78.6799992322922,281.489999294281,195.400009155273,1,"24A_2011",0.81
"4891","222-2-C-SAGL",2011,0.32075,3.35980983915309,9,2002,17,"222-2","SAGL",67,53,14,0,18,0,8,0,0,0.444444444,0,NA,"Hare",NA,1,3,13,0,794.735172,"East","24A","Low Shrub","Tall Shrub","Clay Loam","Mesic",0,676.198608,282,15.59229,-149.808768,67.826375,0.167340656326517,1.18215690595238,"222-2-C-SAGL_2011",10.8666664759318,-7.29999987284342,186,106,8.30000003178914,-9.16666676600774,3.76666665077209,12.8666667938232,21.8000012934208,0.916666679084301,78.6799992322922,281.489999294281,195.400009155273,1,"24A_2011",0.81
"4892","222-3-B-SAGL",2011,0.181,1.32376661325782,16,1995,17,"222-3","SAGL",90,74,14,0,22,0,5,0,0,0.227272727,0,NA,"Hare",NA,1,2,11,1,778.440723,"East","24A","Low Shrub","Low Shrub","Clay Loam","Mesic",0,672.469177,278,13.422374,-149.809021,67.826615,0.346979802340305,1.41478814967226,"222-3-B-SAGL_2011",10.8666664759318,-7.29999987284342,186,106,8.30000003178914,-9.16666676600774,3.76666665077209,12.8666667938232,21.8000012934208,0.916666679084301,78.6799992322922,281.489999294281,195.400009155273,1,"24A_2011",0.81
"4893","222-3-D-SAGL",2011,0.08025,0.492061177796921,18,1993,17,"222-3","SAGL",89,75,11,0,18,1,6,0,0.055555556,0.333333333,0,"Moose","Hare",NA,1,2,11,1,778.440723,"East","24A","Low Shrub","Low Shrub","Clay Loam","Mesic",0,672.469177,278,13.422374,-149.809021,67.826615,-0.415211643850655,0.660200538533539,"222-3-D-SAGL_2011",10.8666664759318,-7.29999987284342,186,106,8.30000003178914,-9.16666676600774,3.76666665077209,12.8666667938232,21.8000012934208,0.916666679084301,78.6799992322922,281.489999294281,195.400009155273,1,"24A_2011",0.81
"4894","222-4-C-SAGL",2011,0.20975,1.91869492280665,20,1991,17,"222-4","SAGL",71,66,12,8,15,1,4,0,0.066666667,0.266666667,0,"Moose","Hare",NA,1,0,15,0,805.061274,"East","24A","Low Shrub","Low Shrub","Clay Loam","Mesic",0,678.755371,278,16.631924,-149.808355,67.826658,1.14903956287174,3.15516112011578,"222-4-C-SAGL_2011",10.8666664759318,-7.29999987284342,186,106,8.30000003178914,-9.16666676600774,3.76666665077209,12.8666667938232,21.8000012934208,0.916666679084301,78.6799992322922,281.489999294281,195.400009155273,1,"24A_2011",0.81
"4895","235-1-C-SAPU",2011,0.29725,2.52346486039146,10,2001,18,"235-1","SAPU",53,45,12,20,23,0,3,5,0,0.130434783,0.217391304,NA,"Hare","Ptarmagin",1,0,5,0,477.732622,"East","24A","Low Shrub","Low Shrub","Sandy Gravel","Mesic",0,813.776917,295,20.303024,-149.727576,68.004859,0.0845429355983137,1.08821956658716,"235-1-C-SAPU_2011",8.6333335240682,-8.56666675209999,196,118,7.13333336512248,-10.3000001211961,2.76666676998138,11.5666669209798,15.7000002861023,0.850000016391277,62.0899983644485,291.769996643066,191.100002288818,1,"24A_2011",0.81
"4896","235-2-B-SAPU",2011,0.1095,0.610435799935563,12,1999,18,"235-2","SAPU",50,47,10,6,17,0,0,3,0,0,0.176470588,NA,NA,"Ptarmagin",1,0,0,0,510.631222,"East","24A","Dwarf Shrub-Lichen","Low Shrub","Sandy Gravel","Mesic",0,828.022217,289,26.243103,-149.726481,68.004961,-0.982604693881183,0.374334800360004,"235-2-B-SAPU_2011",8.6333335240682,-8.56666675209999,196,118,7.13333336512248,-10.3000001211961,2.76666676998138,11.5666669209798,15.7000002861023,0.850000016391277,62.0899983644485,291.769996643066,191.100002288818,1,"24A_2011",0.81
"4897","235-3-B-SAPU",2011,0.12275,0.82669538057659,21,1990,18,"235-3","SAPU",47,41,14,0,11,0,1,4,0,0.090909091,0.363636364,NA,"Hare","Ptarmagin",1,0,1,0,482.982181,"East","24A","Dwarf Shrub-Lichen","Low Shrub","Sandy Gravel","Mesic",0,817.546387,298,18.704132,-149.726784,68.005244,0.401290351528174,1.49375091840333,"235-3-B-SAPU_2011",8.6333335240682,-8.56666675209999,196,118,7.13333336512248,-10.3000001211961,2.76666676998138,11.5666669209798,15.7000002861023,0.850000016391277,62.0899983644485,291.769996643066,191.100002288818,1,"24A_2011",0.81
"4898","235-4-C-SAPU",2011,0.04225,0.296291653491226,20,1991,18,"235-4","SAPU",41,39,10,0,15,0,0,0,0,0,0,NA,NA,NA,0,0,0,0,503.848767,"East","24A","Low Shrub","Low Shrub","Sandy Gravel","Mesic",0,825.290771,293,20.728168,-149.726015,68.005351,-0.719016658257837,0.487231135183726,"235-4-C-SAPU_2011",8.6333335240682,-8.56666675209999,196,118,7.13333336512248,-10.3000001211961,2.76666676998138,11.5666669209798,15.7000002861023,0.850000016391277,62.0899983644485,291.769996643066,191.100002288818,1,"24A_2011",0.81
"4899","240-1-B-SAPU",2011,0.191,1.79683234742435,11,2000,19,"240-1","SAPU",58,47,12,0,24,0,1,9,0,0.041666667,0.375,NA,"Hare","Ptarmagin",1,0,1,0,395.986648,"West","24A","Low Shrub","Low Shrub","Sandy Loam","Mesic",0,1043.032227,75,23.365055,-149.606437,68.069578,-0.071018350534821,0.931444799460536,"240-1-B-SAPU_2011",7.58495489756266,-9.06472734858592,244.850563049316,166.308935165405,7.13333336512248,-10.3000001211961,2.76666676998138,11.5666669209798,15.7000002861023,0.850000016391277,62.0899983644485,291.769996643066,191.100002288818,1,"24A_2011",0.81
"4900","240-1-D-SAPU",2011,0.126,1.1380419387629,12,1999,19,"240-1","SAPU",115,81,18,0,57,3,0,19,0.052631579,0,0.333333333,"Moose",NA,"Ptarmagin",1,0,1,0,395.986648,"West","24A","Low Shrub","Low Shrub","Sandy Loam","Mesic",0,1043.032227,75,23.365055,-149.606437,68.069578,-0.359713355041367,0.697876340137799,"240-1-D-SAPU_2011",7.58495489756266,-9.06472734858592,244.850563049316,166.308935165405,7.13333336512248,-10.3000001211961,2.76666676998138,11.5666669209798,15.7000002861023,0.850000016391277,62.0899983644485,291.769996643066,191.100002288818,1,"24A_2011",0.81
"4901","240-2-A-SAPU",2011,0.03225,0.207673215219688,16,1995,19,"240-2","SAPU",59,51,16,0,29,0,0,11,0,0,0.379310345,NA,NA,"Ptarmagin",1,0,0,0,426.292991,"West","24A","Tussock Tundra (Low shrub or Herbaceous)","Low Shrub","Sandy Loam","Mesic",0,1048.270996,87,24.096361,-149.606886,68.069926,-1.50529088105877,0.221952722598184,"240-2-A-SAPU_2011",7.58495489756266,-9.06472734858592,244.850563049316,166.308935165405,7.13333336512248,-10.3000001211961,2.76666676998138,11.5666669209798,15.7000002861023,0.850000016391277,62.0899983644485,291.769996643066,191.100002288818,1,"24A_2011",0.81
"4902","240-3-B-SAPU",2011,0.45875,15.009075730502,16,1995,19,"240-3","SAPU",122,81,25,0,57,1,3,7,0.01754386,0.052631579,0.122807018,"Moose","Hare","Ptarmagin",1,0,1,3,399.798137,"West","24A","Low Shrub","Low Shrub","Sandy Loam","Mesic",0,1034.808228,93,20.584356,-149.606025,68.07014,2.7751537011722,16.0410923408838,"240-3-B-SAPU_2011",7.58495489756266,-9.06472734858592,244.850563049316,166.308935165405,7.13333336512248,-10.3000001211961,2.76666676998138,11.5666669209798,15.7000002861023,0.850000016391277,62.0899983644485,291.769996643066,191.100002288818,1,"24A_2011",0.81
"4903","240-3-D-SAPU",2011,0.2325,4.85145157919587,26,1985,19,"240-3","SAPU",167,110,47,0,149,7,11,21,0.046979866,0.073825503,0.140939597,"Moose","Hare","Ptarmagin",1,0,1,3,399.798137,"West","24A","Low Shrub","Low Shrub","Sandy Loam","Mesic",0,1034.808228,93,20.584356,-149.606025,68.07014,2.58330415628372,13.2408156855843,"240-3-D-SAPU_2011",7.58495489756266,-9.06472734858592,244.850563049316,166.308935165405,7.13333336512248,-10.3000001211961,2.76666676998138,11.5666669209798,15.7000002861023,0.850000016391277,62.0899983644485,291.769996643066,191.100002288818,1,"24A_2011",0.81
"4904","240-4-B-SAPU",2011,0.08225,0.514401828554763,20,1991,19,"240-4","SAPU",118,104,19,0,27,3,0,5,0.111111111,0,0.185185185,"Moose",NA,"Ptarmagin",1,0,2,0,431.079046,"West","24A","Low Shrub","Low Shrub","Sandy Loam","Mesic",0,1046.807861,94,24.616484,-149.606605,68.070368,-0.1673562156753,0.845898235451791,"240-4-B-SAPU_2011",7.58495489756266,-9.06472734858592,244.850563049316,166.308935165405,7.13333336512248,-10.3000001211961,2.76666676998138,11.5666669209798,15.7000002861023,0.850000016391277,62.0899983644485,291.769996643066,191.100002288818,1,"24A_2011",0.81
"4905","240-4-D-SAPU",2011,0.206666666666667,1.30674896950315,13,1998,19,"240-4","SAPU",77,61,11,0,15,0,1,2,0,0.066666667,0.133333333,NA,"Hare","Ptarmagin",1,0,2,0,431.079046,"West","24A","Low Shrub","Low Shrub","Sandy Loam","Mesic",0,1046.807861,94,24.616484,-149.606605,68.070368,-0.066915750360739,0.93527399451423,"240-4-D-SAPU_2011",7.58495489756266,-9.06472734858592,244.850563049316,166.308935165405,7.13333336512248,-10.3000001211961,2.76666676998138,11.5666669209798,15.7000002861023,0.850000016391277,62.0899983644485,291.769996643066,191.100002288818,1,"24A_2011",0.81
"4906","255-1-C-SAGL",2011,0.1285,1.49831271569312,22,1989,20,"255-1","SAGL",69,56,17,0,31,0,0,20,0,0,0.64516129,NA,NA,"Ptarmagin",1,0,0,0,585.543915,"East","26B","Low Shrub","Low Shrub","Sandy Gravel","Mesic - Xeric",0,991.483582,331,1.701594,-149.392735,68.222633,1.08578026241747,2.96174985950861,"255-1-C-SAGL_2011",7.96967585881551,-9.45376138303739,251.774322509766,174.954864501953,5.23333342870076,-11.8583334349096,1.00000003476938,9.50000031789144,5.40000009536743,0.725000007698933,51.729998588562,308.819996833801,197.700004577637,1,"26B_2011",0.27
"4907","255-1-D-SAGL",2011,0.0415,0.201691819156792,13,1998,20,"255-1","SAGL",42,37,10,0,21,0,0,8,0,0,0.380952381,NA,NA,"Ptarmagin",1,0,0,0,585.543915,"East","26B","Low Shrub","Low Shrub","Sandy Gravel","Mesic - Xeric",0,991.483582,331,1.701594,-149.392735,68.222633,-1.93547249468122,0.144356045243592,"255-1-D-SAGL_2011",7.96967585881551,-9.45376138303739,251.774322509766,174.954864501953,5.23333342870076,-11.8583334349096,1.00000003476938,9.50000031789144,5.40000009536743,0.725000007698933,51.729998588562,308.819996833801,197.700004577637,1,"26B_2011",0.27
"4908","255-2-A-SAPU",2011,0.21275,2.58109266523258,13,1998,20,"255-2","SAPU",51,48,12,0,26,0,0,5,0,0,0.192307692,NA,NA,"Ptarmagin",1,0,1,1,631.079496,"East","26B","Low Shrub","Low Shrub","Sandy Gravel","Mesic - Xeric",0,993.382141,286,2.676414,-149.39171,68.222788,0.6137547225569,1.84735469746826,"255-2-A-SAPU_2011",7.96967585881551,-9.45376138303739,251.774322509766,174.954864501953,5.23333342870076,-11.8583334349096,1.00000003476938,9.50000031789144,5.40000009536743,0.725000007698933,51.729998588562,308.819996833801,197.700004577637,1,"26B_2011",0.27
"4909","255-2-D-SAPU",2011,0.27825,4.5510338364532,8,2003,20,"255-2","SAPU",71,55,12,0,22,0,1,5,0,0.045454545,0.227272727,NA,"Hare","Ptarmagin",1,0,1,1,631.079496,"East","26B","Low Shrub","Low Shrub","Sandy Gravel","Mesic - Xeric",0,993.382141,286,2.676414,-149.39171,68.222788,0.243368756483404,1.27553890064382,"255-2-D-SAPU_2011",7.96967585881551,-9.45376138303739,251.774322509766,174.954864501953,5.23333342870076,-11.8583334349096,1.00000003476938,9.50000031789144,5.40000009536743,0.725000007698933,51.729998588562,308.819996833801,197.700004577637,1,"26B_2011",0.27
"4910","255-3-A-SAPU",2011,0.06325,0.416139486234862,15,1996,20,"255-3","SAPU",54,46,9,0,20,0,0,3,0,0,0.15,NA,NA,"Ptarmagin",1,0,1,0,600.399561,"East","26B","Tussock Tundra (Low shrub or Herbaceous)","Low Shrub","Sandy Gravel","Mesic - Xeric",0,990.277893,304,2.837043,-149.392647,68.223106,-0.934861613264229,0.392640197967317,"255-3-A-SAPU_2011",7.96967585881551,-9.45376138303739,251.774322509766,174.954864501953,5.23333342870076,-11.8583334349096,1.00000003476938,9.50000031789144,5.40000009536743,0.725000007698933,51.729998588562,308.819996833801,197.700004577637,1,"26B_2011",0.27
"4911","255-3-C-SAPU",2011,0.0295,0.129747776593259,17,1994,20,"255-3","SAPU",48,42,12,0,11,0,0,3,0,0,0.272727273,NA,NA,"Ptarmagin",1,0,1,0,600.399561,"East","26B","Tussock Tundra (Low shrub or Herbaceous)","Low Shrub","Sandy Gravel","Mesic - Xeric",0,990.277893,304,2.837043,-149.392647,68.223106,-1.8585966188224,0.155891251776028,"255-3-C-SAPU_2011",7.96967585881551,-9.45376138303739,251.774322509766,174.954864501953,5.23333342870076,-11.8583334349096,1.00000003476938,9.50000031789144,5.40000009536743,0.725000007698933,51.729998588562,308.819996833801,197.700004577637,1,"26B_2011",0.27
"4912","255-4-A-SAPU",2011,0.0595,0.343754638952121,25,1986,20,"255-4","SAPU",72,61,14,0,18,0,2,3,0,0.111111111,0.166666667,NA,"Hare","Ptarmagin",1,0,0,2,644.564014,"East","26B","Low Shrub","Low Shrub","Sandy Gravel","Mesic - Xeric",0,993.003235,239,7.430982,-149.391619,68.223199,-0.139537097983922,0.869760756235332,"255-4-A-SAPU_2011",7.96967585881551,-9.45376138303739,251.774322509766,174.954864501953,5.23333342870076,-11.8583334349096,1.00000003476938,9.50000031789144,5.40000009536743,0.725000007698933,51.729998588562,308.819996833801,197.700004577637,1,"26B_2011",0.27
"4913","261-1-B-SAPU",2011,0.18725,2.5358556945163,9,2002,21,"261-1","SAPU",65,51,10,0,19,0,0,5,0,0,0.263157895,NA,NA,"Ptarmagin",1,0,0,0,356.206777,"East","26B","Dwarf Shrub","Low Shrub","Sandy Loam","Mesic",0,883.832947,287,13.943512,-149.352299,68.301689,-0.114012588394161,0.892246723858263,"261-1-B-SAPU_2011",8.16283162434896,-9.57533740003904,273.293312072754,190.735785484314,5.23333342870076,-11.8583334349096,1.00000003476938,9.50000031789144,5.40000009536743,0.725000007698933,51.729998588562,308.819996833801,197.700004577637,1,"26B_2011",0.27
"4914","261-1-C-SAPU",2011,0.0375,0.269489744815753,13,1998,21,"261-1","SAPU",69,41,17,0,31,0,0,3,0,0,0.096774194,NA,NA,"Ptarmagin",1,0,0,0,356.206777,"East","26B","Dwarf Shrub","Low Shrub","Sandy Loam","Mesic",0,883.832947,287,13.943512,-149.352299,68.301689,-1.64568304236489,0.192880772050872,"261-1-C-SAPU_2011",8.16283162434896,-9.57533740003904,273.293312072754,190.735785484314,5.23333342870076,-11.8583334349096,1.00000003476938,9.50000031789144,5.40000009536743,0.725000007698933,51.729998588562,308.819996833801,197.700004577637,1,"26B_2011",0.27
"4915","261-2-C-SAPU",2011,0.09175,0.594425262025161,42,1969,21,"261-2","SAPU",91,67,27,0,29,0,0,3,0,0,0.103448276,NA,NA,"Ptarmagin",1,0,0,1,388.99561,"East","26B","Dwarf Shrub-Lichen","Low Shrub","Sandy Loam","Mesic",0,888.892761,295,13.025289,-149.351465,68.301786,1.40993336142536,4.09568246453551,"261-2-C-SAPU_2011",8.16283162434896,-9.57533740003904,273.293312072754,190.735785484314,5.23333342870076,-11.8583334349096,1.00000003476938,9.50000031789144,5.40000009536743,0.725000007698933,51.729998588562,308.819996833801,197.700004577637,1,"26B_2011",0.27
"4916","261-2-D-SAPU",2011,0.361,5.15908893600981,21,1990,21,"261-2","SAPU",122,71,29,0,41,2,0,11,0.048780488,0,0.268292683,"Moose",NA,"Ptarmagin",1,0,0,1,388.99561,"East","26B","Dwarf Shrub-Lichen","Low Shrub","Sandy Loam","Mesic",0,888.892761,295,13.025289,-149.351465,68.301786,2.2323693471698,9.32192681530912,"261-2-D-SAPU_2011",8.16283162434896,-9.57533740003904,273.293312072754,190.735785484314,5.23333342870076,-11.8583334349096,1.00000003476938,9.50000031789144,5.40000009536743,0.725000007698933,51.729998588562,308.819996833801,197.700004577637,1,"26B_2011",0.27
"4917","261-3-A-SAPU",2011,0.106,1.04831176939107,9,2002,21,"261-3","SAPU",41,18,7,0,8,0,0,0,0,0,0,NA,NA,NA,0,0,0,1,380.53651,"East","26B","Tussock Tundra (Low shrub or Herbaceous)","Low Shrub","Sandy Loam","Mesic",0,884.224731,295,11.657486,-149.351558,68.302088,-0.997362689022369,0.368850934161558,"261-3-A-SAPU_2011",8.16283162434896,-9.57533740003904,273.293312072754,190.735785484314,5.23333342870076,-11.8583334349096,1.00000003476938,9.50000031789144,5.40000009536743,0.725000007698933,51.729998588562,308.819996833801,197.700004577637,1,"26B_2011",0.27
"4918","261-4-A-SAPU",2011,0.143,0.632990078993848,15,1996,21,"261-4","SAPU",41,27,9,0,9,0,0,0,0,0,0,NA,NA,NA,0,0,0,0,405.679111,"East","26B","Low Shrub","Low Shrub","Sandy Loam","Mesic",0,886.626587,308,9.946874,-149.350886,68.302265,-0.515427371747189,0.597245294303126,"261-4-A-SAPU_2011",8.16283162434896,-9.57533740003904,273.293312072754,190.735785484314,5.23333342870076,-11.8583334349096,1.00000003476938,9.50000031789144,5.40000009536743,0.725000007698933,51.729998588562,308.819996833801,197.700004577637,1,"26B_2011",0.27
"4919","268-1-C-SAPU",2011,0.08375,0.98119694378473,14,1997,22,"268-1","SAPU",61,49,10,0,21,0,0,5,0,0,0.238095238,NA,NA,"Ptarmagin",1,0,1,2,212.091228,"West","26B","Low Shrub","Low Shrub","Sandy Gravel","Mesic",0,818.738892,195,1.432166,-149.327109,68.400098,-0.2103358596846,0.810312049113528,"268-1-C-SAPU_2011",9.19548606872559,-8.96134257564942,282,179.135406494141,5.23333342870076,-11.8583334349096,1.00000003476938,9.50000031789144,5.40000009536743,0.725000007698933,51.729998588562,308.819996833801,197.700004577637,1,"26B_2011",0.27
"4920","268-1-D-SAPU",2011,0.206,1.47770041703453,15,1996,22,"268-1","SAPU",75,52,13,0,37,0,0,6,0,0,0.162162162,NA,NA,"Ptarmagin",1,0,1,2,212.091228,"West","26B","Low Shrub","Low Shrub","Sandy Gravel","Mesic",0,818.738892,195,1.432166,-149.327109,68.400098,0.332360265355176,1.39425505983675,"268-1-D-SAPU_2011",9.19548606872559,-8.96134257564942,282,179.135406494141,5.23333342870076,-11.8583334349096,1.00000003476938,9.50000031789144,5.40000009536743,0.725000007698933,51.729998588562,308.819996833801,197.700004577637,1,"26B_2011",0.27
"4921","268-2-A-SAPU",2011,0.23625,2.76599856214216,6,2005,22,"268-2","SAPU",54,44,12,17,24,0,0,12,0,0,0.5,NA,NA,"Ptarmagin",1,0,0,4,184.615387,"West","26B","Low Shrub","Low Shrub","Sandy Gravel","Mesic",0,819.441162,203,1.359031,-149.326454,68.400307,-0.810105131510451,0.444811300080843,"268-2-A-SAPU_2011",9.19548606872559,-8.96134257564942,282,179.135406494141,5.23333342870076,-11.8583334349096,1.00000003476938,9.50000031789144,5.40000009536743,0.725000007698933,51.729998588562,308.819996833801,197.700004577637,1,"26B_2011",0.27
"4922","268-3-B-SAPU",2011,0.1165,0.950856423684064,33,1978,22,"268-3","SAPU",106,41,14,0,42,0,0,4,0,0,0.095238095,NA,NA,"Ptarmagin",1,0,0,0,206.549982,"West","26B","Low Shrub","Low Shrub","Sandy Gravel","Mesic",0,819.661011,150,1.610195,-149.326989,68.400547,1.414011566124,4.11241960154458,"268-3-B-SAPU_2011",9.19548606872559,-8.96134257564942,282,179.135406494141,5.23333342870076,-11.8583334349096,1.00000003476938,9.50000031789144,5.40000009536743,0.725000007698933,51.729998588562,308.819996833801,197.700004577637,1,"26B_2011",0.27
"4923","268-3-D-SAPU",2011,0.40625,5.53487266331007,6,2005,22,"268-3","SAPU",54,49,10,0,24,0,1,12,0,0.041666667,0.5,NA,"Hare","Ptarmagin",1,0,0,0,206.549982,"West","26B","Low Shrub","Low Shrub","Sandy Gravel","Mesic",0,819.661011,150,1.610195,-149.326989,68.400547,-0.116438284749377,0.890085027102171,"268-3-D-SAPU_2011",9.19548606872559,-8.96134257564942,282,179.135406494141,5.23333342870076,-11.8583334349096,1.00000003476938,9.50000031789144,5.40000009536743,0.725000007698933,51.729998588562,308.819996833801,197.700004577637,1,"26B_2011",0.27
"4924","268-4-C-SAPU",2011,0.24625,3.44317671260507,12,1999,22,"268-4","SAPU",81,62,16,0,39,3,0,11,0.076923077,0,0.282051282,"Moose",NA,"Ptarmagin",1,0,0,5,171.881056,"West","26B","Dwarf Shrub-Lichen","Low Shrub","Sandy Gravel","Mesic",0,820.486511,188,1.085947,-149.326166,68.400831,0.747371965112878,2.11144377091463,"268-4-C-SAPU_2011",9.19548606872559,-8.96134257564942,282,179.135406494141,5.23333342870076,-11.8583334349096,1.00000003476938,9.50000031789144,5.40000009536743,0.725000007698933,51.729998588562,308.819996833801,197.700004577637,1,"26B_2011",0.27
"4925","268-4-D-SAPU",2011,0.2405,3.01238994332193,7,2004,22,"268-4","SAPU",53,49,15,0,33,0,0,13,0,0,0.393939394,NA,NA,"Ptarmagin",1,0,0,5,171.881056,"West","26B","Dwarf Shrub-Lichen","Low Shrub","Sandy Gravel","Mesic",0,820.486511,188,1.085947,-149.326166,68.400831,-0.427104315307199,0.652395493841841,"268-4-D-SAPU_2011",9.19548606872559,-8.96134257564942,282,179.135406494141,5.23333342870076,-11.8583334349096,1.00000003476938,9.50000031789144,5.40000009536743,0.725000007698933,51.729998588562,308.819996833801,197.700004577637,1,"26B_2011",0.27
"4926","282-1-D-SAPU",2011,0.0956666666666667,0.548996829007586,20,1991,23,"282-1","SAPU",49,22,10,0,8,0,0,0,0,0,0,NA,NA,NA,0,0,0,0,577.316923,"West","26B","Tussock Tundra (Low shrub or Herbaceous)","Tussock Tundra","Clay Loam","Mesic",0,826.622314,26,2.82316,-149.530032,68.582817,-0.102268277775217,0.902787321403751,"282-1-D-SAPU_2011",9.70000012715658,-8.63333314160506,266,182,9.6333335240682,-8.30833353598913,5.23333326975505,14.0666669209798,28.6000003814697,0.991666679581006,81.5799978971481,266.119998455048,156.299999237061,1,"26B_2011",0.27
"4927","282-2-B-SAPU",2011,0.09225,0.650700218529836,21,1990,23,"282-2","SAPU",68,29,11,0,18,0,0,0,0,0,0,NA,NA,NA,0,0,0,0,604.079816,"West","26B","Low Shrub","Low Shrub-Tussock Tundra","Clay Loam","Mesic",0,826.41803,354,3.355184,-149.530916,68.583004,0.161903109410989,1.17574631704881,"282-2-B-SAPU_2011",9.70000012715658,-8.63333314160506,266,182,9.6333335240682,-8.30833353598913,5.23333326975505,14.0666669209798,28.6000003814697,0.991666679581006,81.5799978971481,266.119998455048,156.299999237061,1,"26B_2011",0.27
"4928","282-2-D-SAPU",2011,0.0475,0.145345784118332,14,1997,23,"282-2","SAPU",41,22,7,0,4,0,0,0,0,0,0,NA,NA,NA,0,0,0,0,604.079816,"West","26B","Low Shrub","Low Shrub-Tussock Tundra","Clay Loam","Mesic",0,826.41803,354,3.355184,-149.530916,68.583004,-2.11999343574069,0.120032416432778,"282-2-D-SAPU_2011",9.70000012715658,-8.63333314160506,266,182,9.6333335240682,-8.30833353598913,5.23333326975505,14.0666669209798,28.6000003814697,0.991666679581006,81.5799978971481,266.119998455048,156.299999237061,1,"26B_2011",0.27
"4929","282-3-D-SAPU",2011,0.027,0.137724278078777,32,1979,23,"282-3","SAPU",49,26,10,0,9,0,0,0,0,0,0,NA,NA,NA,0,0,0,0,571.732475,"West","26B","Low Shrub","Low Shrub-Tussock Tundra","Clay Loam","Mesic",0,823.876221,27,3.830761,-149.53038,68.583298,-0.577518641247265,0.561289400391168,"282-3-D-SAPU_2011",9.70000012715658,-8.63333314160506,266,182,9.6333335240682,-8.30833353598913,5.23333326975505,14.0666669209798,28.6000003814697,0.991666679581006,81.5799978971481,266.119998455048,156.299999237061,1,"26B_2011",0.27
"4930","282-4-C-SAPU",2011,0.097,0.658226492780133,17,1994,23,"282-4","SAPU",45,23,12,0,10,0,0,0,0,0,0,NA,NA,NA,0,0,0,0,597.547448,"West","26B","Tussock Tundra (Low shrub or Herbaceous)","Low Shrub-Tussock Tundra","Clay Loam","Mesic",0,823.620117,358,4.137664,-149.531178,68.583423,-0.234639918589929,0.790855570753346,"282-4-C-SAPU_2011",9.70000012715658,-8.63333314160506,266,182,9.6333335240682,-8.30833353598913,5.23333326975505,14.0666669209798,28.6000003814697,0.991666679581006,81.5799978971481,266.119998455048,156.299999237061,1,"26B_2011",0.27
"4931","282-4-D-SAPU",2011,0.04625,0.214933043143049,34,1977,23,"282-4","SAPU",59,31,18,0,12,0,0,0,0,0,0,NA,NA,NA,0,0,0,0,597.547448,"West","26B","Tussock Tundra (Low shrub or Herbaceous)","Low Shrub-Tussock Tundra","Clay Loam","Mesic",0,823.620117,358,4.137664,-149.531178,68.583423,-0.0153781504457386,0.984739489509522,"282-4-D-SAPU_2011",9.70000012715658,-8.63333314160506,266,182,9.6333335240682,-8.30833353598913,5.23333326975505,14.0666669209798,28.6000003814697,0.991666679581006,81.5799978971481,266.119998455048,156.299999237061,1,"26B_2011",0.27
"4932","60-1-B-SAPU",2011,0.19925,2.9002399943273,12,1999,1,"60-1","SAPU",98,NA,10,10,41,0,1,0,0,0.024390244,0,NA,"Hare",NA,1,0,1,0,1438.56091,"West","20F","Low Shrub","Low Shrub-Tussock Tundra","Silt Loam","Mesic",0,110.943649,215,1.507567,-149.840126,65.909691,0.575770947123453,1.77850112884469,"60-1-B-SAPU_2011",14.092477162679,-5.80188091595968,146.451354980469,99.3159487247467,13.3333336512248,-4.05833321809769,8.43333339691162,18.2333335876465,88.5000011920929,1.00833334152897,109.829995393753,234.079999286681,192.899997711182,1,"20F_2011",0.375
"4933","60-2-C-SAPU",2011,0.5005,5.65030125693779,6,2005,1,"60-2","SAPU",76,NA,8,17,12,3,0,0,0.25,0,0,"Moose",NA,NA,1,0,2,0,1432.670461,"West","20F","Low Shrub","Low Shrub","Silt Loam","Mesic",0,110.927505,264,1.953402,-149.84073,65.909949,-0.0957979813710714,0.908647561262813,"60-2-C-SAPU_2011",14.092477162679,-5.80188091595968,146.451354980469,99.3159487247467,13.3333336512248,-4.05833321809769,8.43333339691162,18.2333335876465,88.5000011920929,1.00833334152897,109.829995393753,234.079999286681,192.899997711182,1,"20F_2011",0.375
"4934","60-2-D-SAPU",2011,0.057,0.278455064850933,17,1994,1,"60-2","SAPU",84,NA,16,7,26,2,1,0,0.076923077,0.038461538,0,"Moose","Hare",NA,1,0,2,0,1432.670461,"West","20F","Low Shrub","Low Shrub","Silt Loam","Mesic",0,110.927505,264,1.953402,-149.84073,65.909949,-1.09493230532363,0.334562254265575,"60-2-D-SAPU_2011",14.092477162679,-5.80188091595968,146.451354980469,99.3159487247467,13.3333336512248,-4.05833321809769,8.43333339691162,18.2333335876465,88.5000011920929,1.00833334152897,109.829995393753,234.079999286681,192.899997711182,1,"20F_2011",0.375
"4935","60-3-A-SAPU",2011,0.42,4.62429869598865,9,2002,1,"60-3","SAPU",139,NA,17,32,54,2,2,0,0.037037037,0.037037037,0,"Moose","Hare",NA,1,0,3,0,1403.187226,"West","20F","Low Shrub","Black Spruce Woodland","Silt Loam","Mesic",0,111.24585,78,1.323723,-149.840194,65.910114,0.486781005610289,1.62707025110312,"60-3-A-SAPU_2011",14.092477162679,-5.80188091595968,146.451354980469,99.3159487247467,13.3333336512248,-4.05833321809769,8.43333339691162,18.2333335876465,88.5000011920929,1.00833334152897,109.829995393753,234.079999286681,192.899997711182,1,"20F_2011",0.375
"4936","60-3-B-SAPU",2011,0.03375,0.0938619527599246,17,1994,1,"60-3","SAPU",81,NA,8,22,16,0,0,0,0,0,0,NA,NA,NA,0,0,3,0,1403.187226,"West","20F","Low Shrub","Black Spruce Woodland","Silt Loam","Mesic",0,111.24585,78,1.323723,-149.840194,65.910114,-2.18236388946097,0.112774628545328,"60-3-B-SAPU_2011",14.092477162679,-5.80188091595968,146.451354980469,99.3159487247467,13.3333336512248,-4.05833321809769,8.43333339691162,18.2333335876465,88.5000011920929,1.00833334152897,109.829995393753,234.079999286681,192.899997711182,1,"20F_2011",0.375
"4937","60-4-A-SAPU",2011,0.152,0.985128057942074,10,2001,1,"60-4","SAPU",88,NA,10,8,23,1,2,0,0.043478261,0.086956522,0,"Moose","Hare",NA,1,0,1,0,1406.241796,"West","20F","Tall Shrub (Open-Closed)","Black Spruce Woodland","Silt Loam","Mesic",0,110.670654,252,1.181915,-149.840942,65.910317,-0.856073604351361,0.424826850206375,"60-4-A-SAPU_2011",14.092477162679,-5.80188091595968,146.451354980469,99.3159487247467,13.3333336512248,-4.05833321809769,8.43333339691162,18.2333335876465,88.5000011920929,1.00833334152897,109.829995393753,234.079999286681,192.899997711182,1,"20F_2011",0.375
"4938","60-4-D-SAPU",2011,0.15775,0.995261068696683,16,1995,1,"60-4","SAPU",103,NA,15,13,35,1,4,0,0.028571429,0.114285714,0,"Moose","Hare",NA,1,0,1,0,1406.241796,"West","20F","Tall Shrub (Open-Closed)","Black Spruce Woodland","Silt Loam","Mesic",0,110.670654,252,1.181915,-149.840942,65.910317,0.0617484386983917,1.06369472663832,"60-4-D-SAPU_2011",14.092477162679,-5.80188091595968,146.451354980469,99.3159487247467,13.3333336512248,-4.05833321809769,8.43333339691162,18.2333335876465,88.5000011920929,1.00833334152897,109.829995393753,234.079999286681,192.899997711182,1,"20F_2011",0.375
"4939","72-1-A-SAPU",2011,0.1615,1.09464476324438,11,2000,2,"72-1","SAPU",91,87,15,19,15,0,6,0,0,0.4,0,NA,"Hare",NA,1,0,0,0,895.937772,"West","20F","Tussock Tundra (Low shrub or Herbaceous)","Black Spruce Woodland","Clay Loam","Mesic",0,130.808105,148,1.606934,-150.14017,66.022623,-0.566613764665672,0.567443686909477,"72-1-A-SAPU_2011",14.3355356852214,-5.53743342558543,143.41626739502,98.1268482208252,12.1000000635783,-5.38333344459534,7.23333358764648,17.0333334604899,73.0000021457672,1.10833336102466,109.929996490479,246.55999737978,199.300003051758,1,"20F_2011",0.375
"4940","72-1-D-SAPU",2011,0.01575,0.0246287119573583,35,1976,2,"72-1","SAPU",68,54,18,0,8,0,1,0,0,0.125,0,NA,"Hare",NA,1,0,0,0,895.937772,"West","20F","Tussock Tundra (Low shrub or Herbaceous)","Black Spruce Woodland","Clay Loam","Mesic",0,130.808105,148,1.606934,-150.14017,66.022623,-2.1258161390788,0.119335534119336,"72-1-D-SAPU_2011",14.3355356852214,-5.53743342558543,143.41626739502,98.1268482208252,12.1000000635783,-5.38333344459534,7.23333358764648,17.0333334604899,73.0000021457672,1.10833336102466,109.929996490479,246.55999737978,199.300003051758,1,"20F_2011",0.375
"4941","72-2-A-SAGL",2011,0.34325,2.8897129100442,21,1990,2,"72-2","SAGL",129,121,17,0,12,0,0,0,0,0,0,NA,NA,NA,0,0,0,0,855.94066,"West","20F","Tussock Tundra (Low shrub or Herbaceous)","Black Spruce Woodland","Clay Loam","Mesic",0,131.055786,179,2.125059,-150.13956,66.022889,1.652766504159,5.22140490284324,"72-2-A-SAGL_2011",14.3355356852214,-5.53743342558543,143.41626739502,98.1268482208252,12.1000000635783,-5.38333344459534,7.23333358764648,17.0333334604899,73.0000021457672,1.10833336102466,109.929996490479,246.55999737978,199.300003051758,1,"20F_2011",0.375
"4942","72-2-C-SAPU",2011,0.17975,1.91589026596516,14,1997,2,"72-2","SAPU",97,84,22,5,22,0,0,0,0,0,0,NA,NA,NA,0,0,0,0,855.94066,"West","20F","Tussock Tundra (Low shrub or Herbaceous)","Black Spruce Woodland","Clay Loam","Mesic",0,131.055786,179,2.125059,-150.13956,66.022889,0.45882862713882,1.58221953005949,"72-2-C-SAPU_2011",14.3355356852214,-5.53743342558543,143.41626739502,98.1268482208252,12.1000000635783,-5.38333344459534,7.23333358764648,17.0333334604899,73.0000021457672,1.10833336102466,109.929996490479,246.55999737978,199.300003051758,1,"20F_2011",0.375
"4943","72-2-D-SAPU",2011,0.254666666666667,2.46044791220638,22,1989,2,"72-2","SAPU",79,60,21,0,11,0,0,0,0,0,0,NA,NA,NA,0,0,0,0,855.94066,"West","20F","Tussock Tundra (Low shrub or Herbaceous)","Black Spruce Woodland","Clay Loam","Mesic",0,131.055786,179,2.125059,-150.13956,66.022889,1.58178405514219,4.86362505101909,"72-2-D-SAPU_2011",14.3355356852214,-5.53743342558543,143.41626739502,98.1268482208252,12.1000000635783,-5.38333344459534,7.23333358764648,17.0333334604899,73.0000021457672,1.10833336102466,109.929996490479,246.55999737978,199.300003051758,1,"20F_2011",0.375
"4944","72-3-A-SAGL",2011,0.678,11.4104090311002,6,2005,2,"72-3","SAGL",122,114,14,7,15,0,1,0,0,0.066666667,0,NA,"Hare",NA,1,0,1,0,885.368743,"West","20F","Tussock Tundra (Low shrub or Herbaceous)","Black Spruce Woodland","Clay Loam","Mesic",0,132.401993,119,2.284806,-150.140609,66.023021,0.607019166786513,1.83495354807672,"72-3-A-SAGL_2011",14.3355356852214,-5.53743342558543,143.41626739502,98.1268482208252,12.1000000635783,-5.38333344459534,7.23333358764648,17.0333334604899,73.0000021457672,1.10833336102466,109.929996490479,246.55999737978,199.300003051758,1,"20F_2011",0.375
"4945","72-3-B-SAPU",2011,0.20075,1.71559292124747,23,1988,2,"72-3","SAPU",75,59,20,4,12,0,0,0,0,0,0,NA,NA,NA,0,0,1,0,885.368743,"West","20F","Tussock Tundra (Low shrub or Herbaceous)","Black Spruce Woodland","Clay Loam","Mesic",0,132.401993,119,2.284806,-150.140609,66.023021,1.30703684108868,3.69520798516741,"72-3-B-SAPU_2011",14.3355356852214,-5.53743342558543,143.41626739502,98.1268482208252,12.1000000635783,-5.38333344459534,7.23333358764648,17.0333334604899,73.0000021457672,1.10833336102466,109.929996490479,246.55999737978,199.300003051758,1,"20F_2011",0.375
"4946","72-3-D-SAGL",2011,0.22325,1.98607776553625,24,1987,2,"72-3","SAGL",128,109,19,9,10,0,2,0,0,0.2,0,NA,"Hare",NA,1,0,1,0,885.368743,"West","20F","Tussock Tundra (Low shrub or Herbaceous)","Black Spruce Woodland","Clay Loam","Mesic",0,132.401993,119,2.284806,-150.140609,66.023021,1.53562348042369,4.64422020785561,"72-3-D-SAGL_2011",14.3355356852214,-5.53743342558543,143.41626739502,98.1268482208252,12.1000000635783,-5.38333344459534,7.23333358764648,17.0333334604899,73.0000021457672,1.10833336102466,109.929996490479,246.55999737978,199.300003051758,1,"20F_2011",0.375
"4947","72-4-B-SAPU",2011,0.0766666666666667,0.288063114104792,40,1971,2,"72-4","SAPU",111,93,14,0,13,0,0,0,0,0,0,NA,NA,NA,0,0,0,0,844.255779,"West","20F","Tussock Tundra (Low shrub or Herbaceous)","Low Shrub-Tussock Tundra","Clay Loam","Mesic",0,132.260803,156,1.029158,-150.139994,66.023305,0.591302960809072,1.8063404735902,"72-4-B-SAPU_2011",14.3355356852214,-5.53743342558543,143.41626739502,98.1268482208252,12.1000000635783,-5.38333344459534,7.23333358764648,17.0333334604899,73.0000021457672,1.10833336102466,109.929996490479,246.55999737978,199.300003051758,1,"20F_2011",0.375
"4948","86-2-D-SABE",2011,0.644,28.0089824004153,7,2004,3,"86-2","SABE",144,NA,31,15,91,0,0,0,0,0,0,NA,NA,NA,0,0,0,0,1091.215231,"West","20F","Low Shrub","Tall Shrub","Gravely Sand Loam","Mesic - Xeric",0,576.231995,67,9.004415,-150.278061,66.212989,1.80268717862522,6.06592580938435,"86-2-D-SABE_2011",12.233333269755,-6.18333327770233,318,222,12.1000000635783,-5.38333344459534,7.23333358764648,17.0333334604899,73.0000021457672,1.10833336102466,109.929996490479,246.55999737978,199.300003051758,1,"20F_2011",0.375
"4949","86-3-D-SABE",2011,0.91025,18.7270328263011,6,2005,3,"86-3","SABE",120,NA,16,0,19,5,0,0,0.263157895,0,0,"Moose",NA,NA,1,0,0,1,1057.338847,"West","20F","Tall Shrub (Open-Closed)","Tall Shrub","Gravely Sand Loam","Mesic - Xeric",0,571.701965,63,9.459789,-150.277761,66.213303,1.10246124074313,3.01156910641065,"86-3-D-SABE_2011",12.233333269755,-6.18333327770233,318,222,12.1000000635783,-5.38333344459534,7.23333358764648,17.0333334604899,73.0000021457672,1.10833336102466,109.929996490479,246.55999737978,199.300003051758,1,"20F_2011",0.375
"4950","86-4-A-SABE",2011,0.692,17.4498297867073,6,2005,3,"86-4","SABE",104,NA,19,18,32,3,0,0,0.09375,0,0,"Moose",NA,NA,1,2,0,0,1074.730943,"West","20F","Low Shrub","Tall Shrub","Gravely Sand Loam","Mesic - Xeric",0,575.689697,64,9.57597,-150.278532,66.213405,1.03182304933747,2.80617697342671,"86-4-A-SABE_2011",12.233333269755,-6.18333327770233,318,222,12.1000000635783,-5.38333344459534,7.23333358764648,17.0333334604899,73.0000021457672,1.10833336102466,109.929996490479,246.55999737978,199.300003051758,1,"20F_2011",0.375
"4951","97-1-B-SAPU",2011,0.844666666666667,24.6713907566061,7,2004,4,"97-1","SAPU",161,144,25,14,28,0,0,4,0,0,0.142857143,NA,NA,"Ptarmagin",1,0,0,0,926.812684,"East","24A","Tussock Tundra (Low shrub or Herbaceous)","Low Shrub","Gravely Sand Loam","Mesic",2004,556.594971,67,6.396444,-150.432109,66.348765,1.6758062232392,5.34310114535559,"97-1-B-SAPU_2011",11.9045136769613,-6.18790547053019,332.593780517578,230.503509521484,12.1000000635783,-5.38333344459534,7.23333358764648,17.0333334604899,73.0000021457672,1.10833336102466,109.929996490479,246.55999737978,199.300003051758,1,"24A_2011",0.81
"4952","97-1-D-SAPU",2011,0.71725,20.4617205440466,7,2004,4,"97-1","SAPU",89,76,20,18,25,0,0,0,0,0,0,NA,NA,NA,0,0,0,0,926.812684,"East","24A","Tussock Tundra (Low shrub or Herbaceous)","Low Shrub","Gravely Sand Loam","Mesic",2004,556.594971,67,6.396444,-150.432109,66.348765,1.48871776993027,4.43140978769375,"97-1-D-SAPU_2011",11.9045136769613,-6.18790547053019,332.593780517578,230.503509521484,12.1000000635783,-5.38333344459534,7.23333358764648,17.0333334604899,73.0000021457672,1.10833336102466,109.929996490479,246.55999737978,199.300003051758,1,"24A_2011",0.81
"4953","97-2-C-SAPU",2011,0.164,2.98338833074032,7,2004,4,"97-2","SAPU",118,101,19,0,29,0,0,0,0,0,0,NA,NA,NA,0,0,0,0,888.474156,"East","24A","Tussock Tundra (Low shrub or Herbaceous)","Low Shrub","Gravely Sand Loam","Mesic",2004,560.389526,70,6.330689,-150.43305,66.348843,-0.43677840178574,0.646114593387922,"97-2-C-SAPU_2011",11.9045136769613,-6.18790547053019,332.593780517578,230.503509521484,12.1000000635783,-5.38333344459534,7.23333358764648,17.0333334604899,73.0000021457672,1.10833336102466,109.929996490479,246.55999737978,199.300003051758,1,"24A_2011",0.81
"4954","97-3-D-SAPU",2011,0.37025,12.1758217564823,7,2004,4,"97-3","SAPU",124,107,24,17,31,0,0,0,0,0,0,NA,NA,NA,0,0,0,0,924.995234,"East","24A","Tussock Tundra (Low shrub or Herbaceous)","Tall Shrub","Gravely Sand Loam","Mesic",2004,557.015015,71,7.919354,-150.432427,66.349149,0.969614081970403,2.63692662543908,"97-3-D-SAPU_2011",11.9045136769613,-6.18790547053019,332.593780517578,230.503509521484,12.1000000635783,-5.38333344459534,7.23333358764648,17.0333334604899,73.0000021457672,1.10833336102466,109.929996490479,246.55999737978,199.300003051758,1,"24A_2011",0.81
"4955","102-1-D-SAPU",2010,0.34975,11.5670478590605,6,2004,5,"102-1","SAPU",67,NA,13,0,26,0,0,0,0,0,0,NA,NA,NA,0,0,0,0,978.645101,"West","24A","Low Shrub","Low Shrub","Sandy Loam","Mesic",2004,428.203827,339,4.033863,-150.565499,66.400721,0.620653508936433,1.86014326497021,"102-1-D-SAPU_2010",12.733333269755,-5.5,172,160,12.5666666030884,-4.86666679382324,7.66666682561239,17.5,63.6000018119812,1.13333334090809,95.029996752739,248.259996652603,148.300001144409,2,"24A_2010",0.83
"4956","102-2-C-SAPU",2010,0.53425,12.5111824525631,6,2004,5,"102-2","SAPU",91,NA,21,0,42,0,0,5,0,0,0.119047619,NA,NA,"Ptarmagin",1,0,0,1,973.266715,"West","24A","Tall Shrub (Open-Closed)","Low Shrub","Sandy Loam","Mesic",2004,426.001434,321,4.435797,-150.566012,66.400957,0.699115995680637,2.0119733279844,"102-2-C-SAPU_2010",12.733333269755,-5.5,172,160,12.5666666030884,-4.86666679382324,7.66666682561239,17.5,63.6000018119812,1.13333334090809,95.029996752739,248.259996652603,148.300001144409,2,"24A_2010",0.83
"4957","102-3-A-SAPU",2010,0.53975,19.0818505837828,6,2004,5,"102-3","SAPU",138,NA,23,0,32,2,0,5,0.0625,0,0.15625,"Moose",NA,"Ptarmagin",1,0,0,0,939.238254,"West","24A","Tussock Tundra (Low shrub or Herbaceous)","Low Shrub","Sandy Loam","Mesic",2004,424.339783,330,3.896938,-150.565669,66.401242,1.12123080716117,3.06862877019984,"102-3-A-SAPU_2010",12.733333269755,-5.5,172,160,12.5666666030884,-4.86666679382324,7.66666682561239,17.5,63.6000018119812,1.13333334090809,95.029996752739,248.259996652603,148.300001144409,2,"24A_2010",0.83
"4958","102-4-A-SAPU",2010,0.385,6.08445600989513,6,2004,5,"102-4","SAPU",98,NA,17,0,26,2,0,3,0.076923077,0,0.115384615,"Moose",NA,"Ptarmagin",1,0,0,0,934.189604,"West","24A","Low Shrub","Low Shrub","Sandy Loam","Mesic",2004,423.102509,349,3.666453,-150.566049,66.401434,-0.0217695210149544,0.978465724852047,"102-4-A-SAPU_2010",12.733333269755,-5.5,172,160,12.5666666030884,-4.86666679382324,7.66666682561239,17.5,63.6000018119812,1.13333334090809,95.029996752739,248.259996652603,148.300001144409,2,"24A_2010",0.83
"4959","102-4-C-SAPU",2010,0.42175,12.3881074187661,6,2004,5,"102-4","SAPU",122,NA,18,0,37,3,0,3,0.081081081,0,0.081081081,"Moose",NA,"Ptarmagin",1,0,0,0,934.189604,"West","24A","Low Shrub","Low Shrub","Sandy Loam","Mesic",2004,423.102509,349,3.666453,-150.566049,66.401434,0.689230088348588,1.99218113917417,"102-4-C-SAPU_2010",12.733333269755,-5.5,172,160,12.5666666030884,-4.86666679382324,7.66666682561239,17.5,63.6000018119812,1.13333334090809,95.029996752739,248.259996652603,148.300001144409,2,"24A_2010",0.83
"4960","111-2-C-SAPU",2010,0.03025,0.724984354921214,12,1998,6,"111-2","SAPU",87,78,14,0,21,0,0,0,0,0,0,NA,NA,NA,0,0,0,0,685.564701,"West","24A","Tall Shrub (Open-Closed)","Low Shrub","Gravely Sand Loam","Mesic",0,516.430603,8,6.353059,-150.737535,66.498284,-0.810627746888734,0.444578895589357,"111-2-C-SAPU_2010",12.7042140960693,-5.52025922139486,182.126419067383,159.126418590546,12.5666666030884,-4.86666679382324,7.66666682561239,17.5,63.6000018119812,1.13333334090809,95.029996752739,248.259996652603,148.300001144409,2,"24A_2010",0.83
"4961","129-4-A-SAPU",2010,0.3915,18.4625321269688,6,2004,8,"129-4","SAPU",127,105,25,18,36,0,0,0,0,0,0,NA,NA,NA,0,0,0,0,1057.255538,"East","24A","Tussock Tundra (Low shrub or Herbaceous)","Tall Shrub","Sandy Loam","Mesic - Hydric",2005,303.823029,358,6.979915,-150.646167,66.709845,1.08823654305619,2.96903369024935,"129-4-A-SAPU_2010",13.5666666030884,-5.11666669448217,156,125,12.8666667938232,-5.03333350022634,7.9333332379659,17.9000002543132,68.8999996185303,1.16666668901841,95.4099984169006,246.599996566772,139.100008010864,2,"24A_2010",0.83
"4962","129-4-B-SAPU",2010,0.983333333333333,51.3605542879941,6,2004,8,"129-4","SAPU",194,177,37,34,72,0,0,0,0,0,0,NA,NA,NA,0,0,0,0,1057.255538,"East","24A","Tussock Tundra (Low shrub or Herbaceous)","Tall Shrub","Sandy Loam","Mesic - Hydric",2005,303.823029,358,6.979915,-150.646167,66.709845,2.11136360661522,8.2594963129779,"129-4-B-SAPU_2010",13.5666666030884,-5.11666669448217,156,125,12.8666667938232,-5.03333350022634,7.9333332379659,17.9000002543132,68.8999996185303,1.16666668901841,95.4099984169006,246.599996566772,139.100008010864,2,"24A_2010",0.83
"4963","147-1-A-SAPU",2010,0.374,3.14339808483235,22,1988,9,"147-1","SAPU",191,167,22,11,73,23,0,0,0.315068493,0,0,"Moose",NA,NA,1,1,0,0,984.758365,"West","24A","Low Shrub","Tall Shrub","Clay Loam","Mesic - Hydric",0,426.634277,145,7.907337,-150.485282,66.911769,1.82674505103308,6.21362866284229,"147-1-A-SAPU_2010",13.1000000635783,-5.41741891702016,158.225677490234,125.225677490234,11.3333336512248,-6.24166677395503,6.53333346048991,16.1666673024495,46.1000003814697,1.12500001241763,90.1899995803833,259.819996833801,143.60000038147,2,"24A_2010",0.83
"4964","147-1-D-SAPU",2010,0.1075,0.772030686656423,16,1994,9,"147-1","SAPU",211,134,21,18,47,15,0,0,0.319148936,0,0,"Moose",NA,NA,1,1,0,0,984.758365,"West","24A","Low Shrub","Tall Shrub","Clay Loam","Mesic - Hydric",0,426.634277,145,7.907337,-150.485282,66.911769,-0.192232345854377,0.825115134137403,"147-1-D-SAPU_2010",13.1000000635783,-5.41741891702016,158.225677490234,125.225677490234,11.3333336512248,-6.24166677395503,6.53333346048991,16.1666673024495,46.1000003814697,1.12500001241763,90.1899995803833,259.819996833801,143.60000038147,2,"24A_2010",0.83
"4965","147-2-B-SAPU",2010,0.06025,0.275829675140234,18,1992,9,"147-2","SAPU",104,97,14,31,12,5,0,0,0.416666667,0,0,"Moose",NA,NA,1,2,1,0,986.173835,"West","24A","Low Shrub","Tall Shrub","Clay Loam","Mesic - Hydric",0,428.943481,147,8.698308,-150.484958,66.912025,-0.994031141564758,0.370081827805301,"147-2-B-SAPU_2010",13.1000000635783,-5.41741891702016,158.225677490234,125.225677490234,11.3333336512248,-6.24166677395503,6.53333346048991,16.1666673024495,46.1000003814697,1.12500001241763,90.1899995803833,259.819996833801,143.60000038147,2,"24A_2010",0.83
"4966","147-3-B-SAPU",2010,0.09325,0.833233034888714,21,1989,9,"147-3","SAPU",167,149,20,7,58,18,0,0,0.310344828,0,0,"Moose",NA,NA,1,2,1,0,952.272152,"West","24A","White Spruce or Black Spruce (Woodland)","Black Spruce Woodland","Clay Loam","Mesic - Hydric",0,425.583191,170,6.572863,-150.484233,66.911912,0.409167423883049,1.50556376671769,"147-3-B-SAPU_2010",13.1000000635783,-5.41741891702016,158.225677490234,125.225677490234,11.3333336512248,-6.24166677395503,6.53333346048991,16.1666673024495,46.1000003814697,1.12500001241763,90.1899995803833,259.819996833801,143.60000038147,2,"24A_2010",0.83
"4967","147-4-A-SAPU",2010,0.11625,1.13078191449,19,1991,9,"147-4","SAPU",124,110,21,14,47,16,0,0,0.340425532,0,0,"Moose",NA,NA,1,0,1,0,956.341518,"West","24A","Tall Shrub (Open-Closed)","Tall Shrub","Clay Loam","Mesic - Hydric",0,428.39856,129,7.52786,-150.483929,66.912191,0.521255072225347,1.68414004120896,"147-4-A-SAPU_2010",13.1000000635783,-5.41741891702016,158.225677490234,125.225677490234,11.3333336512248,-6.24166677395503,6.53333346048991,16.1666673024495,46.1000003814697,1.12500001241763,90.1899995803833,259.819996833801,143.60000038147,2,"24A_2010",0.83
"4968","147-4-C-SAPU",2010,0.09625,0.376234190950801,24,1986,9,"147-4","SAPU",113,101,16,9,12,5,0,0,0.416666667,0,0,"Moose",NA,NA,1,0,1,0,956.341518,"West","24A","Tall Shrub (Open-Closed)","Tall Shrub","Clay Loam","Mesic - Hydric",0,428.39856,129,7.52786,-150.483929,66.912191,-0.128081722507182,0.879781478258548,"147-4-C-SAPU_2010",13.1000000635783,-5.41741891702016,158.225677490234,125.225677490234,11.3333336512248,-6.24166677395503,6.53333346048991,16.1666673024495,46.1000003814697,1.12500001241763,90.1899995803833,259.819996833801,143.60000038147,2,"24A_2010",0.83
"4969","151-4-B-SAPU",2010,0.097,0.849295016378811,7,2003,10,"151-4","SAPU",61,54,9,0,8,0,0,0,0,0,0,NA,NA,NA,0,0,0,0,714.907956,"East","24A","Low Shrub","Low Shrub","Clay Loam","Mesic",0,485.466003,301,24.973797,-150.361301,66.958638,-1.69318674624904,0.183932443027896,"151-4-B-SAPU_2010",12.2316058476766,-6.23927515745163,173.431098937988,133.810369491577,11.3333336512248,-6.24166677395503,6.53333346048991,16.1666673024495,46.1000003814697,1.12500001241763,90.1899995803833,259.819996833801,143.60000038147,2,"24A_2010",0.83
"4970","173-3-A-SAPU",2010,0.04475,0.338496594597716,8,2002,12,"173-3","SAPU",59,53,10,0,2,0,0,0,0,0,0,NA,NA,NA,0,0,0,0,1278.311889,"East","24A","Low Shrub","Low Shrub","Clay Loam","Mesic",0,347.24527,24,1.739254,-150.191816,67.228627,-2.35522691442557,0.0948719762719536,"173-3-A-SAPU_2010",13.5658880869548,-5.68451515833537,156.732040405273,133.689757585526,11.266666730245,-6.57500026623408,6.43333339691162,16.1333338419596,49.7000017166138,1.08333334016303,92.7799987792969,260.319996833801,130.299999237061,2,"24A_2010",0.83
"4971","173-4-B-SAPU",2010,0.51725,8.73580437343932,12,1998,12,"173-4","SAPU",149,112,21,11,30,5,0,0,0.166666667,0,0,"Moose",NA,NA,1,1,0,0,1308.377258,"East","24A","Low Shrub","Low Shrub","Clay Loam","Mesic",0,346.165253,355,1.872125,-150.190975,67.22891,1.67840748249214,5.35701802951374,"173-4-B-SAPU_2010",13.5658880869548,-5.68451515833537,156.732040405273,133.689757585526,11.266666730245,-6.57500026623408,6.43333339691162,16.1333338419596,49.7000017166138,1.08333334016303,92.7799987792969,260.319996833801,130.299999237061,2,"24A_2010",0.83
"4972","173-4-C-SAPU",2010,0.5135,20.6764847265845,6,2004,12,"173-4","SAPU",167,122,27,13,41,9,0,0,0.219512195,0,0,"Moose",NA,NA,1,1,0,0,1308.377258,"East","24A","Low Shrub","Low Shrub","Clay Loam","Mesic",0,346.165253,355,1.872125,-150.190975,67.22891,1.20149020606359,3.32506826945381,"173-4-C-SAPU_2010",13.5658880869548,-5.68451515833537,156.732040405273,133.689757585526,11.266666730245,-6.57500026623408,6.43333339691162,16.1333338419596,49.7000017166138,1.08333334016303,92.7799987792969,260.319996833801,130.299999237061,2,"24A_2010",0.83
"4973","184-1-A-SAPU",2010,0.75425,15.6858038478173,6,2004,13,"184-1","SAPU",133,112,18,3,22,6,0,0,0.272727273,0,0,"Moose",NA,NA,1,2,0,0,692.283244,"East","24A","White Spruce or Black Spruce (Open-Closed)","Tall Shrub","Clay Loam","Mesic",0,423.977753,249,10.469168,-150.109686,67.368938,0.925249244871837,2.52249690142902,"184-1-A-SAPU_2010",13.1000000635783,-5.61666661500931,125,93,11.266666730245,-6.57500026623408,6.43333339691162,16.1333338419596,49.7000017166138,1.08333334016303,92.7799987792969,260.319996833801,130.299999237061,2,"24A_2010",0.83
"4974","184-2-A-SAPU",2010,0.60975,26.5093174254344,6,2004,13,"184-2","SAPU",124,118,27,4,36,7,0,0,0.194444444,0,0,"Moose",NA,NA,1,1,0,0,706.210196,"East","24A","White Spruce or Black Spruce (Open-Closed)","Tall Shrub","Clay Loam","Mesic",0,429.192566,258,16.706417,-150.109279,67.369156,1.44998942723486,4.26306944249857,"184-2-A-SAPU_2010",13.1000000635783,-5.61779497067134,124.548645019531,92.4132332801819,11.266666730245,-6.57500026623408,6.43333339691162,16.1333338419596,49.7000017166138,1.08333334016303,92.7799987792969,260.319996833801,130.299999237061,2,"24A_2010",0.83
"4975","184-2-D-SAPU",2010,0.17825,2.51981001003809,19,1991,13,"184-2","SAPU",172,139,22,0,38,6,3,0,0.157894737,0.078947368,0,"Moose","Hare",NA,1,1,0,0,706.210196,"East","24A","White Spruce or Black Spruce (Open-Closed)","Tall Shrub","Clay Loam","Mesic",0,429.192566,258,16.706417,-150.109279,67.369156,1.32252922490831,3.75290131524459,"184-2-D-SAPU_2010",13.1000000635783,-5.61779497067134,124.548645019531,92.4132332801819,11.266666730245,-6.57500026623408,6.43333339691162,16.1333338419596,49.7000017166138,1.08333334016303,92.7799987792969,260.319996833801,130.299999237061,2,"24A_2010",0.83
"4976","184-3-C-SAPU",2010,0.142,1.5462039395026,13,1997,13,"184-3","SAPU",130,116,18,14,25,1,4,0,0.04,0.16,0,"Moose","Hare",NA,1,1,3,0,683.765397,"East","24A","White Spruce or Black Spruce (Open-Closed)","Tall Shrub","Clay Loam","Mesic",0,425.482941,261,10.788996,-150.109693,67.36937,0.101344755385871,1.10665810234545,"184-3-C-SAPU_2010",13.1000000635783,-5.61779497067134,124.548645019531,92.4132332801819,11.266666730245,-6.57500026623408,6.43333339691162,16.1333338419596,49.7000017166138,1.08333334016303,92.7799987792969,260.319996833801,130.299999237061,2,"24A_2010",0.83
"4977","184-3-D-SAPU",2010,0.59425,9.66069645013933,7,2003,13,"184-3","SAPU",66,58,11,0,18,1,2,0,0.055555556,0.111111111,0,"Moose","Hare",NA,1,1,3,0,683.765397,"East","24A","White Spruce or Black Spruce (Open-Closed)","Tall Shrub","Clay Loam","Mesic",0,425.482941,261,10.788996,-150.109693,67.36937,0.738227661793833,2.09222409781867,"184-3-D-SAPU_2010",13.1000000635783,-5.61779497067134,124.548645019531,92.4132332801819,11.266666730245,-6.57500026623408,6.43333339691162,16.1333338419596,49.7000017166138,1.08333334016303,92.7799987792969,260.319996833801,130.299999237061,2,"24A_2010",0.83
"4978","184-4-C-SAPU",2010,0.30125,2.92131497594482,10,2000,13,"184-4","SAPU",142,131,16,7,32,1,3,0,0.03125,0.09375,0,"Moose","Hare",NA,1,2,1,0,702.330496,"East","24A","White Spruce or Black Spruce (Open-Closed)","Tall Shrub","Clay Loam","Mesic",0,431.246765,263,17.707565,-150.109187,67.369491,0.230943882983827,1.2597885418916,"184-4-C-SAPU_2010",13.1000000635783,-5.61779497067134,124.548645019531,92.4132332801819,11.266666730245,-6.57500026623408,6.43333339691162,16.1333338419596,49.7000017166138,1.08333334016303,92.7799987792969,260.319996833801,130.299999237061,2,"24A_2010",0.83
"4979","184-4-D-SAPU",2010,0.06425,0.444821049064891,15,1995,13,"184-4","SAPU",139,114,15,19,23,0,0,0,0,0,0,NA,NA,NA,0,2,1,0,702.330496,"East","24A","White Spruce or Black Spruce (Open-Closed)","Tall Shrub","Clay Loam","Mesic",0,431.246765,263,17.707565,-150.109187,67.369491,-0.868210056418369,0.419702120423863,"184-4-D-SAPU_2010",13.1000000635783,-5.61779497067134,124.548645019531,92.4132332801819,11.266666730245,-6.57500026623408,6.43333339691162,16.1333338419596,49.7000017166138,1.08333334016303,92.7799987792969,260.319996833801,130.299999237061,2,"24A_2010",0.83
"4980","191-1-B-SAPU",2010,0.30325,6.43707445616982,8,2002,14,"191-1","SAPU",112,103,12,23,16,2,0,0,0.125,0,0,"Moose",NA,NA,1,1,0,0,1595.806211,"East","24A","Low Shrub","Low Shrub","Clay Loam","Mesic",0,492.755432,293,2.980974,-149.860617,67.475764,0.590088492436416,1.80414806179165,"191-1-B-SAPU_2010",12.3120365142822,-5.89053817590078,130.503509521484,89.774322271347,9.43333339691162,-8.01666676998138,4.83333349227905,14.1333335240682,25.2000005245209,1.01666668305794,73.2099988460541,275.609997749329,135.400003433228,2,"24A_2010",0.83
"4981","191-1-C-SAPU",2010,0.411,9.58905655301458,8,2002,14,"191-1","SAPU",163,139,21,0,37,12,0,0,0.324324324,0,0,"Moose",NA,NA,1,1,0,0,1595.806211,"East","24A","Low Shrub","Low Shrub","Clay Loam","Mesic",0,492.755432,293,2.980974,-149.860617,67.475764,0.988636838378421,2.68756838410498,"191-1-C-SAPU_2010",12.3120365142822,-5.89053817590078,130.503509521484,89.774322271347,9.43333339691162,-8.01666676998138,4.83333349227905,14.1333335240682,25.2000005245209,1.01666668305794,73.2099988460541,275.609997749329,135.400003433228,2,"24A_2010",0.83
"4982","191-3-A-SAPU",2010,0.43525,8.92658675030714,8,2002,14,"191-3","SAPU",109,97,22,14,31,13,0,0,0.419354839,0,0,"Moose",NA,NA,1,2,0,0,1608.343863,"East","24A","Low Shrub","Low Shrub","Clay Loam","Mesic",0,494.475037,298,4.15829,-149.859591,67.475979,0.917048431540171,2.50189496698231,"191-3-A-SAPU_2010",12.3120365142822,-5.89053817590078,130.503509521484,89.774322271347,9.43333339691162,-8.01666676998138,4.83333349227905,14.1333335240682,25.2000005245209,1.01666668305794,73.2099988460541,275.609997749329,135.400003433228,2,"24A_2010",0.83
"4983","191-4-A-SAPU",2010,0.23125,2.18438373321063,19,1991,14,"191-4","SAPU",109,85,19,16,39,13,0,0,0.333333333,0,0,"Moose",NA,NA,1,1,0,0,1634.196324,"East","24A","Low Shrub","Low Shrub","Clay Loam","Mesic",0,497.007599,303,3.553675,-149.85875,67.475963,1.17967946353757,3.25333122446051,"191-4-A-SAPU_2010",12.3120365142822,-5.89053817590078,130.503509521484,89.774322271347,9.43333339691162,-8.01666676998138,4.83333349227905,14.1333335240682,25.2000005245209,1.01666668305794,73.2099988460541,275.609997749329,135.400003433228,2,"24A_2010",0.83
"4984","191-4-D-SAPU",2010,0.15925,1.78969327446861,10,2000,14,"191-4","SAPU",114,103,16,7,34,2,0,0,0.058823529,0,0,"Moose",NA,NA,1,1,0,0,1634.196324,"East","24A","Low Shrub","Low Shrub","Clay Loam","Mesic",0,497.007599,303,3.553675,-149.85875,67.475963,-0.259045716029772,0.771787739165929,"191-4-D-SAPU_2010",12.3120365142822,-5.89053817590078,130.503509521484,89.774322271347,9.43333339691162,-8.01666676998138,4.83333349227905,14.1333335240682,25.2000005245209,1.01666668305794,73.2099988460541,275.609997749329,135.400003433228,2,"24A_2010",0.83
"4985","203-1-C-SAPU",2010,0.0665,0.694749863572604,14,1996,15,"203-1","SAPU",102,74,13,0,16,1,1,0,0.0625,0.0625,0,"Moose","Hare",NA,1,1,0,0,905.036767,"East","24A","Low Shrub","Low Shrub","Loam","Mesic",0,550.644958,299,23.927214,-149.794431,67.571449,-0.555557185037534,0.573752485817335,"203-1-C-SAPU_2010",12.6333335240682,-5.99166671435038,108,79,8.66666698455811,-8.88333335518837,4.09999998410543,13.3000005086263,22.6000002026558,0.941666672006249,68.0499989390373,281.889996051788,122.200006484985,2,"24A_2010",0.83
"4986","203-2-A-SAPU",2010,0.2875,2.25350368032813,14,1996,15,"203-2","SAPU",122,97,14,32,16,1,0,0,0.0625,0,0,"Moose",NA,NA,1,0,1,0,933.944119,"East","24A","Low Shrub","Low Shrub","Loam","Mesic",0,566.911377,300,26.508135,-149.793674,67.571447,0.621132417999206,1.86103431778747,"203-2-A-SAPU_2010",12.6333335240682,-5.99166671435038,108,79,8.66666698455811,-8.88333335518837,4.09999998410543,13.3000005086263,22.6000002026558,0.941666672006249,68.0499989390373,281.889996051788,122.200006484985,2,"24A_2010",0.83
"4987","203-2-B-SAPU",2010,0.50725,7.52445271560644,15,1995,15,"203-2","SAPU",129,107,22,18,35,2,0,0,0.057142857,0,0,"Moose",NA,NA,1,0,1,0,933.944119,"East","24A","Low Shrub","Low Shrub","Loam","Mesic",0,566.911377,300,26.508135,-149.793674,67.571447,1.9600312373761,7.09954883296994,"203-2-B-SAPU_2010",12.6333335240682,-5.99166671435038,108,79,8.66666698455811,-8.88333335518837,4.09999998410543,13.3000005086263,22.6000002026558,0.941666672006249,68.0499989390373,281.889996051788,122.200006484985,2,"24A_2010",0.83
"4988","203-3-D-SAPU",2010,0.12225,1.20873189680902,22,1988,15,"203-3","SAPU",117,104,18,17,39,2,3,0,0.051282051,0.076923077,0,"Moose","Hare",NA,1,0,1,0,922.335664,"East","24A","Low Shrub","Low Shrub","Loam","Mesic",0,556.241272,305,23.609533,-149.79364,67.571701,0.87101243452593,2.38932866821571,"203-3-D-SAPU_2010",12.6333335240682,-5.99166671435038,108,79,8.66666698455811,-8.88333335518837,4.09999998410543,13.3000005086263,22.6000002026558,0.941666672006249,68.0499989390373,281.889996051788,122.200006484985,2,"24A_2010",0.83
"4989","203-4-B-SAPU",2010,0.216,2.68515694013504,14,1996,15,"203-4","SAPU",76,69,15,0,18,3,0,0,0.166666667,0,0,"Moose",NA,NA,1,1,1,0,951.384807,"East","24A","Low Shrub","Low Shrub","Loam","Mesic",0,569.135193,316,29.227108,-149.792864,67.571712,0.796385398645772,2.21751100646477,"203-4-B-SAPU_2010",12.6333335240682,-5.99166671435038,108,79,8.66666698455811,-8.88333335518837,4.09999998410543,13.3000005086263,22.6000002026558,0.941666672006249,68.0499989390373,281.889996051788,122.200006484985,2,"24A_2010",0.83
"4990","203-4-C-SAPU",2010,0.055,0.28103902480851,18,1992,15,"203-4","SAPU",75,68,9,10,9,1,0,0,0.111111111,0,0,"Moose",NA,NA,1,1,1,0,951.384807,"East","24A","Low Shrub","Low Shrub","Loam","Mesic",0,569.135193,316,29.227108,-149.792864,67.571712,-0.9753211597153,0.377071234024673,"203-4-C-SAPU_2010",12.6333335240682,-5.99166671435038,108,79,8.66666698455811,-8.88333335518837,4.09999998410543,13.3000005086263,22.6000002026558,0.941666672006249,68.0499989390373,281.889996051788,122.200006484985,2,"24A_2010",0.83
"4991","209-1-C-SAPU",2010,0.1285,1.00338306745393,13,1997,16,"209-1","SAPU",64,53,15,0,11,0,0,0,0,0,0,NA,NA,NA,0,0,1,0,698.873831,"East","24A","Low Shrub","Black Spruce Woodland","Sandy Loam","Mesic - Xeric",0,553.345276,287,19.679848,-149.692986,67.655886,-0.331080742620935,0.718147181613913,"209-1-C-SAPU_2010",11.924306233724,-6.42343709866206,102,77,8.66666698455811,-8.88333335518837,4.09999998410543,13.3000005086263,22.6000002026558,0.941666672006249,68.0499989390373,281.889996051788,122.200006484985,2,"24A_2010",0.83
"4992","209-1-D-SAPU",2010,0.046,0.300443071833408,21,1989,16,"209-1","SAPU",53,47,13,0,9,1,0,0,0.111111111,0,0,"Moose",NA,NA,1,0,1,0,698.873831,"East","24A","Low Shrub","Black Spruce Woodland","Sandy Loam","Mesic - Xeric",0,553.345276,287,19.679848,-149.692986,67.655886,-0.610887641713593,0.542868782169869,"209-1-D-SAPU_2010",11.924306233724,-6.42343709866206,102,77,8.66666698455811,-8.88333335518837,4.09999998410543,13.3000005086263,22.6000002026558,0.941666672006249,68.0499989390373,281.889996051788,122.200006484985,2,"24A_2010",0.83
"4993","209-2-A-SAPU",2010,0.07625,0.421062754622118,7,2003,16,"209-2","SAPU",55,46,9,0,10,0,0,0,0,0,0,NA,NA,NA,0,0,0,0,728.528855,"East","24A","Low Shrub","Black Spruce Woodland","Sandy Loam","Mesic - Xeric",0,561.911133,287,21.070175,-149.692261,67.656,-2.39481147566758,0.091189868811332,"209-2-A-SAPU_2010",11.924306233724,-6.42343709866206,102,77,8.66666698455811,-8.88333335518837,4.09999998410543,13.3000005086263,22.6000002026558,0.941666672006249,68.0499989390373,281.889996051788,122.200006484985,2,"24A_2010",0.83
"4994","209-2-D-SAPU",2010,0.05,0.158728968822624,33,1977,16,"209-2","SAPU",53,41,8,0,11,0,0,0,0,0,0,NA,NA,NA,0,0,0,0,728.528855,"East","24A","Low Shrub","Black Spruce Woodland","Sandy Loam","Mesic - Xeric",0,561.911133,287,21.070175,-149.692261,67.656,-0.376153361840487,0.686497042518804,"209-2-D-SAPU_2010",11.924306233724,-6.42343709866206,102,77,8.66666698455811,-8.88333335518837,4.09999998410543,13.3000005086263,22.6000002026558,0.941666672006249,68.0499989390373,281.889996051788,122.200006484985,2,"24A_2010",0.83
"4995","209-3-A-SAPU",2010,0.17925,1.09937148574124,18,1992,16,"209-3","SAPU",74,55,12,0,9,0,0,0,0,0,0,NA,NA,NA,0,0,1,0,711.058695,"East","24A","Low Shrub","Black Spruce Woodland","Sandy Loam","Mesic - Xeric",0,553.430786,276,18.070417,-149.69261,67.656251,0.388679221161332,1.47503131660253,"209-3-A-SAPU_2010",11.924306233724,-6.42343709866206,102,77,8.66666698455811,-8.88333335518837,4.09999998410543,13.3000005086263,22.6000002026558,0.941666672006249,68.0499989390373,281.889996051788,122.200006484985,2,"24A_2010",0.83
"4996","209-3-B-SAPU",2010,0.023,0.0687521844274862,34,1976,16,"209-3","SAPU",59,53,15,0,17,0,1,0,0,0.058823529,0,NA,"Hare",NA,1,0,1,0,711.058695,"East","24A","Low Shrub","Black Spruce Woodland","Sandy Loam","Mesic - Xeric",0,553.430786,276,18.070417,-149.69261,67.656251,-1.15519619329561,0.314995730790112,"209-3-B-SAPU_2010",11.924306233724,-6.42343709866206,102,77,8.66666698455811,-8.88333335518837,4.09999998410543,13.3000005086263,22.6000002026558,0.941666672006249,68.0499989390373,281.889996051788,122.200006484985,2,"24A_2010",0.83
"4997","209-4-B-SAPU",2010,0.173,1.74543589161163,13,1997,16,"209-4","SAPU",67,54,11,11,16,0,0,2,0,0,0.125,NA,NA,"Ptarmagin",1,0,0,0,738.024448,"East","24A","Low Shrub","Black Spruce Woodland","Sandy Loam","Mesic - Xeric",0,561.090881,296,18.584587,-149.691928,67.656444,0.222546218704684,1.2492535571976,"209-4-B-SAPU_2010",11.924306233724,-6.42343709866206,102,77,8.66666698455811,-8.88333335518837,4.09999998410543,13.3000005086263,22.6000002026558,0.941666672006249,68.0499989390373,281.889996051788,122.200006484985,2,"24A_2010",0.83
"4998","222-1-C-SAGL",2010,0.21425,2.35899895068429,11,1999,17,"222-1","SAGL",74,60,14,0,25,0,7,0,0,0.28,0,NA,"Hare",NA,1,2,18,0,769.468544,"East","24A","Low Shrub","Tall Shrub","Clay Loam","Mesic",0,669.484009,287,15.029548,-149.809491,67.826198,0.201193697440566,1.22286161404953,"222-1-C-SAGL_2010",11.3333333333333,-6.974999944369,104,84,8.66666698455811,-8.88333335518837,4.09999998410543,13.3000005086263,22.6000002026558,0.941666672006249,68.0499989390373,281.889996051788,122.200006484985,2,"24A_2010",0.83
"4999","222-2-B-SAGL",2010,0.27125,3.24181829496865,16,1994,17,"222-2","SAGL",106,74,19,0,21,0,10,0,0,0.476190476,0,NA,"Hare",NA,1,3,13,0,794.735172,"East","24A","Low Shrub","Tall Shrub","Clay Loam","Mesic",0,676.198608,282,15.59229,-149.808768,67.826375,1.24263300887804,3.46472411464202,"222-2-B-SAGL_2010",11.3333333333333,-6.974999944369,104,84,8.66666698455811,-8.88333335518837,4.09999998410543,13.3000005086263,22.6000002026558,0.941666672006249,68.0499989390373,281.889996051788,122.200006484985,2,"24A_2010",0.83
"5000","222-2-C-SAGL",2010,0.16825,2.02086658448486,8,2002,17,"222-2","SAGL",67,53,14,0,18,0,8,0,0,0.444444444,0,NA,"Hare",NA,1,3,13,0,794.735172,"East","24A","Low Shrub","Tall Shrub","Clay Loam","Mesic",0,676.198608,282,15.59229,-149.808768,67.826375,-0.568459245834333,0.56639744597692,"222-2-C-SAGL_2010",11.3333333333333,-6.974999944369,104,84,8.66666698455811,-8.88333335518837,4.09999998410543,13.3000005086263,22.6000002026558,0.941666672006249,68.0499989390373,281.889996051788,122.200006484985,2,"24A_2010",0.83
"5001","222-3-B-SAGL",2010,0.17025,1.43301333794146,15,1995,17,"222-3","SAGL",90,74,14,0,22,0,5,0,0,0.227272727,0,NA,"Hare",NA,1,2,11,1,778.440723,"East","24A","Low Shrub","Low Shrub","Clay Loam","Mesic",0,672.469177,278,13.422374,-149.809021,67.826615,0.301652614716949,1.35209144844665,"222-3-B-SAGL_2010",11.3333333333333,-6.974999944369,104,84,8.66666698455811,-8.88333335518837,4.09999998410543,13.3000005086263,22.6000002026558,0.941666672006249,68.0499989390373,281.889996051788,122.200006484985,2,"24A_2010",0.83
"5002","222-3-D-SAGL",2010,0.07775,0.515325064095835,17,1993,17,"222-3","SAGL",89,75,11,0,18,1,6,0,0.055555556,0.333333333,0,"Moose","Hare",NA,1,2,11,1,778.440723,"East","24A","Low Shrub","Low Shrub","Clay Loam","Mesic",0,672.469177,278,13.422374,-149.809021,67.826615,-0.479391110674103,0.619160277137537,"222-3-D-SAGL_2010",11.3333333333333,-6.974999944369,104,84,8.66666698455811,-8.88333335518837,4.09999998410543,13.3000005086263,22.6000002026558,0.941666672006249,68.0499989390373,281.889996051788,122.200006484985,2,"24A_2010",0.83
"5003","222-4-C-SAGL",2010,0.244,2.57981933846017,19,1991,17,"222-4","SAGL",71,66,12,8,15,1,4,0,0.066666667,0.266666667,0,"Moose","Hare",NA,1,0,15,0,805.061274,"East","24A","Low Shrub","Low Shrub","Clay Loam","Mesic",0,678.755371,278,16.631924,-149.808355,67.826658,1.34606509169828,3.84227673905234,"222-4-C-SAGL_2010",11.3333333333333,-6.974999944369,104,84,8.66666698455811,-8.88333335518837,4.09999998410543,13.3000005086263,22.6000002026558,0.941666672006249,68.0499989390373,281.889996051788,122.200006484985,2,"24A_2010",0.83
"5004","235-1-C-SAPU",2010,0.19625,1.97029990183176,9,2001,18,"235-1","SAPU",53,45,12,20,23,0,3,5,0,0.130434783,0.217391304,NA,"Hare","Ptarmagin",1,0,5,0,477.732622,"East","24A","Low Shrub","Low Shrub","Sandy Gravel","Mesic",0,813.776917,295,20.303024,-149.727576,68.004859,-0.366357954961082,0.693254602866103,"235-1-C-SAPU_2010",9.13333320617676,-8.23333351997038,112,107,7.50000031789144,-10.0583334453404,3.10000006357829,11.9666668574015,11.7999999523163,0.858333358541131,57.3299991488457,291.339997291565,112.200004577637,2,"24A_2010",0.83
"5005","235-2-B-SAPU",2010,0.192,1.25221369897966,11,1999,18,"235-2","SAPU",50,47,10,6,17,0,0,3,0,0,0.176470588,NA,NA,"Ptarmagin",1,0,0,0,510.631222,"East","24A","Dwarf Shrub-Lichen","Low Shrub","Sandy Gravel","Mesic",0,828.022217,289,26.243103,-149.726481,68.004961,-0.432130713972408,0.649124521494597,"235-2-B-SAPU_2010",9.13333320617676,-8.23333351997038,112,107,7.50000031789144,-10.0583334453404,3.10000006357829,11.9666668574015,11.7999999523163,0.858333358541131,57.3299991488457,291.339997291565,112.200004577637,2,"24A_2010",0.83
"5006","235-3-B-SAPU",2010,0.209,1.62539563631796,20,1990,18,"235-3","SAPU",47,41,14,0,11,0,1,4,0,0.090909091,0.363636364,NA,"Hare","Ptarmagin",1,0,1,0,482.982181,"East","24A","Dwarf Shrub-Lichen","Low Shrub","Sandy Gravel","Mesic",0,817.546387,298,18.704132,-149.726784,68.005244,0.983145590307952,2.67285072554137,"235-3-B-SAPU_2010",9.13333320617676,-8.23333351997038,112,107,7.50000031789144,-10.0583334453404,3.10000006357829,11.9666668574015,11.7999999523163,0.858333358541131,57.3299991488457,291.339997291565,112.200004577637,2,"24A_2010",0.83
"5007","235-4-C-SAPU",2010,0.04225,0.307507531963626,19,1991,18,"235-4","SAPU",41,39,10,0,15,0,0,0,0,0,0,NA,NA,NA,0,0,0,0,503.848767,"East","24A","Low Shrub","Low Shrub","Sandy Gravel","Mesic",0,825.290771,293,20.728168,-149.726015,68.005351,-0.7809099787757,0.457989061300881,"235-4-C-SAPU_2010",9.13333320617676,-8.23333351997038,112,107,7.50000031789144,-10.0583334453404,3.10000006357829,11.9666668574015,11.7999999523163,0.858333358541131,57.3299991488457,291.339997291565,112.200004577637,2,"24A_2010",0.83
"5008","240-1-B-SAPU",2010,0.193,2.04847706056955,10,2000,19,"240-1","SAPU",58,47,12,0,24,0,1,9,0,0.041666667,0.375,NA,"Hare","Ptarmagin",1,0,1,0,395.986648,"West","24A","Low Shrub","Low Shrub","Sandy Loam","Mesic",0,1043.032227,75,23.365055,-149.606437,68.069578,-0.123993346371775,0.883385718583348,"240-1-B-SAPU_2010",8.05162159601847,-8.72418940067291,138.08325958252,150.128394365311,7.50000031789144,-10.0583334453404,3.10000006357829,11.9666668574015,11.7999999523163,0.858333358541131,57.3299991488457,291.339997291565,112.200004577637,2,"24A_2010",0.83
"5009","240-1-D-SAPU",2010,0.2965,3.07156262635046,11,1999,19,"240-1","SAPU",115,81,18,0,57,3,0,19,0.052631579,0,0.333333333,"Moose",NA,"Ptarmagin",1,0,1,0,395.986648,"West","24A","Low Shrub","Low Shrub","Sandy Loam","Mesic",0,1043.032227,75,23.365055,-149.606437,68.069578,0.465142772743283,1.59224150134682,"240-1-D-SAPU_2010",8.05162159601847,-8.72418940067291,138.08325958252,150.128394365311,7.50000031789144,-10.0583334453404,3.10000006357829,11.9666668574015,11.7999999523163,0.858333358541131,57.3299991488457,291.339997291565,112.200004577637,2,"24A_2010",0.83
"5010","240-2-A-SAPU",2010,0.06875,0.464528652479939,15,1995,19,"240-2","SAPU",59,51,16,0,29,0,0,11,0,0,0.379310345,NA,NA,"Ptarmagin",1,0,0,0,426.292991,"West","24A","Tussock Tundra (Low shrub or Herbaceous)","Low Shrub","Sandy Loam","Mesic",0,1048.270996,87,24.096361,-149.606886,68.069926,-0.824858879857646,0.438296840613378,"240-2-A-SAPU_2010",8.05162159601847,-8.72418940067291,138.08325958252,150.128394365311,7.50000031789144,-10.0583334453404,3.10000006357829,11.9666668574015,11.7999999523163,0.858333358541131,57.3299991488457,291.339997291565,112.200004577637,2,"24A_2010",0.83
"5011","240-3-B-SAPU",2010,0.3585,12.6496000431326,15,1995,19,"240-3","SAPU",122,81,25,0,57,1,3,7,0.01754386,0.052631579,0.122807018,"Moose","Hare","Ptarmagin",1,0,1,3,399.798137,"West","24A","Low Shrub","Low Shrub","Sandy Loam","Mesic",0,1034.808228,93,20.584356,-149.606025,68.07014,2.47949875573912,11.9352804274377,"240-3-B-SAPU_2010",8.05162159601847,-8.72418940067291,138.08325958252,150.128394365311,7.50000031789144,-10.0583334453404,3.10000006357829,11.9666668574015,11.7999999523163,0.858333358541131,57.3299991488457,291.339997291565,112.200004577637,2,"24A_2010",0.83
"5012","240-3-D-SAPU",2010,0.214,4.76560441834382,25,1985,19,"240-3","SAPU",167,110,47,0,149,7,11,21,0.046979866,0.073825503,0.140939597,"Moose","Hare","Ptarmagin",1,0,1,3,399.798137,"West","24A","Low Shrub","Low Shrub","Sandy Loam","Mesic",0,1034.808228,93,20.584356,-149.606025,68.07014,2.48971441143971,12.0578320497792,"240-3-D-SAPU_2010",8.05162159601847,-8.72418940067291,138.08325958252,150.128394365311,7.50000031789144,-10.0583334453404,3.10000006357829,11.9666668574015,11.7999999523163,0.858333358541131,57.3299991488457,291.339997291565,112.200004577637,2,"24A_2010",0.83
"5013","240-4-B-SAPU",2010,0.07775,0.525339676077317,19,1991,19,"240-4","SAPU",118,104,19,0,27,3,0,5,0.111111111,0,0.185185185,"Moose",NA,"Ptarmagin",1,0,2,0,431.079046,"West","24A","Low Shrub","Low Shrub","Sandy Loam","Mesic",0,1046.807861,94,24.616484,-149.606605,68.070368,-0.245364504484885,0.782419290917462,"240-4-B-SAPU_2010",8.05162159601847,-8.72418940067291,138.08325958252,150.128394365311,7.50000031789144,-10.0583334453404,3.10000006357829,11.9666668574015,11.7999999523163,0.858333358541131,57.3299991488457,291.339997291565,112.200004577637,2,"24A_2010",0.83
"5014","240-4-D-SAPU",2010,0.296666666666667,2.34492666778227,12,1998,19,"240-4","SAPU",77,61,11,0,15,0,1,2,0,0.066666667,0.133333333,NA,"Hare","Ptarmagin",1,0,2,0,431.079046,"West","24A","Low Shrub","Low Shrub","Sandy Loam","Mesic",0,1046.807861,94,24.616484,-149.606605,68.070368,0.363231586565214,1.43796883494674,"240-4-D-SAPU_2010",8.05162159601847,-8.72418940067291,138.08325958252,150.128394365311,7.50000031789144,-10.0583334453404,3.10000006357829,11.9666668574015,11.7999999523163,0.858333358541131,57.3299991488457,291.339997291565,112.200004577637,2,"24A_2010",0.83
"5015","255-1-C-SAGL",2010,0.16525,2.07931827199938,21,1989,20,"255-1","SAGL",69,56,17,0,31,0,0,20,0,0,0.64516129,NA,NA,"Ptarmagin",1,0,0,0,585.543915,"East","26B","Low Shrub","Low Shrub","Sandy Gravel","Mesic - Xeric",0,991.483582,331,1.701594,-149.392735,68.222633,1.32364943219791,3.75710769822565,"255-1-C-SAGL_2010",8.43784681955973,-9.12913745641708,143.909729003906,143,5.60000006357829,-11.4500001519918,1.33333331843217,9.93333339691162,6.49999994039536,0.741666683927178,47.4299990534782,307.969997406006,118.60000038147,2,"26B_2010",0.27
"5016","255-1-D-SAGL",2010,0.0595,0.3080520092404,12,1998,20,"255-1","SAGL",42,37,10,0,21,0,0,8,0,0,0.380952381,NA,NA,"Ptarmagin",1,0,0,0,585.543915,"East","26B","Low Shrub","Low Shrub","Sandy Gravel","Mesic - Xeric",0,991.483582,331,1.701594,-149.392735,68.222633,-1.66650919220329,0.188905348263774,"255-1-D-SAGL_2010",8.43784681955973,-9.12913745641708,143.909729003906,143,5.60000006357829,-11.4500001519918,1.33333331843217,9.93333339691162,6.49999994039536,0.741666683927178,47.4299990534782,307.969997406006,118.60000038147,2,"26B_2010",0.27
"5017","255-2-A-SAPU",2010,0.0395,0.510518230986302,12,1998,20,"255-2","SAPU",51,48,12,0,26,0,0,5,0,0,0.192307692,NA,NA,"Ptarmagin",1,0,1,1,631.079496,"East","26B","Low Shrub","Low Shrub","Sandy Gravel","Mesic - Xeric",0,993.382141,286,2.676414,-149.39171,68.222788,-1.16135147310431,0.313062798899692,"255-2-A-SAPU_2010",8.43784681955973,-9.12913745641708,143.909729003906,143,5.60000006357829,-11.4500001519918,1.33333331843217,9.93333339691162,6.49999994039536,0.741666683927178,47.4299990534782,307.969997406006,118.60000038147,2,"26B_2010",0.27
"5018","255-2-D-SAPU",2010,0.23375,4.19918134973738,7,2003,20,"255-2","SAPU",71,55,12,0,22,0,1,5,0,0.045454545,0.227272727,NA,"Hare","Ptarmagin",1,0,1,1,631.079496,"East","26B","Low Shrub","Low Shrub","Sandy Gravel","Mesic - Xeric",0,993.382141,286,2.676414,-149.39171,68.222788,-0.0949484905581039,0.909419776966966,"255-2-D-SAPU_2010",8.43784681955973,-9.12913745641708,143.909729003906,143,5.60000006357829,-11.4500001519918,1.33333331843217,9.93333339691162,6.49999994039536,0.741666683927178,47.4299990534782,307.969997406006,118.60000038147,2,"26B_2010",0.27
"5019","255-3-A-SAPU",2010,0.026,0.178351356536944,14,1996,20,"255-3","SAPU",54,46,9,0,20,0,0,3,0,0,0.15,NA,NA,"Ptarmagin",1,0,1,0,600.399561,"East","26B","Tussock Tundra (Low shrub or Herbaceous)","Low Shrub","Sandy Gravel","Mesic - Xeric",0,990.277893,304,2.837043,-149.392647,68.223106,-1.91535353947673,0.147289750638824,"255-3-A-SAPU_2010",8.43784681955973,-9.12913745641708,143.909729003906,143,5.60000006357829,-11.4500001519918,1.33333331843217,9.93333339691162,6.49999994039536,0.741666683927178,47.4299990534782,307.969997406006,118.60000038147,2,"26B_2010",0.27
"5020","255-3-C-SAPU",2010,0.04425,0.204874056165337,16,1994,20,"255-3","SAPU",48,42,12,0,11,0,0,3,0,0,0.272727273,NA,NA,"Ptarmagin",1,0,1,0,600.399561,"East","26B","Tussock Tundra (Low shrub or Herbaceous)","Low Shrub","Sandy Gravel","Mesic - Xeric",0,990.277893,304,2.837043,-149.392647,68.223106,-1.51886121447133,0.218961094754211,"255-3-C-SAPU_2010",8.43784681955973,-9.12913745641708,143.909729003906,143,5.60000006357829,-11.4500001519918,1.33333331843217,9.93333339691162,6.49999994039536,0.741666683927178,47.4299990534782,307.969997406006,118.60000038147,2,"26B_2010",0.27
"5021","255-4-A-SAPU",2010,0.101,0.634443065596134,24,1986,20,"255-4","SAPU",72,61,14,0,18,0,2,3,0,0.111111111,0.166666667,NA,"Hare","Ptarmagin",1,0,0,2,644.564014,"East","26B","Low Shrub","Low Shrub","Sandy Gravel","Mesic - Xeric",0,993.003235,239,7.430982,-149.391619,68.223199,0.394454031714397,1.4835739854224,"255-4-A-SAPU_2010",8.43784681955973,-9.12913745641708,143.909729003906,143,5.60000006357829,-11.4500001519918,1.33333331843217,9.93333339691162,6.49999994039536,0.741666683927178,47.4299990534782,307.969997406006,118.60000038147,2,"26B_2010",0.27
"5022","261-1-B-SAPU",2010,0.20625,3.04813518088401,8,2002,21,"261-1","SAPU",65,51,10,0,19,0,0,5,0,0,0.263157895,NA,NA,"Ptarmagin",1,0,0,0,356.206777,"East","26B","Dwarf Shrub","Low Shrub","Sandy Loam","Mesic",0,883.832947,287,13.943512,-149.352299,68.301689,-0.15745567994786,0.854314676040427,"261-1-B-SAPU_2010",8.62949864069621,-9.26753066542248,157.988626480103,149.2414727211,5.60000006357829,-11.4500001519918,1.33333331843217,9.93333339691162,6.49999994039536,0.741666683927178,47.4299990534782,307.969997406006,118.60000038147,2,"26B_2010",0.27
"5023","261-1-C-SAPU",2010,0.112,0.857478865241406,12,1998,21,"261-1","SAPU",69,41,17,0,31,0,0,3,0,0,0.096774194,NA,NA,"Ptarmagin",1,0,0,0,356.206777,"East","26B","Dwarf Shrub","Low Shrub","Sandy Loam","Mesic",0,883.832947,287,13.943512,-149.352299,68.301689,-0.642781290303998,0.525827908302474,"261-1-C-SAPU_2010",8.62949864069621,-9.26753066542248,157.988626480103,149.2414727211,5.60000006357829,-11.4500001519918,1.33333331843217,9.93333339691162,6.49999994039536,0.741666683927178,47.4299990534782,307.969997406006,118.60000038147,2,"26B_2010",0.27
"5024","261-2-C-SAPU",2010,0.06275,0.43699887605653,41,1969,21,"261-2","SAPU",91,67,27,0,29,0,0,3,0,0,0.103448276,NA,NA,"Ptarmagin",1,0,0,1,388.99561,"East","26B","Dwarf Shrub-Lichen","Low Shrub","Sandy Loam","Mesic",0,888.892761,295,13.025289,-149.351465,68.301786,1.0557360255679,2.87408977915866,"261-2-C-SAPU_2010",8.62949864069621,-9.26753066542248,157.988626480103,149.2414727211,5.60000006357829,-11.4500001519918,1.33333331843217,9.93333339691162,6.49999994039536,0.741666683927178,47.4299990534782,307.969997406006,118.60000038147,2,"26B_2010",0.27
"5025","261-2-D-SAPU",2010,0.307,5.0316345163988,20,1990,21,"261-2","SAPU",122,71,29,0,41,2,0,11,0.048780488,0,0.268292683,"Moose",NA,"Ptarmagin",1,0,0,1,388.99561,"East","26B","Dwarf Shrub-Lichen","Low Shrub","Sandy Loam","Mesic",0,888.892761,295,13.025289,-149.351465,68.301786,2.11313922054062,8.27417501764762,"261-2-D-SAPU_2010",8.62949864069621,-9.26753066542248,157.988626480103,149.2414727211,5.60000006357829,-11.4500001519918,1.33333331843217,9.93333339691162,6.49999994039536,0.741666683927178,47.4299990534782,307.969997406006,118.60000038147,2,"26B_2010",0.27
"5026","261-3-A-SAPU",2010,0.09125,0.958983920228439,8,2002,21,"261-3","SAPU",41,18,7,0,8,0,0,0,0,0,0,NA,NA,NA,0,0,0,1,380.53651,"East","26B","Tussock Tundra (Low shrub or Herbaceous)","Low Shrub","Sandy Loam","Mesic",0,884.224731,295,11.657486,-149.351558,68.302088,-1.3138666389397,0.268778774076658,"261-3-A-SAPU_2010",8.62949864069621,-9.26753066542248,157.988626480103,149.2414727211,5.60000006357829,-11.4500001519918,1.33333331843217,9.93333339691162,6.49999994039536,0.741666683927178,47.4299990534782,307.969997406006,118.60000038147,2,"26B_2010",0.27
"5027","261-4-A-SAPU",2010,0.268,1.53234323271496,14,1996,21,"261-4","SAPU",41,27,9,0,9,0,0,0,0,0,0,NA,NA,NA,0,0,0,0,405.679111,"East","26B","Low Shrub","Low Shrub","Sandy Loam","Mesic",0,886.626587,308,9.946874,-149.350886,68.302265,0.235444310157879,1.2654709054199,"261-4-A-SAPU_2010",8.62949864069621,-9.26753066542248,157.988626480103,149.2414727211,5.60000006357829,-11.4500001519918,1.33333331843217,9.93333339691162,6.49999994039536,0.741666683927178,47.4299990534782,307.969997406006,118.60000038147,2,"26B_2010",0.27
"5028","268-1-C-SAPU",2010,0.05425,0.659100837285536,13,1997,22,"268-1","SAPU",61,49,10,0,21,0,0,5,0,0,0.238095238,NA,NA,"Ptarmagin",1,0,1,2,212.091228,"West","26B","Low Shrub","Low Shrub","Sandy Gravel","Mesic",0,818.738892,195,1.432166,-149.327109,68.400098,-0.751336840953598,0.471735495693635,"268-1-C-SAPU_2010",9.66365750630697,-8.66059028295179,166,139.954864501953,5.60000006357829,-11.4500001519918,1.33333331843217,9.93333339691162,6.49999994039536,0.741666683927178,47.4299990534782,307.969997406006,118.60000038147,2,"26B_2010",0.27
"5029","268-1-D-SAPU",2010,0.229333333333333,1.95872289648098,14,1996,22,"268-1","SAPU",75,52,13,0,37,0,0,6,0,0,0.162162162,NA,NA,"Ptarmagin",1,0,1,2,212.091228,"West","26B","Low Shrub","Low Shrub","Sandy Gravel","Mesic",0,818.738892,195,1.432166,-149.327109,68.400098,0.480938899132669,1.61759244558073,"268-1-D-SAPU_2010",9.66365750630697,-8.66059028295179,166,139.954864501953,5.60000006357829,-11.4500001519918,1.33333331843217,9.93333339691162,6.49999994039536,0.741666683927178,47.4299990534782,307.969997406006,118.60000038147,2,"26B_2010",0.27
"5030","268-3-B-SAPU",2010,0.20075,1.83857449266306,32,1978,22,"268-3","SAPU",106,41,14,0,42,0,0,4,0,0,0.095238095,NA,NA,"Ptarmagin",1,0,0,0,206.549982,"West","26B","Low Shrub","Low Shrub","Sandy Gravel","Mesic",0,819.661011,150,1.610195,-149.326989,68.400547,2.01397347526101,7.49303164959098,"268-3-B-SAPU_2010",9.66365750630697,-8.66059028295179,166,139.954864501953,5.60000006357829,-11.4500001519918,1.33333331843217,9.93333339691162,6.49999994039536,0.741666683927178,47.4299990534782,307.969997406006,118.60000038147,2,"26B_2010",0.27
"5031","268-4-C-SAPU",2010,0.1515,2.30764981511091,11,1999,22,"268-4","SAPU",81,62,16,0,39,3,0,11,0.076923077,0,0.282051282,"Moose",NA,"Ptarmagin",1,0,0,5,171.881056,"West","26B","Dwarf Shrub-Lichen","Low Shrub","Sandy Gravel","Mesic",0,820.486511,188,1.085947,-149.326166,68.400831,0.179185952408058,1.19624316778481,"268-4-C-SAPU_2010",9.66365750630697,-8.66059028295179,166,139.954864501953,5.60000006357829,-11.4500001519918,1.33333331843217,9.93333339691162,6.49999994039536,0.741666683927178,47.4299990534782,307.969997406006,118.60000038147,2,"26B_2010",0.27
"5032","268-4-D-SAPU",2010,0.47575,7.02953720453419,6,2004,22,"268-4","SAPU",53,49,15,0,33,0,0,13,0,0,0.393939394,NA,NA,"Ptarmagin",1,0,0,5,171.881056,"West","26B","Dwarf Shrub-Lichen","Low Shrub","Sandy Gravel","Mesic",0,820.486511,188,1.085947,-149.326166,68.400831,0.122614027232656,1.13044801458389,"268-4-D-SAPU_2010",9.66365750630697,-8.66059028295179,166,139.954864501953,5.60000006357829,-11.4500001519918,1.33333331843217,9.93333339691162,6.49999994039536,0.741666683927178,47.4299990534782,307.969997406006,118.60000038147,2,"26B_2010",0.27
"5033","282-1-D-SAPU",2010,0.0716666666666667,0.44894408680707,19,1991,23,"282-1","SAPU",49,22,10,0,8,0,0,0,0,0,0,NA,NA,NA,0,0,0,0,577.316923,"West","26B","Tussock Tundra (Low shrub or Herbaceous)","Tussock Tundra","Clay Loam","Mesic",0,826.622314,26,2.82316,-149.530032,68.582817,-0.402511208194316,0.668638844650063,"282-1-D-SAPU_2010",10.1333332061768,-8.35833347340425,155,143,9.96666717529297,-8.0583334962527,5.53333346048991,14.4666668574015,33.6000006198883,1.0083333576719,77.5299979448318,269.419998884201,97.5000009536743,2,"26B_2010",0.27
"5034","282-2-B-SAPU",2010,0.0935,0.714079297771981,20,1990,23,"282-2","SAPU",68,29,11,0,18,0,0,0,0,0,0,NA,NA,NA,0,0,0,0,604.079816,"West","26B","Low Shrub","Low Shrub-Tussock Tundra","Clay Loam","Mesic",0,826.41803,354,3.355184,-149.530916,68.583004,0.160633074152428,1.174254025603,"282-2-B-SAPU_2010",10.1333332061768,-8.35833347340425,155,143,9.96666717529297,-8.0583334962527,5.53333346048991,14.4666668574015,33.6000006198883,1.0083333576719,77.5299979448318,269.419998884201,97.5000009536743,2,"26B_2010",0.27
"5035","282-2-D-SAPU",2010,0.04175,0.1394574577378,13,1997,23,"282-2","SAPU",41,22,7,0,4,0,0,0,0,0,0,NA,NA,NA,0,0,0,0,604.079816,"West","26B","Low Shrub","Low Shrub-Tussock Tundra","Clay Loam","Mesic",0,826.41803,354,3.355184,-149.530916,68.583004,-2.30445378706034,0.0998133050855388,"282-2-D-SAPU_2010",10.1333332061768,-8.35833347340425,155,143,9.96666717529297,-8.0583334962527,5.53333346048991,14.4666668574015,33.6000006198883,1.0083333576719,77.5299979448318,269.419998884201,97.5000009536743,2,"26B_2010",0.27
"5036","282-3-D-SAPU",2010,0.0413333333333333,0.219710402207297,31,1979,23,"282-3","SAPU",49,26,10,0,9,0,0,0,0,0,0,NA,NA,NA,0,0,0,0,571.732475,"West","26B","Low Shrub","Low Shrub-Tussock Tundra","Clay Loam","Mesic",0,823.876221,27,3.830761,-149.53038,68.583298,-0.171769536751043,0.84217324078617,"282-3-D-SAPU_2010",10.1333332061768,-8.35833347340425,155,143,9.96666717529297,-8.0583334962527,5.53333346048991,14.4666668574015,33.6000006198883,1.0083333576719,77.5299979448318,269.419998884201,97.5000009536743,2,"26B_2010",0.27
"5037","282-4-C-SAPU",2010,0.1545,1.17048438069836,16,1994,23,"282-4","SAPU",45,23,12,0,10,0,0,0,0,0,0,NA,NA,NA,0,0,0,0,597.547448,"West","26B","Tussock Tundra (Low shrub or Herbaceous)","Low Shrub-Tussock Tundra","Clay Loam","Mesic",0,823.620117,358,4.137664,-149.531178,68.583423,0.223916298069977,1.25096630675183,"282-4-C-SAPU_2010",10.1333332061768,-8.35833347340425,155,143,9.96666717529297,-8.0583334962527,5.53333346048991,14.4666668574015,33.6000006198883,1.0083333576719,77.5299979448318,269.419998884201,97.5000009536743,2,"26B_2010",0.27
"5038","282-4-D-SAPU",2010,0.031,0.151586557924691,33,1977,23,"282-4","SAPU",59,31,18,0,12,0,0,0,0,0,0,NA,NA,NA,0,0,0,0,597.547448,"West","26B","Tussock Tundra (Low shrub or Herbaceous)","Low Shrub-Tussock Tundra","Clay Loam","Mesic",0,823.620117,358,4.137664,-149.531178,68.583423,-0.422194709745474,0.655606374014783,"282-4-D-SAPU_2010",10.1333332061768,-8.35833347340425,155,143,9.96666717529297,-8.0583334962527,5.53333346048991,14.4666668574015,33.6000006198883,1.0083333576719,77.5299979448318,269.419998884201,97.5000009536743,2,"26B_2010",0.27
"5039","60-1-B-SAPU",2010,0.08975,1.38786747341213,11,1999,1,"60-1","SAPU",98,NA,10,10,41,0,1,0,0,0.024390244,0,NA,"Hare",NA,1,0,1,0,1438.56091,"West","20F","Low Shrub","Low Shrub-Tussock Tundra","Silt Loam","Mesic",0,110.943649,215,1.507567,-149.840126,65.909691,-0.329275280895636,0.719444940037505,"60-1-B-SAPU_2010",14.7243061065674,-5.14317125082016,96.3159484863281,85.1805419921875,13.9333333969116,-3.2083335618178,9.03333346048991,18.8333339691162,69.099999666214,1.08333336065213,91.3599984645844,236.309997022152,151.600002288818,2,"20F_2010",0.375
"5040","60-2-D-SAPU",2010,0.04825,0.25166375905066,16,1994,1,"60-2","SAPU",84,NA,16,7,26,2,1,0,0.076923077,0.038461538,0,"Moose","Hare",NA,1,0,2,0,1432.670461,"West","20F","Low Shrub","Low Shrub","Silt Loam","Mesic",0,110.927505,264,1.953402,-149.84073,65.909949,-1.31316273757103,0.268968034426098,"60-2-D-SAPU_2010",14.7243061065674,-5.14317125082016,96.3159484863281,85.1805419921875,13.9333333969116,-3.2083335618178,9.03333346048991,18.8333339691162,69.099999666214,1.08333336065213,91.3599984645844,236.309997022152,151.600002288818,2,"20F_2010",0.375
"5041","60-3-A-SAPU",2010,0.317333333333333,4.22898576790766,8,2002,1,"60-3","SAPU",139,NA,17,32,54,2,2,0,0.037037037,0.037037037,0,"Moose","Hare",NA,1,0,3,0,1403.187226,"West","20F","Low Shrub","Black Spruce Woodland","Silt Loam","Mesic",0,111.24585,78,1.323723,-149.840194,65.910114,0.16997652565573,1.1852770273928,"60-3-A-SAPU_2010",14.7243061065674,-5.14317125082016,96.3159484863281,85.1805419921875,13.9333333969116,-3.2083335618178,9.03333346048991,18.8333339691162,69.099999666214,1.08333336065213,91.3599984645844,236.309997022152,151.600002288818,2,"20F_2010",0.375
"5042","60-3-B-SAPU",2010,0.032,0.0956049476340446,16,1994,1,"60-3","SAPU",81,NA,8,22,16,0,0,0,0,0,0,NA,NA,NA,0,0,3,0,1403.187226,"West","20F","Low Shrub","Black Spruce Woodland","Silt Loam","Mesic",0,111.24585,78,1.323723,-149.840194,65.910114,-2.28103207243173,0.102178696462062,"60-3-B-SAPU_2010",14.7243061065674,-5.14317125082016,96.3159484863281,85.1805419921875,13.9333333969116,-3.2083335618178,9.03333346048991,18.8333339691162,69.099999666214,1.08333336065213,91.3599984645844,236.309997022152,151.600002288818,2,"20F_2010",0.375
"5043","60-4-A-SAPU",2010,0.197,1.49277173165034,9,2001,1,"60-4","SAPU",88,NA,10,8,23,1,2,0,0.043478261,0.086956522,0,"Moose","Hare",NA,1,0,1,0,1406.241796,"West","20F","Tall Shrub (Open-Closed)","Black Spruce Woodland","Silt Loam","Mesic",0,110.670654,252,1.181915,-149.840942,65.910317,-0.643909106086667,0.525235205581089,"60-4-A-SAPU_2010",14.7243061065674,-5.14317125082016,96.3159484863281,85.1805419921875,13.9333333969116,-3.2083335618178,9.03333346048991,18.8333339691162,69.099999666214,1.08333336065213,91.3599984645844,236.309997022152,151.600002288818,2,"20F_2010",0.375
"5044","60-4-D-SAPU",2010,0.082,0.57910862339213,15,1995,1,"60-4","SAPU",103,NA,15,13,35,1,4,0,0.028571429,0.114285714,0,"Moose","Hare",NA,1,0,1,0,1406.241796,"West","20F","Tall Shrub (Open-Closed)","Black Spruce Woodland","Silt Loam","Mesic",0,110.670654,252,1.181915,-149.840942,65.910317,-0.60439205562794,0.546406510448124,"60-4-D-SAPU_2010",14.7243061065674,-5.14317125082016,96.3159484863281,85.1805419921875,13.9333333969116,-3.2083335618178,9.03333346048991,18.8333339691162,69.099999666214,1.08333336065213,91.3599984645844,236.309997022152,151.600002288818,2,"20F_2010",0.375
"5045","72-1-A-SAPU",2010,0.32525,2.70190261072637,10,2000,2,"72-1","SAPU",91,87,15,19,15,0,6,0,0,0.4,0,NA,"Hare",NA,1,0,0,0,895.937772,"West","20F","Tussock Tundra (Low shrub or Herbaceous)","Black Spruce Woodland","Clay Loam","Mesic",0,130.808105,148,1.606934,-150.14017,66.022623,0.152866229331886,1.16516910306778,"72-1-A-SAPU_2010",14.9355351130168,-4.93803129593531,90.2656402587891,82.2024269104004,12.4000002543132,-4.99166669448217,7.53333330154419,17.3000005086263,55.3000011444092,1.14166668305794,92.6899985074997,249.579996943474,149.100002288818,2,"20F_2010",0.375
"5046","72-1-D-SAPU",2010,0.02,0.0335207936138031,34,1976,2,"72-1","SAPU",68,54,18,0,8,0,1,0,0,0.125,0,NA,"Hare",NA,1,0,0,0,895.937772,"West","20F","Tussock Tundra (Low shrub or Herbaceous)","Black Spruce Woodland","Clay Loam","Mesic",0,130.808105,148,1.606934,-150.14017,66.022623,-1.87353875166517,0.153579220339989,"72-1-D-SAPU_2010",14.9355351130168,-4.93803129593531,90.2656402587891,82.2024269104004,12.4000002543132,-4.99166669448217,7.53333330154419,17.3000005086263,55.3000011444092,1.14166668305794,92.6899985074997,249.579996943474,149.100002288818,2,"20F_2010",0.375
"5047","72-2-A-SAGL",2010,0.1625,1.62622580217668,20,1990,2,"72-2","SAGL",129,121,17,0,12,0,0,0,0,0,0,NA,NA,NA,0,0,0,0,855.94066,"West","20F","Tussock Tundra (Low shrub or Herbaceous)","Black Spruce Woodland","Clay Loam","Mesic",0,131.055786,179,2.125059,-150.13956,66.022889,0.983656206868001,2.6742158758889,"72-2-A-SAGL_2010",14.9355351130168,-4.93803129593531,90.2656402587891,82.2024269104004,12.4000002543132,-4.99166669448217,7.53333330154419,17.3000005086263,55.3000011444092,1.14166668305794,92.6899985074997,249.579996943474,149.100002288818,2,"20F_2010",0.375
"5048","72-2-C-SAPU",2010,0.32975,4.04249755773223,13,1997,2,"72-2","SAPU",97,84,22,5,22,0,0,0,0,0,0,NA,NA,NA,0,0,0,0,855.94066,"West","20F","Tussock Tundra (Low shrub or Herbaceous)","Black Spruce Woodland","Clay Loam","Mesic",0,131.055786,179,2.125059,-150.13956,66.022889,1.062404607945,2.89331993127324,"72-2-C-SAPU_2010",14.9355351130168,-4.93803129593531,90.2656402587891,82.2024269104004,12.4000002543132,-4.99166669448217,7.53333330154419,17.3000005086263,55.3000011444092,1.14166668305794,92.6899985074997,249.579996943474,149.100002288818,2,"20F_2010",0.375
"5049","72-2-D-SAPU",2010,0.313666666666667,3.59051614918037,21,1989,2,"72-2","SAPU",79,60,21,0,11,0,0,0,0,0,0,NA,NA,NA,0,0,0,0,855.94066,"West","20F","Tussock Tundra (Low shrub or Herbaceous)","Black Spruce Woodland","Clay Loam","Mesic",0,131.055786,179,2.125059,-150.13956,66.022889,1.8699053123648,6.48768206692945,"72-2-D-SAPU_2010",14.9355351130168,-4.93803129593531,90.2656402587891,82.2024269104004,12.4000002543132,-4.99166669448217,7.53333330154419,17.3000005086263,55.3000011444092,1.14166668305794,92.6899985074997,249.579996943474,149.100002288818,2,"20F_2010",0.375
"5050","72-3-B-SAPU",2010,0.083,0.783299579504853,22,1988,2,"72-3","SAPU",75,59,20,4,12,0,0,0,0,0,0,NA,NA,NA,0,0,1,0,885.368743,"West","20F","Tussock Tundra (Low shrub or Herbaceous)","Black Spruce Woodland","Clay Loam","Mesic",0,132.401993,119,2.284806,-150.140609,66.023021,0.437200592205212,1.54836663618546,"72-3-B-SAPU_2010",14.9355351130168,-4.93803129593531,90.2656402587891,82.2024269104004,12.4000002543132,-4.99166669448217,7.53333330154419,17.3000005086263,55.3000011444092,1.14166668305794,92.6899985074997,249.579996943474,149.100002288818,2,"20F_2010",0.375
"5051","72-3-D-SAGL",2010,0.0975,0.96562740694308,23,1987,2,"72-3","SAGL",128,109,19,9,10,0,2,0,0,0.2,0,NA,"Hare",NA,1,0,1,0,885.368743,"West","20F","Tussock Tundra (Low shrub or Herbaceous)","Black Spruce Woodland","Clay Loam","Mesic",0,132.401993,119,2.284806,-150.140609,66.023021,0.732300867273566,2.07986058967765,"72-3-D-SAGL_2010",14.9355351130168,-4.93803129593531,90.2656402587891,82.2024269104004,12.4000002543132,-4.99166669448217,7.53333330154419,17.3000005086263,55.3000011444092,1.14166668305794,92.6899985074997,249.579996943474,149.100002288818,2,"20F_2010",0.375
"5052","72-4-B-SAPU",2010,0.04125,0.170271376581453,39,1971,2,"72-4","SAPU",111,93,14,0,13,0,0,0,0,0,0,NA,NA,NA,0,0,0,0,844.255779,"West","20F","Tussock Tundra (Low shrub or Herbaceous)","Low Shrub-Tussock Tundra","Clay Loam","Mesic",0,132.260803,156,1.029158,-150.139994,66.023305,0.0166275439128878,1.0167665509007,"72-4-B-SAPU_2010",14.9355351130168,-4.93803129593531,90.2656402587891,82.2024269104004,12.4000002543132,-4.99166669448217,7.53333330154419,17.3000005086263,55.3000011444092,1.14166668305794,92.6899985074997,249.579996943474,149.100002288818,2,"20F_2010",0.375
"5053","86-2-D-SABE",2010,0.6815,32.4778296205066,6,2004,3,"86-2","SABE",144,NA,31,15,91,0,0,0,0,0,0,NA,NA,NA,0,0,0,0,1091.215231,"West","20F","Low Shrub","Tall Shrub","Gravely Sand Loam","Mesic - Xeric",0,576.231995,67,9.004415,-150.278061,66.212989,1.65305084611208,5.22288977840733,"86-2-D-SABE_2010",12.8333330154419,-5.64166667064031,187,189,12.4000002543132,-4.99166669448217,7.53333330154419,17.3000005086263,55.3000011444092,1.14166668305794,92.6899985074997,249.579996943474,149.100002288818,2,"20F_2010",0.375
"5054","97-1-B-SAPU",2010,0.828,28.5355887273807,6,2004,4,"97-1","SAPU",161,144,25,14,28,0,0,4,0,0,0.142857143,NA,NA,"Ptarmagin",1,0,0,0,926.812684,"East","24A","Tussock Tundra (Low shrub or Herbaceous)","Low Shrub","Gravely Sand Loam","Mesic",2004,556.594971,67,6.396444,-150.432109,66.348765,1.52364519061969,4.58892224100371,"97-1-B-SAPU_2010",12.5045137405396,-5.66328146060308,187.684051513672,199.548645019531,12.4000002543132,-4.99166669448217,7.53333330154419,17.3000005086263,55.3000011444092,1.14166668305794,92.6899985074997,249.579996943474,149.100002288818,2,"24A_2010",0.83
"5055","97-1-D-SAPU",2010,0.41525,13.3236580030418,6,2004,4,"97-1","SAPU",89,76,20,18,25,0,0,0,0,0,0,NA,NA,NA,0,0,0,0,926.812684,"East","24A","Tussock Tundra (Low shrub or Herbaceous)","Low Shrub","Gravely Sand Loam","Mesic",2004,556.594971,67,6.396444,-150.432109,66.348765,0.762034407342761,2.14263077330586,"97-1-D-SAPU_2010",12.5045137405396,-5.66328146060308,187.684051513672,199.548645019531,12.4000002543132,-4.99166669448217,7.53333330154419,17.3000005086263,55.3000011444092,1.14166668305794,92.6899985074997,249.579996943474,149.100002288818,2,"24A_2010",0.83
"5056","97-2-C-SAPU",2010,0.256,4.99478046083057,6,2004,4,"97-2","SAPU",118,101,19,0,29,0,0,0,0,0,0,NA,NA,NA,0,0,0,0,888.474156,"East","24A","Tussock Tundra (Low shrub or Herbaceous)","Low Shrub","Gravely Sand Loam","Mesic",2004,560.389526,70,6.330689,-150.43305,66.348843,-0.219113385571032,0.803230638225564,"97-2-C-SAPU_2010",12.5045137405396,-5.66328146060308,187.684051513672,199.548645019531,12.4000002543132,-4.99166669448217,7.53333330154419,17.3000005086263,55.3000011444092,1.14166668305794,92.6899985074997,249.579996943474,149.100002288818,2,"24A_2010",0.83
"5057","97-3-D-SAPU",2010,0.148,5.10800346006593,6,2004,4,"97-3","SAPU",124,107,24,17,31,0,0,0,0,0,0,NA,NA,NA,0,0,0,0,924.995234,"East","24A","Tussock Tundra (Low shrub or Herbaceous)","Tall Shrub","Gravely Sand Loam","Mesic",2004,557.015015,71,7.919354,-150.432427,66.349149,-0.196698229368166,0.821438481923764,"97-3-D-SAPU_2010",12.5045137405396,-5.66328146060308,187.684051513672,199.548645019531,12.4000002543132,-4.99166669448217,7.53333330154419,17.3000005086263,55.3000011444092,1.14166668305794,92.6899985074997,249.579996943474,149.100002288818,2,"24A_2010",0.83
"5058","111-2-C-SAPU",2009,0.11475,2.80241943847432,11,1998,6,"111-2","SAPU",87,78,14,0,21,0,0,0,0,0,0,NA,NA,NA,0,0,0,0,685.564701,"West","24A","Tall Shrub (Open-Closed)","Low Shrub","Gravely Sand Loam","Mesic",0,516.430603,8,6.353059,-150.737535,66.498284,0.37343947107279,1.45272262913995,"111-2-C-SAPU_2009",13.1708806355794,-5.92025927702586,196.063209533691,135.06321144104,13.2333335876465,-5.18333347638448,8.03333346048991,18.5000003178914,75.800000667572,1.08333335258067,82.6099972724915,244.729996919632,137.200002670288,2,"24A_2009",0.85
"5059","147-1-A-SAPU",2009,0.382666666666667,4.12589143513484,21,1988,9,"147-1","SAPU",191,167,22,11,73,23,0,0,0.315068493,0,0,"Moose",NA,NA,1,1,0,0,984.758365,"West","24A","Low Shrub","Tall Shrub","Clay Loam","Mesic - Hydric",0,426.634277,145,7.907337,-150.485282,66.911769,2.00889144798062,7.45504845589748,"147-1-A-SAPU_2009",13.5666666030884,-5.84166646003723,185.225677490234,110.090270996094,11.8333336512248,-6.66666680574417,6.80000003178914,16.9666668574015,56.2000012397766,1.1250000136594,80.5199995040894,256.759996384382,132.200004577637,2,"24A_2009",0.85
"5060","147-1-D-SAPU",2009,0.15725,1.26010989576492,15,1994,9,"147-1","SAPU",211,134,21,18,47,15,0,0,0.319148936,0,0,"Moose",NA,NA,1,1,0,0,984.758365,"West","24A","Low Shrub","Tall Shrub","Clay Loam","Mesic - Hydric",0,426.634277,145,7.907337,-150.485282,66.911769,0.173072094230188,1.18895181856036,"147-1-D-SAPU_2009",13.5666666030884,-5.84166646003723,185.225677490234,110.090270996094,11.8333336512248,-6.66666680574417,6.80000003178914,16.9666668574015,56.2000012397766,1.1250000136594,80.5199995040894,256.759996384382,132.200004577637,2,"24A_2009",0.85
"5061","147-2-B-SAPU",2009,0.0915,0.462516266035776,17,1992,9,"147-2","SAPU",104,97,14,31,12,5,0,0,0.416666667,0,0,"Moose",NA,NA,1,2,1,0,986.173835,"West","24A","Low Shrub","Tall Shrub","Clay Loam","Mesic - Hydric",0,428.943481,147,8.698308,-150.484958,66.912025,-0.587507278497665,0.55571079190915,"147-2-B-SAPU_2009",13.5666666030884,-5.84166646003723,185.225677490234,110.090270996094,11.8333336512248,-6.66666680574417,6.80000003178914,16.9666668574015,56.2000012397766,1.1250000136594,80.5199995040894,256.759996384382,132.200004577637,2,"24A_2009",0.85
"5062","147-3-B-SAPU",2009,0.06375,0.601079940663628,20,1989,9,"147-3","SAPU",167,149,20,7,58,18,0,0,0.310344828,0,0,"Moose",NA,NA,1,2,1,0,952.272152,"West","24A","White Spruce or Black Spruce (Woodland)","Black Spruce Woodland","Clay Loam","Mesic - Hydric",0,425.583191,170,6.572863,-150.484233,66.911912,-0.0116330048843433,0.988434396902034,"147-3-B-SAPU_2009",13.5666666030884,-5.84166646003723,185.225677490234,110.090270996094,11.8333336512248,-6.66666680574417,6.80000003178914,16.9666668574015,56.2000012397766,1.1250000136594,80.5199995040894,256.759996384382,132.200004577637,2,"24A_2009",0.85
"5063","147-4-A-SAPU",2009,0.18425,1.96616949289045,18,1991,9,"147-4","SAPU",124,110,21,14,47,16,0,0,0.340425532,0,0,"Moose",NA,NA,1,0,1,0,956.341518,"West","24A","Tall Shrub (Open-Closed)","Tall Shrub","Clay Loam","Mesic - Hydric",0,428.39856,129,7.52786,-150.483929,66.912191,0.970027811312701,2.63801782507259,"147-4-A-SAPU_2009",13.5666666030884,-5.84166646003723,185.225677490234,110.090270996094,11.8333336512248,-6.66666680574417,6.80000003178914,16.9666668574015,56.2000012397766,1.1250000136594,80.5199995040894,256.759996384382,132.200004577637,2,"24A_2009",0.85
"5064","147-4-C-SAPU",2009,0.05225,0.228617428043006,23,1986,9,"147-4","SAPU",113,101,16,9,12,5,0,0,0.416666667,0,0,"Moose",NA,NA,1,0,1,0,956.341518,"West","24A","Tall Shrub (Open-Closed)","Tall Shrub","Clay Loam","Mesic - Hydric",0,428.39856,129,7.52786,-150.483929,66.912191,-0.708427198823464,0.492418064443092,"147-4-C-SAPU_2009",13.5666666030884,-5.84166646003723,185.225677490234,110.090270996094,11.8333336512248,-6.66666680574417,6.80000003178914,16.9666668574015,56.2000012397766,1.1250000136594,80.5199995040894,256.759996384382,132.200004577637,2,"24A_2009",0.85
"5065","151-4-B-SAPU",2009,0.12575,1.18901761750959,6,2003,10,"151-4","SAPU",61,54,9,0,8,0,0,0,0,0,0,NA,NA,NA,0,0,0,0,714.907956,"East","24A","Low Shrub","Low Shrub","Clay Loam","Mesic",0,485.466003,301,24.973797,-150.361301,66.958638,-1.65437941023986,0.191210682283893,"151-4-B-SAPU_2009",12.6649389266968,-6.67883523305257,192.431106567383,116,11.8333336512248,-6.66666680574417,6.80000003178914,16.9666668574015,56.2000012397766,1.1250000136594,80.5199995040894,256.759996384382,132.200004577637,2,"24A_2009",0.85
"5066","173-3-A-SAPU",2009,0.115,0.927594500880556,7,2002,12,"173-3","SAPU",59,53,10,0,2,0,0,0,0,0,0,NA,NA,NA,0,0,0,0,1278.311889,"East","24A","Low Shrub","Low Shrub","Clay Loam","Mesic",0,347.24527,24,1.739254,-150.191816,67.228627,-1.60499868206841,0.200889819669098,"173-3-A-SAPU_2009",13.932554880778,-6.12731448809306,133.686904907227,130.64176940918,11.7333335876465,-7.00833358367284,6.6333335240682,16.8333336512248,53.4000010490417,1.15000002955397,85.5099992752075,257.649997293949,127.300003051758,2,"24A_2009",0.85
"5067","173-4-B-SAPU",2009,0.38975,7.69302769760481,11,1998,12,"173-4","SAPU",149,112,21,11,30,5,0,0,0.166666667,0,0,"Moose",NA,NA,1,1,0,0,1308.377258,"East","24A","Low Shrub","Low Shrub","Clay Loam","Mesic",0,346.165253,355,1.872125,-150.190975,67.22891,1.38327076666382,3.98792388800844,"173-4-B-SAPU_2009",13.932554880778,-6.12731448809306,133.686904907227,130.64176940918,11.7333335876465,-7.00833358367284,6.6333335240682,16.8333336512248,53.4000010490417,1.15000002955397,85.5099992752075,257.649997293949,127.300003051758,2,"24A_2009",0.85
"5068","184-2-D-SAPU",2009,0.33625,5.29685578639705,18,1991,13,"184-2","SAPU",172,139,22,0,38,6,3,0,0.157894737,0.078947368,0,"Moose","Hare",NA,1,1,0,0,706.210196,"East","24A","White Spruce or Black Spruce (Open-Closed)","Tall Shrub","Clay Loam","Mesic",0,429.192566,258,16.706417,-150.109279,67.369156,1.96105397792102,7.10681354373596,"184-2-D-SAPU_2009",13.5303239822388,-6.03446177641551,106.593780517578,90.5937781333923,11.7333335876465,-7.00833358367284,6.6333335240682,16.8333336512248,53.4000010490417,1.15000002955397,85.5099992752075,257.649997293949,127.300003051758,2,"24A_2009",0.85
"5069","184-3-C-SAPU",2009,0.2,2.39263696497399,12,1997,13,"184-3","SAPU",130,116,18,14,25,1,4,0,0.04,0.16,0,"Moose","Hare",NA,1,1,3,0,683.765397,"East","24A","White Spruce or Black Spruce (Open-Closed)","Tall Shrub","Clay Loam","Mesic",0,425.482941,261,10.788996,-150.109693,67.36937,0.383373547235002,1.46722600593223,"184-3-C-SAPU_2009",13.5303239822388,-6.03446177641551,106.593780517578,90.5937781333923,11.7333335876465,-7.00833358367284,6.6333335240682,16.8333336512248,53.4000010490417,1.15000002955397,85.5099992752075,257.649997293949,127.300003051758,2,"24A_2009",0.85
"5070","184-3-D-SAPU",2009,0.718,14.632489288475,6,2003,13,"184-3","SAPU",66,58,11,0,18,1,2,0,0.055555556,0.111111111,0,"Moose","Hare",NA,1,1,3,0,683.765397,"East","24A","White Spruce or Black Spruce (Open-Closed)","Tall Shrub","Clay Loam","Mesic",0,425.482941,261,10.788996,-150.109693,67.36937,0.855737505226436,2.35310917109979,"184-3-D-SAPU_2009",13.5303239822388,-6.03446177641551,106.593780517578,90.5937781333923,11.7333335876465,-7.00833358367284,6.6333335240682,16.8333336512248,53.4000010490417,1.15000002955397,85.5099992752075,257.649997293949,127.300003051758,2,"24A_2009",0.85
"5071","184-4-C-SAPU",2009,0.40775,4.86229655338558,9,2000,13,"184-4","SAPU",142,131,16,7,32,1,3,0,0.03125,0.09375,0,"Moose","Hare",NA,1,2,1,0,702.330496,"East","24A","White Spruce or Black Spruce (Open-Closed)","Tall Shrub","Clay Loam","Mesic",0,431.246765,263,17.707565,-150.109187,67.369491,0.536967147591689,1.71081035074952,"184-4-C-SAPU_2009",13.5303239822388,-6.03446177641551,106.593780517578,90.5937781333923,11.7333335876465,-7.00833358367284,6.6333335240682,16.8333336512248,53.4000010490417,1.15000002955397,85.5099992752075,257.649997293949,127.300003051758,2,"24A_2009",0.85
"5072","184-4-D-SAPU",2009,0.13575,1.02513015354977,14,1995,13,"184-4","SAPU",139,114,15,19,23,0,0,0,0,0,0,NA,NA,NA,0,2,1,0,702.330496,"East","24A","White Spruce or Black Spruce (Open-Closed)","Tall Shrub","Clay Loam","Mesic",0,431.246765,263,17.707565,-150.109187,67.369491,-0.166534194706785,0.84659386741142,"184-4-D-SAPU_2009",13.5303239822388,-6.03446177641551,106.593780517578,90.5937781333923,11.7333335876465,-7.00833358367284,6.6333335240682,16.8333336512248,53.4000010490417,1.15000002955397,85.5099992752075,257.649997293949,127.300003051758,2,"24A_2009",0.85
"5073","191-1-B-SAPU",2009,0.20775,4.74341240418843,7,2002,14,"191-1","SAPU",112,103,12,23,16,2,0,0,0.125,0,0,"Moose",NA,NA,1,1,0,0,1595.806211,"East","24A","Low Shrub","Low Shrub","Clay Loam","Mesic",0,492.755432,293,2.980974,-149.860617,67.475764,0.0269187130673636,1.02728429458022,"191-1-B-SAPU_2009",12.745369275411,-6.28258115053177,101.548645019531,91.7743225097656,9.90000009536743,-8.45833373069763,5.03333346048991,14.8333339691162,31.3999996185303,1.01666670789321,66.8499989509583,273.849997639656,122.500003814697,2,"24A_2009",0.85
"5074","191-1-C-SAPU",2009,0.76875,20.7849488019983,7,2002,14,"191-1","SAPU",163,139,21,0,37,12,0,0,0.324324324,0,0,"Moose",NA,NA,1,1,0,0,1595.806211,"East","24A","Low Shrub","Low Shrub","Clay Loam","Mesic",0,492.755432,293,2.980974,-149.860617,67.475764,1.50439102936332,4.50141156798701,"191-1-C-SAPU_2009",12.745369275411,-6.28258115053177,101.548645019531,91.7743225097656,9.90000009536743,-8.45833373069763,5.03333346048991,14.8333339691162,31.3999996185303,1.01666670789321,66.8499989509583,273.849997639656,122.500003814697,2,"24A_2009",0.85
"5075","191-3-A-SAPU",2009,0.702,16.905478697237,7,2002,14,"191-3","SAPU",109,97,22,14,31,13,0,0,0.419354839,0,0,"Moose",NA,NA,1,2,0,0,1608.343863,"East","24A","Low Shrub","Low Shrub","Clay Loam","Mesic",0,494.475037,298,4.15829,-149.859591,67.475979,1.29779967254195,3.66123188924017,"191-3-A-SAPU_2009",12.745369275411,-6.28258115053177,101.548645019531,91.7743225097656,9.90000009536743,-8.45833373069763,5.03333346048991,14.8333339691162,31.3999996185303,1.01666670789321,66.8499989509583,273.849997639656,122.500003814697,2,"24A_2009",0.85
"5076","191-4-A-SAPU",2009,0.36375,4.11591539994939,18,1991,14,"191-4","SAPU",109,85,19,16,39,13,0,0,0.333333333,0,0,"Moose",NA,NA,1,1,0,0,1634.196324,"East","24A","Low Shrub","Low Shrub","Clay Loam","Mesic",0,497.007599,303,3.553675,-149.85875,67.475963,1.70880184506611,5.52234089218586,"191-4-A-SAPU_2009",12.745369275411,-6.28258115053177,101.548645019531,91.7743225097656,9.90000009536743,-8.45833373069763,5.03333346048991,14.8333339691162,31.3999996185303,1.01666670789321,66.8499989509583,273.849997639656,122.500003814697,2,"24A_2009",0.85
"5077","191-4-D-SAPU",2009,0.1815,2.23403994304281,9,2000,14,"191-4","SAPU",114,103,16,7,34,2,0,0,0.058823529,0,0,"Moose",NA,NA,1,1,0,0,1634.196324,"East","24A","Low Shrub","Low Shrub","Clay Loam","Mesic",0,497.007599,303,3.553675,-149.85875,67.475963,-0.240732140462341,0.78605214975715,"191-4-D-SAPU_2009",12.745369275411,-6.28258115053177,101.548645019531,91.7743225097656,9.90000009536743,-8.45833373069763,5.03333346048991,14.8333339691162,31.3999996185303,1.01666670789321,66.8499989509583,273.849997639656,122.500003814697,2,"24A_2009",0.85
"5078","203-1-C-SAPU",2009,0.099,1.08576269541451,13,1996,15,"203-1","SAPU",102,74,13,0,16,1,1,0,0.0625,0.0625,0,"Moose","Hare",NA,1,1,0,0,905.036767,"East","24A","Low Shrub","Low Shrub","Loam","Mesic",0,550.644958,299,23.927214,-149.794431,67.571449,-0.252175415251319,0.77710840944529,"203-1-C-SAPU_2009",13.0666666030884,-6.40000011523565,76,82,9.03333361943563,-9.38333340485891,4.26666665077209,13.8666667938232,21.2999996542931,0.941666678835948,62.5999985933304,280.489998817444,114.799999237061,2,"24A_2009",0.85
"5079","203-2-A-SAPU",2009,0.248,2.36110794110256,13,1996,15,"203-2","SAPU",122,97,14,32,16,1,0,0,0.0625,0,0,"Moose",NA,NA,1,0,1,0,933.944119,"East","24A","Low Shrub","Low Shrub","Loam","Mesic",0,566.911377,300,26.508135,-149.793674,67.571447,0.52467287506538,1.68990594757759,"203-2-A-SAPU_2009",13.0666666030884,-6.40000011523565,76,82,9.03333361943563,-9.38333340485891,4.26666665077209,13.8666667938232,21.2999996542931,0.941666678835948,62.5999985933304,280.489998817444,114.799999237061,2,"24A_2009",0.85
"5080","203-2-B-SAPU",2009,0.7,13.0385519901937,14,1995,15,"203-2","SAPU",129,107,22,18,35,2,0,0,0.057142857,0,0,"Moose",NA,NA,1,0,1,0,933.944119,"East","24A","Low Shrub","Low Shrub","Loam","Mesic",0,566.911377,300,26.508135,-149.793674,67.571447,2.37655672832696,10.7677626266283,"203-2-B-SAPU_2009",13.0666666030884,-6.40000011523565,76,82,9.03333361943563,-9.38333340485891,4.26666665077209,13.8666667938232,21.2999996542931,0.941666678835948,62.5999985933304,280.489998817444,114.799999237061,2,"24A_2009",0.85
"5081","203-3-D-SAPU",2009,0.11525,1.22551153587094,21,1988,15,"203-3","SAPU",117,104,18,17,39,2,3,0,0.051282051,0.076923077,0,"Moose","Hare",NA,1,0,1,0,922.335664,"East","24A","Low Shrub","Low Shrub","Loam","Mesic",0,556.241272,305,23.609533,-149.79364,67.571701,0.794967683191277,2.21436943429429,"203-3-D-SAPU_2009",13.0666666030884,-6.40000011523565,76,82,9.03333361943563,-9.38333340485891,4.26666665077209,13.8666667938232,21.2999996542931,0.941666678835948,62.5999985933304,280.489998817444,114.799999237061,2,"24A_2009",0.85
"5082","203-4-B-SAPU",2009,0.19725,2.70815280931069,13,1996,15,"203-4","SAPU",76,69,15,0,18,3,0,0,0.166666667,0,0,"Moose",NA,NA,1,1,1,0,951.384807,"East","24A","Low Shrub","Low Shrub","Loam","Mesic",0,569.135193,316,29.227108,-149.792864,67.571712,0.661808681926334,1.9382949249097,"203-4-B-SAPU_2009",13.0666666030884,-6.40000011523565,76,82,9.03333361943563,-9.38333340485891,4.26666665077209,13.8666667938232,21.2999996542931,0.941666678835948,62.5999985933304,280.489998817444,114.799999237061,2,"24A_2009",0.85
"5083","203-4-C-SAPU",2009,0.02225,0.119092868759068,17,1992,15,"203-4","SAPU",75,68,9,10,9,1,0,0,0.111111111,0,0,"Moose",NA,NA,1,1,1,0,951.384807,"East","24A","Low Shrub","Low Shrub","Loam","Mesic",0,569.135193,316,29.227108,-149.792864,67.571712,-1.94428540614853,0.143089437645238,"203-4-C-SAPU_2009",13.0666666030884,-6.40000011523565,76,82,9.03333361943563,-9.38333340485891,4.26666665077209,13.8666667938232,21.2999996542931,0.941666678835948,62.5999985933304,280.489998817444,114.799999237061,2,"24A_2009",0.85
"5084","209-1-C-SAPU",2009,0.12125,1.04190625831994,12,1997,16,"209-1","SAPU",64,53,15,0,11,0,0,0,0,0,0,NA,NA,NA,0,0,1,0,698.873831,"East","24A","Low Shrub","Black Spruce Woodland","Sandy Loam","Mesic - Xeric",0,553.345276,287,19.679848,-149.692986,67.655886,-0.4479705670498,0.638923489158408,"209-1-C-SAPU_2009",12.3243061701457,-6.83972771962484,66,81,9.03333361943563,-9.38333340485891,4.26666665077209,13.8666667938232,21.2999996542931,0.941666678835948,62.5999985933304,280.489998817444,114.799999237061,2,"24A_2009",0.85
"5085","209-1-D-SAPU",2009,0.032,0.216845291321379,20,1989,16,"209-1","SAPU",53,47,13,0,9,1,0,0,0.111111111,0,0,"Moose",NA,NA,1,0,1,0,698.873831,"East","24A","Low Shrub","Black Spruce Woodland","Sandy Loam","Mesic - Xeric",0,553.345276,287,19.679848,-149.692986,67.655886,-1.03117678726947,0.356587086422568,"209-1-D-SAPU_2009",12.3243061701457,-6.83972771962484,66,81,9.03333361943563,-9.38333340485891,4.26666665077209,13.8666667938232,21.2999996542931,0.941666678835948,62.5999985933304,280.489998817444,114.799999237061,2,"24A_2009",0.85
"5086","209-2-A-SAPU",2009,0.05725,0.340152999324322,6,2003,16,"209-2","SAPU",55,46,9,0,10,0,0,0,0,0,0,NA,NA,NA,0,0,0,0,728.528855,"East","24A","Low Shrub","Black Spruce Woodland","Sandy Loam","Mesic - Xeric",0,561.911133,287,21.070175,-149.692261,67.656,-2.90586660949793,0.0547013653321175,"209-2-A-SAPU_2009",12.3243061701457,-6.83972771962484,66,81,9.03333361943563,-9.38333340485891,4.26666665077209,13.8666667938232,21.2999996542931,0.941666678835948,62.5999985933304,280.489998817444,114.799999237061,2,"24A_2009",0.85
"5087","209-2-D-SAPU",2009,0.04425,0.153577345919361,32,1977,16,"209-2","SAPU",53,41,8,0,11,0,0,0,0,0,0,NA,NA,NA,0,0,0,0,728.528855,"East","24A","Low Shrub","Black Spruce Woodland","Sandy Loam","Mesic - Xeric",0,561.911133,287,21.070175,-149.692261,67.656,-0.468568020501503,0.625897899827355,"209-2-D-SAPU_2009",12.3243061701457,-6.83972771962484,66,81,9.03333361943563,-9.38333340485891,4.26666665077209,13.8666667938232,21.2999996542931,0.941666678835948,62.5999985933304,280.489998817444,114.799999237061,2,"24A_2009",0.85
"5088","209-3-A-SAPU",2009,0.15425,1.10765311667519,17,1992,16,"209-3","SAPU",74,55,12,0,9,0,0,0,0,0,0,NA,NA,NA,0,0,1,0,711.058695,"East","24A","Low Shrub","Black Spruce Woodland","Sandy Loam","Mesic - Xeric",0,553.430786,276,18.070417,-149.69261,67.656251,0.285809742058512,1.3308392284318,"209-3-A-SAPU_2009",12.3243061701457,-6.83972771962484,66,81,9.03333361943563,-9.38333340485891,4.26666665077209,13.8666667938232,21.2999996542931,0.941666678835948,62.5999985933304,280.489998817444,114.799999237061,2,"24A_2009",0.85
"5089","209-3-B-SAPU",2009,0.02525,0.0793053831995157,33,1976,16,"209-3","SAPU",59,53,15,0,17,0,1,0,0,0.058823529,0,NA,"Hare",NA,1,0,1,0,711.058695,"East","24A","Low Shrub","Black Spruce Woodland","Sandy Loam","Mesic - Xeric",0,553.430786,276,18.070417,-149.69261,67.656251,-1.07004550066402,0.342992910658462,"209-3-B-SAPU_2009",12.3243061701457,-6.83972771962484,66,81,9.03333361943563,-9.38333340485891,4.26666665077209,13.8666667938232,21.2999996542931,0.941666678835948,62.5999985933304,280.489998817444,114.799999237061,2,"24A_2009",0.85
"5090","209-4-B-SAPU",2009,0.05575,0.602538425053057,12,1997,16,"209-4","SAPU",67,54,11,11,16,0,0,2,0,0,0.125,NA,NA,"Ptarmagin",1,0,0,0,738.024448,"East","24A","Low Shrub","Black Spruce Woodland","Sandy Loam","Mesic - Xeric",0,561.090881,296,18.584587,-149.691928,67.656444,-0.995626382738677,0.369491928676654,"209-4-B-SAPU_2009",12.3243061701457,-6.83972771962484,66,81,9.03333361943563,-9.38333340485891,4.26666665077209,13.8666667938232,21.2999996542931,0.941666678835948,62.5999985933304,280.489998817444,114.799999237061,2,"24A_2009",0.85
"5091","222-1-C-SAGL",2009,0.2575,3.21682987065246,10,1999,17,"222-1","SAGL",74,60,14,0,25,0,7,0,0,0.28,0,NA,"Hare",NA,1,2,18,0,769.468544,"East","24A","Low Shrub","Tall Shrub","Clay Loam","Mesic",0,669.484009,287,15.029548,-149.809491,67.826198,0.327306396232093,1.38722645302975,"222-1-C-SAGL_2009",11.7000001271566,-7.40833328167597,71,87,9.03333361943563,-9.38333340485891,4.26666665077209,13.8666667938232,21.2999996542931,0.941666678835948,62.5999985933304,280.489998817444,114.799999237061,2,"24A_2009",0.85
"5092","222-2-B-SAGL",2009,0.3295,4.55985680307126,15,1994,17,"222-2","SAGL",106,74,19,0,21,0,10,0,0,0.476190476,0,NA,"Hare",NA,1,3,13,0,794.735172,"East","24A","Low Shrub","Tall Shrub","Clay Loam","Mesic",0,676.198608,282,15.59229,-149.808768,67.826375,1.45916437840706,4.30236287851342,"222-2-B-SAGL_2009",11.7000001271566,-7.40833328167597,71,87,9.03333361943563,-9.38333340485891,4.26666665077209,13.8666667938232,21.2999996542931,0.941666678835948,62.5999985933304,280.489998817444,114.799999237061,2,"24A_2009",0.85
"5093","222-2-C-SAGL",2009,0.21375,2.82389026076619,7,2002,17,"222-2","SAGL",67,53,14,0,18,0,8,0,0,0.444444444,0,NA,"Hare",NA,1,3,13,0,794.735172,"East","24A","Low Shrub","Tall Shrub","Clay Loam","Mesic",0,676.198608,282,15.59229,-149.808768,67.826375,-0.491722620745609,0.611571979687371,"222-2-C-SAGL_2009",11.7000001271566,-7.40833328167597,71,87,9.03333361943563,-9.38333340485891,4.26666665077209,13.8666667938232,21.2999996542931,0.941666678835948,62.5999985933304,280.489998817444,114.799999237061,2,"24A_2009",0.85
"5094","222-3-B-SAGL",2009,0.17725,1.68543755876383,14,1995,17,"222-3","SAGL",90,74,14,0,22,0,5,0,0,0.227272727,0,NA,"Hare",NA,1,2,11,1,778.440723,"East","24A","Low Shrub","Low Shrub","Clay Loam","Mesic",0,672.469177,278,13.422374,-149.809021,67.826615,0.330671430576268,1.39190238060347,"222-3-B-SAGL_2009",11.7000001271566,-7.40833328167597,71,87,9.03333361943563,-9.38333340485891,4.26666665077209,13.8666667938232,21.2999996542931,0.941666678835948,62.5999985933304,280.489998817444,114.799999237061,2,"24A_2009",0.85
"5095","222-3-D-SAGL",2009,0.0815,0.580954309076113,16,1993,17,"222-3","SAGL",89,75,11,0,18,1,6,0,0.055555556,0.333333333,0,"Moose","Hare",NA,1,2,11,1,778.440723,"East","24A","Low Shrub","Low Shrub","Clay Loam","Mesic",0,672.469177,278,13.422374,-149.809021,67.826615,-0.47658453275019,0.620900439511113,"222-3-D-SAGL_2009",11.7000001271566,-7.40833328167597,71,87,9.03333361943563,-9.38333340485891,4.26666665077209,13.8666667938232,21.2999996542931,0.941666678835948,62.5999985933304,280.489998817444,114.799999237061,2,"24A_2009",0.85
"5096","222-4-C-SAGL",2009,0.149,1.75934372228907,18,1991,17,"222-4","SAGL",71,66,12,8,15,1,4,0,0.066666667,0.266666667,0,"Moose","Hare",NA,1,0,15,0,805.061274,"East","24A","Low Shrub","Low Shrub","Clay Loam","Mesic",0,678.755371,278,16.631924,-149.808355,67.826658,0.858881435701803,2.36051882434874,"222-4-C-SAGL_2009",11.7000001271566,-7.40833328167597,71,87,9.03333361943563,-9.38333340485891,4.26666665077209,13.8666667938232,21.2999996542931,0.941666678835948,62.5999985933304,280.489998817444,114.799999237061,2,"24A_2009",0.85
"5097","235-1-C-SAPU",2009,0.195,2.19743410544318,8,2001,18,"235-1","SAPU",53,45,12,20,23,0,3,5,0,0.130434783,0.217391304,NA,"Hare","Ptarmagin",1,0,5,0,477.732622,"East","24A","Low Shrub","Low Shrub","Sandy Gravel","Mesic",0,813.776917,295,20.303024,-149.727576,68.004859,-0.484695303491374,0.615884826134065,"235-1-C-SAPU_2009",9.46666669845581,-8.69999999987582,81,103,7.83333349227905,-10.5500002615154,3.23333330949148,12.4666668574015,11.5999998450279,0.88333335518837,49.1199985742569,289.95999622345,103.89999961853,2,"24A_2009",0.85
"5098","235-2-B-SAPU",2009,0.19,1.46718660107951,10,1999,18,"235-2","SAPU",50,47,10,6,17,0,0,3,0,0,0.176470588,NA,NA,"Ptarmagin",1,0,0,0,510.631222,"East","24A","Dwarf Shrub-Lichen","Low Shrub","Sandy Gravel","Mesic",0,828.022217,289,26.243103,-149.726481,68.004961,-0.457743275982423,0.632709887183271,"235-2-B-SAPU_2009",9.46666669845581,-8.69999999987582,81,103,7.83333349227905,-10.5500002615154,3.23333330949148,12.4666668574015,11.5999998450279,0.88333335518837,49.1199985742569,289.95999622345,103.89999961853,2,"24A_2009",0.85
"5099","235-3-B-SAPU",2009,0.194,1.75435644395149,19,1990,18,"235-3","SAPU",47,41,14,0,11,0,1,4,0,0.090909091,0.363636364,NA,"Hare","Ptarmagin",1,0,1,0,482.982181,"East","24A","Dwarf Shrub-Lichen","Low Shrub","Sandy Gravel","Mesic",0,817.546387,298,18.704132,-149.726784,68.005244,0.960447810133506,2.61286627947551,"235-3-B-SAPU_2009",9.46666669845581,-8.69999999987582,81,103,7.83333349227905,-10.5500002615154,3.23333330949148,12.4666668574015,11.5999998450279,0.88333335518837,49.1199985742569,289.95999622345,103.89999961853,2,"24A_2009",0.85
"5100","235-4-C-SAPU",2009,0.054,0.40935580594806,18,1991,18,"235-4","SAPU",41,39,10,0,15,0,0,0,0,0,0,NA,NA,NA,0,0,0,0,503.848767,"East","24A","Low Shrub","Low Shrub","Sandy Gravel","Mesic",0,825.290771,293,20.728168,-149.726015,68.005351,-0.599229978671867,0.549234395504939,"235-4-C-SAPU_2009",9.46666669845581,-8.69999999987582,81,103,7.83333349227905,-10.5500002615154,3.23333330949148,12.4666668574015,11.5999998450279,0.88333335518837,49.1199985742569,289.95999622345,103.89999961853,2,"24A_2009",0.85
"5101","240-1-B-SAPU",2009,0.287,3.47896671786247,9,2000,19,"240-1","SAPU",58,47,12,0,24,0,1,9,0,0.041666667,0.375,NA,"Hare","Ptarmagin",1,0,1,0,395.986648,"West","24A","Low Shrub","Low Shrub","Sandy Loam","Mesic",0,1043.032227,75,23.365055,-149.606437,68.069578,0.202191608985547,1.22408253085427,"240-1-B-SAPU_2009",8.38495492935181,-9.16660806536674,103.767304420471,152.17352771759,7.83333349227905,-10.5500002615154,3.23333330949148,12.4666668574015,11.5999998450279,0.88333335518837,49.1199985742569,289.95999622345,103.89999961853,2,"24A_2009",0.85
"5102","240-1-D-SAPU",2009,0.30725,3.76569850490884,10,1999,19,"240-1","SAPU",115,81,18,0,57,3,0,19,0.052631579,0,0.333333333,"Moose",NA,"Ptarmagin",1,0,1,0,395.986648,"West","24A","Low Shrub","Low Shrub","Sandy Loam","Mesic",0,1043.032227,75,23.365055,-149.606437,68.069578,0.484843403762246,1.62392068906167,"240-1-D-SAPU_2009",8.38495492935181,-9.16660806536674,103.767304420471,152.17352771759,7.83333349227905,-10.5500002615154,3.23333330949148,12.4666668574015,11.5999998450279,0.88333335518837,49.1199985742569,289.95999622345,103.89999961853,2,"24A_2009",0.85
"5103","240-2-A-SAPU",2009,0.12675,0.934269403521733,14,1995,19,"240-2","SAPU",59,51,16,0,29,0,0,11,0,0,0.379310345,NA,NA,"Ptarmagin",1,0,0,0,426.292991,"West","24A","Tussock Tundra (Low shrub or Herbaceous)","Low Shrub","Sandy Loam","Mesic",0,1048.270996,87,24.096361,-149.606886,68.069926,-0.259344220051804,0.771557391803151,"240-2-A-SAPU_2009",8.38495492935181,-9.16660806536674,103.767304420471,152.17352771759,7.83333349227905,-10.5500002615154,3.23333330949148,12.4666668574015,11.5999998450279,0.88333335518837,49.1199985742569,289.95999622345,103.89999961853,2,"24A_2009",0.85
"5104","240-3-B-SAPU",2009,0.268,9.98380552391975,14,1995,19,"240-3","SAPU",122,81,25,0,57,1,3,7,0.01754386,0.052631579,0.122807018,"Moose","Hare","Ptarmagin",1,0,1,3,399.798137,"West","24A","Low Shrub","Low Shrub","Sandy Loam","Mesic",0,1034.808228,93,20.584356,-149.606025,68.07014,2.10961055435435,8.24502966838967,"240-3-B-SAPU_2009",8.38495492935181,-9.16660806536674,103.767304420471,152.17352771759,7.83333349227905,-10.5500002615154,3.23333330949148,12.4666668574015,11.5999998450279,0.88333335518837,49.1199985742569,289.95999622345,103.89999961853,2,"24A_2009",0.85
"5105","240-3-D-SAPU",2009,0.314,7.51337330006493,24,1985,19,"240-3","SAPU",167,110,47,0,149,7,11,21,0.046979866,0.073825503,0.140939597,"Moose","Hare","Ptarmagin",1,0,1,3,399.798137,"West","24A","Low Shrub","Low Shrub","Sandy Loam","Mesic",0,1034.808228,93,20.584356,-149.606025,68.07014,2.86614629807127,17.5691811845559,"240-3-D-SAPU_2009",8.38495492935181,-9.16660806536674,103.767304420471,152.17352771759,7.83333349227905,-10.5500002615154,3.23333330949148,12.4666668574015,11.5999998450279,0.88333335518837,49.1199985742569,289.95999622345,103.89999961853,2,"24A_2009",0.85
"5106","240-4-B-SAPU",2009,0.1385,1.02990674883001,18,1991,19,"240-4","SAPU",118,104,19,0,27,3,0,5,0.111111111,0,0.185185185,"Moose",NA,"Ptarmagin",1,0,2,0,431.079046,"West","24A","Low Shrub","Low Shrub","Sandy Loam","Mesic",0,1046.807861,94,24.616484,-149.606605,68.070368,0.323408844280195,1.38183018880128,"240-4-B-SAPU_2009",8.38495492935181,-9.16660806536674,103.767304420471,152.17352771759,7.83333349227905,-10.5500002615154,3.23333330949148,12.4666668574015,11.5999998450279,0.88333335518837,49.1199985742569,289.95999622345,103.89999961853,2,"24A_2009",0.85
"5107","240-4-D-SAPU",2009,0.556666666666667,5.89235725955198,11,1998,19,"240-4","SAPU",77,61,11,0,15,0,1,2,0,0.066666667,0.133333333,NA,"Hare","Ptarmagin",1,0,2,0,431.079046,"West","24A","Low Shrub","Low Shrub","Sandy Loam","Mesic",0,1046.807861,94,24.616484,-149.606605,68.070368,1.11661247327404,3.0544894930462,"240-4-D-SAPU_2009",8.38495492935181,-9.16660806536674,103.767304420471,152.17352771759,7.83333349227905,-10.5500002615154,3.23333330949148,12.4666668574015,11.5999998450279,0.88333335518837,49.1199985742569,289.95999622345,103.89999961853,2,"24A_2009",0.85
"5108","255-1-C-SAGL",2009,0.22925,3.16874445714707,20,1989,20,"255-1","SAGL",69,56,17,0,31,0,0,20,0,0,0.64516129,NA,NA,"Ptarmagin",1,0,0,0,585.543915,"East","26B","Low Shrub","Low Shrub","Sandy Gravel","Mesic - Xeric",0,991.483582,331,1.701594,-149.392735,68.222633,1.65072977478856,5.21078113666346,"255-1-C-SAGL_2009",8.73935143152873,-9.57838496814171,112.909729003906,164,5.93333339691162,-12.075000355641,1.5333333214124,10.4333333969116,7.80000019073486,0.775000007202228,37.3699991106987,305.809995651245,102.000001907349,2,"26B_2009",0.27
"5109","255-1-D-SAGL",2009,0.075,0.419991667876786,11,1998,20,"255-1","SAGL",42,37,10,0,21,0,0,8,0,0,0.380952381,NA,NA,"Ptarmagin",1,0,0,0,585.543915,"East","26B","Low Shrub","Low Shrub","Sandy Gravel","Mesic - Xeric",0,991.483582,331,1.701594,-149.392735,68.222633,-1.5245640644612,0.217715946299246,"255-1-D-SAGL_2009",8.73935143152873,-9.57838496814171,112.909729003906,164,5.93333339691162,-12.075000355641,1.5333333214124,10.4333333969116,7.80000019073486,0.775000007202228,37.3699991106987,305.809995651245,102.000001907349,2,"26B_2009",0.27
"5110","255-2-A-SAPU",2009,0.06275,0.83117018661255,11,1998,20,"255-2","SAPU",51,48,12,0,26,0,0,5,0,0,0.192307692,NA,NA,"Ptarmagin",1,0,1,1,631.079496,"East","26B","Low Shrub","Low Shrub","Sandy Gravel","Mesic - Xeric",0,993.382141,286,2.676414,-149.39171,68.222788,-0.841964365898211,0.430863318381737,"255-2-A-SAPU_2009",8.73935143152873,-9.57838496814171,112.909729003906,164,5.93333339691162,-12.075000355641,1.5333333214124,10.4333333969116,7.80000019073486,0.775000007202228,37.3699991106987,305.809995651245,102.000001907349,2,"26B_2009",0.27
"5111","255-2-D-SAPU",2009,0.199,3.84546334603394,6,2003,20,"255-2","SAPU",71,55,12,0,22,0,1,5,0,0.045454545,0.227272727,NA,"Hare","Ptarmagin",1,0,1,1,631.079496,"East","26B","Low Shrub","Low Shrub","Sandy Gravel","Mesic - Xeric",0,993.382141,286,2.676414,-149.39171,68.222788,-0.48061274310198,0.618404352689853,"255-2-D-SAPU_2009",8.73935143152873,-9.57838496814171,112.909729003906,164,5.93333339691162,-12.075000355641,1.5333333214124,10.4333333969116,7.80000019073486,0.775000007202228,37.3699991106987,305.809995651245,102.000001907349,2,"26B_2009",0.27
"5112","255-3-A-SAPU",2009,0.02925,0.205722286181808,13,1996,20,"255-3","SAPU",54,46,9,0,20,0,0,3,0,0,0.15,NA,NA,"Ptarmagin",1,0,1,0,600.399561,"East","26B","Tussock Tundra (Low shrub or Herbaceous)","Low Shrub","Sandy Gravel","Mesic - Xeric",0,990.277893,304,2.837043,-149.392647,68.223106,-1.91568624543815,0.147240754611818,"255-3-A-SAPU_2009",8.73935143152873,-9.57838496814171,112.909729003906,164,5.93333339691162,-12.075000355641,1.5333333214124,10.4333333969116,7.80000019073486,0.775000007202228,37.3699991106987,305.809995651245,102.000001907349,2,"26B_2009",0.27
"5113","255-3-C-SAPU",2009,0.02875,0.139703680062025,15,1994,20,"255-3","SAPU",48,42,12,0,11,0,0,3,0,0,0.272727273,NA,NA,"Ptarmagin",1,0,1,0,600.399561,"East","26B","Tussock Tundra (Low shrub or Herbaceous)","Low Shrub","Sandy Gravel","Mesic - Xeric",0,990.277893,304,2.837043,-149.392647,68.223106,-2.02635851225132,0.131814649680608,"255-3-C-SAPU_2009",8.73935143152873,-9.57838496814171,112.909729003906,164,5.93333339691162,-12.075000355641,1.5333333214124,10.4333333969116,7.80000019073486,0.775000007202228,37.3699991106987,305.809995651245,102.000001907349,2,"26B_2009",0.27
"5114","255-4-A-SAPU",2009,0.06275,0.426452156819351,23,1986,20,"255-4","SAPU",72,61,14,0,18,0,2,3,0,0.111111111,0.166666667,NA,"Hare","Ptarmagin",1,0,0,2,644.564014,"East","26B","Low Shrub","Low Shrub","Sandy Gravel","Mesic - Xeric",0,993.003235,239,7.430982,-149.391619,68.223199,-0.0849770010705739,0.918533409443589,"255-4-A-SAPU_2009",8.73935143152873,-9.57838496814171,112.909729003906,164,5.93333339691162,-12.075000355641,1.5333333214124,10.4333333969116,7.80000019073486,0.775000007202228,37.3699991106987,305.809995651245,102.000001907349,2,"26B_2009",0.27
"5115","261-1-B-SAPU",2009,0.11425,1.80351824563982,7,2002,21,"261-1","SAPU",65,51,10,0,19,0,0,5,0,0,0.263157895,NA,NA,"Ptarmagin",1,0,0,0,356.206777,"East","26B","Dwarf Shrub","Low Shrub","Sandy Loam","Mesic",0,883.832947,287,13.943512,-149.352299,68.301689,-0.940098742014193,0.390589265883503,"261-1-B-SAPU_2009",8.93160581588745,-9.70761712640524,122.367893218994,174.92541885376,5.93333339691162,-12.075000355641,1.5333333214124,10.4333333969116,7.80000019073486,0.775000007202228,37.3699991106987,305.809995651245,102.000001907349,2,"26B_2009",0.27
"5116","261-1-C-SAPU",2009,0.14375,1.21605652008088,11,1998,21,"261-1","SAPU",69,41,17,0,31,0,0,3,0,0,0.096774194,NA,NA,"Ptarmagin",1,0,0,0,356.206777,"East","26B","Dwarf Shrub","Low Shrub","Sandy Loam","Mesic",0,883.832947,287,13.943512,-149.352299,68.301689,-0.461430395377623,0.630381305803546,"261-1-C-SAPU_2009",8.93160581588745,-9.70761712640524,122.367893218994,174.92541885376,5.93333339691162,-12.075000355641,1.5333333214124,10.4333333969116,7.80000019073486,0.775000007202228,37.3699991106987,305.809995651245,102.000001907349,2,"26B_2009",0.27
"5117","261-2-C-SAPU",2009,0.02475,0.179165618082855,40,1969,21,"261-2","SAPU",91,67,27,0,29,0,0,3,0,0,0.103448276,NA,NA,"Ptarmagin",1,0,0,1,388.99561,"East","26B","Dwarf Shrub-Lichen","Low Shrub","Sandy Loam","Mesic",0,888.892761,295,13.025289,-149.351465,68.301786,0.116433977240724,1.1234833325489,"261-2-C-SAPU_2009",8.93160581588745,-9.70761712640524,122.367893218994,174.92541885376,5.93333339691162,-12.075000355641,1.5333333214124,10.4333333969116,7.80000019073486,0.775000007202228,37.3699991106987,305.809995651245,102.000001907349,2,"26B_2009",0.27
"5118","261-2-D-SAPU",2009,0.167666666666667,2.99803067488379,19,1990,21,"261-2","SAPU",122,71,29,0,41,2,0,11,0.048780488,0,0.268292683,"Moose",NA,"Ptarmagin",1,0,0,1,388.99561,"East","26B","Dwarf Shrub-Lichen","Low Shrub","Sandy Loam","Mesic",0,888.892761,295,13.025289,-149.351465,68.301786,1.4963013504797,4.46514349022088,"261-2-D-SAPU_2009",8.93160581588745,-9.70761712640524,122.367893218994,174.92541885376,5.93333339691162,-12.075000355641,1.5333333214124,10.4333333969116,7.80000019073486,0.775000007202228,37.3699991106987,305.809995651245,102.000001907349,2,"26B_2009",0.27
"5119","261-3-A-SAPU",2009,0.1015,1.12816791305267,7,2002,21,"261-3","SAPU",41,18,7,0,8,0,0,0,0,0,0,NA,NA,NA,0,0,0,1,380.53651,"East","26B","Tussock Tundra (Low shrub or Herbaceous)","Low Shrub","Sandy Loam","Mesic",0,884.224731,295,11.657486,-149.351558,68.302088,-1.4092430790328,0.244328150279533,"261-3-A-SAPU_2009",8.93160581588745,-9.70761712640524,122.367893218994,174.92541885376,5.93333339691162,-12.075000355641,1.5333333214124,10.4333333969116,7.80000019073486,0.775000007202228,37.3699991106987,305.809995651245,102.000001907349,2,"26B_2009",0.27
"5120","261-4-A-SAPU",2009,0.28625,2.13511766991612,13,1996,21,"261-4","SAPU",41,27,9,0,9,0,0,0,0,0,0,NA,NA,NA,0,0,0,0,405.679111,"East","26B","Low Shrub","Low Shrub","Sandy Loam","Mesic",0,886.626587,308,9.946874,-149.350886,68.302265,0.424063659500569,1.52815887251828,"261-4-A-SAPU_2009",8.93160581588745,-9.70761712640524,122.367893218994,174.92541885376,5.93333339691162,-12.075000355641,1.5333333214124,10.4333333969116,7.80000019073486,0.775000007202228,37.3699991106987,305.809995651245,102.000001907349,2,"26B_2009",0.27
"5121","268-1-C-SAPU",2009,0.075,0.941653128005368,12,1997,22,"268-1","SAPU",61,49,10,0,21,0,0,5,0,0,0.238095238,NA,NA,"Ptarmagin",1,0,1,2,212.091228,"West","26B","Low Shrub","Low Shrub","Sandy Gravel","Mesic",0,818.738892,195,1.432166,-149.327109,68.400098,-0.54914084462191,0.577445712911122,"268-1-C-SAPU_2009",9.99548625946045,-9.08634230184058,128,160.045135498047,5.93333339691162,-12.075000355641,1.5333333214124,10.4333333969116,7.80000019073486,0.775000007202228,37.3699991106987,305.809995651245,102.000001907349,2,"26B_2009",0.27
"5122","268-1-D-SAPU",2009,0.230666666666667,2.30345480671688,13,1996,22,"268-1","SAPU",75,52,13,0,37,0,0,6,0,0,0.162162162,NA,NA,"Ptarmagin",1,0,1,2,212.091228,"West","26B","Low Shrub","Low Shrub","Sandy Gravel","Mesic",0,818.738892,195,1.432166,-149.327109,68.400098,0.499951985427379,1.64864210995339,"268-1-D-SAPU_2009",9.99548625946045,-9.08634230184058,128,160.045135498047,5.93333339691162,-12.075000355641,1.5333333214124,10.4333333969116,7.80000019073486,0.775000007202228,37.3699991106987,305.809995651245,102.000001907349,2,"26B_2009",0.27
"5123","268-3-B-SAPU",2009,0.2515,2.66069728513235,31,1978,22,"268-3","SAPU",106,41,14,0,42,0,0,4,0,0,0.095238095,NA,NA,"Ptarmagin",1,0,0,0,206.549982,"West","26B","Low Shrub","Low Shrub","Sandy Gravel","Mesic",0,819.661011,150,1.610195,-149.326989,68.400547,2.32226364234584,10.1987344834803,"268-3-B-SAPU_2009",9.99548625946045,-9.08634230184058,128,160.045135498047,5.93333339691162,-12.075000355641,1.5333333214124,10.4333333969116,7.80000019073486,0.775000007202228,37.3699991106987,305.809995651245,102.000001907349,2,"26B_2009",0.27
"5124","268-4-C-SAPU",2009,0.1515,2.45186305507762,10,1999,22,"268-4","SAPU",81,62,16,0,39,3,0,11,0.076923077,0,0.282051282,"Moose",NA,"Ptarmagin",1,0,0,5,171.881056,"West","26B","Dwarf Shrub-Lichen","Low Shrub","Sandy Gravel","Mesic",0,820.486511,188,1.085947,-149.326166,68.400831,0.0557582000656566,1.05734198760102,"268-4-C-SAPU_2009",9.99548625946045,-9.08634230184058,128,160.045135498047,5.93333339691162,-12.075000355641,1.5333333214124,10.4333333969116,7.80000019073486,0.775000007202228,37.3699991106987,305.809995651245,102.000001907349,2,"26B_2009",0.27
"5125","282-1-D-SAPU",2009,0.165333333333333,1.15880366270678,18,1991,23,"282-1","SAPU",49,22,10,0,8,0,0,0,0,0,0,NA,NA,NA,0,0,0,0,577.316923,"West","26B","Tussock Tundra (Low shrub or Herbaceous)","Tussock Tundra","Clay Loam","Mesic",0,826.622314,26,2.82316,-149.530032,68.582817,0.44132872893737,1.5547717167994,"282-1-D-SAPU_2009",10.4333333969116,-8.80833314235012,125,152,10.3333336512248,-8.56666678190231,5.73333342870076,14.9666665395101,25.2999999523163,1.00833333283663,64.8399984836578,267.76999861002,83.5999994277954,2,"26B_2009",0.27
"5126","282-2-B-SAPU",2009,0.03425,0.275320344431272,19,1990,23,"282-2","SAPU",68,29,11,0,18,0,0,0,0,0,0,NA,NA,NA,0,0,0,0,604.079816,"West","26B","Low Shrub","Low Shrub-Tussock Tundra","Clay Loam","Mesic",0,826.41803,354,3.355184,-149.530916,68.583004,-0.891474251361949,0.410050788993451,"282-2-B-SAPU_2009",10.4333333969116,-8.80833314235012,125,152,10.3333336512248,-8.56666678190231,5.73333342870076,14.9666665395101,25.2999999523163,1.00833333283663,64.8399984836578,267.76999861002,83.5999994277954,2,"26B_2009",0.27
"5127","282-2-D-SAPU",2009,0.06025,0.22055963558563,12,1997,23,"282-2","SAPU",41,22,7,0,4,0,0,0,0,0,0,NA,NA,NA,0,0,0,0,604.079816,"West","26B","Low Shrub","Low Shrub-Tussock Tundra","Clay Loam","Mesic",0,826.41803,354,3.355184,-149.530916,68.583004,-2.00060970760067,0.135252793435669,"282-2-D-SAPU_2009",10.4333333969116,-8.80833314235012,125,152,10.3333336512248,-8.56666678190231,5.73333342870076,14.9666665395101,25.2999999523163,1.00833333283663,64.8399984836578,267.76999861002,83.5999994277954,2,"26B_2009",0.27
"5128","282-3-D-SAPU",2009,0.0616666666666667,0.34774813979886,30,1979,23,"282-3","SAPU",49,26,10,0,9,0,0,0,0,0,0,NA,NA,NA,0,0,0,0,571.732475,"West","26B","Low Shrub","Low Shrub-Tussock Tundra","Clay Loam","Mesic",0,823.876221,27,3.830761,-149.53038,68.583298,0.224080662578331,1.25117193811259,"282-3-D-SAPU_2009",10.4333333969116,-8.80833314235012,125,152,10.3333336512248,-8.56666678190231,5.73333342870076,14.9666665395101,25.2999999523163,1.00833333283663,64.8399984836578,267.76999861002,83.5999994277954,2,"26B_2009",0.27
"5129","282-4-C-SAPU",2009,0.1575,1.34759009574816,15,1994,23,"282-4","SAPU",45,23,12,0,10,0,0,0,0,0,0,NA,NA,NA,0,0,0,0,597.547448,"West","26B","Tussock Tundra (Low shrub or Herbaceous)","Low Shrub-Tussock Tundra","Clay Loam","Mesic",0,823.620117,358,4.137664,-149.531178,68.583423,0.240191041183637,1.27149203446348,"282-4-C-SAPU_2009",10.4333333969116,-8.80833314235012,125,152,10.3333336512248,-8.56666678190231,5.73333342870076,14.9666665395101,25.2999999523163,1.00833333283663,64.8399984836578,267.76999861002,83.5999994277954,2,"26B_2009",0.27
"5130","282-4-D-SAPU",2009,0.0425,0.217633831077431,32,1977,23,"282-4","SAPU",59,31,18,0,12,0,0,0,0,0,0,NA,NA,NA,0,0,0,0,597.547448,"West","26B","Tussock Tundra (Low shrub or Herbaceous)","Low Shrub-Tussock Tundra","Clay Loam","Mesic",0,823.620117,358,4.137664,-149.531178,68.583423,-0.119958366235129,0.886957363322771,"282-4-D-SAPU_2009",10.4333333969116,-8.80833314235012,125,152,10.3333336512248,-8.56666678190231,5.73333342870076,14.9666665395101,25.2999999523163,1.00833333283663,64.8399984836578,267.76999861002,83.5999994277954,2,"26B_2009",0.27
"5131","60-1-B-SAPU",2009,0.142,2.29923113219745,10,1999,1,"60-1","SAPU",98,NA,10,10,41,0,1,0,0,0.024390244,0,NA,"Hare",NA,1,0,1,0,1438.56091,"West","20F","Low Shrub","Low Shrub-Tussock Tundra","Silt Loam","Mesic",0,110.943649,215,1.507567,-149.840126,65.909691,-0.00851518945531915,0.991520962085233,"60-1-B-SAPU_2009",15.2258106867472,-5.55225706100464,83.3610844612122,76.3610849380493,14.5333334604899,-3.64166665077209,9.23333342870077,19.9000002543132,79.9000024795532,1.04166668777664,75.7099988460541,233.329998373985,129.300005435944,2,"20F_2009",0.375
"5132","60-2-D-SAPU",2009,0.06725,0.37516644214766,15,1994,1,"60-2","SAPU",84,NA,16,7,26,2,1,0,0.076923077,0.038461538,0,"Moose","Hare",NA,1,0,2,0,1432.670461,"West","20F","Low Shrub","Low Shrub","Silt Loam","Mesic",0,110.927505,264,1.953402,-149.84073,65.909949,-1.03851234754592,0.353980890994839,"60-2-D-SAPU_2009",15.2258106867472,-5.55225706100464,83.3610844612122,76.3610849380493,14.5333334604899,-3.64166665077209,9.23333342870077,19.9000002543132,79.9000024795532,1.04166668777664,75.7099988460541,233.329998373985,129.300005435944,2,"20F_2009",0.375
"5133","60-3-A-SAPU",2009,0.572,9.22095975906512,7,2002,1,"60-3","SAPU",139,NA,17,32,54,2,2,0,0.037037037,0.037037037,0,"Moose","Hare",NA,1,0,3,0,1403.187226,"West","20F","Low Shrub","Black Spruce Woodland","Silt Loam","Mesic",0,111.24585,78,1.323723,-149.840194,65.910114,0.691641047374751,1.99699000092836,"60-3-A-SAPU_2009",15.2258106867472,-5.55225706100464,83.3610844612122,76.3610849380493,14.5333334604899,-3.64166665077209,9.23333342870077,19.9000002543132,79.9000024795532,1.04166668777664,75.7099988460541,233.329998373985,129.300005435944,2,"20F_2009",0.375
"5134","60-3-B-SAPU",2009,0.02975,0.094654026807711,15,1994,1,"60-3","SAPU",81,NA,8,22,16,0,0,0,0,0,0,NA,NA,NA,0,0,3,0,1403.187226,"West","20F","Low Shrub","Black Spruce Woodland","Silt Loam","Mesic",0,111.24585,78,1.323723,-149.840194,65.910114,-2.41565369983134,0.0893089385975933,"60-3-B-SAPU_2009",15.2258106867472,-5.55225706100464,83.3610844612122,76.3610849380493,14.5333334604899,-3.64166665077209,9.23333342870077,19.9000002543132,79.9000024795532,1.04166668777664,75.7099988460541,233.329998373985,129.300005435944,2,"20F_2009",0.375
"5135","60-4-A-SAPU",2009,0.2595,2.33852538771039,8,2001,1,"60-4","SAPU",88,NA,10,8,23,1,2,0,0.043478261,0.086956522,0,"Moose","Hare",NA,1,0,1,0,1406.241796,"West","20F","Tall Shrub (Open-Closed)","Black Spruce Woodland","Silt Loam","Mesic",0,110.670654,252,1.181915,-149.840942,65.910317,-0.422465112939535,0.655429119923319,"60-4-A-SAPU_2009",15.2258106867472,-5.55225706100464,83.3610844612122,76.3610849380493,14.5333334604899,-3.64166665077209,9.23333342870077,19.9000002543132,79.9000024795532,1.04166668777664,75.7099988460541,233.329998373985,129.300005435944,2,"20F_2009",0.375
"5136","60-4-D-SAPU",2009,0.0715,0.539434235168105,14,1995,1,"60-4","SAPU",103,NA,15,13,35,1,4,0,0.028571429,0.114285714,0,"Moose","Hare",NA,1,0,1,0,1406.241796,"West","20F","Tall Shrub (Open-Closed)","Black Spruce Woodland","Silt Loam","Mesic",0,110.670654,252,1.181915,-149.840942,65.910317,-0.808588179618979,0.445486569469947,"60-4-D-SAPU_2009",15.2258106867472,-5.55225706100464,83.3610844612122,76.3610849380493,14.5333334604899,-3.64166665077209,9.23333342870077,19.9000002543132,79.9000024795532,1.04166668777664,75.7099988460541,233.329998373985,129.300005435944,2,"20F_2009",0.375
"5137","72-1-A-SAPU",2009,0.15675,1.53950508221744,9,2000,2,"72-1","SAPU",91,87,15,19,15,0,6,0,0,0.4,0,NA,"Hare",NA,1,0,0,0,895.937772,"West","20F","Tussock Tundra (Low shrub or Herbaceous)","Black Spruce Woodland","Clay Loam","Mesic",0,130.808105,148,1.606934,-150.14017,66.022623,-0.613082730966871,0.541678443667777,"72-1-A-SAPU_2009",15.4688688913981,-5.30625782410304,80.3107719421387,77,13.0333334604899,-5.31666688124339,7.86666679382324,18.2333335876465,68.0000014305115,1.09166667486231,78.7699980735779,246.069997549057,134.800002098083,2,"20F_2009",0.375
"5138","72-1-D-SAPU",2009,0.0255,0.0463840447339266,33,1976,2,"72-1","SAPU",68,54,18,0,8,0,1,0,0,0.125,0,NA,"Hare",NA,1,0,0,0,895.937772,"West","20F","Tussock Tundra (Low shrub or Herbaceous)","Black Spruce Woodland","Clay Loam","Mesic",0,130.808105,148,1.606934,-150.14017,66.022623,-1.60639597437493,0.200609313889539,"72-1-D-SAPU_2009",15.4688688913981,-5.30625782410304,80.3107719421387,77,13.0333334604899,-5.31666688124339,7.86666679382324,18.2333335876465,68.0000014305115,1.09166667486231,78.7699980735779,246.069997549057,134.800002098083,2,"20F_2009",0.375
"5139","72-2-A-SAGL",2009,0.26175,2.96834029827917,19,1990,2,"72-2","SAGL",129,121,17,0,12,0,0,0,0,0,0,NA,NA,NA,0,0,0,0,855.94066,"West","20F","Tussock Tundra (Low shrub or Herbaceous)","Black Spruce Woodland","Clay Loam","Mesic",0,131.055786,179,2.125059,-150.13956,66.022889,1.48634869355629,4.42092386534213,"72-2-A-SAGL_2009",15.4688688913981,-5.30625782410304,80.3107719421387,77,13.0333334604899,-5.31666688124339,7.86666679382324,18.2333335876465,68.0000014305115,1.09166667486231,78.7699980735779,246.069997549057,134.800002098083,2,"20F_2009",0.375
"5140","72-2-C-SAPU",2009,0.09725,1.32267196456759,12,1997,2,"72-2","SAPU",97,84,22,5,22,0,0,0,0,0,0,NA,NA,NA,0,0,0,0,855.94066,"West","20F","Tussock Tundra (Low shrub or Herbaceous)","Black Spruce Woodland","Clay Loam","Mesic",0,131.055786,179,2.125059,-150.13956,66.022889,-0.209368636893476,0.81109618054912,"72-2-C-SAPU_2009",15.4688688913981,-5.30625782410304,80.3107719421387,77,13.0333334604899,-5.31666688124339,7.86666679382324,18.2333335876465,68.0000014305115,1.09166667486231,78.7699980735779,246.069997549057,134.800002098083,2,"20F_2009",0.375
"5141","72-2-D-SAPU",2009,0.229,3.01175167161832,20,1989,2,"72-2","SAPU",79,60,21,0,11,0,0,0,0,0,0,NA,NA,NA,0,0,0,0,855.94066,"West","20F","Tussock Tundra (Low shrub or Herbaceous)","Black Spruce Woodland","Clay Loam","Mesic",0,131.055786,179,2.125059,-150.13956,66.022889,1.59991619585344,4.95261735713231,"72-2-D-SAPU_2009",15.4688688913981,-5.30625782410304,80.3107719421387,77,13.0333334604899,-5.31666688124339,7.86666679382324,18.2333335876465,68.0000014305115,1.09166667486231,78.7699980735779,246.069997549057,134.800002098083,2,"20F_2009",0.375
"5142","72-3-B-SAPU",2009,0.15625,1.59202662089923,21,1988,2,"72-3","SAPU",75,59,20,4,12,0,0,0,0,0,0,NA,NA,NA,0,0,1,0,885.368743,"West","20F","Tussock Tundra (Low shrub or Herbaceous)","Black Spruce Woodland","Clay Loam","Mesic",0,132.401993,119,2.284806,-150.140609,66.023021,1.05661715500693,2.87662334030722,"72-3-B-SAPU_2009",15.4688688913981,-5.30625782410304,80.3107719421387,77,13.0333334604899,-5.31666688124339,7.86666679382324,18.2333335876465,68.0000014305115,1.09166667486231,78.7699980735779,246.069997549057,134.800002098083,2,"20F_2009",0.375
"5143","72-3-D-SAGL",2009,0.11125,1.17476421164026,22,1987,2,"72-3","SAGL",128,109,19,9,10,0,2,0,0,0.2,0,NA,"Hare",NA,1,0,1,0,885.368743,"West","20F","Tussock Tundra (Low shrub or Herbaceous)","Black Spruce Woodland","Clay Loam","Mesic",0,132.401993,119,2.284806,-150.140609,66.023021,0.84250810015401,2.32218394887727,"72-3-D-SAGL_2009",15.4688688913981,-5.30625782410304,80.3107719421387,77,13.0333334604899,-5.31666688124339,7.86666679382324,18.2333335876465,68.0000014305115,1.09166667486231,78.7699980735779,246.069997549057,134.800002098083,2,"20F_2009",0.375
"5144","72-4-B-SAPU",2009,0.03475,0.151737681621294,38,1971,2,"72-4","SAPU",111,93,14,0,13,0,0,0,0,0,0,NA,NA,NA,0,0,0,0,844.255779,"West","20F","Tussock Tundra (Low shrub or Herbaceous)","Low Shrub-Tussock Tundra","Clay Loam","Mesic",0,132.260803,156,1.029158,-150.139994,66.023305,-0.148772006935164,0.861765569076276,"72-4-B-SAPU_2009",15.4688688913981,-5.30625782410304,80.3107719421387,77,13.0333334604899,-5.31666688124339,7.86666679382324,18.2333335876465,68.0000014305115,1.09166667486231,78.7699980735779,246.069997549057,134.800002098083,2,"20F_2009",0.375
"5145","111-2-C-SAPU",2008,0.0955,2.3953764337679,10,1998,6,"111-2","SAPU",87,78,14,0,21,0,0,0,0,0,0,NA,NA,NA,0,0,0,0,685.564701,"West","24A","Tall Shrub (Open-Closed)","Low Shrub","Gravely Sand Loam","Mesic",0,516.430603,8,6.353059,-150.737535,66.498284,0.0324504272090888,1.03298268404008,"111-2-C-SAPU_2008",12.104214032491,-6.52078596750895,373.252838134766,100.063211917877,12.200000445048,-5.76666673024495,7.53333361943563,16.9333337148031,55.1000018119812,0.941666671385368,112.609998703003,246.479997932911,252.800003051758,2,"24A_2008",0.87
"5146","147-1-A-SAPU",2008,0.383,5.05075847812357,20,1988,9,"147-1","SAPU",191,167,22,11,73,23,0,0,0.315068493,0,0,"Moose",NA,NA,1,1,0,0,984.758365,"West","24A","Low Shrub","Tall Shrub","Clay Loam","Mesic - Hydric",0,426.634277,145,7.907337,-150.485282,66.911769,2.1169327613537,8.30562305025527,"147-1-A-SAPU_2008",12.5333334604899,-6.39999981721242,355.361083984375,76.1354064941406,10.8000001907349,-7.24166689316432,6.16666666666667,15.5000006357829,39.7000002861023,0.983333363508185,104.869998693466,259.739998817444,232.100006103516,2,"24A_2008",0.87
"5147","147-1-D-SAPU",2008,0.11175,0.989938032644258,14,1994,9,"147-1","SAPU",211,134,21,18,47,15,0,0,0.319148936,0,0,"Moose",NA,NA,1,1,0,0,984.758365,"West","24A","Low Shrub","Tall Shrub","Clay Loam","Mesic - Hydric",0,426.634277,145,7.907337,-150.485282,66.911769,-0.201466709410115,0.817530793189438,"147-1-D-SAPU_2008",12.5333334604899,-6.39999981721242,355.361083984375,76.1354064941406,10.8000001907349,-7.24166689316432,6.16666666666667,15.5000006357829,39.7000002861023,0.983333363508185,104.869998693466,259.739998817444,232.100006103516,2,"24A_2008",0.87
"5148","147-2-B-SAPU",2008,0.05325,0.293384502189414,16,1992,9,"147-2","SAPU",104,97,14,31,12,5,0,0,0.416666667,0,0,"Moose",NA,NA,1,2,1,0,986.173835,"West","24A","Low Shrub","Tall Shrub","Clay Loam","Mesic - Hydric",0,428.943481,147,8.698308,-150.484958,66.912025,-1.15977260177064,0.313557475190859,"147-2-B-SAPU_2008",12.5333334604899,-6.39999981721242,355.361083984375,76.1354064941406,10.8000001907349,-7.24166689316432,6.16666666666667,15.5000006357829,39.7000002861023,0.983333363508185,104.869998693466,259.739998817444,232.100006103516,2,"24A_2008",0.87
"5149","147-3-B-SAPU",2008,0.036,0.350714837476147,19,1989,9,"147-3","SAPU",167,149,20,7,58,18,0,0,0.310344828,0,0,"Moose",NA,NA,1,2,1,0,952.272152,"West","24A","White Spruce or Black Spruce (Woodland)","Black Spruce Woodland","Clay Loam","Mesic - Hydric",0,425.583191,170,6.572863,-150.484233,66.911912,-0.649436095489137,0.522340243747236,"147-3-B-SAPU_2008",12.5333334604899,-6.39999981721242,355.361083984375,76.1354064941406,10.8000001907349,-7.24166689316432,6.16666666666667,15.5000006357829,39.7000002861023,0.983333363508185,104.869998693466,259.739998817444,232.100006103516,2,"24A_2008",0.87
"5150","147-4-A-SAPU",2008,0.239,2.86821126087441,17,1991,9,"147-4","SAPU",124,110,21,14,47,16,0,0,0.340425532,0,0,"Moose",NA,NA,1,0,1,0,956.341518,"West","24A","Tall Shrub (Open-Closed)","Tall Shrub","Clay Loam","Mesic - Hydric",0,428.39856,129,7.52786,-150.483929,66.912191,1.23725485576061,3.44614031589533,"147-4-A-SAPU_2008",12.5333334604899,-6.39999981721242,355.361083984375,76.1354064941406,10.8000001907349,-7.24166689316432,6.16666666666667,15.5000006357829,39.7000002861023,0.983333363508185,104.869998693466,259.739998817444,232.100006103516,2,"24A_2008",0.87
"5151","147-4-C-SAPU",2008,0.06775,0.321978100425142,22,1986,9,"147-4","SAPU",113,101,16,9,12,5,0,0,0.416666667,0,0,"Moose",NA,NA,1,0,1,0,956.341518,"West","24A","Tall Shrub (Open-Closed)","Tall Shrub","Clay Loam","Mesic - Hydric",0,428.39856,129,7.52786,-150.483929,66.912191,-0.451831103213174,0.636461656976507,"147-4-C-SAPU_2008",12.5333334604899,-6.39999981721242,355.361083984375,76.1354064941406,10.8000001907349,-7.24166689316432,6.16666666666667,15.5000006357829,39.7000002861023,0.983333363508185,104.869998693466,259.739998817444,232.100006103516,2,"24A_2008",0.87
"5152","173-3-A-SAPU",2008,0.08425,0.732301124211424,6,2002,12,"173-3","SAPU",59,53,10,0,2,0,0,0,0,0,0,NA,NA,NA,0,0,0,0,1278.311889,"East","24A","Low Shrub","Low Shrub","Clay Loam","Mesic",0,347.24527,24,1.739254,-150.191816,67.228627,-2.13907032265748,0.117764274923873,"173-3-A-SAPU_2008",12.9957046508789,-6.60951550801595,298.461227416992,93.7771759033203,10.7666670481364,-7.50833332538605,6,15.6000000635783,42.6000003814697,1.01666669299205,100.919997215271,261.289996862411,189.600002288818,2,"24A_2008",0.87
"5153","173-4-B-SAPU",2008,0.36075,7.97117894426618,10,1998,12,"173-4","SAPU",149,112,21,11,30,5,0,0,0.166666667,0,0,"Moose",NA,NA,1,1,0,0,1308.377258,"East","24A","Low Shrub","Low Shrub","Clay Loam","Mesic",0,346.165253,355,1.872125,-150.190975,67.22891,1.23474243845218,3.43749304064904,"173-4-B-SAPU_2008",12.9957046508789,-6.60951550801595,298.461227416992,93.7771759033203,10.7666670481364,-7.50833332538605,6,15.6000000635783,42.6000003814697,1.01666669299205,100.919997215271,261.289996862411,189.600002288818,2,"24A_2008",0.87
"5154","184-2-D-SAPU",2008,0.15575,2.69422495098009,17,1991,13,"184-2","SAPU",172,139,22,0,38,6,3,0,0.157894737,0.078947368,0,"Moose","Hare",NA,1,1,0,0,706.210196,"East","24A","White Spruce or Black Spruce (Open-Closed)","Tall Shrub","Clay Loam","Mesic",0,429.192566,258,16.706417,-150.109279,67.369156,1.17467684958053,3.23709670564262,"184-2-D-SAPU_2008",12.5651620229085,-6.50983756780624,228.232696533203,65.5486409664154,10.7666670481364,-7.50833332538605,6,15.6000000635783,42.6000003814697,1.01666669299205,100.919997215271,261.289996862411,189.600002288818,2,"24A_2008",0.87
"5155","184-3-C-SAPU",2008,0.12,1.55621933688223,11,1997,13,"184-3","SAPU",130,116,18,14,25,1,4,0,0.04,0.16,0,"Moose","Hare",NA,1,1,3,0,683.765397,"East","24A","White Spruce or Black Spruce (Open-Closed)","Tall Shrub","Clay Loam","Mesic",0,425.482941,261,10.788996,-150.109693,67.36937,-0.214784280342528,0.806715445788079,"184-3-C-SAPU_2008",12.5651620229085,-6.50983756780624,228.232696533203,65.5486409664154,10.7666670481364,-7.50833332538605,6,15.6000000635783,42.6000003814697,1.01666669299205,100.919997215271,261.289996862411,189.600002288818,2,"24A_2008",0.87
"5156","184-4-C-SAPU",2008,0.66825,10.2276023422667,8,2000,13,"184-4","SAPU",142,131,16,7,32,1,3,0,0.03125,0.09375,0,"Moose","Hare",NA,1,2,1,0,702.330496,"East","24A","White Spruce or Black Spruce (Open-Closed)","Tall Shrub","Clay Loam","Mesic",0,431.246765,263,17.707565,-150.109187,67.369491,1.05310450987587,2.86653650943718,"184-4-C-SAPU_2008",12.5651620229085,-6.50983756780624,228.232696533203,65.5486409664154,10.7666670481364,-7.50833332538605,6,15.6000000635783,42.6000003814697,1.01666669299205,100.919997215271,261.289996862411,189.600002288818,2,"24A_2008",0.87
"5157","184-4-D-SAPU",2008,0.232,2.0200063771464,13,1995,13,"184-4","SAPU",139,114,15,19,23,0,0,0,0,0,0,NA,NA,NA,0,2,1,0,702.330496,"East","24A","White Spruce or Black Spruce (Open-Closed)","Tall Shrub","Clay Loam","Mesic",0,431.246765,263,17.707565,-150.109187,67.369491,0.368642568035227,1.44577074663105,"184-4-D-SAPU_2008",12.5651620229085,-6.50983756780624,228.232696533203,65.5486409664154,10.7666670481364,-7.50833332538605,6,15.6000000635783,42.6000003814697,1.01666669299205,100.919997215271,261.289996862411,189.600002288818,2,"24A_2008",0.87
"5158","191-1-B-SAPU",2008,0.15425,3.69730564014109,6,2002,14,"191-1","SAPU",112,103,12,23,16,2,0,0,0.125,0,0,"Moose",NA,NA,1,1,0,0,1595.806211,"East","24A","Low Shrub","Low Shrub","Clay Loam","Mesic",0,492.755432,293,2.980974,-149.860617,67.475764,-0.519902495907381,0.594578518982927,"191-1-B-SAPU_2008",11.8438650767008,-6.75758101542791,232.142425537109,64.774322271347,8.93333355585734,-8.96666685740153,4.33333333333333,13.5666666030884,19.7000002861023,0.908333338797092,81.639997959137,278.909998416901,194.099998474121,2,"24A_2008",0.87
"5159","191-1-C-SAPU",2008,0.62575,19.6599904185404,6,2002,14,"191-1","SAPU",163,139,21,0,37,12,0,0,0.324324324,0,0,"Moose",NA,NA,1,1,0,0,1595.806211,"East","24A","Low Shrub","Low Shrub","Clay Loam","Mesic",0,492.755432,293,2.980974,-149.860617,67.475764,1.15107878244086,3.16160175111415,"191-1-C-SAPU_2008",11.8438650767008,-6.75758101542791,232.142425537109,64.774322271347,8.93333355585734,-8.96666685740153,4.33333333333333,13.5666666030884,19.7000002861023,0.908333338797092,81.639997959137,278.909998416901,194.099998474121,2,"24A_2008",0.87
"5160","191-3-A-SAPU",2008,0.494,13.7525763100943,6,2002,14,"191-3","SAPU",109,97,22,14,31,13,0,0,0.419354839,0,0,"Moose",NA,NA,1,2,0,0,1608.343863,"East","24A","Low Shrub","Low Shrub","Clay Loam","Mesic",0,494.475037,298,4.15829,-149.859591,67.475979,0.793719329648273,2.21160684306951,"191-3-A-SAPU_2008",11.8438650767008,-6.75758101542791,232.142425537109,64.774322271347,8.93333355585734,-8.96666685740153,4.33333333333333,13.5666666030884,19.7000002861023,0.908333338797092,81.639997959137,278.909998416901,194.099998474121,2,"24A_2008",0.87
"5161","191-4-A-SAPU",2008,0.097,1.23798385505522,17,1991,14,"191-4","SAPU",109,85,19,16,39,13,0,0,0.333333333,0,0,"Moose",NA,NA,1,1,0,0,1634.196324,"East","24A","Low Shrub","Low Shrub","Clay Loam","Mesic",0,497.007599,303,3.553675,-149.85875,67.475963,0.397050407369848,1.48743090564141,"191-4-A-SAPU_2008",11.8438650767008,-6.75758101542791,232.142425537109,64.774322271347,8.93333355585734,-8.96666685740153,4.33333333333333,13.5666666030884,19.7000002861023,0.908333338797092,81.639997959137,278.909998416901,194.099998474121,2,"24A_2008",0.87
"5162","191-4-D-SAPU",2008,0.20825,2.81828801566667,8,2000,14,"191-4","SAPU",114,103,16,7,34,2,0,0,0.058823529,0,0,"Moose",NA,NA,1,1,0,0,1634.196324,"East","24A","Low Shrub","Low Shrub","Clay Loam","Mesic",0,497.007599,303,3.553675,-149.85875,67.475963,-0.235856053517242,0.789894368265719,"191-4-D-SAPU_2008",11.8438650767008,-6.75758101542791,232.142425537109,64.774322271347,8.93333355585734,-8.96666685740153,4.33333333333333,13.5666666030884,19.7000002861023,0.908333338797092,81.639997959137,278.909998416901,194.099998474121,2,"24A_2008",0.87
"5163","203-1-C-SAPU",2008,0.109,1.26666188359352,12,1996,15,"203-1","SAPU",102,74,13,0,16,1,1,0,0.0625,0.0625,0,"Moose","Hare",NA,1,1,0,0,905.036767,"East","24A","Low Shrub","Low Shrub","Loam","Mesic",0,550.644958,299,23.927214,-149.794431,67.571449,-0.252637541162695,0.776749370480333,"203-1-C-SAPU_2008",12.1666666666667,-6.83333337306976,187,57,8.06666692097982,-9.85000000397364,3.5,12.7000001271566,15.4000000953674,0.825000005463759,67.7499979734421,286.209998607635,149.400001525879,2,"24A_2008",0.87
"5164","203-2-A-SAPU",2008,0.29025,3.25415493662021,12,1996,15,"203-2","SAPU",122,97,14,32,16,1,0,0,0.0625,0,0,"Moose",NA,NA,1,0,1,0,933.944119,"East","24A","Low Shrub","Low Shrub","Loam","Mesic",0,566.911377,300,26.508135,-149.793674,67.571447,0.69091007875803,1.99553079729078,"203-2-A-SAPU_2008",12.1666666666667,-6.83333337306976,187,57,8.06666692097982,-9.85000000397364,3.5,12.7000001271566,15.4000000953674,0.825000005463759,67.7499979734421,286.209998607635,149.400001525879,2,"24A_2008",0.87
"5165","203-2-B-SAPU",2008,0.87275,20.5684856068834,13,1995,15,"203-2","SAPU",129,107,22,18,35,2,0,0,0.057142857,0,0,"Moose",NA,NA,1,0,1,0,933.944119,"East","24A","Low Shrub","Low Shrub","Loam","Mesic",0,566.911377,300,26.508135,-149.793674,67.571447,2.68930197913395,14.7213964913036,"203-2-B-SAPU_2008",12.1666666666667,-6.83333337306976,187,57,8.06666692097982,-9.85000000397364,3.5,12.7000001271566,15.4000000953674,0.825000005463759,67.7499979734421,286.209998607635,149.400001525879,2,"24A_2008",0.87
"5166","203-3-D-SAPU",2008,0.06575,0.736540310798356,20,1988,15,"203-3","SAPU",117,104,18,17,39,2,3,0,0.051282051,0.076923077,0,"Moose","Hare",NA,1,0,1,0,922.335664,"East","24A","Low Shrub","Low Shrub","Loam","Mesic",0,556.241272,305,23.609533,-149.79364,67.571701,0.191603024003061,1.21118960831438,"203-3-D-SAPU_2008",12.1666666666667,-6.83333337306976,187,57,8.06666692097982,-9.85000000397364,3.5,12.7000001271566,15.4000000953674,0.825000005463759,67.7499979734421,286.209998607635,149.400001525879,2,"24A_2008",0.87
"5167","203-4-B-SAPU",2008,0.1735,2.58415944871111,12,1996,15,"203-4","SAPU",76,69,15,0,18,3,0,0,0.166666667,0,0,"Moose",NA,NA,1,1,1,0,951.384807,"East","24A","Low Shrub","Low Shrub","Loam","Mesic",0,569.135193,316,29.227108,-149.792864,67.571712,0.460377747064742,1.58467247732489,"203-4-B-SAPU_2008",12.1666666666667,-6.83333337306976,187,57,8.06666692097982,-9.85000000397364,3.5,12.7000001271566,15.4000000953674,0.825000005463759,67.7499979734421,286.209998607635,149.400001525879,2,"24A_2008",0.87
"5168","203-4-C-SAPU",2008,0.04,0.221922105049581,16,1992,15,"203-4","SAPU",75,68,9,10,9,1,0,0,0.111111111,0,0,"Moose",NA,NA,1,1,1,0,951.384807,"East","24A","Low Shrub","Low Shrub","Loam","Mesic",0,569.135193,316,29.227108,-149.792864,67.571712,-1.43893020249902,0.237181359032597,"203-4-C-SAPU_2008",12.1666666666667,-6.83333337306976,187,57,8.06666692097982,-9.85000000397364,3.5,12.7000001271566,15.4000000953674,0.825000005463759,67.7499979734421,286.209998607635,149.400001525879,2,"24A_2008",0.87
"5169","209-1-C-SAPU",2008,0.2435,2.37143121456225,11,1997,16,"209-1","SAPU",64,53,15,0,11,0,0,0,0,0,0,NA,NA,NA,0,0,1,0,698.873831,"East","24A","Low Shrub","Black Spruce Woodland","Sandy Loam","Mesic - Xeric",0,553.345276,287,19.679848,-149.692986,67.655886,0.206450002709913,1.22930627069835,"209-1-C-SAPU_2008",11.4243059158325,-7.27306101719538,173,55.9548642635345,8.06666692097982,-9.85000000397364,3.5,12.7000001271566,15.4000000953674,0.825000005463759,67.7499979734421,286.209998607635,149.400001525879,2,"24A_2008",0.87
"5170","209-1-D-SAPU",2008,0.027,0.187967771649586,19,1989,16,"209-1","SAPU",53,47,13,0,9,1,0,0,0.111111111,0,0,"Moose",NA,NA,1,0,1,0,698.873831,"East","24A","Low Shrub","Black Spruce Woodland","Sandy Loam","Mesic - Xeric",0,553.345276,287,19.679848,-149.692986,67.655886,-1.27313903917418,0.279951462466275,"209-1-D-SAPU_2008",11.4243059158325,-7.27306101719538,173,55.9548642635345,8.06666692097982,-9.85000000397364,3.5,12.7000001271566,15.4000000953674,0.825000005463759,67.7499979734421,286.209998607635,149.400001525879,2,"24A_2008",0.87
"5171","209-2-D-SAPU",2008,0.0425,0.15908632498697,31,1977,16,"209-2","SAPU",53,41,8,0,11,0,0,0,0,0,0,NA,NA,NA,0,0,0,0,728.528855,"East","24A","Low Shrub","Black Spruce Woodland","Sandy Loam","Mesic - Xeric",0,561.911133,287,21.070175,-149.692261,67.656,-0.4946328830093,0.609794732215866,"209-2-D-SAPU_2008",11.4243059158325,-7.27306101719538,173,55.9548642635345,8.06666692097982,-9.85000000397364,3.5,12.7000001271566,15.4000000953674,0.825000005463759,67.7499979734421,286.209998607635,149.400001525879,2,"24A_2008",0.87
"5172","209-3-A-SAPU",2008,0.0575,0.45115234000958,16,1992,16,"209-3","SAPU",74,55,12,0,9,0,0,0,0,0,0,NA,NA,NA,0,0,1,0,711.058695,"East","24A","Low Shrub","Black Spruce Woodland","Sandy Loam","Mesic - Xeric",0,553.430786,276,18.070417,-149.69261,67.656251,-0.729451579450835,0.482173351367147,"209-3-A-SAPU_2008",11.4243059158325,-7.27306101719538,173,55.9548642635345,8.06666692097982,-9.85000000397364,3.5,12.7000001271566,15.4000000953674,0.825000005463759,67.7499979734421,286.209998607635,149.400001525879,2,"24A_2008",0.87
"5173","209-3-B-SAPU",2008,0.02975,0.0985794468283715,32,1976,16,"209-3","SAPU",59,53,15,0,17,0,1,0,0,0.058823529,0,NA,"Hare",NA,1,0,1,0,711.058695,"East","24A","Low Shrub","Black Spruce Woodland","Sandy Loam","Mesic - Xeric",0,553.430786,276,18.070417,-149.69261,67.656251,-0.911909552970212,0.40175631611981,"209-3-B-SAPU_2008",11.4243059158325,-7.27306101719538,173,55.9548642635345,8.06666692097982,-9.85000000397364,3.5,12.7000001271566,15.4000000953674,0.825000005463759,67.7499979734421,286.209998607635,149.400001525879,2,"24A_2008",0.87
"5174","209-4-B-SAPU",2008,0.07025,0.78706026226074,11,1997,16,"209-4","SAPU",67,54,11,11,16,0,0,2,0,0,0.125,NA,NA,"Ptarmagin",1,0,0,0,738.024448,"East","24A","Low Shrub","Black Spruce Woodland","Sandy Loam","Mesic - Xeric",0,561.090881,296,18.584587,-149.691928,67.656444,-0.8964941195444,0.407997545901079,"209-4-B-SAPU_2008",11.4243059158325,-7.27306101719538,173,55.9548642635345,8.06666692097982,-9.85000000397364,3.5,12.7000001271566,15.4000000953674,0.825000005463759,67.7499979734421,286.209998607635,149.400001525879,2,"24A_2008",0.87
"5175","222-1-C-SAGL",2008,0.40575,5.91429498175563,9,1999,17,"222-1","SAGL",74,60,14,0,25,0,7,0,0,0.28,0,NA,"Hare",NA,1,2,18,0,769.468544,"East","24A","Low Shrub","Tall Shrub","Clay Loam","Mesic",0,669.484009,287,15.029548,-149.809491,67.826198,0.732828578181382,2.08095844444705,"222-1-C-SAGL_2008",10.8333333333333,-7.81666654348373,168,61,8.06666692097982,-9.85000000397364,3.5,12.7000001271566,15.4000000953674,0.825000005463759,67.7499979734421,286.209998607635,149.400001525879,2,"24A_2008",0.87
"5176","222-2-B-SAGL",2008,0.35325,5.64622013173125,14,1994,17,"222-2","SAGL",106,74,19,0,21,0,10,0,0,0.476190476,0,NA,"Hare",NA,1,3,13,0,794.735172,"East","24A","Low Shrub","Tall Shrub","Clay Loam","Mesic",0,676.198608,282,15.59229,-149.808768,67.826375,1.53963253973348,4.66287653428828,"222-2-B-SAGL_2008",10.8333333333333,-7.81666654348373,168,61,8.06666692097982,-9.85000000397364,3.5,12.7000001271566,15.4000000953674,0.825000005463759,67.7499979734421,286.209998607635,149.400001525879,2,"24A_2008",0.87
"5177","222-2-C-SAGL",2008,0.43,6.55044059422047,6,2002,17,"222-2","SAGL",67,53,14,0,18,0,8,0,0,0.444444444,0,NA,"Hare",NA,1,3,13,0,794.735172,"East","24A","Low Shrub","Tall Shrub","Clay Loam","Mesic",0,676.198608,282,15.59229,-149.808768,67.826375,0.0520254687581176,1.053402571027,"222-2-C-SAGL_2008",10.8333333333333,-7.81666654348373,168,61,8.06666692097982,-9.85000000397364,3.5,12.7000001271566,15.4000000953674,0.825000005463759,67.7499979734421,286.209998607635,149.400001525879,2,"24A_2008",0.87
"5178","222-3-B-SAGL",2008,0.1715,1.81866248937599,13,1995,17,"222-3","SAGL",90,74,14,0,22,0,5,0,0,0.227272727,0,NA,"Hare",NA,1,2,11,1,778.440723,"East","24A","Low Shrub","Low Shrub","Clay Loam","Mesic",0,672.469177,278,13.422374,-149.809021,67.826615,0.26364323459698,1.30166372486875,"222-3-B-SAGL_2008",10.8333333333333,-7.81666654348373,168,61,8.06666692097982,-9.85000000397364,3.5,12.7000001271566,15.4000000953674,0.825000005463759,67.7499979734421,286.209998607635,149.400001525879,2,"24A_2008",0.87
"5179","222-3-D-SAGL",2008,0.14925,1.1720895381948,15,1993,17,"222-3","SAGL",89,75,11,0,18,1,6,0,0.055555556,0.333333333,0,"Moose","Hare",NA,1,2,11,1,778.440723,"East","24A","Low Shrub","Low Shrub","Clay Loam","Mesic",0,672.469177,278,13.422374,-149.809021,67.826615,0.100661244222891,1.10590194762843,"222-3-D-SAGL_2008",10.8333333333333,-7.81666654348373,168,61,8.06666692097982,-9.85000000397364,3.5,12.7000001271566,15.4000000953674,0.825000005463759,67.7499979734421,286.209998607635,149.400001525879,2,"24A_2008",0.87
"5180","222-4-C-SAGL",2008,0.1615,2.06447719195429,17,1991,17,"222-4","SAGL",71,66,12,8,15,1,4,0,0.066666667,0.266666667,0,"Moose","Hare",NA,1,0,15,0,805.061274,"East","24A","Low Shrub","Low Shrub","Clay Loam","Mesic",0,678.755371,278,16.631924,-149.808355,67.826658,0.90844329289288,2.48045817945472,"222-4-C-SAGL_2008",10.8333333333333,-7.81666654348373,168,61,8.06666692097982,-9.85000000397364,3.5,12.7000001271566,15.4000000953674,0.825000005463759,67.7499979734421,286.209998607635,149.400001525879,2,"24A_2008",0.87
"5181","235-1-C-SAPU",2008,0.31075,3.99554684822342,7,2001,18,"235-1","SAPU",53,45,12,20,23,0,3,5,0,0.130434783,0.217391304,NA,"Hare","Ptarmagin",1,0,5,0,477.732622,"East","24A","Low Shrub","Low Shrub","Sandy Gravel","Mesic",0,813.776917,295,20.303024,-149.727576,68.004859,-0.144657627109097,0.865318503998324,"235-1-C-SAPU_2008",8.59999990463257,-9.06666680984199,166,75,6.93333339691162,-10.9750001740952,2.53333342075348,11.4333337148031,10.2000002264977,0.758333352704843,49.2299990057945,295.589996337891,113.200000762939,2,"24A_2008",0.87
"5182","235-2-B-SAPU",2008,0.1555,1.36955925317471,9,1999,18,"235-2","SAPU",50,47,10,6,17,0,0,3,0,0,0.176470588,NA,NA,"Ptarmagin",1,0,0,0,510.631222,"East","24A","Dwarf Shrub-Lichen","Low Shrub","Sandy Gravel","Mesic",0,828.022217,289,26.243103,-149.726481,68.004961,-0.730054745488715,0.481882608469168,"235-2-B-SAPU_2008",8.59999990463257,-9.06666680984199,166,75,6.93333339691162,-10.9750001740952,2.53333342075348,11.4333337148031,10.2000002264977,0.758333352704843,49.2299990057945,295.589996337891,113.200000762939,2,"24A_2008",0.87
"5183","235-3-B-SAPU",2008,0.18625,1.90676511740372,18,1990,18,"235-3","SAPU",47,41,14,0,11,0,1,4,0,0.090909091,0.363636364,NA,"Hare","Ptarmagin",1,0,1,0,482.982181,"East","24A","Dwarf Shrub-Lichen","Low Shrub","Sandy Gravel","Mesic",0,817.546387,298,18.704132,-149.726784,68.005244,0.939348731646199,2.55831472623601,"235-3-B-SAPU_2008",8.59999990463257,-9.06666680984199,166,75,6.93333339691162,-10.9750001740952,2.53333342075348,11.4333337148031,10.2000002264977,0.758333352704843,49.2299990057945,295.589996337891,113.200000762939,2,"24A_2008",0.87
"5184","235-4-C-SAPU",2008,0.06025,0.478360299535534,17,1991,18,"235-4","SAPU",41,39,10,0,15,0,0,0,0,0,0,NA,NA,NA,0,0,0,0,503.848767,"East","24A","Low Shrub","Low Shrub","Sandy Gravel","Mesic",0,825.290771,293,20.728168,-149.726015,68.005351,-0.553824791366593,0.574747312459336,"235-4-C-SAPU_2008",8.59999990463257,-9.06666680984199,166,75,6.93333339691162,-10.9750001740952,2.53333342075348,11.4333337148031,10.2000002264977,0.758333352704843,49.2299990057945,295.589996337891,113.200000762939,2,"24A_2008",0.87
"5185","240-1-B-SAPU",2008,0.27325,3.79323260102213,8,2000,19,"240-1","SAPU",58,47,12,0,24,0,1,9,0,0.041666667,0.375,NA,"Hare","Ptarmagin",1,0,1,0,395.986648,"West","24A","Low Shrub","Low Shrub","Sandy Loam","Mesic",0,1043.032227,75,23.365055,-149.606437,68.069578,0.0612329171141275,1.06314651036847,"240-1-B-SAPU_2008",7.55312617619832,-9.53214640418688,200.534614562988,108.857580661774,6.93333339691162,-10.9750001740952,2.53333342075348,11.4333337148031,10.2000002264977,0.758333352704843,49.2299990057945,295.589996337891,113.200000762939,2,"24A_2008",0.87
"5186","240-1-D-SAPU",2008,0.50875,7.53951115459326,9,1999,19,"240-1","SAPU",115,81,18,0,57,3,0,19,0.052631579,0,0.333333333,"Moose",NA,"Ptarmagin",1,0,1,0,395.986648,"West","24A","Low Shrub","Low Shrub","Sandy Loam","Mesic",0,1043.032227,75,23.365055,-149.606437,68.069578,0.975613625752897,2.65279453469131,"240-1-D-SAPU_2008",7.55312617619832,-9.53214640418688,200.534614562988,108.857580661774,6.93333339691162,-10.9750001740952,2.53333342075348,11.4333337148031,10.2000002264977,0.758333352704843,49.2299990057945,295.589996337891,113.200000762939,2,"24A_2008",0.87
"5187","240-2-A-SAPU",2008,0.21225,1.79053286510529,13,1995,19,"240-2","SAPU",59,51,16,0,29,0,0,11,0,0,0.379310345,NA,NA,"Ptarmagin",1,0,0,0,426.292991,"West","24A","Tussock Tundra (Low shrub or Herbaceous)","Low Shrub","Sandy Loam","Mesic",0,1048.270996,87,24.096361,-149.606886,68.069926,0.248055165178671,1.28153062611004,"240-2-A-SAPU_2008",7.55312617619832,-9.53214640418688,200.534614562988,108.857580661774,6.93333339691162,-10.9750001740952,2.53333342075348,11.4333337148031,10.2000002264977,0.758333352704843,49.2299990057945,295.589996337891,113.200000762939,2,"24A_2008",0.87
"5188","240-3-B-SAPU",2008,0.21625,8.38494711709625,13,1995,19,"240-3","SAPU",122,81,25,0,57,1,3,7,0.01754386,0.052631579,0.122807018,"Moose","Hare","Ptarmagin",1,0,1,3,399.798137,"West","24A","Low Shrub","Low Shrub","Sandy Loam","Mesic",0,1034.808228,93,20.584356,-149.606025,68.07014,1.79197998803321,6.00132325872728,"240-3-B-SAPU_2008",7.55312617619832,-9.53214640418688,200.534614562988,108.857580661774,6.93333339691162,-10.9750001740952,2.53333342075348,11.4333337148031,10.2000002264977,0.758333352704843,49.2299990057945,295.589996337891,113.200000762939,2,"24A_2008",0.87
"5189","240-3-D-SAPU",2008,0.36725,9.5735282495765,23,1985,19,"240-3","SAPU",167,110,47,0,149,7,11,21,0.046979866,0.073825503,0.140939597,"Moose","Hare","Ptarmagin",1,0,1,3,399.798137,"West","24A","Low Shrub","Low Shrub","Sandy Loam","Mesic",0,1034.808228,93,20.584356,-149.606025,68.07014,3.02627990918201,20.620380042334,"240-3-D-SAPU_2008",7.55312617619832,-9.53214640418688,200.534614562988,108.857580661774,6.93333339691162,-10.9750001740952,2.53333342075348,11.4333337148031,10.2000002264977,0.758333352704843,49.2299990057945,295.589996337891,113.200000762939,2,"24A_2008",0.87
"5190","240-4-B-SAPU",2008,0.258,2.23990215493441,17,1991,19,"240-4","SAPU",118,104,19,0,27,3,0,5,0.111111111,0,0.185185185,"Moose",NA,"Ptarmagin",1,0,2,0,431.079046,"West","24A","Low Shrub","Low Shrub","Sandy Loam","Mesic",0,1046.807861,94,24.616484,-149.606605,68.070368,0.989998458423412,2.69123032360841,"240-4-B-SAPU_2008",7.55312617619832,-9.53214640418688,200.534614562988,108.857580661774,6.93333339691162,-10.9750001740952,2.53333342075348,11.4333337148031,10.2000002264977,0.758333352704843,49.2299990057945,295.589996337891,113.200000762939,2,"24A_2008",0.87
"5191","240-4-D-SAPU",2008,0.670333333333333,9.6794839403096,10,1998,19,"240-4","SAPU",77,61,11,0,15,0,1,2,0,0.066666667,0.133333333,NA,"Hare","Ptarmagin",1,0,2,0,431.079046,"West","24A","Low Shrub","Low Shrub","Sandy Loam","Mesic",0,1046.807861,94,24.616484,-149.606605,68.070368,1.42891862176185,4.17418287991419,"240-4-D-SAPU_2008",7.55312617619832,-9.53214640418688,200.534614562988,108.857580661774,6.93333339691162,-10.9750001740952,2.53333342075348,11.4333337148031,10.2000002264977,0.758333352704843,49.2299990057945,295.589996337891,113.200000762939,2,"24A_2008",0.87
"5192","255-1-C-SAGL",2008,0.21075,3.20435323177826,19,1989,20,"255-1","SAGL",69,56,17,0,31,0,0,20,0,0,0.64516129,NA,NA,"Ptarmagin",1,0,0,0,585.543915,"East","26B","Low Shrub","Low Shrub","Sandy Gravel","Mesic - Xeric",0,991.483582,331,1.701594,-149.392735,68.222633,1.56285598932034,4.77243181436012,"255-1-C-SAGL_2008",7.9363423983256,-9.91171838032703,195.729187011719,121,5.03333338101705,-12.4583335220814,0.699999995529652,9.40000009536743,6.49999994039536,0.650000018378099,39.4699987769127,312.899998664856,114.300003051758,2,"26B_2008",0.27
"5193","255-1-D-SAGL",2008,0.0585,0.352128554170266,10,1998,20,"255-1","SAGL",42,37,10,0,21,0,0,8,0,0,0.380952381,NA,NA,"Ptarmagin",1,0,0,0,585.543915,"East","26B","Low Shrub","Low Shrub","Sandy Gravel","Mesic - Xeric",0,991.483582,331,1.701594,-149.392735,68.222633,-1.88484892550027,0.151851998661351,"255-1-D-SAGL_2008",7.9363423983256,-9.91171838032703,195.729187011719,121,5.03333338101705,-12.4583335220814,0.699999995529652,9.40000009536743,6.49999994039536,0.650000018378099,39.4699987769127,312.899998664856,114.300003051758,2,"26B_2008",0.27
"5194","255-2-A-SAPU",2008,0.10925,1.50613076536111,10,1998,20,"255-2","SAPU",51,48,12,0,26,0,0,5,0,0,0.192307692,NA,NA,"Ptarmagin",1,0,1,1,631.079496,"East","26B","Low Shrub","Low Shrub","Sandy Gravel","Mesic - Xeric",0,993.382141,286,2.676414,-149.39171,68.222788,-0.431546010956736,0.649504177542063,"255-2-A-SAPU_2008",7.9363423983256,-9.91171838032703,195.729187011719,121,5.03333338101705,-12.4583335220814,0.699999995529652,9.40000009536743,6.49999994039536,0.650000018378099,39.4699987769127,312.899998664856,114.300003051758,2,"26B_2008",0.27
"5195","255-3-A-SAPU",2008,0.05875,0.429444916520977,12,1996,20,"255-3","SAPU",54,46,9,0,20,0,0,3,0,0,0.15,NA,NA,"Ptarmagin",1,0,1,0,600.399561,"East","26B","Tussock Tundra (Low shrub or Herbaceous)","Low Shrub","Sandy Gravel","Mesic - Xeric",0,990.277893,304,2.837043,-149.392647,68.223106,-1.33428433913421,0.263346574870719,"255-3-A-SAPU_2008",7.9363423983256,-9.91171838032703,195.729187011719,121,5.03333338101705,-12.4583335220814,0.699999995529652,9.40000009536743,6.49999994039536,0.650000018378099,39.4699987769127,312.899998664856,114.300003051758,2,"26B_2008",0.27
"5196","255-3-C-SAPU",2008,0.05,0.25533294292051,14,1994,20,"255-3","SAPU",48,42,12,0,11,0,0,3,0,0,0.272727273,NA,NA,"Ptarmagin",1,0,1,0,600.399561,"East","26B","Tussock Tundra (Low shrub or Herbaceous)","Low Shrub","Sandy Gravel","Mesic - Xeric",0,990.277893,304,2.837043,-149.392647,68.223106,-1.55654070525171,0.210864252579142,"255-3-C-SAPU_2008",7.9363423983256,-9.91171838032703,195.729187011719,121,5.03333338101705,-12.4583335220814,0.699999995529652,9.40000009536743,6.49999994039536,0.650000018378099,39.4699987769127,312.899998664856,114.300003051758,2,"26B_2008",0.27
"5197","255-4-A-SAPU",2008,0.077,0.557101766853731,22,1986,20,"255-4","SAPU",72,61,14,0,18,0,2,3,0,0.111111111,0.166666667,NA,"Hare","Ptarmagin",1,0,0,2,644.564014,"East","26B","Low Shrub","Low Shrub","Sandy Gravel","Mesic - Xeric",0,993.003235,239,7.430982,-149.391619,68.223199,0.0964332931989538,1.10123611875492,"255-4-A-SAPU_2008",7.9363423983256,-9.91171838032703,195.729187011719,121,5.03333338101705,-12.4583335220814,0.699999995529652,9.40000009536743,6.49999994039536,0.650000018378099,39.4699987769127,312.899998664856,114.300003051758,2,"26B_2008",0.27
"5198","261-1-B-SAPU",2008,0.237,4.00274089905059,6,2002,21,"261-1","SAPU",65,51,10,0,19,0,0,5,0,0,0.263157895,NA,NA,"Ptarmagin",1,0,0,0,356.206777,"East","26B","Dwarf Shrub","Low Shrub","Sandy Loam","Mesic",0,883.832947,287,13.943512,-149.352299,68.301689,-0.440527493696728,0.643696785516242,"261-1-B-SAPU_2008",8.12949848175049,-10.0409504224857,199.735786437988,125.178262710571,5.03333338101705,-12.4583335220814,0.699999995529652,9.40000009536743,6.49999994039536,0.650000018378099,39.4699987769127,312.899998664856,114.300003051758,2,"26B_2008",0.27
"5199","261-1-C-SAPU",2008,0.343,3.42612198783644,10,1998,21,"261-1","SAPU",69,41,17,0,31,0,0,3,0,0,0.096774194,NA,NA,"Ptarmagin",1,0,0,0,356.206777,"East","26B","Dwarf Shrub","Low Shrub","Sandy Loam","Mesic",0,883.832947,287,13.943512,-149.352299,68.301689,0.390339039604511,1.47748163376435,"261-1-C-SAPU_2008",8.12949848175049,-10.0409504224857,199.735786437988,125.178262710571,5.03333338101705,-12.4583335220814,0.699999995529652,9.40000009536743,6.49999994039536,0.650000018378099,39.4699987769127,312.899998664856,114.300003051758,2,"26B_2008",0.27
"5200","261-2-C-SAPU",2008,0.14825,1.15375716696386,39,1969,21,"261-2","SAPU",91,67,27,0,29,0,0,3,0,0,0.103448276,NA,NA,"Ptarmagin",1,0,0,1,388.99561,"East","26B","Dwarf Shrub-Lichen","Low Shrub","Sandy Loam","Mesic",0,888.892761,295,13.025289,-149.351465,68.301786,1.93001304449956,6.88960011238075,"261-2-C-SAPU_2008",8.12949848175049,-10.0409504224857,199.735786437988,125.178262710571,5.03333338101705,-12.4583335220814,0.699999995529652,9.40000009536743,6.49999994039536,0.650000018378099,39.4699987769127,312.899998664856,114.300003051758,2,"26B_2008",0.27
"5201","261-2-D-SAPU",2008,0.324,6.29386676291683,18,1990,21,"261-2","SAPU",122,71,29,0,41,2,0,11,0.048780488,0,0.268292683,"Moose",NA,"Ptarmagin",1,0,0,1,388.99561,"East","26B","Dwarf Shrub-Lichen","Low Shrub","Sandy Loam","Mesic",0,888.892761,295,13.025289,-149.351465,68.301786,2.13351621076762,8.44450733735986,"261-2-D-SAPU_2008",8.12949848175049,-10.0409504224857,199.735786437988,125.178262710571,5.03333338101705,-12.4583335220814,0.699999995529652,9.40000009536743,6.49999994039536,0.650000018378099,39.4699987769127,312.899998664856,114.300003051758,2,"26B_2008",0.27
"5202","261-3-A-SAPU",2008,0.17,2.03454252635455,6,2002,21,"261-3","SAPU",41,18,7,0,8,0,0,0,0,0,0,NA,NA,NA,0,0,0,1,380.53651,"East","26B","Tussock Tundra (Low shrub or Herbaceous)","Low Shrub","Sandy Loam","Mesic",0,884.224731,295,11.657486,-149.351558,68.302088,-1.11723585407152,0.327182927208991,"261-3-A-SAPU_2008",8.12949848175049,-10.0409504224857,199.735786437988,125.178262710571,5.03333338101705,-12.4583335220814,0.699999995529652,9.40000009536743,6.49999994039536,0.650000018378099,39.4699987769127,312.899998664856,114.300003051758,2,"26B_2008",0.27
"5203","261-4-A-SAPU",2008,0.233,2.11801621395676,12,1996,21,"261-4","SAPU",41,27,9,0,9,0,0,0,0,0,0,NA,NA,NA,0,0,0,0,405.679111,"East","26B","Low Shrub","Low Shrub","Sandy Loam","Mesic",0,886.626587,308,9.946874,-149.350886,68.302265,0.261457359355302,1.29882155780255,"261-4-A-SAPU_2008",8.12949848175049,-10.0409504224857,199.735786437988,125.178262710571,5.03333338101705,-12.4583335220814,0.699999995529652,9.40000009536743,6.49999994039536,0.650000018378099,39.4699987769127,312.899998664856,114.300003051758,2,"26B_2008",0.27
"5204","268-1-C-SAPU",2008,0.12575,1.65814575798393,11,1997,22,"268-1","SAPU",61,49,10,0,21,0,0,5,0,0,0.238095238,NA,NA,"Ptarmagin",1,0,1,2,212.091228,"West","26B","Low Shrub","Low Shrub","Sandy Gravel","Mesic",0,818.738892,195,1.432166,-149.327109,68.400098,-0.151343693389611,0.859552225468104,"268-1-C-SAPU_2008",9.16516208648682,-9.39429942828914,194.864593505859,108.909729003906,5.03333338101705,-12.4583335220814,0.699999995529652,9.40000009536743,6.49999994039536,0.650000018378099,39.4699987769127,312.899998664856,114.300003051758,2,"26B_2008",0.27
"5205","268-1-D-SAPU",2008,0.172,1.93518752466372,12,1996,22,"268-1","SAPU",75,52,13,0,37,0,0,6,0,0,0.162162162,NA,NA,"Ptarmagin",1,0,1,2,212.091228,"West","26B","Low Shrub","Low Shrub","Sandy Gravel","Mesic",0,818.738892,195,1.432166,-149.327109,68.400098,0.171181690647579,1.18670634287935,"268-1-D-SAPU_2008",9.16516208648682,-9.39429942828914,194.864593505859,108.909729003906,5.03333338101705,-12.4583335220814,0.699999995529652,9.40000009536743,6.49999994039536,0.650000018378099,39.4699987769127,312.899998664856,114.300003051758,2,"26B_2008",0.27
"5206","268-3-B-SAPU",2008,0.2435,2.95472679556346,30,1978,22,"268-3","SAPU",106,41,14,0,42,0,0,4,0,0,0.095238095,NA,NA,"Ptarmagin",1,0,0,0,206.549982,"West","26B","Low Shrub","Low Shrub","Sandy Gravel","Mesic",0,819.661011,150,1.610195,-149.326989,68.400547,2.36376365163342,10.6308872091642,"268-3-B-SAPU_2008",9.16516208648682,-9.39429942828914,194.864593505859,108.909729003906,5.03333338101705,-12.4583335220814,0.699999995529652,9.40000009536743,6.49999994039536,0.650000018378099,39.4699987769127,312.899998664856,114.300003051758,2,"26B_2008",0.27
"5207","268-4-C-SAPU",2008,0.265,4.63548279222481,9,1999,22,"268-4","SAPU",81,62,16,0,39,3,0,11,0.076923077,0,0.282051282,"Moose",NA,"Ptarmagin",1,0,0,5,171.881056,"West","26B","Dwarf Shrub-Lichen","Low Shrub","Sandy Gravel","Mesic",0,820.486511,188,1.085947,-149.326166,68.400831,0.489196635328746,1.63100540137512,"268-4-C-SAPU_2008",9.16516208648682,-9.39429942828914,194.864593505859,108.909729003906,5.03333338101705,-12.4583335220814,0.699999995529652,9.40000009536743,6.49999994039536,0.650000018378099,39.4699987769127,312.899998664856,114.300003051758,2,"26B_2008",0.27
"5208","282-1-D-SAPU",2008,0.233333333333333,1.92764632545024,17,1991,23,"282-1","SAPU",49,22,10,0,8,0,0,0,0,0,0,NA,NA,NA,0,0,0,0,577.316923,"West","26B","Tussock Tundra (Low shrub or Herbaceous)","Tussock Tundra","Clay Loam","Mesic",0,826.622314,26,2.82316,-149.530032,68.582817,0.839866012547802,2.31605663346304,"282-1-D-SAPU_2008",9.69999980926514,-9.05833333233992,156,91,9.46666701634725,-8.93333339691162,5.03333353996277,14.0000003178914,20.4000002145767,0.883333370089531,56.1199980974197,271.239998102188,82.8000030517578,2,"26B_2008",0.27
"5209","282-2-B-SAPU",2008,0.08725,0.734667136178654,18,1990,23,"282-2","SAPU",68,29,11,0,18,0,0,0,0,0,0,NA,NA,NA,0,0,0,0,604.079816,"West","26B","Low Shrub","Low Shrub-Tussock Tundra","Clay Loam","Mesic",0,826.41803,354,3.355184,-149.530916,68.583004,-0.014397177042299,0.985705966724765,"282-2-B-SAPU_2008",9.69999980926514,-9.05833333233992,156,91,9.46666701634725,-8.93333339691162,5.03333353996277,14.0000003178914,20.4000002145767,0.883333370089531,56.1199980974197,271.239998102188,82.8000030517578,2,"26B_2008",0.27
"5210","282-2-D-SAPU",2008,0.06075,0.245483068203802,11,1997,23,"282-2","SAPU",41,22,7,0,4,0,0,0,0,0,0,NA,NA,NA,0,0,0,0,604.079816,"West","26B","Low Shrub","Low Shrub-Tussock Tundra","Clay Loam","Mesic",0,826.41803,354,3.355184,-149.530916,68.583004,-2.06157096091705,0.127253901880055,"282-2-D-SAPU_2008",9.69999980926514,-9.05833333233992,156,91,9.46666701634725,-8.93333339691162,5.03333353996277,14.0000003178914,20.4000002145767,0.883333370089531,56.1199980974197,271.239998102188,82.8000030517578,2,"26B_2008",0.27
"5211","282-3-D-SAPU",2008,0.0606666666666667,0.365424488043128,29,1979,23,"282-3","SAPU",49,26,10,0,9,0,0,0,0,0,0,NA,NA,NA,0,0,0,0,571.732475,"West","26B","Low Shrub","Low Shrub-Tussock Tundra","Clay Loam","Mesic",0,823.876221,27,3.830761,-149.53038,68.583298,0.208197107370036,1.23145587465737,"282-3-D-SAPU_2008",9.69999980926514,-9.05833333233992,156,91,9.46666701634725,-8.93333339691162,5.03333353996277,14.0000003178914,20.4000002145767,0.883333370089531,56.1199980974197,271.239998102188,82.8000030517578,2,"26B_2008",0.27
"5212","282-4-C-SAPU",2008,0.17175,1.64716785515504,14,1994,23,"282-4","SAPU",45,23,12,0,10,0,0,0,0,0,0,NA,NA,NA,0,0,0,0,597.547448,"West","26B","Tussock Tundra (Low shrub or Herbaceous)","Low Shrub-Tussock Tundra","Clay Loam","Mesic",0,823.620117,358,4.137664,-149.531178,68.583423,0.307703583391774,1.3602977143368,"282-4-C-SAPU_2008",9.69999980926514,-9.05833333233992,156,91,9.46666701634725,-8.93333339691162,5.03333353996277,14.0000003178914,20.4000002145767,0.883333370089531,56.1199980974197,271.239998102188,82.8000030517578,2,"26B_2008",0.27
"5213","282-4-D-SAPU",2008,0.04075,0.219330094760831,31,1977,23,"282-4","SAPU",59,31,18,0,12,0,0,0,0,0,0,NA,NA,NA,0,0,0,0,597.547448,"West","26B","Tussock Tundra (Low shrub or Herbaceous)","Low Shrub-Tussock Tundra","Clay Loam","Mesic",0,823.620117,358,4.137664,-149.531178,68.583423,-0.173501985325662,0.840715482066204,"282-4-D-SAPU_2008",9.69999980926514,-9.05833333233992,156,91,9.46666701634725,-8.93333339691162,5.03333353996277,14.0000003178914,20.4000002145767,0.883333370089531,56.1199980974197,271.239998102188,82.8000030517578,2,"26B_2008",0.27
"5214","60-1-B-SAPU",2008,0.1625,2.78661231868823,9,1999,1,"60-1","SAPU",98,NA,10,10,41,0,1,0,0,0.024390244,0,NA,"Hare",NA,1,0,1,0,1438.56091,"West","20F","Low Shrub","Low Shrub-Tussock Tundra","Silt Loam","Mesic",0,110.943649,215,1.507567,-149.840126,65.909691,-0.0197170851816175,0.980476025268033,"60-1-B-SAPU_2008",14.0939817428589,-6.24317133426666,167.541625976562,58.1805429458618,13.5000003178914,-4.20833327372869,8.89999993642171,18.1000003814697,59.7000017166138,0.850000015149514,110.729997992516,234.629996985197,260.000003814697,2,"20F_2008",0.375
"5215","60-2-D-SAPU",2008,0.081,0.48959836550605,14,1994,1,"60-2","SAPU",84,NA,16,7,26,2,1,0,0.076923077,0.038461538,0,"Moose","Hare",NA,1,0,2,0,1432.670461,"West","20F","Low Shrub","Low Shrub","Silt Loam","Mesic",0,110.927505,264,1.953402,-149.84073,65.909949,-0.905523664525722,0.404330096326596,"60-2-D-SAPU_2008",14.0939817428589,-6.24317133426666,167.541625976562,58.1805429458618,13.5000003178914,-4.20833327372869,8.89999993642171,18.1000003814697,59.7000017166138,0.850000015149514,110.729997992516,234.629996985197,260.000003814697,2,"20F_2008",0.375
"5216","60-3-A-SAPU",2008,0.42,8.07954795131639,6,2002,1,"60-3","SAPU",139,NA,17,32,54,2,2,0,0.037037037,0.037037037,0,"Moose","Hare",NA,1,0,3,0,1403.187226,"West","20F","Low Shrub","Black Spruce Woodland","Silt Loam","Mesic",0,111.24585,78,1.323723,-149.840194,65.910114,0.261829079428706,1.29930444559134,"60-3-A-SAPU_2008",14.0939817428589,-6.24317133426666,167.541625976562,58.1805429458618,13.5000003178914,-4.20833327372869,8.89999993642171,18.1000003814697,59.7000017166138,0.850000015149514,110.729997992516,234.629996985197,260.000003814697,2,"20F_2008",0.375
"5217","60-3-B-SAPU",2008,0.047,0.160869964216046,14,1994,1,"60-3","SAPU",81,NA,8,22,16,0,0,0,0,0,0,NA,NA,NA,0,0,3,0,1403.187226,"West","20F","Low Shrub","Black Spruce Woodland","Silt Loam","Mesic",0,111.24585,78,1.323723,-149.840194,65.910114,-2.01851269432908,0.132852911100509,"60-3-B-SAPU_2008",14.0939817428589,-6.24317133426666,167.541625976562,58.1805429458618,13.5000003178914,-4.20833327372869,8.89999993642171,18.1000003814697,59.7000017166138,0.850000015149514,110.729997992516,234.629996985197,260.000003814697,2,"20F_2008",0.375
"5218","60-4-A-SAPU",2008,0.19375,2.02189467068074,7,2001,1,"60-4","SAPU",88,NA,10,8,23,1,2,0,0.043478261,0.086956522,0,"Moose","Hare",NA,1,0,1,0,1406.241796,"West","20F","Tall Shrub (Open-Closed)","Black Spruce Woodland","Silt Loam","Mesic",0,110.670654,252,1.181915,-149.840942,65.910317,-0.825803052529496,0.437883208015338,"60-4-A-SAPU_2008",14.0939817428589,-6.24317133426666,167.541625976562,58.1805429458618,13.5000003178914,-4.20833327372869,8.89999993642171,18.1000003814697,59.7000017166138,0.850000015149514,110.729997992516,234.629996985197,260.000003814697,2,"20F_2008",0.375
"5219","60-4-D-SAPU",2008,0.09725,0.78526248586472,13,1995,1,"60-4","SAPU",103,NA,15,13,35,1,4,0,0.028571429,0.114285714,0,"Moose","Hare",NA,1,0,1,0,1406.241796,"West","20F","Tall Shrub (Open-Closed)","Black Spruce Woodland","Silt Loam","Mesic",0,110.670654,252,1.181915,-149.840942,65.910317,-0.576195340569561,0.562032646695803,"60-4-D-SAPU_2008",14.0939817428589,-6.24317133426666,167.541625976562,58.1805429458618,13.5000003178914,-4.20833327372869,8.89999993642171,18.1000003814697,59.7000017166138,0.850000015149514,110.729997992516,234.629996985197,260.000003814697,2,"20F_2008",0.375
"5220","72-1-A-SAPU",2008,0.20425,2.23766475191643,8,2000,2,"72-1","SAPU",91,87,15,19,15,0,6,0,0,0.4,0,NA,"Hare",NA,1,0,0,0,895.937772,"West","20F","Tussock Tundra (Low shrub or Herbaceous)","Black Spruce Woodland","Clay Loam","Mesic",0,130.808105,148,1.606934,-150.14017,66.022623,-0.466552866874946,0.62716045194103,"72-1-A-SAPU_2008",14.3653523127238,-5.98820930719376,159.516059875488,57,12.0000003178914,-5.89166680971781,7.40000009536743,16.6666669845581,46.5,0.94166667945683,110.419997692108,247.439998477697,259.700008392334,2,"20F_2008",0.375
"5221","72-1-D-SAPU",2008,0.01225,0.0237353215464932,32,1976,2,"72-1","SAPU",68,54,18,0,8,0,1,0,0,0.125,0,NA,"Hare",NA,1,0,0,0,895.937772,"West","20F","Tussock Tundra (Low shrub or Herbaceous)","Black Spruce Woodland","Clay Loam","Mesic",0,130.808105,148,1.606934,-150.14017,66.022623,-2.33580804356611,0.0967322870358593,"72-1-D-SAPU_2008",14.3653523127238,-5.98820930719376,159.516059875488,57,12.0000003178914,-5.89166680971781,7.40000009536743,16.6666669845581,46.5,0.94166667945683,110.419997692108,247.439998477697,259.700008392334,2,"20F_2008",0.375
"5222","72-2-A-SAGL",2008,0.237,3.05901431989386,18,1990,2,"72-2","SAGL",129,121,17,0,12,0,0,0,0,0,0,NA,NA,NA,0,0,0,0,855.94066,"West","20F","Tussock Tundra (Low shrub or Herbaceous)","Black Spruce Woodland","Clay Loam","Mesic",0,131.055786,179,2.125059,-150.13956,66.022889,1.41203332764519,4.1042922963722,"72-2-A-SAGL_2008",14.3653523127238,-5.98820930719376,159.516059875488,57,12.0000003178914,-5.89166680971781,7.40000009536743,16.6666669845581,46.5,0.94166667945683,110.419997692108,247.439998477697,259.700008392334,2,"20F_2008",0.375
"5223","72-2-C-SAPU",2008,0.2855,4.22630919865066,11,1997,2,"72-2","SAPU",97,84,22,5,22,0,0,0,0,0,0,NA,NA,NA,0,0,0,0,855.94066,"West","20F","Tussock Tundra (Low shrub or Herbaceous)","Black Spruce Woodland","Clay Loam","Mesic",0,131.055786,179,2.125059,-150.13956,66.022889,0.78428542414152,2.19084085927005,"72-2-C-SAPU_2008",14.3653523127238,-5.98820930719376,159.516059875488,57,12.0000003178914,-5.89166680971781,7.40000009536743,16.6666669845581,46.5,0.94166667945683,110.419997692108,247.439998477697,259.700008392334,2,"20F_2008",0.375
"5224","72-2-D-SAPU",2008,0.199,2.88477478037384,19,1989,2,"72-2","SAPU",79,60,21,0,11,0,0,0,0,0,0,NA,NA,NA,0,0,0,0,855.94066,"West","20F","Tussock Tundra (Low shrub or Herbaceous)","Black Spruce Woodland","Clay Loam","Mesic",0,131.055786,179,2.125059,-150.13956,66.022889,1.45779255025366,4.29646482247514,"72-2-D-SAPU_2008",14.3653523127238,-5.98820930719376,159.516059875488,57,12.0000003178914,-5.89166680971781,7.40000009536743,16.6666669845581,46.5,0.94166667945683,110.419997692108,247.439998477697,259.700008392334,2,"20F_2008",0.375
"5225","72-3-B-SAPU",2008,0.11525,1.27258044780334,20,1988,2,"72-3","SAPU",75,59,20,4,12,0,0,0,0,0,0,NA,NA,NA,0,0,1,0,885.368743,"West","20F","Tussock Tundra (Low shrub or Herbaceous)","Black Spruce Woodland","Clay Loam","Mesic",0,132.401993,119,2.284806,-150.140609,66.023021,0.738441023378433,2.09267054569324,"72-3-B-SAPU_2008",14.3653523127238,-5.98820930719376,159.516059875488,57,12.0000003178914,-5.89166680971781,7.40000009536743,16.6666669845581,46.5,0.94166667945683,110.419997692108,247.439998477697,259.700008392334,2,"20F_2008",0.375
"5226","72-3-D-SAGL",2008,0.11025,1.24092340403128,21,1987,2,"72-3","SAGL",128,109,19,9,10,0,2,0,0,0.2,0,NA,"Hare",NA,1,0,1,0,885.368743,"West","20F","Tussock Tundra (Low shrub or Herbaceous)","Black Spruce Woodland","Clay Loam","Mesic",0,132.401993,119,2.284806,-150.140609,66.023021,0.807465129204428,2.24221704631647,"72-3-D-SAGL_2008",14.3653523127238,-5.98820930719376,159.516059875488,57,12.0000003178914,-5.89166680971781,7.40000009536743,16.6666669845581,46.5,0.94166667945683,110.419997692108,247.439998477697,259.700008392334,2,"20F_2008",0.375
"5227","72-4-B-SAPU",2008,0.03175,0.145271105842963,37,1971,2,"72-4","SAPU",111,93,14,0,13,0,0,0,0,0,0,NA,NA,NA,0,0,0,0,844.255779,"West","20F","Tussock Tundra (Low shrub or Herbaceous)","Low Shrub-Tussock Tundra","Clay Loam","Mesic",0,132.260803,156,1.029158,-150.139994,66.023305,-0.243820608793495,0.783628197662396,"72-4-B-SAPU_2008",14.3653523127238,-5.98820930719376,159.516059875488,57,12.0000003178914,-5.89166680971781,7.40000009536743,16.6666669845581,46.5,0.94166667945683,110.419997692108,247.439998477697,259.700008392334,2,"20F_2008",0.375
"5228","111-2-C-SAPU",2007,0.087,2.23205602728206,9,1998,6,"111-2","SAPU",87,78,14,0,21,0,0,0,0,0,0,NA,NA,NA,0,0,0,0,685.564701,"West","24A","Tall Shrub (Open-Closed)","Low Shrub","Gravely Sand Loam","Mesic",0,516.430603,8,6.353059,-150.737535,66.498284,-0.241620574523958,0.785354104382658,"111-2-C-SAPU_2007",13.9375470479329,-5.18745275338491,312.25284576416,67.06321144104,14.0000003178914,-4.42500005165736,8.90000025431315,19.1333338419596,42.7000002861023,1.10000003005068,96.1199990510941,238.129998862743,208.900005340576,1,"24A_2007",0.89
"5229","147-1-A-SAPU",2007,0.39,6.0901659280563,19,1988,9,"147-1","SAPU",191,167,22,11,73,23,0,0,0.315068493,0,0,"Moose",NA,NA,1,1,0,0,984.758365,"West","24A","Low Shrub","Tall Shrub","Clay Loam","Mesic - Hydric",0,426.634277,145,7.907337,-150.485282,66.911769,2.20502104640608,9.07044246606305,"147-1-A-SAPU_2007",14.2999998728434,-5.11666659514109,287.270812988281,51.0902709960938,12.5666666030884,-5.93333331743876,7.53333330154419,17.6000003814697,33.1000001430511,1.12500002359351,91.3099979162216,250.579999580979,195.900001525879,1,"24A_2007",0.89
"5230","147-1-D-SAPU",2007,0.126,1.2102828618322,13,1994,9,"147-1","SAPU",211,134,21,18,47,15,0,0,0.319148936,0,0,"Moose",NA,NA,1,1,0,0,984.758365,"West","24A","Low Shrub","Tall Shrub","Clay Loam","Mesic - Hydric",0,426.634277,145,7.907337,-150.485282,66.911769,-0.143603997978138,0.866230709260325,"147-1-D-SAPU_2007",14.2999998728434,-5.11666659514109,287.270812988281,51.0902709960938,12.5666666030884,-5.93333331743876,7.53333330154419,17.6000003814697,33.1000001430511,1.12500002359351,91.3099979162216,250.579999580979,195.900001525879,1,"24A_2007",0.89
"5231","147-2-B-SAPU",2007,0.10775,0.648155528480428,15,1992,9,"147-2","SAPU",104,97,14,31,12,5,0,0,0.416666667,0,0,"Moose",NA,NA,1,2,1,0,986.173835,"West","24A","Low Shrub","Tall Shrub","Clay Loam","Mesic - Hydric",0,428.943481,147,8.698308,-150.484958,66.912025,-0.49175144013222,0.611554354812018,"147-2-B-SAPU_2007",14.2999998728434,-5.11666659514109,287.270812988281,51.0902709960938,12.5666666030884,-5.93333331743876,7.53333330154419,17.6000003814697,33.1000001430511,1.12500002359351,91.3099979162216,250.579999580979,195.900001525879,1,"24A_2007",0.89
"5232","147-3-B-SAPU",2007,0.018,0.178411046797371,18,1989,9,"147-3","SAPU",167,149,20,7,58,18,0,0,0.310344828,0,0,"Moose",NA,NA,1,2,1,0,952.272152,"West","24A","White Spruce or Black Spruce (Woodland)","Black Spruce Woodland","Clay Loam","Mesic - Hydric",0,425.583191,170,6.572863,-150.484233,66.911912,-1.42972455798966,0.239374847053203,"147-3-B-SAPU_2007",14.2999998728434,-5.11666659514109,287.270812988281,51.0902709960938,12.5666666030884,-5.93333331743876,7.53333330154419,17.6000003814697,33.1000001430511,1.12500002359351,91.3099979162216,250.579999580979,195.900001525879,1,"24A_2007",0.89
"5233","147-4-A-SAPU",2007,0.131,1.7243887916289,16,1991,9,"147-4","SAPU",124,110,21,14,47,16,0,0,0.340425532,0,0,"Moose",NA,NA,1,0,1,0,956.341518,"West","24A","Tall Shrub (Open-Closed)","Tall Shrub","Clay Loam","Mesic - Hydric",0,428.39856,129,7.52786,-150.483929,66.912191,0.611371298340487,1.84295691052384,"147-4-A-SAPU_2007",14.2999998728434,-5.11666659514109,287.270812988281,51.0902709960938,12.5666666030884,-5.93333331743876,7.53333330154419,17.6000003814697,33.1000001430511,1.12500002359351,91.3099979162216,250.579999580979,195.900001525879,1,"24A_2007",0.89
"5234","147-4-C-SAPU",2007,0.06425,0.331988392716723,21,1986,9,"147-4","SAPU",113,101,16,9,12,5,0,0,0.416666667,0,0,"Moose",NA,NA,1,0,1,0,956.341518,"West","24A","Tall Shrub (Open-Closed)","Tall Shrub","Clay Loam","Mesic - Hydric",0,428.39856,129,7.52786,-150.483929,66.912191,-0.511045926319271,0.599867833026927,"147-4-C-SAPU_2007",14.2999998728434,-5.11666659514109,287.270812988281,51.0902709960938,12.5666666030884,-5.93333331743876,7.53333330154419,17.6000003814697,33.1000001430511,1.12500002359351,91.3099979162216,250.579999580979,195.900001525879,1,"24A_2007",0.89
"5235","173-4-B-SAPU",2007,0.68475,17.3794105292282,9,1998,12,"173-4","SAPU",149,112,21,11,30,5,0,0,0.166666667,0,0,"Moose",NA,NA,1,1,0,0,1308.377258,"East","24A","Low Shrub","Low Shrub","Clay Loam","Mesic",0,346.165253,355,1.872125,-150.190975,67.22891,1.81074248209003,6.1149860147107,"173-4-B-SAPU_2007",14.7325550715129,-5.35143554210663,239.593780517578,61.8194577693939,12.466667175293,-6.25000001986821,7.43333339691162,17.5000006357829,38.6000008583069,1.16666667660077,92.2999980449677,252.429997891188,167,1,"24A_2007",0.89
"5236","184-2-D-SAPU",2007,0.11825,2.14732432817164,16,1991,13,"184-2","SAPU",172,139,22,0,38,6,3,0,0.157894737,0.078947368,0,"Moose","Hare",NA,1,1,0,0,706.210196,"East","24A","White Spruce or Black Spruce (Open-Closed)","Tall Shrub","Clay Loam","Mesic",0,429.192566,258,16.706417,-150.109279,67.369156,0.830721202921404,2.2949732849989,"184-2-D-SAPU_2007",14.3303241729736,-5.23446188370387,178.368103027344,44.819456577301,12.466667175293,-6.25000001986821,7.43333339691162,17.5000006357829,38.6000008583069,1.16666667660077,92.2999980449677,252.429997891188,167,1,"24A_2007",0.89
"5237","184-3-C-SAPU",2007,0.2465,3.48055243675438,10,1997,13,"184-3","SAPU",130,116,18,14,25,1,4,0,0.04,0.16,0,"Moose","Hare",NA,1,1,3,0,683.765397,"East","24A","White Spruce or Black Spruce (Open-Closed)","Tall Shrub","Clay Loam","Mesic",0,425.482941,261,10.788996,-150.109693,67.36937,0.40610106122731,1.50095423307031,"184-3-C-SAPU_2007",14.3303241729736,-5.23446188370387,178.368103027344,44.819456577301,12.466667175293,-6.25000001986821,7.43333339691162,17.5000006357829,38.6000008583069,1.16666667660077,92.2999980449677,252.429997891188,167,1,"24A_2007",0.89
"5238","184-4-C-SAPU",2007,0.56625,10.8625720173315,7,2000,13,"184-4","SAPU",142,131,16,7,32,1,3,0,0.03125,0.09375,0,"Moose","Hare",NA,1,2,1,0,702.330496,"East","24A","White Spruce or Black Spruce (Open-Closed)","Tall Shrub","Clay Loam","Mesic",0,431.246765,263,17.707565,-150.109187,67.369491,0.855485040353968,2.35251516867853,"184-4-C-SAPU_2007",14.3303241729736,-5.23446188370387,178.368103027344,44.819456577301,12.466667175293,-6.25000001986821,7.43333339691162,17.5000006357829,38.6000008583069,1.16666667660077,92.2999980449677,252.429997891188,167,1,"24A_2007",0.89
"5239","184-4-D-SAPU",2007,0.146,1.44458912512223,12,1995,13,"184-4","SAPU",139,114,15,19,23,0,0,0,0,0,0,NA,NA,NA,0,2,1,0,702.330496,"East","24A","White Spruce or Black Spruce (Open-Closed)","Tall Shrub","Clay Loam","Mesic",0,431.246765,263,17.707565,-150.109187,67.369491,-0.121197604453972,0.885858892633665,"184-4-D-SAPU_2007",14.3303241729736,-5.23446188370387,178.368103027344,44.819456577301,12.466667175293,-6.25000001986821,7.43333339691162,17.5000006357829,38.6000008583069,1.16666667660077,92.2999980449677,252.429997891188,167,1,"24A_2007",0.89
"5240","191-4-A-SAPU",2007,0.10025,1.34158553043944,16,1991,14,"191-4","SAPU",109,85,19,16,39,13,0,0,0.333333333,0,0,"Moose",NA,NA,1,1,0,0,1634.196324,"East","24A","Low Shrub","Low Shrub","Clay Loam","Mesic",0,497.007599,303,3.553675,-149.85875,67.475963,0.360350780505177,1.43383228677019,"191-4-A-SAPU_2007",13.5120363235474,-5.49811935424805,184.27783203125,45.9548645019531,10.6333338419596,-7.70000000794729,5.83333349227905,15.5333337783813,18.900000333786,1.0333333623906,75.2099983692169,267.179997324944,171.600002288818,1,"24A_2007",0.89
"5241","191-4-D-SAPU",2007,0.18325,2.70534344008022,7,2000,14,"191-4","SAPU",114,103,16,7,34,2,0,0,0.058823529,0,0,"Moose",NA,NA,1,1,0,0,1634.196324,"East","24A","Low Shrub","Low Shrub","Clay Loam","Mesic",0,497.007599,303,3.553675,-149.85875,67.475963,-0.534609210970905,0.585898208004441,"191-4-D-SAPU_2007",13.5120363235474,-5.49811935424805,184.27783203125,45.9548645019531,10.6333338419596,-7.70000000794729,5.83333349227905,15.5333337783813,18.900000333786,1.0333333623906,75.2099983692169,267.179997324944,171.600002288818,1,"24A_2007",0.89
"5242","203-1-C-SAPU",2007,0.07475,0.911801910960505,11,1996,15,"203-1","SAPU",102,74,13,0,16,1,1,0,0.0625,0.0625,0,"Moose","Hare",NA,1,1,0,0,905.036767,"East","24A","Low Shrub","Low Shrub","Loam","Mesic",0,550.644958,299,23.927214,-149.794431,67.571449,-0.749376173565047,0.472661319415665,"203-1-C-SAPU_2007",13.8333330154419,-5.58333349227905,149,44,9.73333358764648,-8.6333334321777,4.96666669845581,14.5666669209798,15.6999999880791,0.950000015397867,65.8399983048439,275.489995956421,140.800006866455,1,"24A_2007",0.89
"5243","203-2-A-SAPU",2007,0.48925,6.68336550273422,11,1996,15,"203-2","SAPU",122,97,14,32,16,1,0,0,0.0625,0,0,"Moose",NA,NA,1,0,1,0,933.944119,"East","24A","Low Shrub","Low Shrub","Loam","Mesic",0,566.911377,300,26.508135,-149.793674,67.571447,1.24257802027848,3.46453359955321,"203-2-A-SAPU_2007",13.8333330154419,-5.58333349227905,149,44,9.73333358764648,-8.6333334321777,4.96666669845581,14.5666669209798,15.6999999880791,0.950000015397867,65.8399983048439,275.489995956421,140.800006866455,1,"24A_2007",0.89
"5244","203-2-B-SAPU",2007,0.45025,12.4826273388374,12,1995,15,"203-2","SAPU",129,107,22,18,35,2,0,0,0.057142857,0,0,"Moose",NA,NA,1,0,1,0,933.944119,"East","24A","Low Shrub","Low Shrub","Loam","Mesic",0,566.911377,300,26.508135,-149.793674,67.571447,2.03531532162011,7.65466542647934,"203-2-B-SAPU_2007",13.8333330154419,-5.58333349227905,149,44,9.73333358764648,-8.6333334321777,4.96666669845581,14.5666669209798,15.6999999880791,0.950000015397867,65.8399983048439,275.489995956421,140.800006866455,1,"24A_2007",0.89
"5245","203-3-D-SAPU",2007,0.07375,0.85847848075388,19,1988,15,"203-3","SAPU",117,104,18,17,39,2,3,0,0.051282051,0.076923077,0,"Moose","Hare",NA,1,0,1,0,922.335664,"East","24A","Low Shrub","Low Shrub","Loam","Mesic",0,556.241272,305,23.609533,-149.79364,67.571701,0.245752054011271,1.27858251483083,"203-3-D-SAPU_2007",13.8333330154419,-5.58333349227905,149,44,9.73333358764648,-8.6333334321777,4.96666669845581,14.5666669209798,15.6999999880791,0.950000015397867,65.8399983048439,275.489995956421,140.800006866455,1,"24A_2007",0.89
"5246","203-4-B-SAPU",2007,0.16825,2.68660423260064,11,1996,15,"203-4","SAPU",76,69,15,0,18,3,0,0,0.166666667,0,0,"Moose",NA,NA,1,1,1,0,951.384807,"East","24A","Low Shrub","Low Shrub","Loam","Mesic",0,569.135193,316,29.227108,-149.792864,67.571712,0.331234370923201,1.39268615920211,"203-4-B-SAPU_2007",13.8333330154419,-5.58333349227905,149,44,9.73333358764648,-8.6333334321777,4.96666669845581,14.5666669209798,15.6999999880791,0.950000015397867,65.8399983048439,275.489995956421,140.800006866455,1,"24A_2007",0.89
"5247","203-4-C-SAPU",2007,0.07475,0.441664141147117,15,1992,15,"203-4","SAPU",75,68,9,10,9,1,0,0,0.111111111,0,0,"Moose",NA,NA,1,1,1,0,951.384807,"East","24A","Low Shrub","Low Shrub","Loam","Mesic",0,569.135193,316,29.227108,-149.792864,67.571712,-0.875332389194648,0.416723482272952,"203-4-C-SAPU_2007",13.8333330154419,-5.58333349227905,149,44,9.73333358764648,-8.6333334321777,4.96666669845581,14.5666669209798,15.6999999880791,0.950000015397867,65.8399983048439,275.489995956421,140.800006866455,1,"24A_2007",0.89
"5248","209-1-C-SAPU",2007,0.251,2.83440615312546,10,1997,16,"209-1","SAPU",64,53,15,0,11,0,0,0,0,0,0,NA,NA,NA,0,0,1,0,698.873831,"East","24A","Low Shrub","Black Spruce Woodland","Sandy Loam","Mesic - Xeric",0,553.345276,287,19.679848,-149.692986,67.655886,0.200742479286822,1.22230996115701,"209-1-C-SAPU_2007",13.1228017807007,-6.01585586865743,140.954864501953,44.0451354980469,9.73333358764648,-8.6333334321777,4.96666669845581,14.5666669209798,15.6999999880791,0.950000015397867,65.8399983048439,275.489995956421,140.800006866455,1,"24A_2007",0.89
"5249","209-1-D-SAPU",2007,0.05,0.360183597734072,18,1989,16,"209-1","SAPU",53,47,13,0,9,1,0,0,0.111111111,0,0,"Moose",NA,NA,1,0,1,0,698.873831,"East","24A","Low Shrub","Black Spruce Woodland","Sandy Loam","Mesic - Xeric",0,553.345276,287,19.679848,-149.692986,67.655886,-0.727200802575122,0.483259838257596,"209-1-D-SAPU_2007",13.1228017807007,-6.01585586865743,140.954864501953,44.0451354980469,9.73333358764648,-8.6333334321777,4.96666669845581,14.5666669209798,15.6999999880791,0.950000015397867,65.8399983048439,275.489995956421,140.800006866455,1,"24A_2007",0.89
"5250","209-2-D-SAPU",2007,0.0485,0.195410990044101,30,1977,16,"209-2","SAPU",53,41,8,0,11,0,0,0,0,0,0,NA,NA,NA,0,0,0,0,728.528855,"East","24A","Low Shrub","Black Spruce Woodland","Sandy Loam","Mesic - Xeric",0,561.911133,287,21.070175,-149.692261,67.656,-0.35229283710687,0.70307420561155,"209-2-D-SAPU_2007",13.1228017807007,-6.01585586865743,140.954864501953,44.0451354980469,9.73333358764648,-8.6333334321777,4.96666669845581,14.5666669209798,15.6999999880791,0.950000015397867,65.8399983048439,275.489995956421,140.800006866455,1,"24A_2007",0.89
"5251","209-3-A-SAPU",2007,0.0955,0.795208571856445,15,1992,16,"209-3","SAPU",74,55,12,0,9,0,0,0,0,0,0,NA,NA,NA,0,0,1,0,711.058695,"East","24A","Low Shrub","Black Spruce Woodland","Sandy Loam","Mesic - Xeric",0,553.430786,276,18.070417,-149.69261,67.656251,-0.287277685991234,0.750303351176831,"209-3-A-SAPU_2007",13.1228017807007,-6.01585586865743,140.954864501953,44.0451354980469,9.73333358764648,-8.6333334321777,4.96666669845581,14.5666669209798,15.6999999880791,0.950000015397867,65.8399983048439,275.489995956421,140.800006866455,1,"24A_2007",0.89
"5252","209-3-B-SAPU",2007,0.0505,0.180068236922133,31,1976,16,"209-3","SAPU",59,53,15,0,17,0,1,0,0,0.058823529,0,NA,"Hare",NA,1,0,1,0,711.058695,"East","24A","Low Shrub","Black Spruce Woodland","Sandy Loam","Mesic - Xeric",0,553.430786,276,18.070417,-149.69261,67.656251,-0.370743989281653,0.690220622819142,"209-3-B-SAPU_2007",13.1228017807007,-6.01585586865743,140.954864501953,44.0451354980469,9.73333358764648,-8.6333334321777,4.96666669845581,14.5666669209798,15.6999999880791,0.950000015397867,65.8399983048439,275.489995956421,140.800006866455,1,"24A_2007",0.89
"5253","209-4-B-SAPU",2007,0.1045,1.2281569532348,10,1997,16,"209-4","SAPU",67,54,11,11,16,0,0,2,0,0,0.125,NA,NA,"Ptarmagin",1,0,0,0,738.024448,"East","24A","Low Shrub","Black Spruce Woodland","Sandy Loam","Mesic - Xeric",0,561.090881,296,18.584587,-149.691928,67.656444,-0.63557533251588,0.529630686889315,"209-4-B-SAPU_2007",13.1228017807007,-6.01585586865743,140.954864501953,44.0451354980469,9.73333358764648,-8.6333334321777,4.96666669845581,14.5666669209798,15.6999999880791,0.950000015397867,65.8399983048439,275.489995956421,140.800006866455,1,"24A_2007",0.89
"5254","222-1-C-SAGL",2007,0.19325,3.18051207782925,8,1999,17,"222-1","SAGL",74,60,14,0,25,0,7,0,0,0.28,0,NA,"Hare",NA,1,2,18,0,769.468544,"East","24A","Low Shrub","Tall Shrub","Clay Loam","Mesic",0,669.484009,287,15.029548,-149.809491,67.826198,-0.114943452880591,0.891416549519741,"222-1-C-SAGL_2007",12.5,-6.5499999721845,128,51,9.73333358764648,-8.6333334321777,4.96666669845581,14.5666669209798,15.6999999880791,0.950000015397867,65.8399983048439,275.489995956421,140.800006866455,1,"24A_2007",0.89
"5255","222-2-B-SAGL",2007,0.21075,3.74197084099443,13,1994,17,"222-2","SAGL",106,74,19,0,21,0,10,0,0,0.476190476,0,NA,"Hare",NA,1,3,13,0,794.735172,"East","24A","Low Shrub","Tall Shrub","Clay Loam","Mesic",0,676.198608,282,15.59229,-149.808768,67.826375,0.985154335086951,2.67822519664454,"222-2-B-SAGL_2007",12.5,-6.5499999721845,128,51,9.73333358764648,-8.6333334321777,4.96666669845581,14.5666669209798,15.6999999880791,0.950000015397867,65.8399983048439,275.489995956421,140.800006866455,1,"24A_2007",0.89
"5256","222-3-B-SAGL",2007,0.2775,3.33416835626403,12,1995,17,"222-3","SAGL",90,74,14,0,22,0,5,0,0,0.227272727,0,NA,"Hare",NA,1,2,11,1,778.440723,"East","24A","Low Shrub","Low Shrub","Clay Loam","Mesic",0,672.469177,278,13.422374,-149.809021,67.826615,0.715200736724118,2.04459706678488,"222-3-B-SAGL_2007",12.5,-6.5499999721845,128,51,9.73333358764648,-8.6333334321777,4.96666669845581,14.5666669209798,15.6999999880791,0.950000015397867,65.8399983048439,275.489995956421,140.800006866455,1,"24A_2007",0.89
"5257","222-3-D-SAGL",2007,0.22925,2.07294476590341,14,1993,17,"222-3","SAGL",89,75,11,0,18,1,6,0,0.055555556,0.333333333,0,"Moose","Hare",NA,1,2,11,1,778.440723,"East","24A","Low Shrub","Low Shrub","Clay Loam","Mesic",0,672.469177,278,13.422374,-149.809021,67.826615,0.53761641026653,1.71192147672127,"222-3-D-SAGL_2007",12.5,-6.5499999721845,128,51,9.73333358764648,-8.6333334321777,4.96666669845581,14.5666669209798,15.6999999880791,0.950000015397867,65.8399983048439,275.489995956421,140.800006866455,1,"24A_2007",0.89
"5258","222-4-C-SAGL",2007,0.1745,2.4148558790165,16,1991,17,"222-4","SAGL",71,66,12,8,15,1,4,0,0.066666667,0.266666667,0,"Moose","Hare",NA,1,0,15,0,805.061274,"East","24A","Low Shrub","Low Shrub","Clay Loam","Mesic",0,678.755371,278,16.631924,-149.808355,67.826658,0.948138242235911,2.58090017272064,"222-4-C-SAGL_2007",12.5,-6.5499999721845,128,51,9.73333358764648,-8.6333334321777,4.96666669845581,14.5666669209798,15.6999999880791,0.950000015397867,65.8399983048439,275.489995956421,140.800006866455,1,"24A_2007",0.89
"5259","235-1-C-SAPU",2007,0.3645,5.45988697000923,6,2001,18,"235-1","SAPU",53,45,12,20,23,0,3,5,0,0.130434783,0.217391304,NA,"Hare","Ptarmagin",1,0,5,0,477.732622,"East","24A","Low Shrub","Low Shrub","Sandy Gravel","Mesic",0,813.776917,295,20.303024,-149.727576,68.004859,-0.130078756840945,0.878026277621557,"235-1-C-SAPU_2007",10.2666664123535,-7.80000001192093,116,68,8.5666667620341,-9.75000013907751,3.96666661898295,13.2000001271566,10.3000001311302,0.883333341528972,48.2399990558624,284.52999830246,109.600002288818,1,"24A_2007",0.89
"5260","235-2-B-SAPU",2007,0.1605,1.57293182440117,8,1999,18,"235-2","SAPU",50,47,10,6,17,0,0,3,0,0,0.176470588,NA,NA,"Ptarmagin",1,0,0,0,510.631222,"East","24A","Dwarf Shrub-Lichen","Low Shrub","Sandy Gravel","Mesic",0,828.022217,289,26.243103,-149.726481,68.004961,-0.819044385466491,0.44085273856104,"235-2-B-SAPU_2007",10.2666664123535,-7.80000001192093,116,68,8.5666667620341,-9.75000013907751,3.96666661898295,13.2000001271566,10.3000001311302,0.883333341528972,48.2399990558624,284.52999830246,109.600002288818,1,"24A_2007",0.89
"5261","235-3-B-SAPU",2007,0.1955,2.23592725482946,17,1990,18,"235-3","SAPU",47,41,14,0,11,0,1,4,0,0.090909091,0.363636364,NA,"Hare","Ptarmagin",1,0,1,0,482.982181,"East","24A","Dwarf Shrub-Lichen","Low Shrub","Sandy Gravel","Mesic",0,817.546387,298,18.704132,-149.726784,68.005244,0.988222295488664,2.68645450263239,"235-3-B-SAPU_2007",10.2666664123535,-7.80000001192093,116,68,8.5666667620341,-9.75000013907751,3.96666661898295,13.2000001271566,10.3000001311302,0.883333341528972,48.2399990558624,284.52999830246,109.600002288818,1,"24A_2007",0.89
"5262","235-4-C-SAPU",2007,0.09625,0.811507743591892,16,1991,18,"235-4","SAPU",41,39,10,0,15,0,0,0,0,0,0,NA,NA,NA,0,0,0,0,503.848767,"East","24A","Low Shrub","Low Shrub","Sandy Gravel","Mesic",0,825.290771,293,20.728168,-149.726015,68.005351,-0.142362715415966,0.867306613947266,"235-4-C-SAPU_2007",10.2666664123535,-7.80000001192093,116,68,8.5666667620341,-9.75000013907751,3.96666661898295,13.2000001271566,10.3000001311302,0.883333341528972,48.2399990558624,284.52999830246,109.600002288818,1,"24A_2007",0.89
"5263","240-1-B-SAPU",2007,0.309,4.85473140192619,7,2000,19,"240-1","SAPU",58,47,12,0,24,0,1,9,0,0.041666667,0.375,NA,"Hare","Ptarmagin",1,0,1,0,395.986648,"West","24A","Low Shrub","Low Shrub","Sandy Loam","Mesic",0,1043.032227,75,23.365055,-149.606437,68.069578,0.0501156960822786,1.0513927313595,"240-1-B-SAPU_2007",9.18495496114095,-8.29881311953068,135.902711868286,101.812445163727,8.5666667620341,-9.75000013907751,3.96666661898295,13.2000001271566,10.3000001311302,0.883333341528972,48.2399990558624,284.52999830246,109.600002288818,1,"24A_2007",0.89
"5264","240-1-D-SAPU",2007,0.634,11.6717706903229,8,1999,19,"240-1","SAPU",115,81,18,0,57,3,0,19,0.052631579,0,0.333333333,"Moose",NA,"Ptarmagin",1,0,1,0,395.986648,"West","24A","Low Shrub","Low Shrub","Sandy Loam","Mesic",0,1043.032227,75,23.365055,-149.606437,68.069578,1.18518749742088,3.27130012430404,"240-1-D-SAPU_2007",9.18495496114095,-8.29881311953068,135.902711868286,101.812445163727,8.5666667620341,-9.75000013907751,3.96666661898295,13.2000001271566,10.3000001311302,0.883333341528972,48.2399990558624,284.52999830246,109.600002288818,1,"24A_2007",0.89
"5265","240-2-A-SAPU",2007,0.3305,3.35162068885288,12,1995,19,"240-2","SAPU",59,51,16,0,29,0,0,11,0,0,0.379310345,NA,NA,"Ptarmagin",1,0,0,0,426.292991,"West","24A","Tussock Tundra (Low shrub or Herbaceous)","Low Shrub","Sandy Loam","Mesic",0,1048.270996,87,24.096361,-149.606886,68.069926,0.720421473457288,2.05529928221221,"240-2-A-SAPU_2007",9.18495496114095,-8.29881311953068,135.902711868286,101.812445163727,8.5666667620341,-9.75000013907751,3.96666661898295,13.2000001271566,10.3000001311302,0.883333341528972,48.2399990558624,284.52999830246,109.600002288818,1,"24A_2007",0.89
"5266","240-3-B-SAPU",2007,0.3905,15.885728717456,12,1995,19,"240-3","SAPU",122,81,25,0,57,1,3,7,0.01754386,0.052631579,0.122807018,"Moose","Hare","Ptarmagin",1,0,1,3,399.798137,"West","24A","Low Shrub","Low Shrub","Sandy Loam","Mesic",0,1034.808228,93,20.584356,-149.606025,68.07014,2.27639859812429,9.74153398055909,"240-3-B-SAPU_2007",9.18495496114095,-8.29881311953068,135.902711868286,101.812445163727,8.5666667620341,-9.75000013907751,3.96666661898295,13.2000001271566,10.3000001311302,0.883333341528972,48.2399990558624,284.52999830246,109.600002288818,1,"24A_2007",0.89
"5267","240-3-D-SAPU",2007,0.49125,14.1309082995395,22,1985,19,"240-3","SAPU",167,110,47,0,149,7,11,21,0.046979866,0.073825503,0.140939597,"Moose","Hare","Ptarmagin",1,0,1,3,399.798137,"West","24A","Low Shrub","Low Shrub","Sandy Loam","Mesic",0,1034.808228,93,20.584356,-149.606025,68.07014,3.32980511990754,27.9328976071123,"240-3-D-SAPU_2007",9.18495496114095,-8.29881311953068,135.902711868286,101.812445163727,8.5666667620341,-9.75000013907751,3.96666661898295,13.2000001271566,10.3000001311302,0.883333341528972,48.2399990558624,284.52999830246,109.600002288818,1,"24A_2007",0.89
"5268","240-4-B-SAPU",2007,0.1385,1.37494944077011,16,1991,19,"240-4","SAPU",118,104,19,0,27,3,0,5,0.111111111,0,0.185185185,"Moose",NA,"Ptarmagin",1,0,2,0,431.079046,"West","24A","Low Shrub","Low Shrub","Sandy Loam","Mesic",0,1046.807861,94,24.616484,-149.606605,68.070368,0.384915594431504,1.46949028304371,"240-4-B-SAPU_2007",9.18495496114095,-8.29881311953068,135.902711868286,101.812445163727,8.5666667620341,-9.75000013907751,3.96666661898295,13.2000001271566,10.3000001311302,0.883333341528972,48.2399990558624,284.52999830246,109.600002288818,1,"24A_2007",0.89
"5269","240-4-D-SAPU",2007,0.667666666666667,12.4474819964419,9,1998,19,"240-4","SAPU",77,61,11,0,15,0,1,2,0,0.066666667,0.133333333,NA,"Hare","Ptarmagin",1,0,2,0,431.079046,"West","24A","Low Shrub","Low Shrub","Sandy Loam","Mesic",0,1046.807861,94,24.616484,-149.606605,68.070368,1.47697463261694,4.37967549006312,"240-4-D-SAPU_2007",9.18495496114095,-8.29881311953068,135.902711868286,101.812445163727,8.5666667620341,-9.75000013907751,3.96666661898295,13.2000001271566,10.3000001311302,0.883333341528972,48.2399990558624,284.52999830246,109.600002288818,1,"24A_2007",0.89
"5270","255-1-C-SAGL",2007,0.06525,1.04867207079853,18,1989,20,"255-1","SAGL",69,56,17,0,31,0,0,20,0,0,0.64516129,NA,NA,"Ptarmagin",1,0,0,0,585.543915,"East","26B","Low Shrub","Low Shrub","Sandy Gravel","Mesic - Xeric",0,991.483582,331,1.701594,-149.392735,68.222633,0.34146525054456,1.40700769970519,"255-1-C-SAGL_2007",9.53634262084961,-8.69580392539501,117.729187011719,116.045135498047,6.66666666666667,-11.2833335362375,2.2000000278155,11.1666666666667,6.70000022649765,0.766666679332654,38.1899990439415,300.52999830246,110.900001525879,1,"26B_2007",0.27
"5271","255-1-D-SAGL",2007,0.3375,2.45138474759611,9,1998,20,"255-1","SAGL",42,37,10,0,21,0,0,8,0,0,0.380952381,NA,NA,"Ptarmagin",1,0,0,0,585.543915,"East","26B","Low Shrub","Low Shrub","Sandy Gravel","Mesic - Xeric",0,991.483582,331,1.701594,-149.392735,68.222633,-0.14789065256688,0.86252542472688,"255-1-D-SAGL_2007",9.53634262084961,-8.69580392539501,117.729187011719,116.045135498047,6.66666666666667,-11.2833335362375,2.2000000278155,11.1666666666667,6.70000022649765,0.766666679332654,38.1899990439415,300.52999830246,110.900001525879,1,"26B_2007",0.27
"5272","255-2-A-SAPU",2007,0.139,2.0246732130333,9,1998,20,"255-2","SAPU",51,48,12,0,26,0,0,5,0,0,0.192307692,NA,NA,"Ptarmagin",1,0,1,1,631.079496,"East","26B","Low Shrub","Low Shrub","Sandy Gravel","Mesic - Xeric",0,993.382141,286,2.676414,-149.39171,68.222788,-0.339135409300762,0.712385978870585,"255-2-A-SAPU_2007",9.53634262084961,-8.69580392539501,117.729187011719,116.045135498047,6.66666666666667,-11.2833335362375,2.2000000278155,11.1666666666667,6.70000022649765,0.766666679332654,38.1899990439415,300.52999830246,110.900001525879,1,"26B_2007",0.27
"5273","255-3-A-SAPU",2007,0.07825,0.605662738947056,11,1996,20,"255-3","SAPU",54,46,9,0,20,0,0,3,0,0,0.15,NA,NA,"Ptarmagin",1,0,1,0,600.399561,"East","26B","Tussock Tundra (Low shrub or Herbaceous)","Low Shrub","Sandy Gravel","Mesic - Xeric",0,990.277893,304,2.837043,-149.392647,68.223106,-1.15847564239877,0.313964410329055,"255-3-A-SAPU_2007",9.53634262084961,-8.69580392539501,117.729187011719,116.045135498047,6.66666666666667,-11.2833335362375,2.2000000278155,11.1666666666667,6.70000022649765,0.766666679332654,38.1899990439415,300.52999830246,110.900001525879,1,"26B_2007",0.27
"5274","255-3-C-SAPU",2007,0.052,0.282209268071971,13,1994,20,"255-3","SAPU",48,42,12,0,11,0,0,3,0,0,0.272727273,NA,NA,"Ptarmagin",1,0,1,0,600.399561,"East","26B","Tussock Tundra (Low shrub or Herbaceous)","Low Shrub","Sandy Gravel","Mesic - Xeric",0,990.277893,304,2.837043,-149.392647,68.223106,-1.59956449826769,0.201984463426794,"255-3-C-SAPU_2007",9.53634262084961,-8.69580392539501,117.729187011719,116.045135498047,6.66666666666667,-11.2833335362375,2.2000000278155,11.1666666666667,6.70000022649765,0.766666679332654,38.1899990439415,300.52999830246,110.900001525879,1,"26B_2007",0.27
"5275","255-4-A-SAPU",2007,0.1805,1.45195066210776,21,1986,20,"255-4","SAPU",72,61,14,0,18,0,2,3,0,0.111111111,0.166666667,NA,"Hare","Ptarmagin",1,0,0,2,644.564014,"East","26B","Low Shrub","Low Shrub","Sandy Gravel","Mesic - Xeric",0,993.003235,239,7.430982,-149.391619,68.223199,0.964517282614834,2.62352093160008,"255-4-A-SAPU_2007",9.53634262084961,-8.69580392539501,117.729187011719,116.045135498047,6.66666666666667,-11.2833335362375,2.2000000278155,11.1666666666667,6.70000022649765,0.766666679332654,38.1899990439415,300.52999830246,110.900001525879,1,"26B_2007",0.27
"5276","261-1-C-SAPU",2007,0.50675,6.41457436958481,9,1998,21,"261-1","SAPU",69,41,17,0,31,0,0,3,0,0,0.096774194,NA,NA,"Ptarmagin",1,0,0,0,356.206777,"East","26B","Dwarf Shrub","Low Shrub","Sandy Loam","Mesic",0,883.832947,287,13.943512,-149.352299,68.301689,0.814028926063206,2.25698291057486,"261-1-C-SAPU_2007",9.72949886322021,-8.82428375134865,111.241474151611,118.178260326385,6.66666666666667,-11.2833335362375,2.2000000278155,11.1666666666667,6.70000022649765,0.766666679332654,38.1899990439415,300.52999830246,110.900001525879,1,"26B_2007",0.27
"5277","261-2-C-SAPU",2007,0.14675,1.27808687432693,38,1969,21,"261-2","SAPU",91,67,27,0,29,0,0,3,0,0,0.103448276,NA,NA,"Ptarmagin",1,0,0,1,388.99561,"East","26B","Dwarf Shrub-Lichen","Low Shrub","Sandy Loam","Mesic",0,888.892761,295,13.025289,-149.351465,68.301786,1.9821943513064,7.25865355800123,"261-2-C-SAPU_2007",9.72949886322021,-8.82428375134865,111.241474151611,118.178260326385,6.66666666666667,-11.2833335362375,2.2000000278155,11.1666666666667,6.70000022649765,0.766666679332654,38.1899990439415,300.52999830246,110.900001525879,1,"26B_2007",0.27
"5278","261-2-D-SAPU",2007,0.650333333333333,14.6237029519127,17,1990,21,"261-2","SAPU",122,71,29,0,41,2,0,11,0.048780488,0,0.268292683,"Moose",NA,"Ptarmagin",1,0,0,1,388.99561,"East","26B","Dwarf Shrub-Lichen","Low Shrub","Sandy Loam","Mesic",0,888.892761,295,13.025289,-149.351465,68.301786,2.86620997647964,17.5702999976718,"261-2-D-SAPU_2007",9.72949886322021,-8.82428375134865,111.241474151611,118.178260326385,6.66666666666667,-11.2833335362375,2.2000000278155,11.1666666666667,6.70000022649765,0.766666679332654,38.1899990439415,300.52999830246,110.900001525879,1,"26B_2007",0.27
"5279","261-4-A-SAPU",2007,0.2395,2.53261690883999,11,1996,21,"261-4","SAPU",41,27,9,0,9,0,0,0,0,0,0,NA,NA,NA,0,0,0,0,405.679111,"East","26B","Low Shrub","Low Shrub","Sandy Loam","Mesic",0,886.626587,308,9.946874,-149.350886,68.302265,0.272209461315754,1.3128619663077,"261-4-A-SAPU_2007",9.72949886322021,-8.82428375134865,111.241474151611,118.178260326385,6.66666666666667,-11.2833335362375,2.2000000278155,11.1666666666667,6.70000022649765,0.766666679332654,38.1899990439415,300.52999830246,110.900001525879,1,"26B_2007",0.27
"5280","268-1-C-SAPU",2007,0.19675,2.79369523567529,10,1997,22,"268-1","SAPU",61,49,10,0,21,0,0,5,0,0,0.238095238,NA,NA,"Ptarmagin",1,0,1,2,212.091228,"West","26B","Low Shrub","Low Shrub","Sandy Gravel","Mesic",0,818.738892,195,1.432166,-149.327109,68.400098,0.186275210590748,1.2047537757556,"268-1-C-SAPU_2007",10.7954864501953,-8.19429947435856,94.8194580078125,97.9548645019531,6.66666666666667,-11.2833335362375,2.2000000278155,11.1666666666667,6.70000022649765,0.766666679332654,38.1899990439415,300.52999830246,110.900001525879,1,"26B_2007",0.27
"5281","268-1-D-SAPU",2007,0.253,3.18432558577446,11,1996,22,"268-1","SAPU",75,52,13,0,37,0,0,6,0,0,0.162162162,NA,NA,"Ptarmagin",1,0,1,2,212.091228,"West","26B","Low Shrub","Low Shrub","Sandy Gravel","Mesic",0,818.738892,195,1.432166,-149.327109,68.400098,0.501196861421881,1.65069574293359,"268-1-D-SAPU_2007",10.7954864501953,-8.19429947435856,94.8194580078125,97.9548645019531,6.66666666666667,-11.2833335362375,2.2000000278155,11.1666666666667,6.70000022649765,0.766666679332654,38.1899990439415,300.52999830246,110.900001525879,1,"26B_2007",0.27
"5282","268-3-B-SAPU",2007,0.23175,3.15816003879804,29,1978,22,"268-3","SAPU",106,41,14,0,42,0,0,4,0,0,0.095238095,NA,NA,"Ptarmagin",1,0,0,0,206.549982,"West","26B","Low Shrub","Low Shrub","Sandy Gravel","Mesic",0,819.661011,150,1.610195,-149.326989,68.400547,2.36488231938095,10.642786294133,"268-3-B-SAPU_2007",10.7954864501953,-8.19429947435856,94.8194580078125,97.9548645019531,6.66666666666667,-11.2833335362375,2.2000000278155,11.1666666666667,6.70000022649765,0.766666679332654,38.1899990439415,300.52999830246,110.900001525879,1,"26B_2007",0.27
"5283","268-4-C-SAPU",2007,0.4115,8.07267339637801,8,1999,22,"268-4","SAPU",81,62,16,0,39,3,0,11,0.076923077,0,0.282051282,"Moose",NA,"Ptarmagin",1,0,0,5,171.881056,"West","26B","Dwarf Shrub-Lichen","Low Shrub","Sandy Gravel","Mesic",0,820.486511,188,1.085947,-149.326166,68.400831,0.816499035832861,2.26256479721044,"268-4-C-SAPU_2007",10.7954864501953,-8.19429947435856,94.8194580078125,97.9548645019531,6.66666666666667,-11.2833335362375,2.2000000278155,11.1666666666667,6.70000022649765,0.766666679332654,38.1899990439415,300.52999830246,110.900001525879,1,"26B_2007",0.27
"5284","282-1-D-SAPU",2007,0.222333333333333,2.15504596205043,16,1991,23,"282-1","SAPU",49,22,10,0,8,0,0,0,0,0,0,NA,NA,NA,0,0,0,0,577.316923,"West","26B","Tussock Tundra (Low shrub or Herbaceous)","Tussock Tundra","Clay Loam","Mesic",0,826.622314,26,2.82316,-149.530032,68.582817,0.834310685763943,2.30322585459721,"282-1-D-SAPU_2007",11.2999998728434,-7.84166675806046,49,74,11.2000001271566,-7.641666918993,6.59999990463257,15.8333333333333,20.700000166893,1.02500001713634,52.9299985170364,261.789996862411,73.6999998092651,1,"26B_2007",0.27
"5285","282-2-B-SAPU",2007,0.08325,0.745578280163659,17,1990,23,"282-2","SAPU",68,29,11,0,18,0,0,0,0,0,0,NA,NA,NA,0,0,0,0,604.079816,"West","26B","Low Shrub","Low Shrub-Tussock Tundra","Clay Loam","Mesic",0,826.41803,354,3.355184,-149.530916,68.583004,-0.110028872373498,0.895808270812168,"282-2-B-SAPU_2007",11.2999998728434,-7.84166675806046,49,74,11.2000001271566,-7.641666918993,6.59999990463257,15.8333333333333,20.700000166893,1.02500001713634,52.9299985170364,261.789996862411,73.6999998092651,1,"26B_2007",0.27
"5286","282-2-D-SAPU",2007,0.02825,0.122053427135995,10,1997,23,"282-2","SAPU",41,22,7,0,4,0,0,0,0,0,0,NA,NA,NA,0,0,0,0,604.079816,"West","26B","Low Shrub","Low Shrub-Tussock Tundra","Clay Loam","Mesic",0,826.41803,354,3.355184,-149.530916,68.583004,-2.94438636892087,0.0526343479805007,"282-2-D-SAPU_2007",11.2999998728434,-7.84166675806046,49,74,11.2000001271566,-7.641666918993,6.59999990463257,15.8333333333333,20.700000166893,1.02500001713634,52.9299985170364,261.789996862411,73.6999998092651,1,"26B_2007",0.27
"5287","282-3-D-SAPU",2007,0.045,0.285994884392113,28,1979,23,"282-3","SAPU",49,26,10,0,9,0,0,0,0,0,0,NA,NA,NA,0,0,0,0,571.732475,"West","26B","Low Shrub","Low Shrub-Tussock Tundra","Clay Loam","Mesic",0,823.876221,27,3.830761,-149.53038,68.583298,-0.104650831561508,0.900638942383493,"282-3-D-SAPU_2007",11.2999998728434,-7.84166675806046,49,74,11.2000001271566,-7.641666918993,6.59999990463257,15.8333333333333,20.700000166893,1.02500001713634,52.9299985170364,261.789996862411,73.6999998092651,1,"26B_2007",0.27
"5288","282-4-C-SAPU",2007,0.27475,3.0203866710721,13,1994,23,"282-4","SAPU",45,23,12,0,10,0,0,0,0,0,0,NA,NA,NA,0,0,0,0,597.547448,"West","26B","Tussock Tundra (Low shrub or Herbaceous)","Low Shrub-Tussock Tundra","Clay Loam","Mesic",0,823.620117,358,4.137664,-149.531178,68.583423,0.770926759593543,2.16176876566064,"282-4-C-SAPU_2007",11.2999998728434,-7.84166675806046,49,74,11.2000001271566,-7.641666918993,6.59999990463257,15.8333333333333,20.700000166893,1.02500001713634,52.9299985170364,261.789996862411,73.6999998092651,1,"26B_2007",0.27
"5289","282-4-D-SAPU",2007,0.05875,0.3345766723642,30,1977,23,"282-4","SAPU",59,31,18,0,12,0,0,0,0,0,0,NA,NA,NA,0,0,0,0,597.547448,"West","26B","Tussock Tundra (Low shrub or Herbaceous)","Low Shrub-Tussock Tundra","Clay Loam","Mesic",0,823.620117,358,4.137664,-149.531178,68.583423,0.185468249180743,1.20378197810434,"282-4-D-SAPU_2007",11.2999998728434,-7.84166675806046,49,74,11.2000001271566,-7.641666918993,6.59999990463257,15.8333333333333,20.700000166893,1.02500001713634,52.9299985170364,261.789996862411,73.6999998092651,1,"26B_2007",0.27
"5290","60-1-B-SAPU",2007,0.11775,2.12289294750284,8,1999,1,"60-1","SAPU",98,NA,10,10,41,0,1,0,0,0.024390244,0,NA,"Hare",NA,1,0,1,0,1438.56091,"West","20F","Low Shrub","Low Shrub-Tussock Tundra","Silt Loam","Mesic",0,110.943649,215,1.507567,-149.840126,65.909691,-0.519205911127445,0.594992837617002,"60-1-B-SAPU_2007",15.8939816157023,-4.9348379522562,143.451354980469,39.0902719497681,15.2333335876465,-2.95000009549161,10,20.5666669209798,40.7000002861023,1.04166668218871,92.0199989974499,226.849997594953,215.500003814697,1,"20F_2007",0.375
"5291","60-2-D-SAPU",2007,0.18775,1.2933585489151,13,1994,1,"60-2","SAPU",84,NA,16,7,26,2,1,0,0.076923077,0.038461538,0,"Moose","Hare",NA,1,0,2,0,1432.670461,"West","20F","Low Shrub","Low Shrub","Silt Loam","Mesic",0,110.927505,264,1.953402,-149.84073,65.909949,-0.077215739015211,0.92569012458673,"60-2-D-SAPU_2007",15.8939816157023,-4.9348379522562,143.451354980469,39.0902719497681,15.2333335876465,-2.95000009549161,10,20.5666669209798,40.7000002861023,1.04166668218871,92.0199989974499,226.849997594953,215.500003814697,1,"20F_2007",0.375
"5292","60-3-B-SAPU",2007,0.05875,0.220605581378187,13,1994,1,"60-3","SAPU",81,NA,8,22,16,0,0,0,0,0,0,NA,NA,NA,0,0,3,0,1403.187226,"West","20F","Low Shrub","Black Spruce Woodland","Silt Loam","Mesic",0,111.24585,78,1.323723,-149.840194,65.910114,-1.84583697196046,0.157893113461693,"60-3-B-SAPU_2007",15.8939816157023,-4.9348379522562,143.451354980469,39.0902719497681,15.2333335876465,-2.95000009549161,10,20.5666669209798,40.7000002861023,1.04166668218871,92.0199989974499,226.849997594953,215.500003814697,1,"20F_2007",0.375
"5293","60-4-A-SAPU",2007,0.21775,2.55384838104157,6,2001,1,"60-4","SAPU",88,NA,10,8,23,1,2,0,0.043478261,0.086956522,0,"Moose","Hare",NA,1,0,1,0,1406.241796,"West","20F","Tall Shrub (Open-Closed)","Black Spruce Woodland","Silt Loam","Mesic",0,110.670654,252,1.181915,-149.840942,65.910317,-0.889905454364852,0.410694580296775,"60-4-A-SAPU_2007",15.8939816157023,-4.9348379522562,143.451354980469,39.0902719497681,15.2333335876465,-2.95000009549161,10,20.5666669209798,40.7000002861023,1.04166668218871,92.0199989974499,226.849997594953,215.500003814697,1,"20F_2007",0.375
"5294","60-4-D-SAPU",2007,0.19425,1.74639545181776,12,1995,1,"60-4","SAPU",103,NA,15,13,35,1,4,0,0.028571429,0.114285714,0,"Moose","Hare",NA,1,0,1,0,1406.241796,"West","20F","Tall Shrub (Open-Closed)","Black Spruce Woodland","Silt Loam","Mesic",0,110.670654,252,1.181915,-149.840942,65.910317,0.0685313788220524,1.07093422907835,"60-4-D-SAPU_2007",15.8939816157023,-4.9348379522562,143.451354980469,39.0902719497681,15.2333335876465,-2.95000009549161,10,20.5666669209798,40.7000002861023,1.04166668218871,92.0199989974499,226.849997594953,215.500003814697,1,"20F_2007",0.375
"5295","72-1-A-SAPU",2007,0.24075,2.97411179668289,7,2000,2,"72-1","SAPU",91,87,15,19,15,0,6,0,0,0.4,0,NA,"Hare",NA,1,0,0,0,895.937772,"West","20F","Tussock Tundra (Low shrub or Herbaceous)","Black Spruce Woodland","Clay Loam","Mesic",0,130.808105,148,1.606934,-150.14017,66.022623,-0.439892641435382,0.644105567620541,"72-1-A-SAPU_2007",16.2000951766968,-4.65638472636541,137.413415908813,38.0997867584229,13.8000001907349,-4.55833343664805,8.73333358764648,18.9000002543132,35.7000007629395,1.10000002818803,93.2799990177155,239.029997944832,213.500003814697,1,"20F_2007",0.375
"5296","72-1-D-SAPU",2007,0.0285,0.0588695193374551,31,1976,2,"72-1","SAPU",68,54,18,0,8,0,1,0,0,0.125,0,NA,"Hare",NA,1,0,0,0,895.937772,"West","20F","Tussock Tundra (Low shrub or Herbaceous)","Black Spruce Woodland","Clay Loam","Mesic",0,130.808105,148,1.606934,-150.14017,66.022623,-1.48875640415195,0.225653102383253,"72-1-D-SAPU_2007",16.2000951766968,-4.65638472636541,137.413415908813,38.0997867584229,13.8000001907349,-4.55833343664805,8.73333358764648,18.9000002543132,35.7000007629395,1.10000002818803,93.2799990177155,239.029997944832,213.500003814697,1,"20F_2007",0.375
"5297","72-2-A-SAGL",2007,0.233,3.35142119771938,17,1990,2,"72-2","SAGL",129,121,17,0,12,0,0,0,0,0,0,NA,NA,NA,0,0,0,0,855.94066,"West","20F","Tussock Tundra (Low shrub or Herbaceous)","Black Spruce Woodland","Clay Loam","Mesic",0,131.055786,179,2.125059,-150.13956,66.022889,1.39295076834196,4.02671444135045,"72-2-A-SAGL_2007",16.2000951766968,-4.65638472636541,137.413415908813,38.0997867584229,13.8000001907349,-4.55833343664805,8.73333358764648,18.9000002543132,35.7000007629395,1.10000002818803,93.2799990177155,239.029997944832,213.500003814697,1,"20F_2007",0.375
"5298","72-2-C-SAPU",2007,0.292,4.85229666761966,10,1997,2,"72-2","SAPU",97,84,22,5,22,0,0,0,0,0,0,NA,NA,NA,0,0,0,0,855.94066,"West","20F","Tussock Tundra (Low shrub or Herbaceous)","Black Spruce Woodland","Clay Loam","Mesic",0,131.055786,179,2.125059,-150.13956,66.022889,0.738362166426221,2.0925055305784,"72-2-C-SAPU_2007",16.2000951766968,-4.65638472636541,137.413415908813,38.0997867584229,13.8000001907349,-4.55833343664805,8.73333358764648,18.9000002543132,35.7000007629395,1.10000002818803,93.2799990177155,239.029997944832,213.500003814697,1,"20F_2007",0.375
"5299","72-2-D-SAPU",2007,0.108666666666667,1.68030391952374,18,1989,2,"72-2","SAPU",79,60,21,0,11,0,0,0,0,0,0,NA,NA,NA,0,0,0,0,855.94066,"West","20F","Tussock Tundra (Low shrub or Herbaceous)","Black Spruce Woodland","Clay Loam","Mesic",0,131.055786,179,2.125059,-150.13956,66.022889,0.812915262786034,2.25447079067762,"72-2-D-SAPU_2007",16.2000951766968,-4.65638472636541,137.413415908813,38.0997867584229,13.8000001907349,-4.55833343664805,8.73333358764648,18.9000002543132,35.7000007629395,1.10000002818803,93.2799990177155,239.029997944832,213.500003814697,1,"20F_2007",0.375
"5300","72-3-B-SAPU",2007,0.15725,1.87095999323168,19,1988,2,"72-3","SAPU",75,59,20,4,12,0,0,0,0,0,0,NA,NA,NA,0,0,1,0,885.368743,"West","20F","Tussock Tundra (Low shrub or Herbaceous)","Black Spruce Woodland","Clay Loam","Mesic",0,132.401993,119,2.284806,-150.140609,66.023021,1.0247973835733,2.78653080644879,"72-3-B-SAPU_2007",16.2000951766968,-4.65638472636541,137.413415908813,38.0997867584229,13.8000001907349,-4.55833343664805,8.73333358764648,18.9000002543132,35.7000007629395,1.10000002818803,93.2799990177155,239.029997944832,213.500003814697,1,"20F_2007",0.375
"5301","72-3-D-SAGL",2007,0.14525,1.75145616488361,20,1987,2,"72-3","SAGL",128,109,19,9,10,0,2,0,0,0.2,0,NA,"Hare",NA,1,0,1,0,885.368743,"West","20F","Tussock Tundra (Low shrub or Herbaceous)","Black Spruce Woodland","Clay Loam","Mesic",0,132.401993,119,2.284806,-150.140609,66.023021,1.05784187181269,2.88014854750556,"72-3-D-SAGL_2007",16.2000951766968,-4.65638472636541,137.413415908813,38.0997867584229,13.8000001907349,-4.55833343664805,8.73333358764648,18.9000002543132,35.7000007629395,1.10000002818803,93.2799990177155,239.029997944832,213.500003814697,1,"20F_2007",0.375
"5302","72-4-B-SAPU",2007,0.0255,0.121260764039586,36,1971,2,"72-4","SAPU",111,93,14,0,13,0,0,0,0,0,0,NA,NA,NA,0,0,0,0,844.255779,"West","20F","Tussock Tundra (Low shrub or Herbaceous)","Low Shrub-Tussock Tundra","Clay Loam","Mesic",0,132.260803,156,1.029158,-150.139994,66.023305,-0.477387094456403,0.620402328504136,"72-4-B-SAPU_2007",16.2000951766968,-4.65638472636541,137.413415908813,38.0997867584229,13.8000001907349,-4.55833343664805,8.73333358764648,18.9000002543132,35.7000007629395,1.10000002818803,93.2799990177155,239.029997944832,213.500003814697,1,"20F_2007",0.375
"5303","111-2-C-SAPU",2006,0.091,2.38556681070709,8,1998,6,"111-2","SAPU",87,78,14,0,21,0,0,0,0,0,0,NA,NA,NA,0,0,0,0,685.564701,"West","24A","Tall Shrub (Open-Closed)","Low Shrub","Gravely Sand Loam","Mesic",0,516.430603,8,6.353059,-150.737535,66.498284,-0.402548914887092,0.668613632965897,"111-2-C-SAPU_2006",12.1708806355794,-5.99525924523671,227.189632415771,89.1264219284058,12.4000002543132,-5.09166679779689,7.60000006357829,17.3000005086263,50.600001335144,1.0083333576719,93.2299983501434,239.689998045564,160.300008773804,1,"24A_2006",0.825
"5304","147-1-A-SAPU",2006,0.577,10.7632023069132,18,1988,9,"147-1","SAPU",191,167,22,11,73,23,0,0,0.315068493,0,0,"Moose",NA,NA,1,1,0,0,984.758365,"West","24A","Low Shrub","Tall Shrub","Clay Loam","Mesic - Hydric",0,426.634277,145,7.907337,-150.485282,66.911769,2.67007370387627,14.4410335137275,"147-1-A-SAPU_2006",12.5681708653768,-5.86516237258911,194.225677490234,67.0902709960938,11.0333334604899,-6.55000007152557,6.23333342870076,15.8999999364217,38.5000004768372,1.03333333817621,87.4799978733063,253.259997844696,152.299999237061,1,"24A_2006",0.825
"5305","147-1-D-SAPU",2006,0.11225,1.16222572266069,12,1994,9,"147-1","SAPU",211,134,21,18,47,15,0,0,0.319148936,0,0,"Moose",NA,NA,1,1,0,0,984.758365,"West","24A","Low Shrub","Tall Shrub","Clay Loam","Mesic - Hydric",0,426.634277,145,7.907337,-150.485282,66.911769,-0.338685649963849,0.712706453178822,"147-1-D-SAPU_2006",12.5681708653768,-5.86516237258911,194.225677490234,67.0902709960938,11.0333334604899,-6.55000007152557,6.23333342870076,15.8999999364217,38.5000004768372,1.03333333817621,87.4799978733063,253.259997844696,152.299999237061,1,"24A_2006",0.825
"5306","147-2-B-SAPU",2006,0.14175,0.96378545190037,14,1992,9,"147-2","SAPU",104,97,14,31,12,5,0,0,0.416666667,0,0,"Moose",NA,NA,1,2,1,0,986.173835,"West","24A","Low Shrub","Tall Shrub","Clay Loam","Mesic - Hydric",0,428.943481,147,8.698308,-150.484958,66.912025,-0.228240347720073,0.795932936177731,"147-2-B-SAPU_2006",12.5681708653768,-5.86516237258911,194.225677490234,67.0902709960938,11.0333334604899,-6.55000007152557,6.23333342870076,15.8999999364217,38.5000004768372,1.03333333817621,87.4799978733063,253.259997844696,152.299999237061,1,"24A_2006",0.825
"5307","147-3-B-SAPU",2006,0.05775,0.586145201887541,17,1989,9,"147-3","SAPU",167,149,20,7,58,18,0,0,0.310344828,0,0,"Moose",NA,NA,1,2,1,0,952.272152,"West","24A","White Spruce or Black Spruce (Woodland)","Black Spruce Woodland","Clay Loam","Mesic - Hydric",0,425.583191,170,6.572863,-150.484233,66.911912,-0.350621460964328,0.704250289630849,"147-3-B-SAPU_2006",12.5681708653768,-5.86516237258911,194.225677490234,67.0902709960938,11.0333334604899,-6.55000007152557,6.23333342870076,15.8999999364217,38.5000004768372,1.03333333817621,87.4799978733063,253.259997844696,152.299999237061,1,"24A_2006",0.825
"5308","147-4-A-SAPU",2006,0.3285,4.7983453115814,15,1991,9,"147-4","SAPU",124,110,21,14,47,16,0,0,0.340425532,0,0,"Moose",NA,NA,1,0,1,0,956.341518,"West","24A","Tall Shrub (Open-Closed)","Tall Shrub","Clay Loam","Mesic - Hydric",0,428.39856,129,7.52786,-150.483929,66.912191,1.51014428993714,4.5273840031406,"147-4-A-SAPU_2006",12.5681708653768,-5.86516237258911,194.225677490234,67.0902709960938,11.0333334604899,-6.55000007152557,6.23333342870076,15.8999999364217,38.5000004768372,1.03333333817621,87.4799978733063,253.259997844696,152.299999237061,1,"24A_2006",0.825
"5309","147-4-C-SAPU",2006,0.05625,0.311945424285904,20,1986,9,"147-4","SAPU",113,101,16,9,12,5,0,0,0.416666667,0,0,"Moose",NA,NA,1,0,1,0,956.341518,"West","24A","Tall Shrub (Open-Closed)","Tall Shrub","Clay Loam","Mesic - Hydric",0,428.39856,129,7.52786,-150.483929,66.912191,-0.667532692977349,0.512972678775411,"147-4-C-SAPU_2006",12.5681708653768,-5.86516237258911,194.225677490234,67.0902709960938,11.0333334604899,-6.55000007152557,6.23333342870076,15.8999999364217,38.5000004768372,1.03333333817621,87.4799978733063,253.259997844696,152.299999237061,1,"24A_2006",0.825
"5310","173-4-B-SAPU",2006,0.518,15.1044737911699,8,1998,12,"173-4","SAPU",149,112,21,11,30,5,0,0,0.166666667,0,0,"Moose",NA,NA,1,1,0,0,1308.377258,"East","24A","Low Shrub","Low Shrub","Clay Loam","Mesic",0,346.165253,355,1.872125,-150.190975,67.22891,1.44300531002774,4.23339939599464,"173-4-B-SAPU_2006",12.9992211659749,-6.08552126089732,172.729187011719,78.8674468994141,10.9000002543132,-6.88333348433177,6.00000015894572,15.8333333333333,42.4000015258789,1.06666668814917,90.2499980926514,255.509999632835,140,1,"24A_2006",0.825
"5311","184-2-D-SAPU",2006,0.1775,3.38817626097006,15,1991,13,"184-2","SAPU",172,139,22,0,38,6,3,0,0.157894737,0.078947368,0,"Moose","Hare",NA,1,1,0,0,706.210196,"East","24A","White Spruce or Black Spruce (Open-Closed)","Tall Shrub","Clay Loam","Mesic",0,429.192566,258,16.706417,-150.109279,67.369156,1.16216495872536,3.19684683107584,"184-2-D-SAPU_2006",12.5969905853271,-5.96021417776744,134.548645019531,56.6840500831604,10.9000002543132,-6.88333348433177,6.00000015894572,15.8333333333333,42.4000015258789,1.06666668814917,90.2499980926514,255.509999632835,140,1,"24A_2006",0.825
"5312","184-3-C-SAPU",2006,0.10125,1.54025317396808,9,1997,13,"184-3","SAPU",130,116,18,14,25,1,4,0,0.04,0.16,0,"Moose","Hare",NA,1,1,3,0,683.765397,"East","24A","White Spruce or Black Spruce (Open-Closed)","Tall Shrub","Clay Loam","Mesic",0,425.482941,261,10.788996,-150.109693,67.36937,-0.612596918962732,0.541941661490106,"184-3-C-SAPU_2006",12.5969905853271,-5.96021417776744,134.548645019531,56.6840500831604,10.9000002543132,-6.88333348433177,6.00000015894572,15.8333333333333,42.4000015258789,1.06666668814917,90.2499980926514,255.509999632835,140,1,"24A_2006",0.825
"5313","184-4-C-SAPU",2006,0.7565,17.6558716644918,6,2000,13,"184-4","SAPU",142,131,16,7,32,1,3,0,0.03125,0.09375,0,"Moose","Hare",NA,1,2,1,0,702.330496,"East","24A","White Spruce or Black Spruce (Open-Closed)","Tall Shrub","Clay Loam","Mesic",0,431.246765,263,17.707565,-150.109187,67.369491,1.04356155534537,2.83931139250516,"184-4-C-SAPU_2006",12.5969905853271,-5.96021417776744,134.548645019531,56.6840500831604,10.9000002543132,-6.88333348433177,6.00000015894572,15.8333333333333,42.4000015258789,1.06666668814917,90.2499980926514,255.509999632835,140,1,"24A_2006",0.825
"5314","184-4-D-SAPU",2006,0.12975,1.39620604571292,11,1995,13,"184-4","SAPU",139,114,15,19,23,0,0,0,0,0,0,NA,NA,NA,0,2,1,0,702.330496,"East","24A","White Spruce or Black Spruce (Open-Closed)","Tall Shrub","Clay Loam","Mesic",0,431.246765,263,17.707565,-150.109187,67.369491,-0.32328506750675,0.723767502359822,"184-4-D-SAPU_2006",12.5969905853271,-5.96021417776744,134.548645019531,56.6840500831604,10.9000002543132,-6.88333348433177,6.00000015894572,15.8333333333333,42.4000015258789,1.06666668814917,90.2499980926514,255.509999632835,140,1,"24A_2006",0.825
"5315","191-4-A-SAPU",2006,0.161,2.2867056022876,15,1991,14,"191-4","SAPU",109,85,19,16,39,13,0,0,0.333333333,0,0,"Moose",NA,NA,1,1,0,0,1634.196324,"East","24A","Low Shrub","Low Shrub","Clay Loam","Mesic",0,497.007599,303,3.553675,-149.85875,67.475963,0.768985338373293,2.15757593324956,"191-4-A-SAPU_2006",11.8438650767008,-6.16629044214884,135.50350856781,59.9097290039062,9.10000022252401,-8.32500020662943,4.33333333333333,13.8666667938232,21.2000007629395,0.966666692246993,70.6899979114532,273.699996471405,139.199998855591,1,"24A_2006",0.825
"5316","191-4-D-SAPU",2006,0.3045,4.96196181317484,6,2000,14,"191-4","SAPU",114,103,16,7,34,2,0,0,0.058823529,0,0,"Moose",NA,NA,1,1,0,0,1634.196324,"East","24A","Low Shrub","Low Shrub","Clay Loam","Mesic",0,497.007599,303,3.553675,-149.85875,67.475963,-0.225705655533492,0.797952940134739,"191-4-D-SAPU_2006",11.8438650767008,-6.16629044214884,135.50350856781,59.9097290039062,9.10000022252401,-8.32500020662943,4.33333333333333,13.8666667938232,21.2000007629395,0.966666692246993,70.6899979114532,273.699996471405,139.199998855591,1,"24A_2006",0.825
"5317","203-1-C-SAPU",2006,0.074,0.937234477938096,10,1996,15,"203-1","SAPU",102,74,13,0,16,1,1,0,0.0625,0.0625,0,"Moose","Hare",NA,1,1,0,0,905.036767,"East","24A","Low Shrub","Low Shrub","Loam","Mesic",0,550.644958,299,23.927214,-149.794431,67.571449,-0.905911750939644,0.404173211753826,"203-1-C-SAPU_2006",12.1333335240682,-6.25833332538605,108,55,8.2333337465922,-9.1750001013279,3.50000007947286,13.0000003178914,16.9000001549721,0.900000010927518,64.6499972343445,282.859997272491,126.300003051758,1,"24A_2006",0.825
"5318","203-2-A-SAPU",2006,0.22775,3.62417486095267,10,1996,15,"203-2","SAPU",122,97,14,32,16,1,0,0,0.0625,0,0,"Moose",NA,NA,1,0,1,0,933.944119,"East","24A","Low Shrub","Low Shrub","Loam","Mesic",0,566.911377,300,26.508135,-149.793674,67.571447,0.446536671677438,1.56289000030307,"203-2-A-SAPU_2006",12.1333335240682,-6.25833332538605,108,55,8.2333337465922,-9.1750001013279,3.50000007947286,13.0000003178914,16.9000001549721,0.900000010927518,64.6499972343445,282.859997272491,126.300003051758,1,"24A_2006",0.825
"5319","203-2-B-SAPU",2006,0.62775,19.5295577747486,11,1995,15,"203-2","SAPU",129,107,22,18,35,2,0,0,0.057142857,0,0,"Moose",NA,NA,1,0,1,0,933.944119,"East","24A","Low Shrub","Low Shrub","Loam","Mesic",0,566.911377,300,26.508135,-149.793674,67.571447,2.31488544307908,10.1237631051828,"203-2-B-SAPU_2006",12.1333335240682,-6.25833332538605,108,55,8.2333337465922,-9.1750001013279,3.50000007947286,13.0000003178914,16.9000001549721,0.900000010927518,64.6499972343445,282.859997272491,126.300003051758,1,"24A_2006",0.825
"5320","203-3-D-SAPU",2006,0.0915,1.11259739446331,18,1988,15,"203-3","SAPU",117,104,18,17,39,2,3,0,0.051282051,0.076923077,0,"Moose","Hare",NA,1,0,1,0,922.335664,"East","24A","Low Shrub","Low Shrub","Loam","Mesic",0,556.241272,305,23.609533,-149.79364,67.571701,0.400637858065063,1.49277657360493,"203-3-D-SAPU_2006",12.1333335240682,-6.25833332538605,108,55,8.2333337465922,-9.1750001013279,3.50000007947286,13.0000003178914,16.9000001549721,0.900000010927518,64.6499972343445,282.859997272491,126.300003051758,1,"24A_2006",0.825
"5321","203-4-B-SAPU",2006,0.0975,1.63827381000318,10,1996,15,"203-4","SAPU",76,69,15,0,18,3,0,0,0.166666667,0,0,"Moose",NA,NA,1,1,1,0,951.384807,"East","24A","Low Shrub","Low Shrub","Loam","Mesic",0,569.135193,316,29.227108,-149.792864,67.571712,-0.347446833518906,0.706489574495678,"203-4-B-SAPU_2006",12.1333335240682,-6.25833332538605,108,55,8.2333337465922,-9.1750001013279,3.50000007947286,13.0000003178914,16.9000001549721,0.900000010927518,64.6499972343445,282.859997272491,126.300003051758,1,"24A_2006",0.825
"5322","203-4-C-SAPU",2006,0.1165,0.758342767464732,14,1992,15,"203-4","SAPU",75,68,9,10,9,1,0,0,0.111111111,0,0,"Moose",NA,NA,1,1,1,0,951.384807,"East","24A","Low Shrub","Low Shrub","Loam","Mesic",0,569.135193,316,29.227108,-149.792864,67.571712,-0.46797357403869,0.626270073227611,"203-4-C-SAPU_2006",12.1333335240682,-6.25833332538605,108,55,8.2333337465922,-9.1750001013279,3.50000007947286,13.0000003178914,16.9000001549721,0.900000010927518,64.6499972343445,282.859997272491,126.300003051758,1,"24A_2006",0.825
"5323","209-1-C-SAPU",2006,0.226,2.89076475453453,9,1997,16,"209-1","SAPU",64,53,15,0,11,0,0,0,0,0,0,NA,NA,NA,0,0,1,0,698.873831,"East","24A","Low Shrub","Black Spruce Woodland","Sandy Loam","Mesic - Xeric",0,553.345276,287,19.679848,-149.692986,67.655886,0.0169773675077405,1.01712230205211,"209-1-C-SAPU_2006",11.4576393763224,-6.6734371582667,100,57.0451354980469,8.2333337465922,-9.1750001013279,3.50000007947286,13.0000003178914,16.9000001549721,0.900000010927518,64.6499972343445,282.859997272491,126.300003051758,1,"24A_2006",0.825
"5324","209-1-D-SAPU",2006,0.028,0.208564053086519,17,1989,16,"209-1","SAPU",53,47,13,0,9,1,0,0,0.111111111,0,0,"Moose",NA,NA,1,0,1,0,698.873831,"East","24A","Low Shrub","Black Spruce Woodland","Sandy Loam","Mesic - Xeric",0,553.345276,287,19.679848,-149.692986,67.655886,-1.38394280153091,0.250588581668447,"209-1-D-SAPU_2006",11.4576393763224,-6.6734371582667,100,57.0451354980469,8.2333337465922,-9.1750001013279,3.50000007947286,13.0000003178914,16.9000001549721,0.900000010927518,64.6499972343445,282.859997272491,126.300003051758,1,"24A_2006",0.825
"5325","209-2-D-SAPU",2006,0.026,0.110841672003956,29,1977,16,"209-2","SAPU",53,41,8,0,11,0,0,0,0,0,0,NA,NA,NA,0,0,0,0,728.528855,"East","24A","Low Shrub","Black Spruce Woodland","Sandy Loam","Mesic - Xeric",0,561.911133,287,21.070175,-149.692261,67.656,-0.984759746690437,0.373528957725481,"209-2-D-SAPU_2006",11.4576393763224,-6.6734371582667,100,57.0451354980469,8.2333337465922,-9.1750001013279,3.50000007947286,13.0000003178914,16.9000001549721,0.900000010927518,64.6499972343445,282.859997272491,126.300003051758,1,"24A_2006",0.825
"5326","209-3-A-SAPU",2006,0.23675,2.21848611416443,14,1992,16,"209-3","SAPU",74,55,12,0,9,0,0,0,0,0,0,NA,NA,NA,0,0,1,0,711.058695,"East","24A","Low Shrub","Black Spruce Woodland","Sandy Loam","Mesic - Xeric",0,553.430786,276,18.070417,-149.69261,67.656251,0.605471254398279,1.83211539791841,"209-3-A-SAPU_2006",11.4576393763224,-6.6734371582667,100,57.0451354980469,8.2333337465922,-9.1750001013279,3.50000007947286,13.0000003178914,16.9000001549721,0.900000010927518,64.6499972343445,282.859997272491,126.300003051758,1,"24A_2006",0.825
"5327","209-3-B-SAPU",2006,0.01,0.037557740173667,30,1976,16,"209-3","SAPU",59,53,15,0,17,0,1,0,0,0.058823529,0,NA,"Hare",NA,1,0,1,0,711.058695,"East","24A","Low Shrub","Black Spruce Woodland","Sandy Loam","Mesic - Xeric",0,553.430786,276,18.070417,-149.69261,67.656251,-2.00151833220277,0.135129955235407,"209-3-B-SAPU_2006",11.4576393763224,-6.6734371582667,100,57.0451354980469,8.2333337465922,-9.1750001013279,3.50000007947286,13.0000003178914,16.9000001549721,0.900000010927518,64.6499972343445,282.859997272491,126.300003051758,1,"24A_2006",0.825
"5328","209-4-B-SAPU",2006,0.17575,2.22027250228708,9,1997,16,"209-4","SAPU",67,54,11,11,16,0,0,2,0,0,0.125,NA,NA,"Ptarmagin",1,0,0,0,738.024448,"East","24A","Low Shrub","Black Spruce Woodland","Sandy Loam","Mesic - Xeric",0,561.090881,296,18.584587,-149.691928,67.656444,-0.246913783427719,0.781208043707751,"209-4-B-SAPU_2006",11.4576393763224,-6.6734371582667,100,57.0451354980469,8.2333337465922,-9.1750001013279,3.50000007947286,13.0000003178914,16.9000001549721,0.900000010927518,64.6499972343445,282.859997272491,126.300003051758,1,"24A_2006",0.825
"5329","222-1-C-SAGL",2006,0.2365,4.21161989680064,7,1999,17,"222-1","SAGL",74,60,14,0,25,0,7,0,0,0.28,0,NA,"Hare",NA,1,2,18,0,769.468544,"East","24A","Low Shrub","Tall Shrub","Clay Loam","Mesic",0,669.484009,287,15.029548,-149.809491,67.826198,-0.0919907328447289,0.912113602204301,"222-1-C-SAGL_2006",10.8333333333333,-7.20833317438761,100,64,8.2333337465922,-9.1750001013279,3.50000007947286,13.0000003178914,16.9000001549721,0.900000010927518,64.6499972343445,282.859997272491,126.300003051758,1,"24A_2006",0.825
"5330","222-2-B-SAGL",2006,0.19425,3.69615817342438,12,1994,17,"222-2","SAGL",106,74,19,0,21,0,10,0,0,0.476190476,0,NA,"Hare",NA,1,3,13,0,794.735172,"East","24A","Low Shrub","Tall Shrub","Clay Loam","Mesic",0,676.198608,282,15.59229,-149.808768,67.826375,0.818271405594234,2.26657845443184,"222-2-B-SAGL_2006",10.8333333333333,-7.20833317438761,100,64,8.2333337465922,-9.1750001013279,3.50000007947286,13.0000003178914,16.9000001549721,0.900000010927518,64.6499972343445,282.859997272491,126.300003051758,1,"24A_2006",0.825
"5331","222-3-B-SAGL",2006,0.14025,1.86917085621545,11,1995,17,"222-3","SAGL",90,74,14,0,22,0,5,0,0,0.227272727,0,NA,"Hare",NA,1,2,11,1,778.440723,"East","24A","Low Shrub","Low Shrub","Clay Loam","Mesic",0,672.469177,278,13.422374,-149.809021,67.826615,-0.0315487180302275,0.968943750272938,"222-3-B-SAGL_2006",10.8333333333333,-7.20833317438761,100,64,8.2333337465922,-9.1750001013279,3.50000007947286,13.0000003178914,16.9000001549721,0.900000010927518,64.6499972343445,282.859997272491,126.300003051758,1,"24A_2006",0.825
"5332","222-3-D-SAGL",2006,0.118,1.19571843829016,13,1993,17,"222-3","SAGL",89,75,11,0,18,1,6,0,0.055555556,0.333333333,0,"Moose","Hare",NA,1,2,11,1,778.440723,"East","24A","Low Shrub","Low Shrub","Clay Loam","Mesic",0,672.469177,278,13.422374,-149.809021,67.826615,-0.155710892052979,0.855806575090823,"222-3-D-SAGL_2006",10.8333333333333,-7.20833317438761,100,64,8.2333337465922,-9.1750001013279,3.50000007947286,13.0000003178914,16.9000001549721,0.900000010927518,64.6499972343445,282.859997272491,126.300003051758,1,"24A_2006",0.825
"5333","222-4-C-SAGL",2006,0.04025,0.584163249622217,15,1991,17,"222-4","SAGL",71,66,12,8,15,1,4,0,0.066666667,0.266666667,0,"Moose","Hare",NA,1,0,15,0,805.061274,"East","24A","Low Shrub","Low Shrub","Clay Loam","Mesic",0,678.755371,278,16.631924,-149.808355,67.826658,-0.595701639983664,0.551175703253135,"222-4-C-SAGL_2006",10.8333333333333,-7.20833317438761,100,64,8.2333337465922,-9.1750001013279,3.50000007947286,13.0000003178914,16.9000001549721,0.900000010927518,64.6499972343445,282.859997272491,126.300003051758,1,"24A_2006",0.825
"5334","235-2-B-SAPU",2006,0.186,2.02530938554565,7,1999,18,"235-2","SAPU",50,47,10,6,17,0,0,3,0,0,0.176470588,NA,NA,"Ptarmagin",1,0,0,0,510.631222,"East","24A","Dwarf Shrub-Lichen","Low Shrub","Sandy Gravel","Mesic",0,828.022217,289,26.243103,-149.726481,68.004961,-0.824115608245617,0.438622735311783,"235-2-B-SAPU_2006",8.5666667620341,-8.44999987880389,105,85,7.03333330154419,-10.2833334878087,2.40000013510386,11.7000001271566,10.6000000834465,0.833333345750968,48.1899989247322,293.789996147156,106.200002670288,1,"24A_2006",0.825
"5335","235-3-B-SAPU",2006,0.2565,3.29781227528037,16,1990,18,"235-3","SAPU",47,41,14,0,11,0,1,4,0,0.090909091,0.363636364,NA,"Hare","Ptarmagin",1,0,1,0,482.982181,"East","24A","Dwarf Shrub-Lichen","Low Shrub","Sandy Gravel","Mesic",0,817.546387,298,18.704132,-149.726784,68.005244,1.25975793607927,3.52456821329551,"235-3-B-SAPU_2006",8.5666667620341,-8.44999987880389,105,85,7.03333330154419,-10.2833334878087,2.40000013510386,11.7000001271566,10.6000000834465,0.833333345750968,48.1899989247322,293.789996147156,106.200002670288,1,"24A_2006",0.825
"5336","235-4-C-SAPU",2006,0.13375,1.22432283575063,15,1991,18,"235-4","SAPU",41,39,10,0,15,0,0,0,0,0,0,NA,NA,NA,0,0,0,0,503.848767,"East","24A","Low Shrub","Low Shrub","Sandy Gravel","Mesic",0,825.290771,293,20.728168,-149.726015,68.005351,0.144261062220305,1.15518564449259,"235-4-C-SAPU_2006",8.5666667620341,-8.44999987880389,105,85,7.03333330154419,-10.2833334878087,2.40000013510386,11.7000001271566,10.6000000834465,0.833333345750968,48.1899989247322,293.789996147156,106.200002670288,1,"24A_2006",0.825
"5337","240-1-B-SAPU",2006,0.2255,3.9215095232049,6,2000,19,"240-1","SAPU",58,47,12,0,24,0,1,9,0,0.041666667,0.375,NA,"Hare","Ptarmagin",1,0,1,0,395.986648,"West","24A","Low Shrub","Low Shrub","Sandy Loam","Mesic",0,1043.032227,75,23.365055,-149.606437,68.069578,-0.461030182792587,0.630633642826357,"240-1-B-SAPU_2006",7.55162143707275,-8.92456556422015,129.992980957031,125.992986679077,7.03333330154419,-10.2833334878087,2.40000013510386,11.7000001271566,10.6000000834465,0.833333345750968,48.1899989247322,293.789996147156,106.200002670288,1,"24A_2006",0.825
"5338","240-1-D-SAPU",2006,0.401,8.68617381994715,7,1999,19,"240-1","SAPU",115,81,18,0,57,3,0,19,0.052631579,0,0.333333333,"Moose",NA,"Ptarmagin",1,0,1,0,395.986648,"West","24A","Low Shrub","Low Shrub","Sandy Loam","Mesic",0,1043.032227,75,23.365055,-149.606437,68.069578,0.631894465299602,1.88117101885268,"240-1-D-SAPU_2006",7.55162143707275,-8.92456556422015,129.992980957031,125.992986679077,7.03333330154419,-10.2833334878087,2.40000013510386,11.7000001271566,10.6000000834465,0.833333345750968,48.1899989247322,293.789996147156,106.200002670288,1,"24A_2006",0.825
"5339","240-2-A-SAPU",2006,0.37525,4.63742959792234,11,1995,19,"240-2","SAPU",59,51,16,0,29,0,0,11,0,0,0.379310345,NA,NA,"Ptarmagin",1,0,0,0,426.292991,"West","24A","Tussock Tundra (Low shrub or Herbaceous)","Low Shrub","Sandy Loam","Mesic",0,1048.270996,87,24.096361,-149.606886,68.069926,0.877116588606221,2.40395810329265,"240-2-A-SAPU_2006",7.55162143707275,-8.92456556422015,129.992980957031,125.992986679077,7.03333330154419,-10.2833334878087,2.40000013510386,11.7000001271566,10.6000000834465,0.833333345750968,48.1899989247322,293.789996147156,106.200002670288,1,"24A_2006",0.825
"5340","240-3-B-SAPU",2006,0.268,11.4567915050378,11,1995,19,"240-3","SAPU",122,81,25,0,57,1,3,7,0.01754386,0.052631579,0.122807018,"Moose","Hare","Ptarmagin",1,0,1,3,399.798137,"West","24A","Low Shrub","Low Shrub","Sandy Loam","Mesic",0,1034.808228,93,20.584356,-149.606025,68.07014,1.78153904053325,5.93898973444454,"240-3-B-SAPU_2006",7.55162143707275,-8.92456556422015,129.992980957031,125.992986679077,7.03333330154419,-10.2833334878087,2.40000013510386,11.7000001271566,10.6000000834465,0.833333345750968,48.1899989247322,293.789996147156,106.200002670288,1,"24A_2006",0.825
"5341","240-3-D-SAPU",2006,0.3555,11.1717123920767,21,1985,19,"240-3","SAPU",167,110,47,0,149,7,11,21,0.046979866,0.073825503,0.140939597,"Moose","Hare","Ptarmagin",1,0,1,3,399.798137,"West","24A","Low Shrub","Low Shrub","Sandy Loam","Mesic",0,1034.808228,93,20.584356,-149.606025,68.07014,3.00499425016777,20.1861000289652,"240-3-D-SAPU_2006",7.55162143707275,-8.92456556422015,129.992980957031,125.992986679077,7.03333330154419,-10.2833334878087,2.40000013510386,11.7000001271566,10.6000000834465,0.833333345750968,48.1899989247322,293.789996147156,106.200002670288,1,"24A_2006",0.825
"5342","240-4-B-SAPU",2006,0.18,1.96704540819218,15,1991,19,"240-4","SAPU",118,104,19,0,27,3,0,5,0.111111111,0,0.185185185,"Moose",NA,"Ptarmagin",1,0,2,0,431.079046,"West","24A","Low Shrub","Low Shrub","Sandy Loam","Mesic",0,1046.807861,94,24.616484,-149.606605,68.070368,0.618405782348127,1.85596686695427,"240-4-B-SAPU_2006",7.55162143707275,-8.92456556422015,129.992980957031,125.992986679077,7.03333330154419,-10.2833334878087,2.40000013510386,11.7000001271566,10.6000000834465,0.833333345750968,48.1899989247322,293.789996147156,106.200002670288,1,"24A_2006",0.825
"5343","240-4-D-SAPU",2006,0.863666666666667,20.2565102682476,8,1998,19,"240-4","SAPU",77,61,11,0,15,0,1,2,0,0.066666667,0.133333333,NA,"Hare","Ptarmagin",1,0,2,0,431.079046,"West","24A","Low Shrub","Low Shrub","Sandy Loam","Mesic",0,1046.807861,94,24.616484,-149.606605,68.070368,1.73649056913994,5.67738403337762,"240-4-D-SAPU_2006",7.55162143707275,-8.92456556422015,129.992980957031,125.992986679077,7.03333330154419,-10.2833334878087,2.40000013510386,11.7000001271566,10.6000000834465,0.833333345750968,48.1899989247322,293.789996147156,106.200002670288,1,"24A_2006",0.825
"5344","255-1-C-SAGL",2006,0.109,1.81147373998641,17,1989,20,"255-1","SAGL",69,56,17,0,31,0,0,20,0,0,0.64516129,NA,NA,"Ptarmagin",1,0,0,0,585.543915,"East","26B","Low Shrub","Low Shrub","Sandy Gravel","Mesic - Xeric",0,991.483582,331,1.701594,-149.392735,68.222633,0.777707009309966,2.17647590040133,"255-1-C-SAGL_2006",7.90300893783569,-9.29655621449153,130.909729003906,143.090270996094,5.13333344459534,-11.8250000694146,0.633333330353101,9.66666650772095,6.80000019073486,0.708333333954215,38.2300000190735,311.139994621277,105.400001525879,1,"26B_2006",0.27
"5345","255-1-D-SAGL",2006,0.50275,4.97877620610548,8,1998,20,"255-1","SAGL",42,37,10,0,21,0,0,8,0,0,0.380952381,NA,NA,"Ptarmagin",1,0,0,0,585.543915,"East","26B","Low Shrub","Low Shrub","Sandy Gravel","Mesic - Xeric",0,991.483582,331,1.701594,-149.392735,68.222633,0.333198451618695,1.39542419518389,"255-1-D-SAGL_2006",7.90300893783569,-9.29655621449153,130.909729003906,143.090270996094,5.13333344459534,-11.8250000694146,0.633333330353101,9.66666650772095,6.80000019073486,0.708333333954215,38.2300000190735,311.139994621277,105.400001525879,1,"26B_2006",0.27
"5346","255-2-A-SAPU",2006,0.137,2.11433112577411,8,1998,20,"255-2","SAPU",51,48,12,0,26,0,0,5,0,0,0.192307692,NA,NA,"Ptarmagin",1,0,1,1,631.079496,"East","26B","Low Shrub","Low Shrub","Sandy Gravel","Mesic - Xeric",0,993.382141,286,2.676414,-149.39171,68.222788,-0.523247157581758,0.592593176997497,"255-2-A-SAPU_2006",7.90300893783569,-9.29655621449153,130.909729003906,143.090270996094,5.13333344459534,-11.8250000694146,0.633333330353101,9.66666650772095,6.80000019073486,0.708333333954215,38.2300000190735,311.139994621277,105.400001525879,1,"26B_2006",0.27
"5347","255-3-A-SAPU",2006,0.0825,0.68022156834608,10,1996,20,"255-3","SAPU",54,46,9,0,20,0,0,3,0,0,0.15,NA,NA,"Ptarmagin",1,0,1,0,600.399561,"East","26B","Tussock Tundra (Low shrub or Herbaceous)","Low Shrub","Sandy Gravel","Mesic - Xeric",0,990.277893,304,2.837043,-149.392647,68.223106,-1.2264266642359,0.293338905529272,"255-3-A-SAPU_2006",7.90300893783569,-9.29655621449153,130.909729003906,143.090270996094,5.13333344459534,-11.8250000694146,0.633333330353101,9.66666650772095,6.80000019073486,0.708333333954215,38.2300000190735,311.139994621277,105.400001525879,1,"26B_2006",0.27
"5348","255-3-C-SAPU",2006,0.053,0.305119332498274,12,1994,20,"255-3","SAPU",48,42,12,0,11,0,0,3,0,0,0.272727273,NA,NA,"Ptarmagin",1,0,1,0,600.399561,"East","26B","Tussock Tundra (Low shrub or Herbaceous)","Low Shrub","Sandy Gravel","Mesic - Xeric",0,990.277893,304,2.837043,-149.392647,68.223106,-1.67607486791137,0.187106956093951,"255-3-C-SAPU_2006",7.90300893783569,-9.29655621449153,130.909729003906,143.090270996094,5.13333344459534,-11.8250000694146,0.633333330353101,9.66666650772095,6.80000019073486,0.708333333954215,38.2300000190735,311.139994621277,105.400001525879,1,"26B_2006",0.27
"5349","255-4-A-SAPU",2006,0.016,0.138581935135153,20,1986,20,"255-4","SAPU",72,61,14,0,18,0,2,3,0,0.111111111,0.166666667,NA,"Hare","Ptarmagin",1,0,0,2,644.564014,"East","26B","Low Shrub","Low Shrub","Sandy Gravel","Mesic - Xeric",0,993.003235,239,7.430982,-149.391619,68.223199,-1.47889920319476,0.227888409194954,"255-4-A-SAPU_2006",7.90300893783569,-9.29655621449153,130.909729003906,143.090270996094,5.13333344459534,-11.8250000694146,0.633333330353101,9.66666650772095,6.80000019073486,0.708333333954215,38.2300000190735,311.139994621277,105.400001525879,1,"26B_2006",0.27
"5350","261-1-C-SAPU",2006,0.31675,4.82896896771997,8,1998,21,"261-1","SAPU",69,41,17,0,31,0,0,3,0,0,0.096774194,NA,NA,"Ptarmagin",1,0,0,0,356.206777,"East","26B","Dwarf Shrub","Low Shrub","Sandy Loam","Mesic",0,883.832947,287,13.943512,-149.352299,68.301689,0.302647313165046,1.35343704083049,"261-1-C-SAPU_2006",8.09616502126058,-9.42481046915054,140.178262710571,149.925419807434,5.13333344459534,-11.8250000694146,0.633333330353101,9.66666650772095,6.80000019073486,0.708333333954215,38.2300000190735,311.139994621277,105.400001525879,1,"26B_2006",0.27
"5351","261-2-C-SAPU",2006,0.103,0.977870978912279,37,1969,21,"261-2","SAPU",91,67,27,0,29,0,0,3,0,0,0.103448276,NA,NA,"Ptarmagin",1,0,0,1,388.99561,"East","26B","Dwarf Shrub-Lichen","Low Shrub","Sandy Loam","Mesic",0,888.892761,295,13.025289,-149.351465,68.301786,1.66295543695176,5.27487739771007,"261-2-C-SAPU_2006",8.09616502126058,-9.42481046915054,140.178262710571,149.925419807434,5.13333344459534,-11.8250000694146,0.633333330353101,9.66666650772095,6.80000019073486,0.708333333954215,38.2300000190735,311.139994621277,105.400001525879,1,"26B_2006",0.27
"5352","261-2-D-SAPU",2006,0.230333333333333,5.8166465183479,16,1990,21,"261-2","SAPU",122,71,29,0,41,2,0,11,0.048780488,0,0.268292683,"Moose",NA,"Ptarmagin",1,0,0,1,388.99561,"East","26B","Dwarf Shrub-Lichen","Low Shrub","Sandy Loam","Mesic",0,888.892761,295,13.025289,-149.351465,68.301786,1.82722253041801,6.21659625085909,"261-2-D-SAPU_2006",8.09616502126058,-9.42481046915054,140.178262710571,149.925419807434,5.13333344459534,-11.8250000694146,0.633333330353101,9.66666650772095,6.80000019073486,0.708333333954215,38.2300000190735,311.139994621277,105.400001525879,1,"26B_2006",0.27
"5353","261-4-A-SAPU",2006,0.166,1.96685377104031,10,1996,21,"261-4","SAPU",41,27,9,0,9,0,0,0,0,0,0,NA,NA,NA,0,0,0,0,405.679111,"East","26B","Low Shrub","Low Shrub","Sandy Loam","Mesic",0,886.626587,308,9.946874,-149.350886,68.302265,-0.164654770618661,0.84818647244003,"261-4-A-SAPU_2006",8.09616502126058,-9.42481046915054,140.178262710571,149.925419807434,5.13333344459534,-11.8250000694146,0.633333330353101,9.66666650772095,6.80000019073486,0.708333333954215,38.2300000190735,311.139994621277,105.400001525879,1,"26B_2006",0.27
"5354","268-1-C-SAPU",2006,0.15725,2.40770777398188,9,1997,22,"268-1","SAPU",61,49,10,0,21,0,0,5,0,0,0.238095238,NA,NA,"Ptarmagin",1,0,1,2,212.091228,"West","26B","Low Shrub","Low Shrub","Sandy Gravel","Mesic",0,818.738892,195,1.432166,-149.327109,68.400098,-0.165868556794376,0.847157579979397,"268-1-C-SAPU_2006",9.16064866383871,-8.80300897359848,141.909729003906,127.954864501953,5.13333344459534,-11.8250000694146,0.633333330353101,9.66666650772095,6.80000019073486,0.708333333954215,38.2300000190735,311.139994621277,105.400001525879,1,"26B_2006",0.27
"5355","268-1-D-SAPU",2006,0.217666666666667,3.06146214318541,10,1996,22,"268-1","SAPU",75,52,13,0,37,0,0,6,0,0,0.162162162,NA,NA,"Ptarmagin",1,0,1,2,212.091228,"West","26B","Low Shrub","Low Shrub","Sandy Gravel","Mesic",0,818.738892,195,1.432166,-149.327109,68.400098,0.277802660258862,1.3202256385149,"268-1-D-SAPU_2006",9.16064866383871,-8.80300897359848,141.909729003906,127.954864501953,5.13333344459534,-11.8250000694146,0.633333330353101,9.66666650772095,6.80000019073486,0.708333333954215,38.2300000190735,311.139994621277,105.400001525879,1,"26B_2006",0.27
"5356","268-3-B-SAPU",2006,0.25925,3.93281356262113,28,1978,22,"268-3","SAPU",106,41,14,0,42,0,0,4,0,0,0.095238095,NA,NA,"Ptarmagin",1,0,0,0,206.549982,"West","26B","Low Shrub","Low Shrub","Sandy Gravel","Mesic",0,819.661011,150,1.610195,-149.326989,68.400547,2.51648561247686,12.3849944209989,"268-3-B-SAPU_2006",9.16064866383871,-8.80300897359848,141.909729003906,127.954864501953,5.13333344459534,-11.8250000694146,0.633333330353101,9.66666650772095,6.80000019073486,0.708333333954215,38.2300000190735,311.139994621277,105.400001525879,1,"26B_2006",0.27
"5357","268-4-C-SAPU",2006,0.1975,4.25235378714709,7,1999,22,"268-4","SAPU",81,62,16,0,39,3,0,11,0.076923077,0,0.282051282,"Moose",NA,"Ptarmagin",1,0,0,5,171.881056,"West","26B","Dwarf Shrub-Lichen","Low Shrub","Sandy Gravel","Mesic",0,820.486511,188,1.085947,-149.326166,68.400831,-0.0823654182217572,0.920935370636897,"268-4-C-SAPU_2006",9.16064866383871,-8.80300897359848,141.909729003906,127.954864501953,5.13333344459534,-11.8250000694146,0.633333330353101,9.66666650772095,6.80000019073486,0.708333333954215,38.2300000190735,311.139994621277,105.400001525879,1,"26B_2006",0.27
"5358","282-1-D-SAPU",2006,0.095,1.01553029724841,15,1991,23,"282-1","SAPU",49,22,10,0,8,0,0,0,0,0,0,NA,NA,NA,0,0,0,0,577.316923,"West","26B","Tussock Tundra (Low shrub or Herbaceous)","Tussock Tundra","Clay Loam","Mesic",0,826.622314,26,2.82316,-149.530032,68.582817,-0.0427159053887764,0.958183566191033,"282-1-D-SAPU_2006",9.60000006357829,-8.46666658918063,125,107,9.46666669845581,-8.25833338499069,4.76666673024495,14.2000001271566,21.0000005960464,0.966666674862305,55.6999986171722,267.880000114441,81.8000011444092,1,"26B_2006",0.27
"5359","282-2-B-SAPU",2006,0.051,0.478260357619241,16,1990,23,"282-2","SAPU",68,29,11,0,18,0,0,0,0,0,0,NA,NA,NA,0,0,0,0,604.079816,"West","26B","Low Shrub","Low Shrub-Tussock Tundra","Clay Loam","Mesic",0,826.41803,354,3.355184,-149.530916,68.583004,-0.671101379225824,0.511145302835897,"282-2-B-SAPU_2006",9.60000006357829,-8.46666658918063,125,107,9.46666669845581,-8.25833338499069,4.76666673024495,14.2000001271566,21.0000005960464,0.966666674862305,55.6999986171722,267.880000114441,81.8000011444092,1,"26B_2006",0.27
"5360","282-2-D-SAPU",2006,0.04625,0.210646732666308,9,1997,23,"282-2","SAPU",41,22,7,0,4,0,0,0,0,0,0,NA,NA,NA,0,0,0,0,604.079816,"West","26B","Low Shrub","Low Shrub-Tussock Tundra","Clay Loam","Mesic",0,826.41803,354,3.355184,-149.530916,68.583004,-2.60211652195675,0.0741165427983121,"282-2-D-SAPU_2006",9.60000006357829,-8.46666658918063,125,107,9.46666669845581,-8.25833338499069,4.76666673024495,14.2000001271566,21.0000005960464,0.966666674862305,55.6999986171722,267.880000114441,81.8000011444092,1,"26B_2006",0.27
"5361","282-3-D-SAPU",2006,0.0406666666666667,0.269399269446636,27,1979,23,"282-3","SAPU",49,26,10,0,9,0,0,0,0,0,0,NA,NA,NA,0,0,0,0,571.732475,"West","26B","Low Shrub","Low Shrub-Tussock Tundra","Clay Loam","Mesic",0,823.876221,27,3.830761,-149.53038,68.583298,-0.234657021172123,0.790842045196606,"282-3-D-SAPU_2006",9.60000006357829,-8.46666658918063,125,107,9.46666669845581,-8.25833338499069,4.76666673024495,14.2000001271566,21.0000005960464,0.966666674862305,55.6999986171722,267.880000114441,81.8000011444092,1,"26B_2006",0.27
"5362","282-4-C-SAPU",2006,0.1625,2.00961791563914,12,1994,23,"282-4","SAPU",45,23,12,0,10,0,0,0,0,0,0,NA,NA,NA,0,0,0,0,597.547448,"West","26B","Tussock Tundra (Low shrub or Herbaceous)","Low Shrub-Tussock Tundra","Clay Loam","Mesic",0,823.620117,358,4.137664,-149.531178,68.583423,0.208922069170024,1.23234895681097,"282-4-C-SAPU_2006",9.60000006357829,-8.46666658918063,125,107,9.46666669845581,-8.25833338499069,4.76666673024495,14.2000001271566,21.0000005960464,0.966666674862305,55.6999986171722,267.880000114441,81.8000011444092,1,"26B_2006",0.27
"5363","282-4-D-SAPU",2006,0.05975,0.362515248531657,29,1977,23,"282-4","SAPU",59,31,18,0,12,0,0,0,0,0,0,NA,NA,NA,0,0,0,0,597.547448,"West","26B","Tussock Tundra (Low shrub or Herbaceous)","Low Shrub-Tussock Tundra","Clay Loam","Mesic",0,823.620117,358,4.137664,-149.531178,68.583423,0.20020398691088,1.22165193374916,"282-4-D-SAPU_2006",9.60000006357829,-8.46666658918063,125,107,9.46666669845581,-8.25833338499069,4.76666673024495,14.2000001271566,21.0000005960464,0.966666674862305,55.6999986171722,267.880000114441,81.8000011444092,1,"26B_2006",0.27
"5364","60-1-B-SAPU",2006,0.1015,1.89983731655393,7,1999,1,"60-1","SAPU",98,NA,10,10,41,0,1,0,0,0.024390244,0,NA,"Hare",NA,1,0,1,0,1438.56091,"West","20F","Low Shrub","Low Shrub-Tussock Tundra","Silt Loam","Mesic",0,110.943649,215,1.507567,-149.840126,65.909691,-0.8880698204793,0.411449157536874,"60-1-B-SAPU_2006",14.2258106867472,-5.69317144155502,109.361083984375,55.1354069709778,13.7333335876465,-3.55833341677984,8.90000009536743,18.6333335240682,50.6000010967255,0.958333345130086,88.3599983453751,228.219996809959,168.300001144409,1,"20F_2006",0.375
"5365","60-2-D-SAPU",2006,0.1925,1.55603869530466,12,1994,1,"60-2","SAPU",84,NA,16,7,26,2,1,0,0.076923077,0.038461538,0,"Moose","Hare",NA,1,0,2,0,1432.670461,"West","20F","Low Shrub","Low Shrub","Silt Loam","Mesic",0,110.927505,264,1.953402,-149.84073,65.909949,-0.0468792492147087,0.954202611348803,"60-2-D-SAPU_2006",14.2258106867472,-5.69317144155502,109.361083984375,55.1354069709778,13.7333335876465,-3.55833341677984,8.90000009536743,18.6333335240682,50.6000010967255,0.958333345130086,88.3599983453751,228.219996809959,168.300001144409,1,"20F_2006",0.375
"5366","60-3-B-SAPU",2006,0.09875,0.419666709386679,12,1994,1,"60-3","SAPU",81,NA,8,22,16,0,0,0,0,0,0,NA,NA,NA,0,0,3,0,1403.187226,"West","20F","Low Shrub","Black Spruce Woodland","Silt Loam","Mesic",0,111.24585,78,1.323723,-149.840194,65.910114,-1.35731697492022,0.257350328884029,"60-3-B-SAPU_2006",14.2258106867472,-5.69317144155502,109.361083984375,55.1354069709778,13.7333335876465,-3.55833341677984,8.90000009536743,18.6333335240682,50.6000010967255,0.958333345130086,88.3599983453751,228.219996809959,168.300001144409,1,"20F_2006",0.375
"5367","60-4-D-SAPU",2006,0.204,2.08928477834335,11,1995,1,"60-4","SAPU",103,NA,15,13,35,1,4,0,0.028571429,0.114285714,0,"Moose","Hare",NA,1,0,1,0,1406.241796,"West","20F","Tall Shrub (Open-Closed)","Black Spruce Woodland","Silt Loam","Mesic",0,110.670654,252,1.181915,-149.840942,65.910317,0.0797781379190015,1.08304675401104,"60-4-D-SAPU_2006",14.2258106867472,-5.69317144155502,109.361083984375,55.1354069709778,13.7333335876465,-3.55833341677984,8.90000009536743,18.6333335240682,50.6000010967255,0.958333345130086,88.3599983453751,228.219996809959,168.300001144409,1,"20F_2006",0.375
"5368","72-1-A-SAPU",2006,0.2075,2.85556242345289,6,2000,2,"72-1","SAPU",91,87,15,19,15,0,6,0,0,0.4,0,NA,"Hare",NA,1,0,0,0,895.937772,"West","20F","Tussock Tundra (Low shrub or Herbaceous)","Black Spruce Woodland","Clay Loam","Mesic",0,130.808105,148,1.606934,-150.14017,66.022623,-0.778238025257671,0.459214423110319,"72-1-A-SAPU_2006",14.4654471079508,-5.41509435574214,105.413415908813,54.0394303798676,12.2333335876465,-5.22500016291936,7.43333339691162,17.0666672388713,44.3000004291534,1.01666669050852,90.2099986076355,241.419999569654,159.200006484985,1,"20F_2006",0.375
"5369","72-1-D-SAPU",2006,0.0175,0.0386769325565075,30,1976,2,"72-1","SAPU",68,54,18,0,8,0,1,0,0,0.125,0,NA,"Hare",NA,1,0,0,0,895.937772,"West","20F","Tussock Tundra (Low shrub or Herbaceous)","Black Spruce Woodland","Clay Loam","Mesic",0,130.808105,148,1.606934,-150.14017,66.022623,-1.97215445461131,0.139156726172469,"72-1-D-SAPU_2006",14.4654471079508,-5.41509435574214,105.413415908813,54.0394303798676,12.2333335876465,-5.22500016291936,7.43333339691162,17.0666672388713,44.3000004291534,1.01666669050852,90.2099986076355,241.419999569654,159.200006484985,1,"20F_2006",0.375
"5370","72-2-A-SAGL",2006,0.266,4.24308216182818,16,1990,2,"72-2","SAGL",129,121,17,0,12,0,0,0,0,0,0,NA,NA,NA,0,0,0,0,855.94066,"West","20F","Tussock Tundra (Low shrub or Herbaceous)","Black Spruce Woodland","Clay Loam","Mesic",0,131.055786,179,2.125059,-150.13956,66.022889,1.51178856445939,4.53483438887053,"72-2-A-SAGL_2006",14.4654471079508,-5.41509435574214,105.413415908813,54.0394303798676,12.2333335876465,-5.22500016291936,7.43333339691162,17.0666672388713,44.3000004291534,1.01666669050852,90.2099986076355,241.419999569654,159.200006484985,1,"20F_2006",0.375
"5371","72-2-C-SAPU",2006,0.237,4.3322075746142,9,1997,2,"72-2","SAPU",97,84,22,5,22,0,0,0,0,0,0,NA,NA,NA,0,0,0,0,855.94066,"West","20F","Tussock Tundra (Low shrub or Herbaceous)","Black Spruce Woodland","Clay Loam","Mesic",0,131.055786,179,2.125059,-150.13956,66.022889,0.421533524011532,1.52429731071932,"72-2-C-SAPU_2006",14.4654471079508,-5.41509435574214,105.413415908813,54.0394303798676,12.2333335876465,-5.22500016291936,7.43333339691162,17.0666672388713,44.3000004291534,1.01666669050852,90.2099986076355,241.419999569654,159.200006484985,1,"20F_2006",0.375
"5372","72-2-D-SAPU",2006,0.164,2.67640236860703,17,1989,2,"72-2","SAPU",79,60,21,0,11,0,0,0,0,0,0,NA,NA,NA,0,0,0,0,855.94066,"West","20F","Tussock Tundra (Low shrub or Herbaceous)","Black Spruce Woodland","Clay Loam","Mesic",0,131.055786,179,2.125059,-150.13956,66.022889,1.16803976726688,3.21568296932306,"72-2-D-SAPU_2006",14.4654471079508,-5.41509435574214,105.413415908813,54.0394303798676,12.2333335876465,-5.22500016291936,7.43333339691162,17.0666672388713,44.3000004291534,1.01666669050852,90.2099986076355,241.419999569654,159.200006484985,1,"20F_2006",0.375
"5373","72-3-B-SAPU",2006,0.04775,0.598881611204278,18,1988,2,"72-3","SAPU",75,59,20,4,12,0,0,0,0,0,0,NA,NA,NA,0,0,1,0,885.368743,"West","20F","Tussock Tundra (Low shrub or Herbaceous)","Black Spruce Woodland","Clay Loam","Mesic",0,132.401993,119,2.284806,-150.140609,66.023021,-0.21875076321347,0.803521960430043,"72-3-B-SAPU_2006",14.4654471079508,-5.41509435574214,105.413415908813,54.0394303798676,12.2333335876465,-5.22500016291936,7.43333339691162,17.0666672388713,44.3000004291534,1.01666669050852,90.2099986076355,241.419999569654,159.200006484985,1,"20F_2006",0.375
"5374","72-3-D-SAGL",2006,0.2165,2.8566501999092,19,1987,2,"72-3","SAGL",128,109,19,9,10,0,2,0,0,0.2,0,NA,"Hare",NA,1,0,1,0,885.368743,"West","20F","Tussock Tundra (Low shrub or Herbaceous)","Black Spruce Woodland","Clay Loam","Mesic",0,132.401993,119,2.284806,-150.140609,66.023021,1.44799539866832,4.25457722992015,"72-3-D-SAGL_2006",14.4654471079508,-5.41509435574214,105.413415908813,54.0394303798676,12.2333335876465,-5.22500016291936,7.43333339691162,17.0666672388713,44.3000004291534,1.01666669050852,90.2099986076355,241.419999569654,159.200006484985,1,"20F_2006",0.375
"5375","72-4-B-SAPU",2006,0.03475,0.171825025048347,35,1971,2,"72-4","SAPU",111,93,14,0,13,0,0,0,0,0,0,NA,NA,NA,0,0,0,0,844.255779,"West","20F","Tussock Tundra (Low shrub or Herbaceous)","Low Shrub-Tussock Tundra","Clay Loam","Mesic",0,132.260803,156,1.029158,-150.139994,66.023305,-0.18325239137611,0.832557998758304,"72-4-B-SAPU_2006",14.4654471079508,-5.41509435574214,105.413415908813,54.0394303798676,12.2333335876465,-5.22500016291936,7.43333339691162,17.0666672388713,44.3000004291534,1.01666669050852,90.2099986076355,241.419999569654,159.200006484985,1,"20F_2006",0.375
"5376","111-2-C-SAPU",2005,0.1015,2.72220731309517,7,1998,6,"111-2","SAPU",87,78,14,0,21,0,0,0,0,0,0,NA,NA,NA,0,0,0,0,685.564701,"West","24A","Tall Shrub (Open-Closed)","Low Shrub","Gravely Sand Loam","Mesic",0,516.430603,8,6.353059,-150.737535,66.498284,-0.528395016742214,0.58955042932063,"111-2-C-SAPU_2005",13.3375473022461,-5.07911956310272,252.25283908844,113.126423835754,13.4000002543132,-4.30000023047129,8.40000025431315,18.466667175293,61.0000023841858,1.11666671310862,110.27999830246,233.489996507764,170.799997329712,1,"24A_2005",0.76
"5377","147-1-A-SAPU",2005,0.663333333333333,14.9584002476746,17,1988,9,"147-1","SAPU",191,167,22,11,73,23,0,0,0.315068493,0,0,"Moose",NA,NA,1,1,0,0,984.758365,"West","24A","Low Shrub","Tall Shrub","Clay Loam","Mesic - Hydric",0,426.634277,145,7.907337,-150.485282,66.911769,2.88883930585583,17.9724369881649,"147-1-A-SAPU_2005",13.6015046437581,-5.0662902990977,234.270812988281,84.1354064941406,11.9333337148031,-5.83333337306976,7.0666667620341,16.8333333333333,44.9000010490417,1.12500003104409,103.739995956421,245.639997720718,166.800006866455,1,"24A_2005",0.76
"5378","147-1-D-SAPU",2005,0.0915,1.00595131944823,11,1994,9,"147-1","SAPU",211,134,21,18,47,15,0,0,0.319148936,0,0,"Moose",NA,NA,1,1,0,0,984.758365,"West","24A","Low Shrub","Tall Shrub","Clay Loam","Mesic - Hydric",0,426.634277,145,7.907337,-150.485282,66.911769,-0.651109977874898,0.521466638973653,"147-1-D-SAPU_2005",13.6015046437581,-5.0662902990977,234.270812988281,84.1354064941406,11.9333337148031,-5.83333337306976,7.0666667620341,16.8333333333333,44.9000010490417,1.12500003104409,103.739995956421,245.639997720718,166.800006866455,1,"24A_2005",0.76
"5379","147-2-B-SAPU",2005,0.13425,1.02919694523985,13,1992,9,"147-2","SAPU",104,97,14,31,12,5,0,0,0.416666667,0,0,"Moose",NA,NA,1,2,1,0,986.173835,"West","24A","Low Shrub","Tall Shrub","Clay Loam","Mesic - Hydric",0,428.943481,147,8.698308,-150.484958,66.912025,-0.305679267046893,0.736622840791145,"147-2-B-SAPU_2005",13.6015046437581,-5.0662902990977,234.270812988281,84.1354064941406,11.9333337148031,-5.83333337306976,7.0666667620341,16.8333333333333,44.9000010490417,1.12500003104409,103.739995956421,245.639997720718,166.800006866455,1,"24A_2005",0.76
"5380","147-3-B-SAPU",2005,0.09625,1.02347492692042,16,1989,9,"147-3","SAPU",167,149,20,7,58,18,0,0,0.310344828,0,0,"Moose",NA,NA,1,2,1,0,952.272152,"West","24A","White Spruce or Black Spruce (Woodland)","Black Spruce Woodland","Clay Loam","Mesic - Hydric",0,425.583191,170,6.572863,-150.484233,66.911912,0.0897022627662686,1.09384855577383,"147-3-B-SAPU_2005",13.6015046437581,-5.0662902990977,234.270812988281,84.1354064941406,11.9333337148031,-5.83333337306976,7.0666667620341,16.8333333333333,44.9000010490417,1.12500003104409,103.739995956421,245.639997720718,166.800006866455,1,"24A_2005",0.76
"5381","147-4-A-SAPU",2005,0.242,3.96858550372077,14,1991,9,"147-4","SAPU",124,110,21,14,47,16,0,0,0.340425532,0,0,"Moose",NA,NA,1,0,1,0,956.341518,"West","24A","Tall Shrub (Open-Closed)","Tall Shrub","Clay Loam","Mesic - Hydric",0,428.39856,129,7.52786,-150.483929,66.912191,1.18705595660955,3.27741812892127,"147-4-A-SAPU_2005",13.6015046437581,-5.0662902990977,234.270812988281,84.1354064941406,11.9333337148031,-5.83333337306976,7.0666667620341,16.8333333333333,44.9000010490417,1.12500003104409,103.739995956421,245.639997720718,166.800006866455,1,"24A_2005",0.76
"5382","147-4-C-SAPU",2005,0.0765,0.456149828523277,19,1986,9,"147-4","SAPU",113,101,16,9,12,5,0,0,0.416666667,0,0,"Moose",NA,NA,1,0,1,0,956.341518,"West","24A","Tall Shrub (Open-Closed)","Tall Shrub","Clay Loam","Mesic - Hydric",0,428.39856,129,7.52786,-150.483929,66.912191,-0.386588233043323,0.679370779778639,"147-4-C-SAPU_2005",13.6015046437581,-5.0662902990977,234.270812988281,84.1354064941406,11.9333337148031,-5.83333337306976,7.0666667620341,16.8333333333333,44.9000010490417,1.12500003104409,103.739995956421,245.639997720718,166.800006866455,1,"24A_2005",0.76
"5383","173-4-B-SAPU",2005,0.26825,8.48455785716298,7,1998,12,"173-4","SAPU",149,112,21,11,30,5,0,0,0.166666667,0,0,"Moose",NA,NA,1,1,0,0,1308.377258,"East","24A","Low Shrub","Low Shrub","Clay Loam","Mesic",0,346.165253,355,1.872125,-150.190975,67.22891,0.608409708447992,1.83750690229348,"173-4-B-SAPU_2005",13.9658880233765,-5.3516849676768,190.623693466187,96.8645935058594,11.766666730245,-6.20833357175191,6.89999993642171,16.7000001271566,45.2000002861023,1.15833335431914,100.159996509552,247.829998135567,148.800004959106,1,"24A_2005",0.76
"5384","184-2-D-SAPU",2005,0.37725,7.85853831776898,14,1991,13,"184-2","SAPU",172,139,22,0,38,6,3,0,0.157894737,0.078947368,0,"Moose","Hare",NA,1,1,0,0,706.210196,"East","24A","White Spruce or Black Spruce (Open-Closed)","Tall Shrub","Clay Loam","Mesic",0,429.192566,258,16.706417,-150.109279,67.369156,1.87024684617816,6.48989820814774,"184-2-D-SAPU_2005",13.4969911575317,-5.28521386782328,148.458374023438,66.548641204834,11.766666730245,-6.20833357175191,6.89999993642171,16.7000001271566,45.2000002861023,1.15833335431914,100.159996509552,247.829998135567,148.800004959106,1,"24A_2005",0.76
"5385","184-3-C-SAPU",2005,0.223,3.61952157318408,8,1997,13,"184-3","SAPU",130,116,18,14,25,1,4,0,0.04,0.16,0,"Moose","Hare",NA,1,1,3,0,683.765397,"East","24A","White Spruce or Black Spruce (Open-Closed)","Tall Shrub","Clay Loam","Mesic",0,425.482941,261,10.788996,-150.109693,67.36937,0.014356187527125,1.01445973249759,"184-3-C-SAPU_2005",13.4969911575317,-5.28521386782328,148.458374023438,66.548641204834,11.766666730245,-6.20833357175191,6.89999993642171,16.7000001271566,45.2000002861023,1.15833335431914,100.159996509552,247.829998135567,148.800004959106,1,"24A_2005",0.76
"5386","184-4-D-SAPU",2005,0.24325,2.902593832623,10,1995,13,"184-4","SAPU",139,114,15,19,23,0,0,0,0,0,0,NA,NA,NA,0,2,1,0,702.330496,"East","24A","White Spruce or Black Spruce (Open-Closed)","Tall Shrub","Clay Loam","Mesic",0,431.246765,263,17.707565,-150.109187,67.369491,0.224514796121102,1.25171523174116,"184-4-D-SAPU_2005",13.4969911575317,-5.28521386782328,148.458374023438,66.548641204834,11.766666730245,-6.20833357175191,6.89999993642171,16.7000001271566,45.2000002861023,1.15833335431914,100.159996509552,247.829998135567,148.800004959106,1,"24A_2005",0.76
"5387","191-4-A-SAPU",2005,0.3715,5.89794829343129,14,1991,14,"191-4","SAPU",109,85,19,16,39,13,0,0,0.333333333,0,0,"Moose",NA,NA,1,1,0,0,1634.196324,"East","24A","Low Shrub","Low Shrub","Clay Loam","Mesic",0,497.007599,303,3.553675,-149.85875,67.475963,1.58325076524871,4.87076381300314,"191-4-A-SAPU_2005",12.6453692118327,-5.56553862492243,152.413238048553,67.7743213176727,9.93333339691162,-7.65000007549922,5.23333342870076,14.6666666666667,22.7000007629395,0.991666699449221,81.7699991464615,264.649996519089,154.300006866455,1,"24A_2005",0.76
"5388","203-1-C-SAPU",2005,0.1705,2.29040325684087,9,1996,15,"203-1","SAPU",102,74,13,0,16,1,1,0,0.0625,0.0625,0,"Moose","Hare",NA,1,1,0,0,905.036767,"East","24A","Low Shrub","Low Shrub","Loam","Mesic",0,550.644958,299,23.927214,-149.794431,67.571449,-0.215815823803224,0.805883712803448,"203-1-C-SAPU_2005",12.8666667938232,-5.68333311875661,123,62,8.76666673024496,-8.64166684945424,4.19999996821086,13.4000002543132,16.7000008821487,0.925000003228585,68.309998691082,276.139998912811,134.60000038147,1,"24A_2005",0.76
"5389","203-2-A-SAPU",2005,0.138,2.35455457882717,9,1996,15,"203-2","SAPU",122,97,14,32,16,1,0,0,0.0625,0,0,"Moose",NA,NA,1,0,1,0,933.944119,"East","24A","Low Shrub","Low Shrub","Loam","Mesic",0,566.911377,300,26.508135,-149.793674,67.571447,-0.188192149479682,0.828455504643666,"203-2-A-SAPU_2005",12.8666667938232,-5.68333311875661,123,62,8.76666673024496,-8.64166684945424,4.19999996821086,13.4000002543132,16.7000008821487,0.925000003228585,68.309998691082,276.139998912811,134.60000038147,1,"24A_2005",0.76
"5390","203-2-B-SAPU",2005,0.53325,18.5345945683054,10,1995,15,"203-2","SAPU",129,107,22,18,35,2,0,0,0.057142857,0,0,"Moose",NA,NA,1,0,1,0,933.944119,"East","24A","Low Shrub","Low Shrub","Loam","Mesic",0,566.911377,300,26.508135,-149.793674,67.571447,2.07854899636566,7.9928628230873,"203-2-B-SAPU_2005",12.8666667938232,-5.68333311875661,123,62,8.76666673024496,-8.64166684945424,4.19999996821086,13.4000002543132,16.7000008821487,0.925000003228585,68.309998691082,276.139998912811,134.60000038147,1,"24A_2005",0.76
"5391","203-3-D-SAPU",2005,0.1415,1.82415085174181,17,1988,15,"203-3","SAPU",117,104,18,17,39,2,3,0,0.051282051,0.076923077,0,"Moose","Hare",NA,1,0,1,0,922.335664,"East","24A","Low Shrub","Low Shrub","Loam","Mesic",0,556.241272,305,23.609533,-149.79364,67.571701,0.784680866381534,2.19170738160543,"203-3-D-SAPU_2005",12.8666667938232,-5.68333311875661,123,62,8.76666673024496,-8.64166684945424,4.19999996821086,13.4000002543132,16.7000008821487,0.925000003228585,68.309998691082,276.139998912811,134.60000038147,1,"24A_2005",0.76
"5392","203-4-B-SAPU",2005,0.03325,0.572351253943801,9,1996,15,"203-4","SAPU",76,69,15,0,18,3,0,0,0.166666667,0,0,"Moose",NA,NA,1,1,1,0,951.384807,"East","24A","Low Shrub","Low Shrub","Loam","Mesic",0,569.135193,316,29.227108,-149.792864,67.571712,-1.60254611630803,0.201383119840711,"203-4-B-SAPU_2005",12.8666667938232,-5.68333311875661,123,62,8.76666673024496,-8.64166684945424,4.19999996821086,13.4000002543132,16.7000008821487,0.925000003228585,68.309998691082,276.139998912811,134.60000038147,1,"24A_2005",0.76
"5393","203-4-C-SAPU",2005,0.026,0.180883480215741,13,1992,15,"203-4","SAPU",75,68,9,10,9,1,0,0,0.111111111,0,0,"Moose",NA,NA,1,1,1,0,951.384807,"East","24A","Low Shrub","Low Shrub","Loam","Mesic",0,569.135193,316,29.227108,-149.792864,67.571712,-2.0443603111062,0.129462979524931,"203-4-C-SAPU_2005",12.8666667938232,-5.68333311875661,123,62,8.76666673024496,-8.64166684945424,4.19999996821086,13.4000002543132,16.7000008821487,0.925000003228585,68.309998691082,276.139998912811,134.60000038147,1,"24A_2005",0.76
"5394","209-1-C-SAPU",2005,0.31125,4.50653121301969,8,1997,16,"209-1","SAPU",64,53,15,0,11,0,0,0,0,0,0,NA,NA,NA,0,0,1,0,698.873831,"East","24A","Low Shrub","Black Spruce Woodland","Sandy Loam","Mesic - Xeric",0,553.345276,287,19.679848,-149.692986,67.655886,0.233542057739868,1.26306594847294,"209-1-C-SAPU_2005",12.0894683202108,-6.13252274195353,114,59.0451354980469,8.76666673024496,-8.64166684945424,4.19999996821086,13.4000002543132,16.7000008821487,0.925000003228585,68.309998691082,276.139998912811,134.60000038147,1,"24A_2005",0.76
"5395","209-1-D-SAPU",2005,0.02325,0.176926055219921,16,1989,16,"209-1","SAPU",53,47,13,0,9,1,0,0,0.111111111,0,0,"Moose",NA,NA,1,0,1,0,698.873831,"East","24A","Low Shrub","Black Spruce Woodland","Sandy Loam","Mesic - Xeric",0,553.345276,287,19.679848,-149.692986,67.655886,-1.66552476647837,0.189091403111744,"209-1-D-SAPU_2005",12.0894683202108,-6.13252274195353,114,59.0451354980469,8.76666673024496,-8.64166684945424,4.19999996821086,13.4000002543132,16.7000008821487,0.925000003228585,68.309998691082,276.139998912811,134.60000038147,1,"24A_2005",0.76
"5396","209-2-D-SAPU",2005,0.0405,0.181118314266594,28,1977,16,"209-2","SAPU",53,41,8,0,11,0,0,0,0,0,0,NA,NA,NA,0,0,0,0,728.528855,"East","24A","Low Shrub","Black Spruce Woodland","Sandy Loam","Mesic - Xeric",0,561.911133,287,21.070175,-149.692261,67.656,-0.561474267782686,0.570367569175461,"209-2-D-SAPU_2005",12.0894683202108,-6.13252274195353,114,59.0451354980469,8.76666673024496,-8.64166684945424,4.19999996821086,13.4000002543132,16.7000008821487,0.925000003228585,68.309998691082,276.139998912811,134.60000038147,1,"24A_2005",0.76
"5397","209-3-A-SAPU",2005,0.099,1.03211214687284,13,1992,16,"209-3","SAPU",74,55,12,0,9,0,0,0,0,0,0,NA,NA,NA,0,0,1,0,711.058695,"East","24A","Low Shrub","Black Spruce Woodland","Sandy Loam","Mesic - Xeric",0,553.430786,276,18.070417,-149.69261,67.656251,-0.302850769770372,0.738709325907822,"209-3-A-SAPU_2005",12.0894683202108,-6.13252274195353,114,59.0451354980469,8.76666673024496,-8.64166684945424,4.19999996821086,13.4000002543132,16.7000008821487,0.925000003228585,68.309998691082,276.139998912811,134.60000038147,1,"24A_2005",0.76
"5398","209-3-B-SAPU",2005,0.016,0.0613992868217589,29,1976,16,"209-3","SAPU",59,53,15,0,17,0,1,0,0,0.058823529,0,NA,"Hare",NA,1,0,1,0,711.058695,"East","24A","Low Shrub","Black Spruce Woodland","Sandy Loam","Mesic - Xeric",0,553.430786,276,18.070417,-149.69261,67.656251,-1.57546433160922,0.206911454843453,"209-3-B-SAPU_2005",12.0894683202108,-6.13252274195353,114,59.0451354980469,8.76666673024496,-8.64166684945424,4.19999996821086,13.4000002543132,16.7000008821487,0.925000003228585,68.309998691082,276.139998912811,134.60000038147,1,"24A_2005",0.76
"5399","209-4-B-SAPU",2005,0.0965,1.30163330761512,8,1997,16,"209-4","SAPU",67,54,11,11,16,0,0,2,0,0,0.125,NA,NA,"Ptarmagin",1,0,0,0,738.024448,"East","24A","Low Shrub","Black Spruce Woodland","Sandy Loam","Mesic - Xeric",0,561.090881,296,18.584587,-149.691928,67.656444,-1.00836580112992,0.364814672424121,"209-4-B-SAPU_2005",12.0894683202108,-6.13252274195353,114,59.0451354980469,8.76666673024496,-8.64166684945424,4.19999996821086,13.4000002543132,16.7000008821487,0.925000003228585,68.309998691082,276.139998912811,134.60000038147,1,"24A_2005",0.76
"5400","222-1-C-SAGL",2005,0.24125,4.65829959061921,6,1999,17,"222-1","SAGL",74,60,14,0,25,0,7,0,0,0.28,0,NA,"Hare",NA,1,2,18,0,769.468544,"East","24A","Low Shrub","Tall Shrub","Clay Loam","Mesic",0,669.484009,287,15.029548,-149.809491,67.826198,-0.288856358089599,0.749119802674321,"222-1-C-SAGL_2005",11.4333333969116,-6.72499988476435,112,64,8.76666673024496,-8.64166684945424,4.19999996821086,13.4000002543132,16.7000008821487,0.925000003228585,68.309998691082,276.139998912811,134.60000038147,1,"24A_2005",0.76
"5401","222-2-B-SAGL",2005,0.37375,7.77858439203603,11,1994,17,"222-2","SAGL",106,74,19,0,21,0,10,0,0,0.476190476,0,NA,"Hare",NA,1,3,13,0,794.735172,"East","24A","Low Shrub","Tall Shrub","Clay Loam","Mesic",0,676.198608,282,15.59229,-149.808768,67.826375,1.39433070871228,4.03227490283808,"222-2-B-SAGL_2005",11.4333333969116,-6.72499988476435,112,64,8.76666673024496,-8.64166684945424,4.19999996821086,13.4000002543132,16.7000008821487,0.925000003228585,68.309998691082,276.139998912811,134.60000038147,1,"24A_2005",0.76
"5402","222-3-B-SAGL",2005,0.14625,2.08077008050442,10,1995,17,"222-3","SAGL",90,74,14,0,22,0,5,0,0,0.227272727,0,NA,"Hare",NA,1,2,11,1,778.440723,"East","24A","Low Shrub","Low Shrub","Clay Loam","Mesic",0,672.469177,278,13.422374,-149.809021,67.826615,-0.108351909947637,0.897311767924833,"222-3-B-SAGL_2005",11.4333333969116,-6.72499988476435,112,64,8.76666673024496,-8.64166684945424,4.19999996821086,13.4000002543132,16.7000008821487,0.925000003228585,68.309998691082,276.139998912811,134.60000038147,1,"24A_2005",0.76
"5403","222-3-D-SAGL",2005,0.132,1.44125589531677,12,1993,17,"222-3","SAGL",89,75,11,0,18,1,6,0,0.055555556,0.333333333,0,"Moose","Hare",NA,1,2,11,1,778.440723,"East","24A","Low Shrub","Low Shrub","Clay Loam","Mesic",0,672.469177,278,13.422374,-149.809021,67.826615,-0.123507660097382,0.883814871110168,"222-3-D-SAGL_2005",11.4333333969116,-6.72499988476435,112,64,8.76666673024496,-8.64166684945424,4.19999996821086,13.4000002543132,16.7000008821487,0.925000003228585,68.309998691082,276.139998912811,134.60000038147,1,"24A_2005",0.76
"5404","222-4-C-SAGL",2005,0.1265,1.90221000440555,14,1991,17,"222-4","SAGL",71,66,12,8,15,1,4,0,0.066666667,0.266666667,0,"Moose","Hare",NA,1,0,15,0,805.061274,"East","24A","Low Shrub","Low Shrub","Clay Loam","Mesic",0,678.755371,278,16.631924,-149.808355,67.826658,0.451662592130165,1.57092181776332,"222-4-C-SAGL_2005",11.4333333969116,-6.72499988476435,112,64,8.76666673024496,-8.64166684945424,4.19999996821086,13.4000002543132,16.7000008821487,0.925000003228585,68.309998691082,276.139998912811,134.60000038147,1,"24A_2005",0.76
"5405","235-2-B-SAPU",2005,0.10525,1.24234458200795,6,1999,18,"235-2","SAPU",50,47,10,6,17,0,0,3,0,0,0.176470588,NA,NA,"Ptarmagin",1,0,0,0,510.631222,"East","24A","Dwarf Shrub-Lichen","Low Shrub","Sandy Gravel","Mesic",0,828.022217,289,26.243103,-149.726481,68.004961,-1.61050645865815,0.199786404893636,"235-2-B-SAPU_2005",9.13333320617676,-8.04166676973303,113,79,7.5,-9.82500025133292,3.13333336512248,11.9333337148031,10.4000002741814,0.850000020116568,48.929998755455,287.31999874115,108.000001907349,1,"24A_2005",0.76
"5406","235-3-B-SAPU",2005,0.209,2.99275027684801,15,1990,18,"235-3","SAPU",47,41,14,0,11,0,1,4,0,0.090909091,0.363636364,NA,"Hare","Ptarmagin",1,0,1,0,482.982181,"East","24A","Dwarf Shrub-Lichen","Low Shrub","Sandy Gravel","Mesic",0,817.546387,298,18.704132,-149.726784,68.005244,1.03806594786466,2.82375044915866,"235-3-B-SAPU_2005",9.13333320617676,-8.04166676973303,113,79,7.5,-9.82500025133292,3.13333336512248,11.9333337148031,10.4000002741814,0.850000020116568,48.929998755455,287.31999874115,108.000001907349,1,"24A_2005",0.76
"5407","235-4-C-SAPU",2005,0.10175,1.00667997259432,14,1991,18,"235-4","SAPU",41,39,10,0,15,0,0,0,0,0,0,NA,NA,NA,0,0,0,0,503.848767,"East","24A","Low Shrub","Low Shrub","Sandy Gravel","Mesic",0,825.290771,293,20.728168,-149.726015,68.005351,-0.184696017868703,0.831356963106705,"235-4-C-SAPU_2005",9.13333320617676,-8.04166676973303,113,79,7.5,-9.82500025133292,3.13333336512248,11.9333337148031,10.4000002741814,0.850000020116568,48.929998755455,287.31999874115,108.000001907349,1,"24A_2005",0.76
"5408","240-1-D-SAPU",2005,0.38175,9.2079485737608,6,1999,19,"240-1","SAPU",115,81,18,0,57,3,0,19,0.052631579,0,0.333333333,"Moose",NA,"Ptarmagin",1,0,1,0,395.986648,"West","24A","Low Shrub","Low Shrub","Sandy Loam","Mesic",0,1043.032227,75,23.365055,-149.606437,68.069578,0.392560241531888,1.48076706627065,"240-1-D-SAPU_2005",8.05162175496419,-8.50827507177989,138.083261489868,115.902714729309,7.5,-9.82500025133292,3.13333336512248,11.9333337148031,10.4000002741814,0.850000020116568,48.929998755455,287.31999874115,108.000001907349,1,"24A_2005",0.76
"5409","240-2-A-SAPU",2005,0.1695,2.38480104749776,10,1995,19,"240-2","SAPU",59,51,16,0,29,0,0,11,0,0,0.379310345,NA,NA,"Ptarmagin",1,0,0,0,426.292991,"West","24A","Tussock Tundra (Low shrub or Herbaceous)","Low Shrub","Sandy Loam","Mesic",0,1048.270996,87,24.096361,-149.606886,68.069926,0.0280257364668616,1.02842215203347,"240-2-A-SAPU_2005",8.05162175496419,-8.50827507177989,138.083261489868,115.902714729309,7.5,-9.82500025133292,3.13333336512248,11.9333337148031,10.4000002741814,0.850000020116568,48.929998755455,287.31999874115,108.000001907349,1,"24A_2005",0.76
"5410","240-3-B-SAPU",2005,0.32575,14.5331872753362,10,1995,19,"240-3","SAPU",122,81,25,0,57,1,3,7,0.01754386,0.052631579,0.122807018,"Moose","Hare","Ptarmagin",1,0,1,3,399.798137,"West","24A","Low Shrub","Low Shrub","Sandy Loam","Mesic",0,1034.808228,93,20.584356,-149.606025,68.07014,1.83534484562018,6.2672950220686,"240-3-B-SAPU_2005",8.05162175496419,-8.50827507177989,138.083261489868,115.902714729309,7.5,-9.82500025133292,3.13333336512248,11.9333337148031,10.4000002741814,0.850000020116568,48.929998755455,287.31999874115,108.000001907349,1,"24A_2005",0.76
"5411","240-3-D-SAPU",2005,0.5845,20.0942030946122,20,1985,19,"240-3","SAPU",167,110,47,0,149,7,11,21,0.046979866,0.073825503,0.140939597,"Moose","Hare","Ptarmagin",1,0,1,3,399.798137,"West","24A","Low Shrub","Low Shrub","Sandy Loam","Mesic",0,1034.808228,93,20.584356,-149.606025,68.07014,3.49782570587223,33.0435274468175,"240-3-D-SAPU_2005",8.05162175496419,-8.50827507177989,138.083261489868,115.902714729309,7.5,-9.82500025133292,3.13333336512248,11.9333337148031,10.4000002741814,0.850000020116568,48.929998755455,287.31999874115,108.000001907349,1,"24A_2005",0.76
"5412","240-4-B-SAPU",2005,0.42575,5.46281945040181,14,1991,19,"240-4","SAPU",118,104,19,0,27,3,0,5,0.111111111,0,0.185185185,"Moose",NA,"Ptarmagin",1,0,2,0,431.079046,"West","24A","Low Shrub","Low Shrub","Sandy Loam","Mesic",0,1046.807861,94,24.616484,-149.606605,68.070368,1.5066112610256,4.51141684738421,"240-4-B-SAPU_2005",8.05162175496419,-8.50827507177989,138.083261489868,115.902714729309,7.5,-9.82500025133292,3.13333336512248,11.9333337148031,10.4000002741814,0.850000020116568,48.929998755455,287.31999874115,108.000001907349,1,"24A_2005",0.76
"5413","240-4-D-SAPU",2005,0.787666666666667,22.5602702121901,7,1998,19,"240-4","SAPU",77,61,11,0,15,0,1,2,0,0.066666667,0.133333333,NA,"Hare","Ptarmagin",1,0,2,0,431.079046,"West","24A","Low Shrub","Low Shrub","Sandy Loam","Mesic",0,1046.807861,94,24.616484,-149.606605,68.070368,1.58635232392933,4.88589422458916,"240-4-D-SAPU_2005",8.05162175496419,-8.50827507177989,138.083261489868,115.902714729309,7.5,-9.82500025133292,3.13333336512248,11.9333337148031,10.4000002741814,0.850000020116568,48.929998755455,287.31999874115,108.000001907349,1,"24A_2005",0.76
"5414","255-1-C-SAGL",2005,0.32075,5.76359670915374,16,1989,20,"255-1","SAGL",69,56,17,0,31,0,0,20,0,0,0.64516129,NA,NA,"Ptarmagin",1,0,0,0,585.543915,"East","26B","Low Shrub","Low Shrub","Sandy Gravel","Mesic - Xeric",0,991.483582,331,1.701594,-149.392735,68.222633,1.81806034284388,6.15989876307039,"255-1-C-SAGL_2005",8.3696756362915,-8.94580409427484,136.864593505859,127.954864501953,5.60000006357829,-11.3666668931643,1.36666667461395,9.86666679382324,6.80000019073486,0.733333344260852,39.0099989771843,304.539998054504,108.600004196167,1,"26B_2005",0.27
"5415","255-1-D-SAGL",2005,0.06725,0.786407596386955,7,1998,20,"255-1","SAGL",42,37,10,0,21,0,0,8,0,0,0.380952381,NA,NA,"Ptarmagin",1,0,0,0,585.543915,"East","26B","Low Shrub","Low Shrub","Sandy Gravel","Mesic - Xeric",0,991.483582,331,1.701594,-149.392735,68.222633,-1.77011813061676,0.170312868472823,"255-1-D-SAGL_2005",8.3696756362915,-8.94580409427484,136.864593505859,127.954864501953,5.60000006357829,-11.3666668931643,1.36666667461395,9.86666679382324,6.80000019073486,0.733333344260852,39.0099989771843,304.539998054504,108.600004196167,1,"26B_2005",0.27
"5416","255-2-A-SAPU",2005,0.2605,4.34562374604134,7,1998,20,"255-2","SAPU",51,48,12,0,26,0,0,5,0,0,0.192307692,NA,NA,"Ptarmagin",1,0,1,1,631.079496,"East","26B","Low Shrub","Low Shrub","Sandy Gravel","Mesic - Xeric",0,993.382141,286,2.676414,-149.39171,68.222788,-0.0606687768049654,0.941134913869446,"255-2-A-SAPU_2005",8.3696756362915,-8.94580409427484,136.864593505859,127.954864501953,5.60000006357829,-11.3666668931643,1.36666667461395,9.86666679382324,6.80000019073486,0.733333344260852,39.0099989771843,304.539998054504,108.600004196167,1,"26B_2005",0.27
"5417","255-3-A-SAPU",2005,0.07375,0.644278803145899,9,1996,20,"255-3","SAPU",54,46,9,0,20,0,0,3,0,0,0.15,NA,NA,"Ptarmagin",1,0,1,0,600.399561,"East","26B","Tussock Tundra (Low shrub or Herbaceous)","Low Shrub","Sandy Gravel","Mesic - Xeric",0,990.277893,304,2.837043,-149.392647,68.223106,-1.48416744297966,0.226690995312295,"255-3-A-SAPU_2005",8.3696756362915,-8.94580409427484,136.864593505859,127.954864501953,5.60000006357829,-11.3666668931643,1.36666667461395,9.86666679382324,6.80000019073486,0.733333344260852,39.0099989771843,304.539998054504,108.600004196167,1,"26B_2005",0.27
"5418","255-3-C-SAPU",2005,0.032,0.19276812522427,11,1994,20,"255-3","SAPU",48,42,12,0,11,0,0,3,0,0,0.272727273,NA,NA,"Ptarmagin",1,0,1,0,600.399561,"East","26B","Tussock Tundra (Low shrub or Herbaceous)","Low Shrub","Sandy Gravel","Mesic - Xeric",0,990.277893,304,2.837043,-149.392647,68.223106,-2.30331089424483,0.0999274462079233,"255-3-C-SAPU_2005",8.3696756362915,-8.94580409427484,136.864593505859,127.954864501953,5.60000006357829,-11.3666668931643,1.36666667461395,9.86666679382324,6.80000019073486,0.733333344260852,39.0099989771843,304.539998054504,108.600004196167,1,"26B_2005",0.27
"5419","255-4-A-SAPU",2005,0.10075,0.909586302741558,19,1986,20,"255-4","SAPU",72,61,14,0,18,0,2,3,0,0.111111111,0.166666667,NA,"Hare","Ptarmagin",1,0,0,2,644.564014,"East","26B","Low Shrub","Low Shrub","Sandy Gravel","Mesic - Xeric",0,993.003235,239,7.430982,-149.391619,68.223199,0.303580323858498,1.35470040133528,"255-4-A-SAPU_2005",8.3696756362915,-8.94580409427484,136.864593505859,127.954864501953,5.60000006357829,-11.3666668931643,1.36666667461395,9.86666679382324,6.80000019073486,0.733333344260852,39.0099989771843,304.539998054504,108.600004196167,1,"26B_2005",0.27
"5420","261-1-C-SAPU",2005,0.343,5.94008411949941,7,1998,21,"261-1","SAPU",69,41,17,0,31,0,0,3,0,0,0.096774194,NA,NA,"Ptarmagin",1,0,0,0,356.206777,"East","26B","Dwarf Shrub","Low Shrub","Sandy Loam","Mesic",0,883.832947,287,13.943512,-149.352299,68.301689,0.251885214686672,1.28644836343113,"261-1-C-SAPU_2005",8.56283171971639,-9.07586391518513,143.051836013794,129.178262710571,5.60000006357829,-11.3666668931643,1.36666667461395,9.86666679382324,6.80000019073486,0.733333344260852,39.0099989771843,304.539998054504,108.600004196167,1,"26B_2005",0.27
"5421","261-2-C-SAPU",2005,0.0335,0.332411133278173,36,1969,21,"261-2","SAPU",91,67,27,0,29,0,0,3,0,0,0.103448276,NA,NA,"Ptarmagin",1,0,0,1,388.99561,"East","26B","Dwarf Shrub-Lichen","Low Shrub","Sandy Loam","Mesic",0,888.892761,295,13.025289,-149.351465,68.301786,0.53104216011915,1.70070379103956,"261-2-C-SAPU_2005",8.56283171971639,-9.07586391518513,143.051836013794,129.178262710571,5.60000006357829,-11.3666668931643,1.36666667461395,9.86666679382324,6.80000019073486,0.733333344260852,39.0099989771843,304.539998054504,108.600004196167,1,"26B_2005",0.27
"5422","261-2-D-SAPU",2005,0.237666666666667,6.35126966558001,15,1990,21,"261-2","SAPU",122,71,29,0,41,2,0,11,0.048780488,0,0.268292683,"Moose",NA,"Ptarmagin",1,0,0,1,388.99561,"East","26B","Dwarf Shrub-Lichen","Low Shrub","Sandy Loam","Mesic",0,888.892761,295,13.025289,-149.351465,68.301786,1.79052789846233,5.99261512383785,"261-2-D-SAPU_2005",8.56283171971639,-9.07586391518513,143.051836013794,129.178262710571,5.60000006357829,-11.3666668931643,1.36666667461395,9.86666679382324,6.80000019073486,0.733333344260852,39.0099989771843,304.539998054504,108.600004196167,1,"26B_2005",0.27
"5423","261-4-A-SAPU",2005,0.211,2.74994129304104,9,1996,21,"261-4","SAPU",41,27,9,0,9,0,0,0,0,0,0,NA,NA,NA,0,0,0,0,405.679111,"East","26B","Low Shrub","Low Shrub","Sandy Loam","Mesic",0,886.626587,308,9.946874,-149.350886,68.302265,-0.0329641570913242,0.967573239606776,"261-4-A-SAPU_2005",8.56283171971639,-9.07586391518513,143.051836013794,129.178262710571,5.60000006357829,-11.3666668931643,1.36666667461395,9.86666679382324,6.80000019073486,0.733333344260852,39.0099989771843,304.539998054504,108.600004196167,1,"26B_2005",0.27
"5424","268-1-C-SAPU",2005,0.09225,1.48477893089098,8,1997,22,"268-1","SAPU",61,49,10,0,21,0,0,5,0,0,0.238095238,NA,NA,"Ptarmagin",1,0,1,2,212.091228,"West","26B","Low Shrub","Low Shrub","Sandy Gravel","Mesic",0,818.738892,195,1.432166,-149.327109,68.400098,-0.876719774386699,0.416145727161584,"268-1-C-SAPU_2005",9.56365744272868,-8.48596665635705,139.954864501953,110.909729003906,5.60000006357829,-11.3666668931643,1.36666667461395,9.86666679382324,6.80000019073486,0.733333344260852,39.0099989771843,304.539998054504,108.600004196167,1,"26B_2005",0.27
"5425","268-1-D-SAPU",2005,0.114,1.72218336970998,9,1996,22,"268-1","SAPU",75,52,13,0,37,0,0,6,0,0,0.162162162,NA,NA,"Ptarmagin",1,0,1,2,212.091228,"West","26B","Low Shrub","Low Shrub","Sandy Gravel","Mesic",0,818.738892,195,1.432166,-149.327109,68.400098,-0.500950833745582,0.605954223984349,"268-1-D-SAPU_2005",9.56365744272868,-8.48596665635705,139.954864501953,110.909729003906,5.60000006357829,-11.3666668931643,1.36666667461395,9.86666679382324,6.80000019073486,0.733333344260852,39.0099989771843,304.539998054504,108.600004196167,1,"26B_2005",0.27
"5426","268-3-B-SAPU",2005,0.107,1.74630140038769,27,1978,22,"268-3","SAPU",106,41,14,0,42,0,0,4,0,0,0.095238095,NA,NA,"Ptarmagin",1,0,0,0,206.549982,"West","26B","Low Shrub","Low Shrub","Sandy Gravel","Mesic",0,819.661011,150,1.610195,-149.326989,68.400547,1.63440377149717,5.12640057951555,"268-3-B-SAPU_2005",9.56365744272868,-8.48596665635705,139.954864501953,110.909729003906,5.60000006357829,-11.3666668931643,1.36666667461395,9.86666679382324,6.80000019073486,0.733333344260852,39.0099989771843,304.539998054504,108.600004196167,1,"26B_2005",0.27
"5427","268-4-C-SAPU",2005,0.22225,5.07832110362621,6,1999,22,"268-4","SAPU",81,62,16,0,39,3,0,11,0.076923077,0,0.282051282,"Moose",NA,"Ptarmagin",1,0,0,5,171.881056,"West","26B","Dwarf Shrub-Lichen","Low Shrub","Sandy Gravel","Mesic",0,820.486511,188,1.085947,-149.326166,68.400831,-0.202526129366065,0.816665143376838,"268-4-C-SAPU_2005",9.56365744272868,-8.48596665635705,139.954864501953,110.909729003906,5.60000006357829,-11.3666668931643,1.36666667461395,9.86666679382324,6.80000019073486,0.733333344260852,39.0099989771843,304.539998054504,108.600004196167,1,"26B_2005",0.27
"5428","282-1-D-SAPU",2005,0.10825,1.22629078174872,14,1991,23,"282-1","SAPU",49,22,10,0,8,0,0,0,0,0,0,NA,NA,NA,0,0,0,0,577.316923,"West","26B","Tussock Tundra (Low shrub or Herbaceous)","Tussock Tundra","Clay Loam","Mesic",0,826.622314,26,2.82316,-149.530032,68.582817,0.0126402103229195,1.01272043544588,"282-1-D-SAPU_2005",10.0333331425985,-8.20833344757557,118,88,9.96666685740153,-7.85833370685577,5.60000006357829,14.3666664759318,20.1000002622604,0.975000008940697,55.6799980401993,261.319997310638,80.7000017166138,1,"26B_2005",0.27
"5429","282-2-B-SAPU",2005,0.03125,0.301126564585103,15,1990,23,"282-2","SAPU",68,29,11,0,18,0,0,0,0,0,0,NA,NA,NA,0,0,0,0,604.079816,"West","26B","Low Shrub","Low Shrub-Tussock Tundra","Clay Loam","Mesic",0,826.41803,354,3.355184,-149.530916,68.583004,-1.25835146405207,0.284122026010248,"282-2-B-SAPU_2005",10.0333331425985,-8.20833344757557,118,88,9.96666685740153,-7.85833370685577,5.60000006357829,14.3666664759318,20.1000002622604,0.975000008940697,55.6799980401993,261.319997310638,80.7000017166138,1,"26B_2005",0.27
"5430","282-2-D-SAPU",2005,0.04525,0.219099580399873,8,1997,23,"282-2","SAPU",41,22,7,0,4,0,0,0,0,0,0,NA,NA,NA,0,0,0,0,604.079816,"West","26B","Low Shrub","Low Shrub-Tussock Tundra","Clay Loam","Mesic",0,826.41803,354,3.355184,-149.530916,68.583004,-2.79021461496291,0.0614080334178702,"282-2-D-SAPU_2005",10.0333331425985,-8.20833344757557,118,88,9.96666685740153,-7.85833370685577,5.60000006357829,14.3666664759318,20.1000002622604,0.975000008940697,55.6799980401993,261.319997310638,80.7000017166138,1,"26B_2005",0.27
"5431","282-3-D-SAPU",2005,0.0333333333333333,0.228568294239017,26,1979,23,"282-3","SAPU",49,26,10,0,9,0,0,0,0,0,0,NA,NA,NA,0,0,0,0,571.732475,"West","26B","Low Shrub","Low Shrub-Tussock Tundra","Clay Loam","Mesic",0,823.876221,27,3.830761,-149.53038,68.583298,-0.471894031173416,0.623819614847904,"282-3-D-SAPU_2005",10.0333331425985,-8.20833344757557,118,88,9.96666685740153,-7.85833370685577,5.60000006357829,14.3666664759318,20.1000002622604,0.975000008940697,55.6799980401993,261.319997310638,80.7000017166138,1,"26B_2005",0.27
"5432","282-4-C-SAPU",2005,0.1475,1.96776404751168,11,1994,23,"282-4","SAPU",45,23,12,0,10,0,0,0,0,0,0,NA,NA,NA,0,0,0,0,597.547448,"West","26B","Tussock Tundra (Low shrub or Herbaceous)","Low Shrub-Tussock Tundra","Clay Loam","Mesic",0,823.620117,358,4.137664,-149.531178,68.583423,0.0198542387139705,1.02005264500468,"282-4-C-SAPU_2005",10.0333331425985,-8.20833344757557,118,88,9.96666685740153,-7.85833370685577,5.60000006357829,14.3666664759318,20.1000002622604,0.975000008940697,55.6799980401993,261.319997310638,80.7000017166138,1,"26B_2005",0.27
"5433","282-4-D-SAPU",2005,0.04825,0.309113278508694,28,1977,23,"282-4","SAPU",59,31,18,0,12,0,0,0,0,0,0,NA,NA,NA,0,0,0,0,597.547448,"West","26B","Tussock Tundra (Low shrub or Herbaceous)","Low Shrub-Tussock Tundra","Clay Loam","Mesic",0,823.620117,358,4.137664,-149.531178,68.583423,-0.0269169486475724,0.973442083848832,"282-4-D-SAPU_2005",10.0333331425985,-8.20833344757557,118,88,9.96666685740153,-7.85833370685577,5.60000006357829,14.3666664759318,20.1000002622604,0.975000008940697,55.6799980401993,261.319997310638,80.7000017166138,1,"26B_2005",0.27
"5434","60-1-B-SAPU",2005,0.0905,1.74853193117174,6,1999,1,"60-1","SAPU",98,NA,10,10,41,0,1,0,0,0.024390244,0,NA,"Hare",NA,1,0,1,0,1438.56091,"West","20F","Low Shrub","Low Shrub-Tussock Tundra","Silt Loam","Mesic",0,110.943649,215,1.507567,-149.840126,65.909691,-1.2687303055284,0.281188418599545,"60-1-B-SAPU_2005",15.3924773534139,-4.67612872521083,114.315948486328,65.225679397583,14.7333335876465,-2.71666661898295,9.53333346048991,20,66.3000020980835,1.05833336152136,108.839995384216,222.799999281764,169.300004005432,1,"20F_2005",0.375
"5435","60-2-D-SAPU",2005,0.26775,2.55145291664321,11,1994,1,"60-2","SAPU",84,NA,16,7,26,2,1,0,0.076923077,0.038461538,0,"Moose","Hare",NA,1,0,2,0,1432.670461,"West","20F","Low Shrub","Low Shrub","Silt Loam","Mesic",0,110.927505,264,1.953402,-149.84073,65.909949,0.279619309973874,1.32262620587967,"60-2-D-SAPU_2005",15.3924773534139,-4.67612872521083,114.315948486328,65.225679397583,14.7333335876465,-2.71666661898295,9.53333346048991,20,66.3000020980835,1.05833336152136,108.839995384216,222.799999281764,169.300004005432,1,"20F_2005",0.375
"5436","60-3-B-SAPU",2005,0.14725,0.739580979787954,11,1994,1,"60-3","SAPU",81,NA,8,22,16,0,0,0,0,0,0,NA,NA,NA,0,0,3,0,1403.187226,"West","20F","Low Shrub","Black Spruce Woodland","Silt Loam","Mesic",0,111.24585,78,1.323723,-149.840194,65.910114,-0.958715154861218,0.383385160218694,"60-3-B-SAPU_2005",15.3924773534139,-4.67612872521083,114.315948486328,65.225679397583,14.7333335876465,-2.71666661898295,9.53333346048991,20,66.3000020980835,1.05833336152136,108.839995384216,222.799999281764,169.300004005432,1,"20F_2005",0.375
"5437","60-4-D-SAPU",2005,0.2425,2.82374594385366,10,1995,1,"60-4","SAPU",103,NA,15,13,35,1,4,0,0.028571429,0.114285714,0,"Moose","Hare",NA,1,0,1,0,1406.241796,"West","20F","Tall Shrub (Open-Closed)","Black Spruce Woodland","Silt Loam","Mesic",0,110.670654,252,1.181915,-149.840942,65.910317,0.196974386205423,1.21771285005966,"60-4-D-SAPU_2005",15.3924773534139,-4.67612872521083,114.315948486328,65.225679397583,14.7333335876465,-2.71666661898295,9.53333346048991,20,66.3000020980835,1.05833336152136,108.839995384216,222.799999281764,169.300004005432,1,"20F_2005",0.375
"5438","72-1-D-SAPU",2005,0.018,0.0417894654780519,29,1976,2,"72-1","SAPU",68,54,18,0,8,0,1,0,0,0.125,0,NA,"Hare",NA,1,0,0,0,895.937772,"West","20F","Tussock Tundra (Low shrub or Herbaceous)","Black Spruce Woodland","Clay Loam","Mesic",0,130.808105,148,1.606934,-150.14017,66.022623,-1.96021826570242,0.140827679713858,"72-1-D-SAPU_2005",15.6653525034587,-4.4054502248764,109.250415802002,64.0575046539307,13.2000001271566,-4.43333355585734,8.23333342870077,18.2333335876465,52.0000007152557,1.1000000325342,107.969996929169,234.449997082353,175.800004005432,1,"20F_2005",0.375
"5439","72-2-A-SAGL",2005,0.16825,2.91336203414226,15,1990,2,"72-2","SAGL",129,121,17,0,12,0,0,0,0,0,0,NA,NA,NA,0,0,0,0,855.94066,"West","20F","Tussock Tundra (Low shrub or Herbaceous)","Black Spruce Woodland","Clay Loam","Mesic",0,131.055786,179,2.125059,-150.13956,66.022889,1.01118091069615,2.74884523981577,"72-2-A-SAGL_2005",15.6653525034587,-4.4054502248764,109.250415802002,64.0575046539307,13.2000001271566,-4.43333355585734,8.23333342870077,18.2333335876465,52.0000007152557,1.1000000325342,107.969996929169,234.449997082353,175.800004005432,1,"20F_2005",0.375
"5440","72-2-C-SAPU",2005,0.46825,9.59676739583327,8,1997,2,"72-2","SAPU",97,84,22,5,22,0,0,0,0,0,0,NA,NA,NA,0,0,0,0,855.94066,"West","20F","Tussock Tundra (Low shrub or Herbaceous)","Black Spruce Woodland","Clay Loam","Mesic",0,131.055786,179,2.125059,-150.13956,66.022889,0.989440644694419,2.68972953700461,"72-2-C-SAPU_2005",15.6653525034587,-4.4054502248764,109.250415802002,64.0575046539307,13.2000001271566,-4.43333355585734,8.23333342870077,18.2333335876465,52.0000007152557,1.1000000325342,107.969996929169,234.449997082353,175.800004005432,1,"20F_2005",0.375
"5441","72-2-D-SAPU",2005,0.179,3.11407963232721,16,1989,2,"72-2","SAPU",79,60,21,0,11,0,0,0,0,0,0,NA,NA,NA,0,0,0,0,855.94066,"West","20F","Tussock Tundra (Low shrub or Herbaceous)","Black Spruce Woodland","Clay Loam","Mesic",0,131.055786,179,2.125059,-150.13956,66.022889,1.20243227978227,3.32820220485058,"72-2-D-SAPU_2005",15.6653525034587,-4.4054502248764,109.250415802002,64.0575046539307,13.2000001271566,-4.43333355585734,8.23333342870077,18.2333335876465,52.0000007152557,1.1000000325342,107.969996929169,234.449997082353,175.800004005432,1,"20F_2005",0.375
"5442","72-3-B-SAPU",2005,0.211,2.81788608815656,17,1988,2,"72-3","SAPU",75,59,20,4,12,0,0,0,0,0,0,NA,NA,NA,0,0,1,0,885.368743,"West","20F","Tussock Tundra (Low shrub or Herbaceous)","Black Spruce Woodland","Clay Loam","Mesic",0,132.401993,119,2.284806,-150.140609,66.023021,1.21955326406334,3.38567489308177,"72-3-B-SAPU_2005",15.6653525034587,-4.4054502248764,109.250415802002,64.0575046539307,13.2000001271566,-4.43333355585734,8.23333342870077,18.2333335876465,52.0000007152557,1.1000000325342,107.969996929169,234.449997082353,175.800004005432,1,"20F_2005",0.375
"5443","72-3-D-SAGL",2005,0.20875,3.03327348413713,18,1987,2,"72-3","SAGL",128,109,19,9,10,0,2,0,0,0.2,0,NA,"Hare",NA,1,0,1,0,885.368743,"West","20F","Tussock Tundra (Low shrub or Herbaceous)","Black Spruce Woodland","Clay Loam","Mesic",0,132.401993,119,2.284806,-150.140609,66.023021,1.4035829754095,4.06975570946855,"72-3-D-SAGL_2005",15.6653525034587,-4.4054502248764,109.250415802002,64.0575046539307,13.2000001271566,-4.43333355585734,8.23333342870077,18.2333335876465,52.0000007152557,1.1000000325342,107.969996929169,234.449997082353,175.800004005432,1,"20F_2005",0.375
"5444","72-4-B-SAPU",2005,0.0385,0.199226977920663,34,1971,2,"72-4","SAPU",111,93,14,0,13,0,0,0,0,0,0,NA,NA,NA,0,0,0,0,844.255779,"West","20F","Tussock Tundra (Low shrub or Herbaceous)","Low Shrub-Tussock Tundra","Clay Loam","Mesic",0,132.260803,156,1.029158,-150.139994,66.023305,-0.0912599355191019,0.912780416008655,"72-4-B-SAPU_2005",15.6653525034587,-4.4054502248764,109.250415802002,64.0575046539307,13.2000001271566,-4.43333355585734,8.23333342870077,18.2333335876465,52.0000007152557,1.1000000325342,107.969996929169,234.449997082353,175.800004005432,1,"20F_2005",0.375
"5445","111-2-C-SAPU",2004,0.12275,3.37860520260135,6,1998,6,"111-2","SAPU",87,78,14,0,21,0,0,0,0,0,0,NA,NA,NA,0,0,0,0,685.564701,"West","24A","Tall Shrub (Open-Closed)","Low Shrub","Gravely Sand Loam","Mesic",0,516.430603,8,6.353059,-150.737535,66.498284,-0.61004388254568,0.543327025978319,"111-2-C-SAPU_2004",15.137547492981,-5.04525938630104,91.06321144104,126.189632415771,15.1000000635783,-4.35833334922791,9.73333326975504,20.5333334604899,61.2000007629395,1.14166668429971,79.949999332428,242.26999771595,77.5000038146973,1,"24A_2004",0.97
"5446","147-1-A-SAPU",2004,0.81,22.0149619831596,16,1988,9,"147-1","SAPU",191,167,22,11,73,23,0,0,0.315068493,0,0,"Moose",NA,NA,1,1,0,0,984.758365,"West","24A","Low Shrub","Tall Shrub","Clay Loam","Mesic - Hydric",0,426.634277,145,7.907337,-150.485282,66.911769,3.15822094668345,23.5286998609272,"147-1-A-SAPU_2004",15.4348373413086,-5.06629053751628,70.0902709960938,93.0902709960938,13.6333335240682,-5.98333331942558,8.36666679382324,18.9666665395101,43.100001335144,1.15000000844399,76.4299993515015,251.549998238683,85.6000022888184,1,"24A_2004",0.97
"5447","147-1-D-SAPU",2004,0.12875,1.50456468142329,10,1994,9,"147-1","SAPU",211,134,21,18,47,15,0,0,0.319148936,0,0,"Moose",NA,NA,1,1,0,0,984.758365,"West","24A","Low Shrub","Tall Shrub","Clay Loam","Mesic - Hydric",0,426.634277,145,7.907337,-150.485282,66.911769,-0.432586358017237,0.648828819144649,"147-1-D-SAPU_2004",15.4348373413086,-5.06629053751628,70.0902709960938,93.0902709960938,13.6333335240682,-5.98333331942558,8.36666679382324,18.9666665395101,43.100001335144,1.15000000844399,76.4299993515015,251.549998238683,85.6000022888184,1,"24A_2004",0.97
"5448","147-2-B-SAPU",2004,0.17475,1.50931987460358,12,1992,9,"147-2","SAPU",104,97,14,31,12,5,0,0,0.416666667,0,0,"Moose",NA,NA,1,2,1,0,986.173835,"West","24A","Low Shrub","Tall Shrub","Clay Loam","Mesic - Hydric",0,428.943481,147,8.698308,-150.484958,66.912025,-0.0773634079193281,0.925553439032832,"147-2-B-SAPU_2004",15.4348373413086,-5.06629053751628,70.0902709960938,93.0902709960938,13.6333335240682,-5.98333331942558,8.36666679382324,18.9666665395101,43.100001335144,1.15000000844399,76.4299993515015,251.549998238683,85.6000022888184,1,"24A_2004",0.97
"5449","147-3-B-SAPU",2004,0.062,0.690101091843449,15,1989,9,"147-3","SAPU",167,149,20,7,58,18,0,0,0.310344828,0,0,"Moose",NA,NA,1,2,1,0,952.272152,"West","24A","White Spruce or Black Spruce (Woodland)","Black Spruce Woodland","Clay Loam","Mesic - Hydric",0,425.583191,170,6.572863,-150.484233,66.911912,-0.429044023995224,0.651131263150421,"147-3-B-SAPU_2004",15.4348373413086,-5.06629053751628,70.0902709960938,93.0902709960938,13.6333335240682,-5.98333331942558,8.36666679382324,18.9666665395101,43.100001335144,1.15000000844399,76.4299993515015,251.549998238683,85.6000022888184,1,"24A_2004",0.97
"5450","147-4-A-SAPU",2004,0.045,0.778533783449355,13,1991,9,"147-4","SAPU",124,110,21,14,47,16,0,0,0.340425532,0,0,"Moose",NA,NA,1,0,1,0,956.341518,"West","24A","Tall Shrub (Open-Closed)","Tall Shrub","Clay Loam","Mesic - Hydric",0,428.39856,129,7.52786,-150.483929,66.912191,-0.584800993458141,0.557216740555614,"147-4-A-SAPU_2004",15.4348373413086,-5.06629053751628,70.0902709960938,93.0902709960938,13.6333335240682,-5.98333331942558,8.36666679382324,18.9666665395101,43.100001335144,1.15000000844399,76.4299993515015,251.549998238683,85.6000022888184,1,"24A_2004",0.97
"5451","147-4-C-SAPU",2004,0.1,0.651723395987202,18,1986,9,"147-4","SAPU",113,101,16,9,12,5,0,0,0.416666667,0,0,"Moose",NA,NA,1,0,1,0,956.341518,"West","24A","Tall Shrub (Open-Closed)","Tall Shrub","Clay Loam","Mesic - Hydric",0,428.39856,129,7.52786,-150.483929,66.912191,-0.134194465100167,0.874420003894788,"147-4-C-SAPU_2004",15.4348373413086,-5.06629053751628,70.0902709960938,93.0902709960938,13.6333335240682,-5.98333331942558,8.36666679382324,18.9666665395101,43.100001335144,1.15000000844399,76.4299993515015,251.549998238683,85.6000022888184,1,"24A_2004",0.97
"5452","173-4-B-SAPU",2004,0.431,14.57902828269,6,1998,12,"173-4","SAPU",149,112,21,11,30,5,0,0,0.166666667,0,0,"Moose",NA,NA,1,1,0,0,1308.377258,"East","24A","Low Shrub","Low Shrub","Clay Loam","Mesic",0,346.165253,355,1.872125,-150.190975,67.22891,0.85207723216174,2.34451189277424,"173-4-B-SAPU_2004",15.7957051595052,-5.41847823063533,57.9548645019531,96.8223114013672,13.4666668574015,-6.36666668454806,8.16666698455811,18.8000005086263,44.9000005722046,1.20833336003125,82.7199985980988,253.219999074936,97.9000015258789,1,"24A_2004",0.97
"5453","184-2-D-SAPU",2004,0.29925,6.86970357319475,13,1991,13,"184-2","SAPU",172,139,22,0,38,6,3,0,0.157894737,0.078947368,0,"Moose","Hare",NA,1,1,0,0,706.210196,"East","24A","White Spruce or Black Spruce (Open-Closed)","Tall Shrub","Clay Loam","Mesic",0,429.192566,258,16.706417,-150.109279,67.369156,1.5926628569207,4.91682431130857,"184-2-D-SAPU_2004",15.3303244908651,-5.35946167508761,53.8645935058594,68.5937790870667,13.4666668574015,-6.36666668454806,8.16666698455811,18.8000005086263,44.9000005722046,1.20833336003125,82.7199985980988,253.219999074936,97.9000015258789,1,"24A_2004",0.97
"5454","184-3-C-SAPU",2004,0.2555,4.53111123029092,7,1997,13,"184-3","SAPU",130,116,18,14,25,1,4,0,0.04,0.16,0,"Moose","Hare",NA,1,1,3,0,683.765397,"East","24A","White Spruce or Black Spruce (Open-Closed)","Tall Shrub","Clay Loam","Mesic",0,425.482941,261,10.788996,-150.109693,67.36937,-0.0188708660068484,0.981306074033074,"184-3-C-SAPU_2004",15.3303244908651,-5.35946167508761,53.8645935058594,68.5937790870667,13.4666668574015,-6.36666668454806,8.16666698455811,18.8000005086263,44.9000005722046,1.20833336003125,82.7199985980988,253.219999074936,97.9000015258789,1,"24A_2004",0.97
"5455","184-4-D-SAPU",2004,0.24125,3.24593574484026,9,1995,13,"184-4","SAPU",139,114,15,19,23,0,0,0,0,0,0,NA,NA,NA,0,2,1,0,702.330496,"East","24A","White Spruce or Black Spruce (Open-Closed)","Tall Shrub","Clay Loam","Mesic",0,431.246765,263,17.707565,-150.109187,67.369491,0.132859953157931,1.14209004102679,"184-4-D-SAPU_2004",15.3303244908651,-5.35946167508761,53.8645935058594,68.5937790870667,13.4666668574015,-6.36666668454806,8.16666698455811,18.8000005086263,44.9000005722046,1.20833336003125,82.7199985980988,253.219999074936,97.9000015258789,1,"24A_2004",0.97
"5456","191-4-A-SAPU",2004,0.3435,6.22500222583695,13,1991,14,"191-4","SAPU",109,85,19,16,39,13,0,0,0.333333333,0,0,"Moose",NA,NA,1,1,0,0,1634.196324,"East","24A","Low Shrub","Low Shrub","Clay Loam","Mesic",0,497.007599,303,3.553675,-149.85875,67.475963,1.49411569953881,4.45539490253598,"191-4-A-SAPU_2004",14.543864885966,-5.68258102734884,50.8194570541382,65.7743210792542,11.6333335240682,-7.83333359969159,6.5,16.8000005086263,21.4000000953674,1.06666670553386,62.9399983882904,266.029998898506,96.0000019073486,1,"24A_2004",0.97
"5457","203-1-C-SAPU",2004,0.23575,3.46781700918534,8,1996,15,"203-1","SAPU",102,74,13,0,16,1,1,0,0.0625,0.0625,0,"Moose","Hare",NA,1,1,0,0,905.036767,"East","24A","Low Shrub","Low Shrub","Loam","Mesic",0,550.644958,299,23.927214,-149.794431,67.571449,-0.0284603754638737,0.971940806086706,"203-1-C-SAPU_2004",14.7999998728434,-5.83333334326744,38,58,10.6000000635783,-8.93333348135153,5.59999990463257,15.700000445048,15.7000001072884,1.02500002582868,59.659998357296,274.329998016357,107.800001144409,1,"24A_2004",0.97
"5458","203-2-A-SAPU",2004,0.3295,6.10586046604221,8,1996,15,"203-2","SAPU",122,97,14,32,16,1,0,0,0.0625,0,0,"Moose",NA,NA,1,0,1,0,933.944119,"East","24A","Low Shrub","Low Shrub","Loam","Mesic",0,566.911377,300,26.508135,-149.793674,67.571447,0.537263374637057,1.71131721411452,"203-2-A-SAPU_2004",14.7999998728434,-5.83333334326744,38,58,10.6000000635783,-8.93333348135153,5.59999990463257,15.700000445048,15.7000001072884,1.02500002582868,59.659998357296,274.329998016357,107.800001144409,1,"24A_2004",0.97
"5459","203-2-B-SAPU",2004,0.34075,12.7793338789084,9,1995,15,"203-2","SAPU",129,107,22,18,35,2,0,0,0.057142857,0,0,"Moose",NA,NA,1,0,1,0,933.944119,"East","24A","Low Shrub","Low Shrub","Loam","Mesic",0,566.911377,300,26.508135,-149.793674,67.571447,1.50328560488298,4.49643834671037,"203-2-B-SAPU_2004",14.7999998728434,-5.83333334326744,38,58,10.6000000635783,-8.93333348135153,5.59999990463257,15.700000445048,15.7000001072884,1.02500002582868,59.659998357296,274.329998016357,107.800001144409,1,"24A_2004",0.97
"5460","203-3-D-SAPU",2004,0.22625,3.17809894197222,16,1988,15,"203-3","SAPU",117,104,18,17,39,2,3,0,0.051282051,0.076923077,0,"Moose","Hare",NA,1,0,1,0,922.335664,"East","24A","Low Shrub","Low Shrub","Loam","Mesic",0,556.241272,305,23.609533,-149.79364,67.571701,1.22278183537641,3.39662345050585,"203-3-D-SAPU_2004",14.7999998728434,-5.83333334326744,38,58,10.6000000635783,-8.93333348135153,5.59999990463257,15.700000445048,15.7000001072884,1.02500002582868,59.659998357296,274.329998016357,107.800001144409,1,"24A_2004",0.97
"5461","203-4-B-SAPU",2004,0.0185,0.321458755889595,8,1996,15,"203-4","SAPU",76,69,15,0,18,3,0,0,0.166666667,0,0,"Moose",NA,NA,1,1,1,0,951.384807,"East","24A","Low Shrub","Low Shrub","Loam","Mesic",0,569.135193,316,29.227108,-149.792864,67.571712,-2.40687169750845,0.0900967039193226,"203-4-B-SAPU_2004",14.7999998728434,-5.83333334326744,38,58,10.6000000635783,-8.93333348135153,5.59999990463257,15.700000445048,15.7000001072884,1.02500002582868,59.659998357296,274.329998016357,107.800001144409,1,"24A_2004",0.97
"5462","203-4-C-SAPU",2004,0.039,0.279289157700457,12,1992,15,"203-4","SAPU",75,68,9,10,9,1,0,0,0.111111111,0,0,"Moose",NA,NA,1,1,1,0,951.384807,"East","24A","Low Shrub","Low Shrub","Loam","Mesic",0,569.135193,316,29.227108,-149.792864,67.571712,-1.76453016944116,0.171267234165411,"203-4-C-SAPU_2004",14.7999998728434,-5.83333334326744,38,58,10.6000000635783,-8.93333348135153,5.59999990463257,15.700000445048,15.7000001072884,1.02500002582868,59.659998357296,274.329998016357,107.800001144409,1,"24A_2004",0.97
"5463","209-1-C-SAPU",2004,0.267,4.35088277214347,7,1997,16,"209-1","SAPU",64,53,15,0,11,0,0,0,0,0,0,NA,NA,NA,0,0,1,0,698.873831,"East","24A","Low Shrub","Black Spruce Woodland","Sandy Loam","Mesic - Xeric",0,553.345276,287,19.679848,-149.692986,67.655886,-0.0594593194827182,0.942273864999803,"209-1-C-SAPU_2004",14.0561348597209,-6.34047981103261,32,56,10.6000000635783,-8.93333348135153,5.59999990463257,15.700000445048,15.7000001072884,1.02500002582868,59.659998357296,274.329998016357,107.800001144409,1,"24A_2004",0.97
"5464","209-1-D-SAPU",2004,0.0285,0.221510556411961,15,1989,16,"209-1","SAPU",53,47,13,0,9,1,0,0,0.111111111,0,0,"Moose",NA,NA,1,0,1,0,698.873831,"East","24A","Low Shrub","Black Spruce Woodland","Sandy Loam","Mesic - Xeric",0,553.345276,287,19.679848,-149.692986,67.655886,-1.56541187367875,0.209001913056518,"209-1-D-SAPU_2004",14.0561348597209,-6.34047981103261,32,56,10.6000000635783,-8.93333348135153,5.59999990463257,15.700000445048,15.7000001072884,1.02500002582868,59.659998357296,274.329998016357,107.800001144409,1,"24A_2004",0.97
"5465","209-2-D-SAPU",2004,0.08575,0.417489585677742,27,1977,16,"209-2","SAPU",53,41,8,0,11,0,0,0,0,0,0,NA,NA,NA,0,0,0,0,728.528855,"East","24A","Low Shrub","Black Spruce Woodland","Sandy Loam","Mesic - Xeric",0,561.911133,287,21.070175,-149.692261,67.656,0.203408026130009,1.22557243181786,"209-2-D-SAPU_2004",14.0561348597209,-6.34047981103261,32,56,10.6000000635783,-8.93333348135153,5.59999990463257,15.700000445048,15.7000001072884,1.02500002582868,59.659998357296,274.329998016357,107.800001144409,1,"24A_2004",0.97
"5466","209-3-A-SAPU",2004,0.089,0.980423522943323,12,1992,16,"209-3","SAPU",74,55,12,0,9,0,0,0,0,0,0,NA,NA,NA,0,0,1,0,711.058695,"East","24A","Low Shrub","Black Spruce Woodland","Sandy Loam","Mesic - Xeric",0,553.430786,276,18.070417,-149.69261,67.656251,-0.508793177515186,0.601220707841809,"209-3-A-SAPU_2004",14.0561348597209,-6.34047981103261,32,56,10.6000000635783,-8.93333348135153,5.59999990463257,15.700000445048,15.7000001072884,1.02500002582868,59.659998357296,274.329998016357,107.800001144409,1,"24A_2004",0.97
"5467","209-3-B-SAPU",2004,0.00975,0.0382039265126008,28,1976,16,"209-3","SAPU",59,53,15,0,17,0,1,0,0,0.058823529,0,NA,"Hare",NA,1,0,1,0,711.058695,"East","24A","Low Shrub","Black Spruce Woodland","Sandy Loam","Mesic - Xeric",0,553.430786,276,18.070417,-149.69261,67.656251,-2.11768645686237,0.120309648343327,"209-3-B-SAPU_2004",14.0561348597209,-6.34047981103261,32,56,10.6000000635783,-8.93333348135153,5.59999990463257,15.700000445048,15.7000001072884,1.02500002582868,59.659998357296,274.329998016357,107.800001144409,1,"24A_2004",0.97
"5468","209-4-B-SAPU",2004,0.0865,1.21647886794324,7,1997,16,"209-4","SAPU",67,54,11,11,16,0,0,2,0,0,0.125,NA,NA,"Ptarmagin",1,0,0,0,738.024448,"East","24A","Low Shrub","Black Spruce Woodland","Sandy Loam","Mesic - Xeric",0,561.090881,296,18.584587,-149.691928,67.656444,-1.33387756822233,0.263453718387076,"209-4-B-SAPU_2004",14.0561348597209,-6.34047981103261,32,56,10.6000000635783,-8.93333348135153,5.59999990463257,15.700000445048,15.7000001072884,1.02500002582868,59.659998357296,274.329998016357,107.800001144409,1,"24A_2004",0.97
"5469","222-2-B-SAGL",2004,0.1925,4.34880460860311,10,1994,17,"222-2","SAGL",106,74,19,0,21,0,10,0,0,0.476190476,0,NA,"Hare",NA,1,3,13,0,794.735172,"East","24A","Low Shrub","Tall Shrub","Clay Loam","Mesic",0,676.198608,282,15.59229,-149.808768,67.826375,0.628811038561445,1.87537949928583,"222-2-B-SAGL_2004",13.4000002543132,-6.93333321313063,44,59,10.6000000635783,-8.93333348135153,5.59999990463257,15.700000445048,15.7000001072884,1.02500002582868,59.659998357296,274.329998016357,107.800001144409,1,"24A_2004",0.97
"5470","222-3-B-SAGL",2004,0.22075,3.39523483061405,9,1995,17,"222-3","SAGL",90,74,14,0,22,0,5,0,0,0.227272727,0,NA,"Hare",NA,1,2,11,1,778.440723,"East","24A","Low Shrub","Low Shrub","Clay Loam","Mesic",0,672.469177,278,13.422374,-149.809021,67.826615,0.177829207609284,1.19462127158726,"222-3-B-SAGL_2004",13.4000002543132,-6.93333321313063,44,59,10.6000000635783,-8.93333348135153,5.59999990463257,15.700000445048,15.7000001072884,1.02500002582868,59.659998357296,274.329998016357,107.800001144409,1,"24A_2004",0.97
"5471","222-3-D-SAGL",2004,0.14325,1.68796182846099,11,1993,17,"222-3","SAGL",89,75,11,0,18,1,6,0,0.055555556,0.333333333,0,"Moose","Hare",NA,1,2,11,1,778.440723,"East","24A","Low Shrub","Low Shrub","Clay Loam","Mesic",0,672.469177,278,13.422374,-149.809021,67.826615,-0.133521875723995,0.875008327327587,"222-3-D-SAGL_2004",13.4000002543132,-6.93333321313063,44,59,10.6000000635783,-8.93333348135153,5.59999990463257,15.700000445048,15.7000001072884,1.02500002582868,59.659998357296,274.329998016357,107.800001144409,1,"24A_2004",0.97
"5472","222-4-C-SAGL",2004,0.18975,3.04183707301173,13,1991,17,"222-4","SAGL",71,66,12,8,15,1,4,0,0.066666667,0.266666667,0,"Moose","Hare",NA,1,0,15,0,805.061274,"East","24A","Low Shrub","Low Shrub","Clay Loam","Mesic",0,678.755371,278,16.631924,-149.808355,67.826658,0.778003532858947,2.17712137245369,"222-4-C-SAGL_2004",13.4000002543132,-6.93333321313063,44,59,10.6000000635783,-8.93333348135153,5.59999990463257,15.700000445048,15.7000001072884,1.02500002582868,59.659998357296,274.329998016357,107.800001144409,1,"24A_2004",0.97
"5473","235-3-B-SAPU",2004,0.2185,3.42223662312212,14,1990,18,"235-3","SAPU",47,41,14,0,11,0,1,4,0,0.090909091,0.363636364,NA,"Hare","Ptarmagin",1,0,1,0,482.982181,"East","24A","Dwarf Shrub-Lichen","Low Shrub","Sandy Gravel","Mesic",0,817.546387,298,18.704132,-149.726784,68.005244,1.03894054238068,2.82622116609634,"235-3-B-SAPU_2004",11.1000000635783,-8.26666655143102,59,72,9.43333371480306,-10.1166665454706,4.53333338101705,14.3333336512248,7.70000022649765,0.925000015646219,41.1399989724159,283.179997444153,91.8999996185303,1,"24A_2004",0.97
"5474","235-4-C-SAPU",2004,0.1065,1.12335106611655,13,1991,18,"235-4","SAPU",41,39,10,0,15,0,0,0,0,0,0,NA,NA,NA,0,0,0,0,503.848767,"East","24A","Low Shrub","Low Shrub","Sandy Gravel","Mesic",0,825.290771,293,20.728168,-149.726015,68.005351,-0.218141858944071,0.804011377371216,"235-4-C-SAPU_2004",11.1000000635783,-8.26666655143102,59,72,9.43333371480306,-10.1166665454706,4.53333338101705,14.3333336512248,7.70000022649765,0.925000015646219,41.1399989724159,283.179997444153,91.8999996185303,1,"24A_2004",0.97
"5475","240-2-A-SAPU",2004,0.4265,6.79926808415356,9,1995,19,"240-2","SAPU",59,51,16,0,29,0,0,11,0,0,0.379310345,NA,NA,"Ptarmagin",1,0,0,0,426.292991,"West","24A","Tussock Tundra (Low shrub or Herbaceous)","Low Shrub","Sandy Loam","Mesic",0,1048.270996,87,24.096361,-149.606886,68.069926,0.872271251148876,2.39233828874369,"240-2-A-SAPU_2004",10.0516220728556,-8.76623191436132,78.7673063278198,104.812445163727,9.43333371480306,-10.1166665454706,4.53333338101705,14.3333336512248,7.70000022649765,0.925000015646219,41.1399989724159,283.179997444153,91.8999996185303,1,"24A_2004",0.97
"5476","240-3-B-SAPU",2004,0.42575,19.9997976463233,9,1995,19,"240-3","SAPU",122,81,25,0,57,1,3,7,0.01754386,0.052631579,0.122807018,"Moose","Hare","Ptarmagin",1,0,1,3,399.798137,"West","24A","Low Shrub","Low Shrub","Sandy Loam","Mesic",0,1034.808228,93,20.584356,-149.606025,68.07014,1.95117843526211,7.03697531620147,"240-3-B-SAPU_2004",10.0516220728556,-8.76623191436132,78.7673063278198,104.812445163727,9.43333371480306,-10.1166665454706,4.53333338101705,14.3333336512248,7.70000022649765,0.925000015646219,41.1399989724159,283.179997444153,91.8999996185303,1,"24A_2004",0.97
"5477","240-3-D-SAPU",2004,0.88175,34.374855015286,19,1985,19,"240-3","SAPU",167,110,47,0,149,7,11,21,0.046979866,0.073825503,0.140939597,"Moose","Hare","Ptarmagin",1,0,1,3,399.798137,"West","24A","Low Shrub","Low Shrub","Sandy Loam","Mesic",0,1034.808228,93,20.584356,-149.606025,68.07014,3.93567105730989,51.1964942135692,"240-3-D-SAPU_2004",10.0516220728556,-8.76623191436132,78.7673063278198,104.812445163727,9.43333371480306,-10.1166665454706,4.53333338101705,14.3333336512248,7.70000022649765,0.925000015646219,41.1399989724159,283.179997444153,91.8999996185303,1,"24A_2004",0.97
"5478","240-4-B-SAPU",2004,0.2305,3.43277195408593,13,1991,19,"240-4","SAPU",118,104,19,0,27,3,0,5,0.111111111,0,0.185185185,"Moose",NA,"Ptarmagin",1,0,2,0,431.079046,"West","24A","Low Shrub","Low Shrub","Sandy Loam","Mesic",0,1046.807861,94,24.616484,-149.606605,68.070368,0.898909984303775,2.45692356579786,"240-4-B-SAPU_2004",10.0516220728556,-8.76623191436132,78.7673063278198,104.812445163727,9.43333371480306,-10.1166665454706,4.53333338101705,14.3333336512248,7.70000022649765,0.925000015646219,41.1399989724159,283.179997444153,91.8999996185303,1,"24A_2004",0.97
"5479","240-4-D-SAPU",2004,0.503333333333333,16.457840407772,6,1998,19,"240-4","SAPU",77,61,11,0,15,0,1,2,0,0.066666667,0.133333333,NA,"Hare","Ptarmagin",1,0,2,0,431.079046,"West","24A","Low Shrub","Low Shrub","Sandy Loam","Mesic",0,1046.807861,94,24.616484,-149.606605,68.070368,0.973295139277174,2.64665119082149,"240-4-D-SAPU_2004",10.0516220728556,-8.76623191436132,78.7673063278198,104.812445163727,9.43333371480306,-10.1166665454706,4.53333338101705,14.3333336512248,7.70000022649765,0.925000015646219,41.1399989724159,283.179997444153,91.8999996185303,1,"24A_2004",0.97
"5480","255-1-C-SAGL",2004,0.24325,4.80199407509901,15,1989,20,"255-1","SAGL",69,56,17,0,31,0,0,20,0,0,0.64516129,NA,NA,"Ptarmagin",1,0,0,0,585.543915,"East","26B","Low Shrub","Low Shrub","Sandy Gravel","Mesic - Xeric",0,991.483582,331,1.701594,-149.392735,68.222633,1.51090442216712,4.53082672193389,"255-1-C-SAGL_2004",10.336342493693,-9.24542766809464,96.9548645019531,116,7.53333346048991,-11.6750001509984,2.80000003178914,12.3333336512248,4.39999997615814,0.858333340535561,30.6699996590614,298.429999351501,86.8999996185303,1,"26B_2004",0.27
"5481","255-1-D-SAGL",2004,0.42675,5.65261955596661,6,1998,20,"255-1","SAGL",42,37,10,0,21,0,0,8,0,0,0.380952381,NA,NA,"Ptarmagin",1,0,0,0,585.543915,"East","26B","Low Shrub","Low Shrub","Sandy Gravel","Mesic - Xeric",0,991.483582,331,1.701594,-149.392735,68.222633,-0.0953877689844334,0.909020376208958,"255-1-D-SAGL_2004",10.336342493693,-9.24542766809464,96.9548645019531,116,7.53333346048991,-11.6750001509984,2.80000003178914,12.3333336512248,4.39999997615814,0.858333340535561,30.6699996590614,298.429999351501,86.8999996185303,1,"26B_2004",0.27
"5482","255-2-A-SAPU",2004,0.337,6.25436904856454,6,1998,20,"255-2","SAPU",51,48,12,0,26,0,0,5,0,0,0.192307692,NA,NA,"Ptarmagin",1,0,1,1,631.079496,"East","26B","Low Shrub","Low Shrub","Sandy Gravel","Mesic - Xeric",0,993.382141,286,2.676414,-149.39171,68.222788,0.00577342237858192,1.00579012070159,"255-2-A-SAPU_2004",10.336342493693,-9.24542766809464,96.9548645019531,116,7.53333346048991,-11.6750001509984,2.80000003178914,12.3333336512248,4.39999997615814,0.858333340535561,30.6699996590614,298.429999351501,86.8999996185303,1,"26B_2004",0.27
"5483","255-3-A-SAPU",2004,0.253,2.46991229027066,8,1996,20,"255-3","SAPU",54,46,9,0,20,0,0,3,0,0,0.15,NA,NA,"Ptarmagin",1,0,1,0,600.399561,"East","26B","Tussock Tundra (Low shrub or Herbaceous)","Low Shrub","Sandy Gravel","Mesic - Xeric",0,990.277893,304,2.837043,-149.392647,68.223106,-0.367803027475017,0.692253523184915,"255-3-A-SAPU_2004",10.336342493693,-9.24542766809464,96.9548645019531,116,7.53333346048991,-11.6750001509984,2.80000003178914,12.3333336512248,4.39999997615814,0.858333340535561,30.6699996590614,298.429999351501,86.8999996185303,1,"26B_2004",0.27
"5484","255-3-C-SAPU",2004,0.0775,0.493520643934055,10,1994,20,"255-3","SAPU",48,42,12,0,11,0,0,3,0,0,0.272727273,NA,NA,"Ptarmagin",1,0,1,0,600.399561,"East","26B","Tussock Tundra (Low shrub or Herbaceous)","Low Shrub","Sandy Gravel","Mesic - Xeric",0,990.277893,304,2.837043,-149.392647,68.223106,-1.54728055545759,0.212825955959783,"255-3-C-SAPU_2004",10.336342493693,-9.24542766809464,96.9548645019531,116,7.53333346048991,-11.6750001509984,2.80000003178914,12.3333336512248,4.39999997615814,0.858333340535561,30.6699996590614,298.429999351501,86.8999996185303,1,"26B_2004",0.27
"5485","255-4-A-SAPU",2004,0.12525,1.21970351645261,18,1986,20,"255-4","SAPU",72,61,14,0,18,0,2,3,0,0.111111111,0.166666667,NA,"Hare","Ptarmagin",1,0,0,2,644.564014,"East","26B","Low Shrub","Low Shrub","Sandy Gravel","Mesic - Xeric",0,993.003235,239,7.430982,-149.391619,68.223199,0.492548391163745,1.63648130506569,"255-4-A-SAPU_2004",10.336342493693,-9.24542766809464,96.9548645019531,116,7.53333346048991,-11.6750001509984,2.80000003178914,12.3333336512248,4.39999997615814,0.858333340535561,30.6699996590614,298.429999351501,86.8999996185303,1,"26B_2004",0.27
"5486","261-1-C-SAPU",2004,0.40825,8.0336051391866,6,1998,21,"261-1","SAPU",69,41,17,0,31,0,0,3,0,0,0.096774194,NA,NA,"Ptarmagin",1,0,0,0,356.206777,"East","26B","Dwarf Shrub","Low Shrub","Sandy Loam","Mesic",0,883.832947,287,13.943512,-149.352299,68.301689,0.256126541089666,1.2919161980801,"261-1-C-SAPU_2004",10.5294987360636,-9.3998105780532,108.367895126343,118.241471767426,7.53333346048991,-11.6750001509984,2.80000003178914,12.3333336512248,4.39999997615814,0.858333340535561,30.6699996590614,298.429999351501,86.8999996185303,1,"26B_2004",0.27
"5487","261-2-C-SAPU",2004,0.14825,1.55569174566598,35,1969,21,"261-2","SAPU",91,67,27,0,29,0,0,3,0,0,0.103448276,NA,NA,"Ptarmagin",1,0,0,1,388.99561,"East","26B","Dwarf Shrub-Lichen","Low Shrub","Sandy Loam","Mesic",0,888.892761,295,13.025289,-149.351465,68.301786,2.01994652405209,7.5379218253688,"261-2-C-SAPU_2004",10.5294987360636,-9.3998105780532,108.367895126343,118.241471767426,7.53333346048991,-11.6750001509984,2.80000003178914,12.3333336512248,4.39999997615814,0.858333340535561,30.6699996590614,298.429999351501,86.8999996185303,1,"26B_2004",0.27
"5488","261-2-D-SAPU",2004,0.500333333333333,14.5306454372456,14,1990,21,"261-2","SAPU",122,71,29,0,41,2,0,11,0.048780488,0,0.268292683,"Moose",NA,"Ptarmagin",1,0,0,1,388.99561,"East","26B","Dwarf Shrub-Lichen","Low Shrub","Sandy Loam","Mesic",0,888.892761,295,13.025289,-149.351465,68.301786,2.48490611929462,11.9999936340811,"261-2-D-SAPU_2004",10.5294987360636,-9.3998105780532,108.367895126343,118.241471767426,7.53333346048991,-11.6750001509984,2.80000003178914,12.3333336512248,4.39999997615814,0.858333340535561,30.6699996590614,298.429999351501,86.8999996185303,1,"26B_2004",0.27
"5489","261-4-A-SAPU",2004,0.11425,1.60574949030919,8,1996,21,"261-4","SAPU",41,27,9,0,9,0,0,0,0,0,0,NA,NA,NA,0,0,0,0,405.679111,"East","26B","Low Shrub","Low Shrub","Sandy Loam","Mesic",0,886.626587,308,9.946874,-149.350886,68.302265,-0.798395047732855,0.450050694673498,"261-4-A-SAPU_2004",10.5294987360636,-9.3998105780532,108.367895126343,118.241471767426,7.53333346048991,-11.6750001509984,2.80000003178914,12.3333336512248,4.39999997615814,0.858333340535561,30.6699996590614,298.429999351501,86.8999996185303,1,"26B_2004",0.27
"5490","268-1-C-SAPU",2004,0.17775,3.01168838641248,7,1997,22,"268-1","SAPU",61,49,10,0,21,0,0,5,0,0,0.238095238,NA,NA,"Ptarmagin",1,0,1,2,212.091228,"West","26B","Low Shrub","Low Shrub","Sandy Gravel","Mesic",0,818.738892,195,1.432166,-149.327109,68.400098,-0.427337232900305,0.652243557148713,"268-1-C-SAPU_2004",11.5621528625488,-8.81134229898453,114,100.954864501953,7.53333346048991,-11.6750001509984,2.80000003178914,12.3333336512248,4.39999997615814,0.858333340535561,30.6699996590614,298.429999351501,86.8999996185303,1,"26B_2004",0.27
"5491","268-1-D-SAPU",2004,0.172333333333333,2.75843868631743,8,1996,22,"268-1","SAPU",75,52,13,0,37,0,0,6,0,0,0.162162162,NA,NA,"Ptarmagin",1,0,1,2,212.091228,"West","26B","Low Shrub","Low Shrub","Sandy Gravel","Mesic",0,818.738892,195,1.432166,-149.327109,68.400098,-0.257320841171579,0.773120125202324,"268-1-D-SAPU_2004",11.5621528625488,-8.81134229898453,114,100.954864501953,7.53333346048991,-11.6750001509984,2.80000003178914,12.3333336512248,4.39999997615814,0.858333340535561,30.6699996590614,298.429999351501,86.8999996185303,1,"26B_2004",0.27
"5492","268-3-B-SAPU",2004,0.16225,2.78525613240958,26,1978,22,"268-3","SAPU",106,41,14,0,42,0,0,4,0,0,0.095238095,NA,NA,"Ptarmagin",1,0,0,0,206.549982,"West","26B","Low Shrub","Low Shrub","Sandy Gravel","Mesic",0,819.661011,150,1.610195,-149.326989,68.400547,2.0283660391341,7.6016553982574,"268-3-B-SAPU_2004",11.5621528625488,-8.81134229898453,114,100.954864501953,7.53333346048991,-11.6750001509984,2.80000003178914,12.3333336512248,4.39999997615814,0.858333340535561,30.6699996590614,298.429999351501,86.8999996185303,1,"26B_2004",0.27
"5493","282-1-D-SAPU",2004,0.09225,1.10314493121728,13,1991,23,"282-1","SAPU",49,22,10,0,8,0,0,0,0,0,0,NA,NA,NA,0,0,0,0,577.316923,"West","26B","Tussock Tundra (Low shrub or Herbaceous)","Tussock Tundra","Clay Loam","Mesic",0,826.622314,26,2.82316,-149.530032,68.582817,-0.236292971440756,0.789549324641902,"282-1-D-SAPU_2004",12,-8.50833316644033,119,82,11.9333333969116,-8.1583335796992,7.03333346048991,16.9000002543132,16.3000003099442,1.08333333830039,47.7799987792969,263.959998011589,75.3000011444092,1,"26B_2004",0.27
"5494","282-2-B-SAPU",2004,0.1365,1.38725662999055,14,1990,23,"282-2","SAPU",68,29,11,0,18,0,0,0,0,0,0,NA,NA,NA,0,0,0,0,604.079816,"West","26B","Low Shrub","Low Shrub-Tussock Tundra","Clay Loam","Mesic",0,826.41803,354,3.355184,-149.530916,68.583004,0.135974371136198,1.14565253144591,"282-2-B-SAPU_2004",12,-8.50833316644033,119,82,11.9333333969116,-8.1583335796992,7.03333346048991,16.9000002543132,16.3000003099442,1.08333333830039,47.7799987792969,263.959998011589,75.3000011444092,1,"26B_2004",0.27
"5495","282-2-D-SAPU",2004,0.13925,0.754958290429113,7,1997,23,"282-2","SAPU",41,22,7,0,4,0,0,0,0,0,0,NA,NA,NA,0,0,0,0,604.079816,"West","26B","Low Shrub","Low Shrub-Tussock Tundra","Clay Loam","Mesic",0,826.41803,354,3.355184,-149.530916,68.583004,-1.81093085584339,0.163501869273721,"282-2-D-SAPU_2004",12,-8.50833316644033,119,82,11.9333333969116,-8.1583335796992,7.03333346048991,16.9000002543132,16.3000003099442,1.08333333830039,47.7799987792969,263.959998011589,75.3000011444092,1,"26B_2004",0.27
"5496","282-3-D-SAPU",2004,0.0416666666666667,0.295527897054509,25,1979,23,"282-3","SAPU",49,26,10,0,9,0,0,0,0,0,0,NA,NA,NA,0,0,0,0,571.732475,"West","26B","Low Shrub","Low Shrub-Tussock Tundra","Clay Loam","Mesic",0,823.876221,27,3.830761,-149.53038,68.583298,-0.290702003341094,0.747738468386365,"282-3-D-SAPU_2004",12,-8.50833316644033,119,82,11.9333333969116,-8.1583335796992,7.03333346048991,16.9000002543132,16.3000003099442,1.08333333830039,47.7799987792969,263.959998011589,75.3000011444092,1,"26B_2004",0.27
"5497","282-4-C-SAPU",2004,0.34825,5.18830433543757,10,1994,23,"282-4","SAPU",45,23,12,0,10,0,0,0,0,0,0,NA,NA,NA,0,0,0,0,597.547448,"West","26B","Tussock Tundra (Low shrub or Herbaceous)","Low Shrub-Tussock Tundra","Clay Loam","Mesic",0,823.620117,358,4.137664,-149.531178,68.583423,0.805316959997857,2.23740555450267,"282-4-C-SAPU_2004",12,-8.50833316644033,119,82,11.9333333969116,-8.1583335796992,7.03333346048991,16.9000002543132,16.3000003099442,1.08333333830039,47.7799987792969,263.959998011589,75.3000011444092,1,"26B_2004",0.27
"5498","282-4-D-SAPU",2004,0.04,0.267349534820492,27,1977,23,"282-4","SAPU",59,31,18,0,12,0,0,0,0,0,0,NA,NA,NA,0,0,0,0,597.547448,"West","26B","Tussock Tundra (Low shrub or Herbaceous)","Low Shrub-Tussock Tundra","Clay Loam","Mesic",0,823.620117,358,4.137664,-149.531178,68.583423,-0.242294651936601,0.784824893304622,"282-4-D-SAPU_2004",12,-8.50833316644033,119,82,11.9333333969116,-8.1583335796992,7.03333346048991,16.9000002543132,16.3000003099442,1.08333333830039,47.7799987792969,263.959998011589,75.3000011444092,1,"26B_2004",0.27
"5499","60-2-D-SAPU",2004,0.37975,4.39120766639632,10,1994,1,"60-2","SAPU",84,NA,16,7,26,2,1,0,0.076923077,0.038461538,0,"Moose","Hare",NA,1,0,2,0,1432.670461,"West","20F","Low Shrub","Low Shrub","Silt Loam","Mesic",0,110.927505,264,1.953402,-149.84073,65.909949,0.638514317952511,1.89366540367783,"60-2-D-SAPU_2004",17.190972328186,-4.66854739189148,46.1354064941406,77.1805424690247,16.3000005086263,-2.84166662891706,10.7333335876465,21.8666667938232,69.5,1.09166668479641,73.409997344017,232.909998834133,67.8999996185303,1,"20F_2004",0.375
"5500","60-3-B-SAPU",2004,0.16475,0.988960997328994,10,1994,1,"60-3","SAPU",81,NA,8,22,16,0,0,0,0,0,0,NA,NA,NA,0,0,3,0,1403.187226,"West","20F","Low Shrub","Black Spruce Woodland","Silt Loam","Mesic",0,111.24585,78,1.323723,-149.840194,65.910114,-0.852190350763278,0.426479767868856,"60-3-B-SAPU_2004",17.190972328186,-4.66854739189148,46.1354064941406,77.1805424690247,16.3000005086263,-2.84166662891706,10.7333335876465,21.8666667938232,69.5,1.09166668479641,73.409997344017,232.909998834133,67.8999996185303,1,"20F_2004",0.375
"5501","60-4-D-SAPU",2004,0.192,2.49779235427495,9,1995,1,"60-4","SAPU",103,NA,15,13,35,1,4,0,0.028571429,0.114285714,0,"Moose","Hare",NA,1,0,1,0,1406.241796,"West","20F","Tall Shrub (Open-Closed)","Black Spruce Woodland","Silt Loam","Mesic",0,110.670654,252,1.181915,-149.840942,65.910317,-0.129136437098382,0.878854049068885,"60-4-D-SAPU_2004",17.190972328186,-4.66854739189148,46.1354064941406,77.1805424690247,16.3000005086263,-2.84166662891706,10.7333335876465,21.8666667938232,69.5,1.09166668479641,73.409997344017,232.909998834133,67.8999996185303,1,"20F_2004",0.375
"5502","72-1-D-SAPU",2004,0.02075,0.0507000039913364,28,1976,2,"72-1","SAPU",68,54,18,0,8,0,1,0,0,0.125,0,NA,"Hare",NA,1,0,0,0,895.937772,"West","20F","Tussock Tundra (Low shrub or Herbaceous)","Black Spruce Woodland","Clay Loam","Mesic",0,130.808105,148,1.606934,-150.14017,66.022623,-1.83469876615881,0.159661589998899,"72-1-D-SAPU_2004",17.4335244496663,-4.41235352555911,45.2081336975098,74.142068862915,14.9000002543132,-4.50833342472712,9.53333346048991,20.3000005086263,53.3000020980835,1.16666668467224,76.6099992990494,243.539998292923,73.5000009536743,1,"20F_2004",0.375
"5503","72-2-A-SAGL",2004,0.2135,3.95294744088936,14,1990,2,"72-2","SAGL",129,121,17,0,12,0,0,0,0,0,0,NA,NA,NA,0,0,0,0,855.94066,"West","20F","Tussock Tundra (Low shrub or Herbaceous)","Black Spruce Woodland","Clay Loam","Mesic",0,131.055786,179,2.125059,-150.13956,66.022889,1.18310770991149,3.26450358529438,"72-2-A-SAGL_2004",17.4335244496663,-4.41235352555911,45.2081336975098,74.142068862915,14.9000002543132,-4.50833342472712,9.53333346048991,20.3000005086263,53.3000020980835,1.16666668467224,76.6099992990494,243.539998292923,73.5000009536743,1,"20F_2004",0.375
"5504","72-2-C-SAPU",2004,0.52275,12.3412301439855,7,1997,2,"72-2","SAPU",97,84,22,5,22,0,0,0,0,0,0,NA,NA,NA,0,0,0,0,855.94066,"West","20F","Tussock Tundra (Low shrub or Herbaceous)","Black Spruce Woodland","Clay Loam","Mesic",0,131.055786,179,2.125059,-150.13956,66.022889,0.983107620908362,2.6727492409308,"72-2-C-SAPU_2004",17.4335244496663,-4.41235352555911,45.2081336975098,74.142068862915,14.9000002543132,-4.50833342472712,9.53333346048991,20.3000005086263,53.3000020980835,1.16666668467224,76.6099992990494,243.539998292923,73.5000009536743,1,"20F_2004",0.375
"5505","72-2-D-SAPU",2004,0.218333333333333,4.07090187602288,15,1989,2,"72-2","SAPU",79,60,21,0,11,0,0,0,0,0,0,NA,NA,NA,0,0,0,0,855.94066,"West","20F","Tussock Tundra (Low shrub or Herbaceous)","Black Spruce Woodland","Clay Loam","Mesic",0,131.055786,179,2.125059,-150.13956,66.022889,1.34573772427632,3.84101910868664,"72-2-D-SAPU_2004",17.4335244496663,-4.41235352555911,45.2081336975098,74.142068862915,14.9000002543132,-4.50833342472712,9.53333346048991,20.3000005086263,53.3000020980835,1.16666668467224,76.6099992990494,243.539998292923,73.5000009536743,1,"20F_2004",0.375
"5506","72-3-B-SAPU",2004,0.181,2.64014105900175,16,1988,2,"72-3","SAPU",75,59,20,4,12,0,0,0,0,0,0,NA,NA,NA,0,0,1,0,885.368743,"West","20F","Tussock Tundra (Low shrub or Herbaceous)","Black Spruce Woodland","Clay Loam","Mesic",0,132.401993,119,2.284806,-150.140609,66.023021,1.0373309815089,2.82167585005511,"72-3-B-SAPU_2004",17.4335244496663,-4.41235352555911,45.2081336975098,74.142068862915,14.9000002543132,-4.50833342472712,9.53333346048991,20.3000005086263,53.3000020980835,1.16666668467224,76.6099992990494,243.539998292923,73.5000009536743,1,"20F_2004",0.375
"5507","72-3-D-SAGL",2004,0.15925,2.49811613466781,17,1987,2,"72-3","SAGL",128,109,19,9,10,0,2,0,0,0.2,0,NA,"Hare",NA,1,0,1,0,885.368743,"West","20F","Tussock Tundra (Low shrub or Herbaceous)","Black Spruce Woodland","Clay Loam","Mesic",0,132.401993,119,2.284806,-150.140609,66.023021,1.09910317602603,3.00147302358851,"72-3-D-SAGL_2004",17.4335244496663,-4.41235352555911,45.2081336975098,74.142068862915,14.9000002543132,-4.50833342472712,9.53333346048991,20.3000005086263,53.3000020980835,1.16666668467224,76.6099992990494,243.539998292923,73.5000009536743,1,"20F_2004",0.375
"5508","72-4-B-SAPU",2004,0.03,0.161697773880268,33,1971,2,"72-4","SAPU",111,93,14,0,13,0,0,0,0,0,0,NA,NA,NA,0,0,0,0,844.255779,"West","20F","Tussock Tundra (Low shrub or Herbaceous)","Low Shrub-Tussock Tundra","Clay Loam","Mesic",0,132.260803,156,1.029158,-150.139994,66.023305,-0.357622511465497,0.699337016891504,"72-4-B-SAPU_2004",17.4335244496663,-4.41235352555911,45.2081336975098,74.142068862915,14.9000002543132,-4.50833342472712,9.53333346048991,20.3000005086263,53.3000020980835,1.16666668467224,76.6099992990494,243.539998292923,73.5000009536743,1,"20F_2004",0.375
"5509","147-1-A-SAPU",2003,0.505,15.8116306741433,15,1988,9,"147-1","SAPU",191,167,22,11,73,23,0,0,0.315068493,0,0,"Moose",NA,NA,1,1,0,0,984.758365,"West","24A","Low Shrub","Tall Shrub","Clay Loam","Mesic - Hydric",0,426.634277,145,7.907337,-150.485282,66.911769,2.70261894605626,14.9187520133042,"147-1-A-SAPU_2003",12.9363425572713,-5.05720482269923,149.225677490234,95.0902714729309,11.3333333333333,-5.86666679382324,6.30000019073486,16.4666668574015,45.2000017166138,1.10833334922791,81.1699978113174,262.979998648167,128.700000762939,1,"24A_2003",0.92
"5510","147-1-D-SAPU",2003,0.1305,1.63130183050671,9,1994,9,"147-1","SAPU",211,134,21,18,47,15,0,0,0.319148936,0,0,"Moose",NA,NA,1,1,0,0,984.758365,"West","24A","Low Shrub","Tall Shrub","Clay Loam","Mesic - Hydric",0,426.634277,145,7.907337,-150.485282,66.911769,-0.555165355482054,0.573977343048786,"147-1-D-SAPU_2003",12.9363425572713,-5.05720482269923,149.225677490234,95.0902714729309,11.3333333333333,-5.86666679382324,6.30000019073486,16.4666668574015,45.2000017166138,1.10833334922791,81.1699978113174,262.979998648167,128.700000762939,1,"24A_2003",0.92
"5511","147-2-B-SAPU",2003,0.17975,1.75269159619463,11,1992,9,"147-2","SAPU",104,97,14,31,12,5,0,0,0.416666667,0,0,"Moose",NA,NA,1,2,1,0,986.173835,"West","24A","Low Shrub","Tall Shrub","Clay Loam","Mesic - Hydric",0,428.943481,147,8.698308,-150.484958,66.912025,-0.0958909968624354,0.908563046894059,"147-2-B-SAPU_2003",12.9363425572713,-5.05720482269923,149.225677490234,95.0902714729309,11.3333333333333,-5.86666679382324,6.30000019073486,16.4666668574015,45.2000017166138,1.10833334922791,81.1699978113174,262.979998648167,128.700000762939,1,"24A_2003",0.92
"5512","147-3-B-SAPU",2003,0.0805,0.932056347846826,14,1989,9,"147-3","SAPU",167,149,20,7,58,18,0,0,0.310344828,0,0,"Moose",NA,NA,1,2,1,0,952.272152,"West","24A","White Spruce or Black Spruce (Woodland)","Black Spruce Woodland","Clay Loam","Mesic - Hydric",0,425.583191,170,6.572863,-150.484233,66.911912,-0.261715785369948,0.769729761081208,"147-3-B-SAPU_2003",12.9363425572713,-5.05720482269923,149.225677490234,95.0902714729309,11.3333333333333,-5.86666679382324,6.30000019073486,16.4666668574015,45.2000017166138,1.10833334922791,81.1699978113174,262.979998648167,128.700000762939,1,"24A_2003",0.92
"5513","147-4-A-SAPU",2003,0.3375,6.24456335249451,12,1991,9,"147-4","SAPU",124,110,21,14,47,16,0,0,0.340425532,0,0,"Moose",NA,NA,1,0,1,0,956.341518,"West","24A","Tall Shrub (Open-Closed)","Tall Shrub","Clay Loam","Mesic - Hydric",0,428.39856,129,7.52786,-150.483929,66.912191,1.34268867848713,3.82932550177787,"147-4-A-SAPU_2003",12.9363425572713,-5.05720482269923,149.225677490234,95.0902714729309,11.3333333333333,-5.86666679382324,6.30000019073486,16.4666668574015,45.2000017166138,1.10833334922791,81.1699978113174,262.979998648167,128.700000762939,1,"24A_2003",0.92
"5514","147-4-C-SAPU",2003,0.099,0.707098678895703,17,1986,9,"147-4","SAPU",113,101,16,9,12,5,0,0,0.416666667,0,0,"Moose",NA,NA,1,0,1,0,956.341518,"West","24A","Tall Shrub (Open-Closed)","Tall Shrub","Clay Loam","Mesic - Hydric",0,428.39856,129,7.52786,-150.483929,66.912191,-0.163018774371868,0.849575238023413,"147-4-C-SAPU_2003",12.9363425572713,-5.05720482269923,149.225677490234,95.0902714729309,11.3333333333333,-5.86666679382324,6.30000019073486,16.4666668574015,45.2000017166138,1.10833334922791,81.1699978113174,262.979998648167,128.700000762939,1,"24A_2003",0.92
"5515","184-2-D-SAPU",2003,0.38525,9.67240359516293,12,1991,13,"184-2","SAPU",172,139,22,0,38,6,3,0,0.157894737,0.078947368,0,"Moose","Hare",NA,1,1,0,0,706.210196,"East","24A","White Spruce or Black Spruce (Open-Closed)","Tall Shrub","Clay Loam","Mesic",0,429.192566,258,16.706417,-150.109279,67.369156,1.78025429753377,5.93136455820398,"184-2-D-SAPU_2003",12.8984956741333,-5.26817115147908,125.548645019531,73.5035064220428,11.200000445048,-6.23333329955737,6.20000012715658,16.2333339055379,46.5,1.05833333420257,85.8599967956543,264.469997763634,126.699998855591,1,"24A_2003",0.92
"5516","184-3-C-SAPU",2003,0.31675,6.18678219866199,6,1997,13,"184-3","SAPU",130,116,18,14,25,1,4,0,0.04,0.16,0,"Moose","Hare",NA,1,1,3,0,683.765397,"East","24A","White Spruce or Black Spruce (Open-Closed)","Tall Shrub","Clay Loam","Mesic",0,425.482941,261,10.788996,-150.109693,67.36937,-0.00509173205169611,0.994921208842775,"184-3-C-SAPU_2003",12.8984956741333,-5.26817115147908,125.548645019531,73.5035064220428,11.200000445048,-6.23333329955737,6.20000012715658,16.2333339055379,46.5,1.05833333420257,85.8599967956543,264.469997763634,126.699998855591,1,"24A_2003",0.92
"5517","184-4-D-SAPU",2003,0.17675,2.61021601452952,8,1995,13,"184-4","SAPU",139,114,15,19,23,0,0,0,0,0,0,NA,NA,NA,0,2,1,0,702.330496,"East","24A","White Spruce or Black Spruce (Open-Closed)","Tall Shrub","Clay Loam","Mesic",0,431.246765,263,17.707565,-150.109187,67.369491,-0.312552685375137,0.731577084518147,"184-4-D-SAPU_2003",12.8984956741333,-5.26817115147908,125.548645019531,73.5035064220428,11.200000445048,-6.23333329955737,6.20000012715658,16.2333339055379,46.5,1.05833333420257,85.8599967956543,264.469997763634,126.699998855591,1,"24A_2003",0.92
"5518","191-4-A-SAPU",2003,0.1435,2.82009541319018,12,1991,14,"191-4","SAPU",109,85,19,16,39,13,0,0,0.333333333,0,0,"Moose",NA,NA,1,1,0,0,1634.196324,"East","24A","Low Shrub","Low Shrub","Clay Loam","Mesic",0,497.007599,303,3.553675,-149.85875,67.475963,0.547748175732835,1.7293544277779,"191-4-A-SAPU_2003",12.1120363871257,-5.5409141878287,128.593780517578,78.774322271347,9.33333349227905,-7.70000021656354,4.50000007947286,14.2000001271566,23.0999999046326,1.01666669795911,67.9099979400635,279.169998407364,125.500001907349,1,"24A_2003",0.92
"5519","203-1-C-SAPU",2003,0.427,7.17010403717779,7,1996,15,"203-1","SAPU",102,74,13,0,16,1,1,0,0.0625,0.0625,0,"Moose","Hare",NA,1,1,0,0,905.036767,"East","24A","Low Shrub","Low Shrub","Loam","Mesic",0,550.644958,299,23.927214,-149.794431,67.571449,0.440082084453401,1.55283467686576,"203-1-C-SAPU_2003",12.3999999364217,-5.65000013510386,107,75,8.40000009536743,-8.6666667945683,3.70000004768372,13.1666666666667,18.0000004172325,0.866666695723931,64.3499991893768,286.31999874115,125.200002670288,1,"24A_2003",0.92
"5520","203-2-A-SAPU",2003,0.21,4.24737043580033,7,1996,15,"203-2","SAPU",122,97,14,32,16,1,0,0,0.0625,0,0,"Moose",NA,NA,1,0,1,0,933.944119,"East","24A","Low Shrub","Low Shrub","Loam","Mesic",0,566.911377,300,26.508135,-149.793674,67.571447,-0.0835380096581468,0.91985612258999,"203-2-A-SAPU_2003",12.3999999364217,-5.65000013510386,107,75,8.40000009536743,-8.6666667945683,3.70000004768372,13.1666666666667,18.0000004172325,0.866666695723931,64.3499991893768,286.31999874115,125.200002670288,1,"24A_2003",0.92
"5521","203-2-B-SAPU",2003,0.332,13.1528619804872,8,1995,15,"203-2","SAPU",129,107,22,18,35,2,0,0,0.057142857,0,0,"Moose",NA,NA,1,0,1,0,933.944119,"East","24A","Low Shrub","Low Shrub","Loam","Mesic",0,566.911377,300,26.508135,-149.793674,67.571447,1.30465370857255,3.68641229966893,"203-2-B-SAPU_2003",12.3999999364217,-5.65000013510386,107,75,8.40000009536743,-8.6666667945683,3.70000004768372,13.1666666666667,18.0000004172325,0.866666695723931,64.3499991893768,286.31999874115,125.200002670288,1,"24A_2003",0.92
"5522","203-3-D-SAPU",2003,0.06275,0.938411593435491,15,1988,15,"203-3","SAPU",117,104,18,17,39,2,3,0,0.051282051,0.076923077,0,"Moose","Hare",NA,1,0,1,0,922.335664,"East","24A","Low Shrub","Low Shrub","Loam","Mesic",0,556.241272,305,23.609533,-149.79364,67.571701,-0.121693469039193,0.885419735471545,"203-3-D-SAPU_2003",12.3999999364217,-5.65000013510386,107,75,8.40000009536743,-8.6666667945683,3.70000004768372,13.1666666666667,18.0000004172325,0.866666695723931,64.3499991893768,286.31999874115,125.200002670288,1,"24A_2003",0.92
"5523","203-4-B-SAPU",2003,0.02575,0.451015484379605,7,1996,15,"203-4","SAPU",76,69,15,0,18,3,0,0,0.166666667,0,0,"Moose",NA,NA,1,1,1,0,951.384807,"East","24A","Low Shrub","Low Shrub","Loam","Mesic",0,569.135193,316,29.227108,-149.792864,67.571712,-2.3260916867524,0.0976767534078521,"203-4-B-SAPU_2003",12.3999999364217,-5.65000013510386,107,75,8.40000009536743,-8.6666667945683,3.70000004768372,13.1666666666667,18.0000004172325,0.866666695723931,64.3499991893768,286.31999874115,125.200002670288,1,"24A_2003",0.92
"5524","203-4-C-SAPU",2003,0.04,0.296377850939661,11,1992,15,"203-4","SAPU",75,68,9,10,9,1,0,0,0.111111111,0,0,"Moose",NA,NA,1,1,1,0,951.384807,"East","24A","Low Shrub","Low Shrub","Loam","Mesic",0,569.135193,316,29.227108,-149.792864,67.571712,-1.87316377344771,0.153636820000904,"203-4-C-SAPU_2003",12.3999999364217,-5.65000013510386,107,75,8.40000009536743,-8.6666667945683,3.70000004768372,13.1666666666667,18.0000004172325,0.866666695723931,64.3499991893768,286.31999874115,125.200002670288,1,"24A_2003",0.92
"5525","209-1-C-SAPU",2003,0.50525,9.45905607456223,6,1997,16,"209-1","SAPU",64,53,15,0,11,0,0,0,0,0,0,NA,NA,NA,0,0,1,0,698.873831,"East","24A","Low Shrub","Black Spruce Woodland","Sandy Loam","Mesic - Xeric",0,553.345276,287,19.679848,-149.692986,67.655886,0.419465752463726,1.52114866856803,"209-1-C-SAPU_2003",11.6894683837891,-6.09085607528687,101,76.0451354980469,8.40000009536743,-8.6666667945683,3.70000004768372,13.1666666666667,18.0000004172325,0.866666695723931,64.3499991893768,286.31999874115,125.200002670288,1,"24A_2003",0.92
"5526","209-1-D-SAPU",2003,0.04075,0.325586612286872,14,1989,16,"209-1","SAPU",53,47,13,0,9,1,0,0,0.111111111,0,0,"Moose",NA,NA,1,0,1,0,698.873831,"East","24A","Low Shrub","Black Spruce Woodland","Sandy Loam","Mesic - Xeric",0,553.345276,287,19.679848,-149.692986,67.655886,-1.31348054106309,0.268882569026825,"209-1-D-SAPU_2003",11.6894683837891,-6.09085607528687,101,76.0451354980469,8.40000009536743,-8.6666667945683,3.70000004768372,13.1666666666667,18.0000004172325,0.866666695723931,64.3499991893768,286.31999874115,125.200002670288,1,"24A_2003",0.92
"5527","209-2-D-SAPU",2003,0.08625,0.466529454301198,26,1977,16,"209-2","SAPU",53,41,8,0,11,0,0,0,0,0,0,NA,NA,NA,0,0,0,0,728.528855,"East","24A","Low Shrub","Black Spruce Woodland","Sandy Loam","Mesic - Xeric",0,561.911133,287,21.070175,-149.692261,67.656,0.241592079655888,1.27327469221537,"209-2-D-SAPU_2003",11.6894683837891,-6.09085607528687,101,76.0451354980469,8.40000009536743,-8.6666667945683,3.70000004768372,13.1666666666667,18.0000004172325,0.866666695723931,64.3499991893768,286.31999874115,125.200002670288,1,"24A_2003",0.92
"5528","209-3-A-SAPU",2003,0.099,1.14905479181006,11,1992,16,"209-3","SAPU",74,55,12,0,9,0,0,0,0,0,0,NA,NA,NA,0,0,1,0,711.058695,"East","24A","Low Shrub","Black Spruce Woodland","Sandy Loam","Mesic - Xeric",0,553.430786,276,18.070417,-149.69261,67.656251,-0.518103973922674,0.595648843733737,"209-3-A-SAPU_2003",11.6894683837891,-6.09085607528687,101,76.0451354980469,8.40000009536743,-8.6666667945683,3.70000004768372,13.1666666666667,18.0000004172325,0.866666695723931,64.3499991893768,286.31999874115,125.200002670288,1,"24A_2003",0.92
"5529","209-3-B-SAPU",2003,0.02325,0.0935120578781312,27,1976,16,"209-3","SAPU",59,53,15,0,17,0,1,0,0,0.058823529,0,NA,"Hare",NA,1,0,1,0,711.058695,"East","24A","Low Shrub","Black Spruce Woodland","Sandy Loam","Mesic - Xeric",0,553.430786,276,18.070417,-149.69261,67.656251,-1.29276118412204,0.274511758160257,"209-3-B-SAPU_2003",11.6894683837891,-6.09085607528687,101,76.0451354980469,8.40000009536743,-8.6666667945683,3.70000004768372,13.1666666666667,18.0000004172325,0.866666695723931,64.3499991893768,286.31999874115,125.200002670288,1,"24A_2003",0.92
"5530","209-4-B-SAPU",2003,0.1265,1.86366109174968,6,1997,16,"209-4","SAPU",67,54,11,11,16,0,0,2,0,0,0.125,NA,NA,"Ptarmagin",1,0,0,0,738.024448,"East","24A","Low Shrub","Black Spruce Woodland","Sandy Loam","Mesic - Xeric",0,561.090881,296,18.584587,-149.691928,67.656444,-1.20496396291827,0.299702799732928,"209-4-B-SAPU_2003",11.6894683837891,-6.09085607528687,101,76.0451354980469,8.40000009536743,-8.6666667945683,3.70000004768372,13.1666666666667,18.0000004172325,0.866666695723931,64.3499991893768,286.31999874115,125.200002670288,1,"24A_2003",0.92
"5531","222-2-B-SAGL",2003,0.229,5.47662066327857,9,1994,17,"222-2","SAGL",106,74,19,0,21,0,10,0,0,0.476190476,0,NA,"Hare",NA,1,3,13,0,794.735172,"East","24A","Low Shrub","Tall Shrub","Clay Loam","Mesic",0,676.198608,282,15.59229,-149.808768,67.826375,0.655944522900659,1.92696171757394,"222-2-B-SAGL_2003",11.0333331425985,-6.68333349128564,104,82,8.40000009536743,-8.6666667945683,3.70000004768372,13.1666666666667,18.0000004172325,0.866666695723931,64.3499991893768,286.31999874115,125.200002670288,1,"24A_2003",0.92
"5532","222-3-B-SAGL",2003,0.2665,4.50683300226399,8,1995,17,"222-3","SAGL",90,74,14,0,22,0,5,0,0,0.227272727,0,NA,"Hare",NA,1,2,11,1,778.440723,"East","24A","Low Shrub","Low Shrub","Clay Loam","Mesic",0,672.469177,278,13.422374,-149.809021,67.826615,0.233609022579455,1.2631505323136,"222-3-B-SAGL_2003",11.0333331425985,-6.68333349128564,104,82,8.40000009536743,-8.6666667945683,3.70000004768372,13.1666666666667,18.0000004172325,0.866666695723931,64.3499991893768,286.31999874115,125.200002670288,1,"24A_2003",0.92
"5533","222-3-D-SAGL",2003,0.1275,1.61082414419245,10,1993,17,"222-3","SAGL",89,75,11,0,18,1,6,0,0.055555556,0.333333333,0,"Moose","Hare",NA,1,2,11,1,778.440723,"East","24A","Low Shrub","Low Shrub","Clay Loam","Mesic",0,672.469177,278,13.422374,-149.809021,67.826615,-0.364344027326286,0.694652174300263,"222-3-D-SAGL_2003",11.0333331425985,-6.68333349128564,104,82,8.40000009536743,-8.6666667945683,3.70000004768372,13.1666666666667,18.0000004172325,0.866666695723931,64.3499991893768,286.31999874115,125.200002670288,1,"24A_2003",0.92
"5534","222-4-C-SAGL",2003,0.132,2.24948715412052,12,1991,17,"222-4","SAGL",71,66,12,8,15,1,4,0,0.066666667,0.266666667,0,"Moose","Hare",NA,1,0,15,0,805.061274,"East","24A","Low Shrub","Low Shrub","Clay Loam","Mesic",0,678.755371,278,16.631924,-149.808355,67.826658,0.321679715624586,1.37944289119181,"222-4-C-SAGL_2003",11.0333331425985,-6.68333349128564,104,82,8.40000009536743,-8.6666667945683,3.70000004768372,13.1666666666667,18.0000004172325,0.866666695723931,64.3499991893768,286.31999874115,125.200002670288,1,"24A_2003",0.92
"5535","235-3-B-SAPU",2003,0.12225,2.04559798725208,13,1990,18,"235-3","SAPU",47,41,14,0,11,0,1,4,0,0.090909091,0.363636364,NA,"Hare","Ptarmagin",1,0,1,0,482.982181,"East","24A","Dwarf Shrub-Lichen","Low Shrub","Sandy Gravel","Mesic",0,817.546387,298,18.704132,-149.726784,68.005244,0.381232060678161,1.46408732308773,"235-3-B-SAPU_2003",8.76666657129923,-7.96666672825813,111,97,7.1333335240682,-9.87500009934107,2.53333342075348,11.733333269755,10.5999999046326,0.79166668963929,55.1099988818169,297.169997215271,125.000003814697,1,"24A_2003",0.92
"5536","235-4-C-SAPU",2003,0.0965,1.07941432205977,12,1991,18,"235-4","SAPU",41,39,10,0,15,0,0,0,0,0,0,NA,NA,NA,0,0,0,0,503.848767,"East","24A","Low Shrub","Low Shrub","Sandy Gravel","Mesic",0,825.290771,293,20.728168,-149.726015,68.005351,-0.412603943457171,0.66192439040539,"235-4-C-SAPU_2003",8.76666657129923,-7.96666672825813,111,97,7.1333335240682,-9.87500009934107,2.53333342075348,11.733333269755,10.5999999046326,0.79166668963929,55.1099988818169,297.169997215271,125.000003814697,1,"24A_2003",0.92
"5537","240-2-A-SAPU",2003,0.265,4.80032215875867,8,1995,19,"240-2","SAPU",59,51,16,0,29,0,0,11,0,0,0.379310345,NA,NA,"Ptarmagin",1,0,0,0,426.292991,"West","24A","Tussock Tundra (Low shrub or Herbaceous)","Low Shrub","Sandy Loam","Mesic",0,1048.270996,87,24.096361,-149.606886,68.069926,0.296697364597167,1.34540806971699,"240-2-A-SAPU_2003",7.68495480219523,-8.49048002064228,139.992984771729,134.947849273682,7.1333335240682,-9.87500009934107,2.53333342075348,11.733333269755,10.5999999046326,0.79166668963929,55.1099988818169,297.169997215271,125.000003814697,1,"24A_2003",0.92
"5538","240-3-B-SAPU",2003,0.34225,16.9031089546285,8,1995,19,"240-3","SAPU",122,81,25,0,57,1,3,7,0.01754386,0.052631579,0.122807018,"Moose","Hare","Ptarmagin",1,0,1,3,399.798137,"West","24A","Low Shrub","Low Shrub","Sandy Loam","Mesic",0,1034.808228,93,20.584356,-149.606025,68.07014,1.55551189934993,4.73751103337268,"240-3-B-SAPU_2003",7.68495480219523,-8.49048002064228,139.992984771729,134.947849273682,7.1333335240682,-9.87500009934107,2.53333342075348,11.733333269755,10.5999999046326,0.79166668963929,55.1099988818169,297.169997215271,125.000003814697,1,"24A_2003",0.92
"5539","240-3-D-SAPU",2003,0.7395,32.5957665795187,18,1985,19,"240-3","SAPU",167,110,47,0,149,7,11,21,0.046979866,0.073825503,0.140939597,"Moose","Hare","Ptarmagin",1,0,1,3,399.798137,"West","24A","Low Shrub","Low Shrub","Sandy Loam","Mesic",0,1034.808228,93,20.584356,-149.606025,68.07014,3.77812300166991,43.7338762347823,"240-3-D-SAPU_2003",7.68495480219523,-8.49048002064228,139.992984771729,134.947849273682,7.1333335240682,-9.87500009934107,2.53333342075348,11.733333269755,10.5999999046326,0.79166668963929,55.1099988818169,297.169997215271,125.000003814697,1,"24A_2003",0.92
"5540","240-4-B-SAPU",2003,0.23475,3.83918271327078,12,1991,19,"240-4","SAPU",118,104,19,0,27,3,0,5,0.111111111,0,0.185185185,"Moose",NA,"Ptarmagin",1,0,2,0,431.079046,"West","24A","Low Shrub","Low Shrub","Sandy Loam","Mesic",0,1046.807861,94,24.616484,-149.606605,68.070368,0.856236965751884,2.35428474979596,"240-4-B-SAPU_2003",7.68495480219523,-8.49048002064228,139.992984771729,134.947849273682,7.1333335240682,-9.87500009934107,2.53333342075348,11.733333269755,10.5999999046326,0.79166668963929,55.1099988818169,297.169997215271,125.000003814697,1,"24A_2003",0.92
"5541","255-1-C-SAGL",2003,0.038,0.783733119291042,14,1989,20,"255-1","SAGL",69,56,17,0,31,0,0,20,0,0,0.64516129,NA,NA,"Ptarmagin",1,0,0,0,585.543915,"East","26B","Low Shrub","Low Shrub","Sandy Gravel","Mesic - Xeric",0,991.483582,331,1.701594,-149.392735,68.222633,-0.435040503960541,0.647238450826435,"255-1-C-SAGL_2003",8.00451342264811,-8.90451346834501,144.909729003906,130,5.23333334922791,-11.4333334565163,0.766666675607363,9.76666673024496,6.5,0.691666676973303,46.3199989795685,314.139998435974,128.400001525879,1,"26B_2003",0.27
"5542","255-3-A-SAPU",2003,0.243,2.75093717791223,7,1996,20,"255-3","SAPU",54,46,9,0,20,0,0,3,0,0,0.15,NA,NA,"Ptarmagin",1,0,1,0,600.399561,"East","26B","Tussock Tundra (Low shrub or Herbaceous)","Low Shrub","Sandy Gravel","Mesic - Xeric",0,990.277893,304,2.837043,-149.392647,68.223106,-0.517896434529325,0.595772477162374,"255-3-A-SAPU_2003",8.00451342264811,-8.90451346834501,144.909729003906,130,5.23333334922791,-11.4333334565163,0.766666675607363,9.76666673024496,6.5,0.691666676973303,46.3199989795685,314.139998435974,128.400001525879,1,"26B_2003",0.27
"5543","255-3-C-SAPU",2003,0.11125,0.774409461343814,9,1994,20,"255-3","SAPU",48,42,12,0,11,0,0,3,0,0,0.272727273,NA,NA,"Ptarmagin",1,0,1,0,600.399561,"East","26B","Tussock Tundra (Low shrub or Herbaceous)","Low Shrub","Sandy Gravel","Mesic - Xeric",0,990.277893,304,2.837043,-149.392647,68.223106,-1.30019824600687,0.272477770049395,"255-3-C-SAPU_2003",8.00451342264811,-8.90451346834501,144.909729003906,130,5.23333334922791,-11.4333334565163,0.766666675607363,9.76666673024496,6.5,0.691666676973303,46.3199989795685,314.139998435974,128.400001525879,1,"26B_2003",0.27
"5544","255-4-A-SAPU",2003,0.13725,1.44974703121081,17,1986,20,"255-4","SAPU",72,61,14,0,18,0,2,3,0,0.111111111,0.166666667,NA,"Hare","Ptarmagin",1,0,0,2,644.564014,"East","26B","Low Shrub","Low Shrub","Sandy Gravel","Mesic - Xeric",0,993.003235,239,7.430982,-149.391619,68.223199,0.554955354321777,1.74186321637341,"255-4-A-SAPU_2003",8.00451342264811,-8.90451346834501,144.909729003906,130,5.23333334922791,-11.4333334565163,0.766666675607363,9.76666673024496,6.5,0.691666676973303,46.3199989795685,314.139998435974,128.400001525879,1,"26B_2003",0.27
"5545","261-2-C-SAPU",2003,0.16425,1.88484308386697,34,1969,21,"261-2","SAPU",91,67,27,0,29,0,0,3,0,0,0.103448276,NA,NA,"Ptarmagin",1,0,0,1,388.99561,"East","26B","Dwarf Shrub-Lichen","Low Shrub","Sandy Loam","Mesic",0,888.892761,295,13.025289,-149.351465,68.301786,2.15589514895594,8.63561688361431,"261-2-C-SAPU_2003",8.19616524378459,-9.05033720533053,159.115050315857,130.304681777954,5.23333334922791,-11.4333334565163,0.766666675607363,9.76666673024496,6.5,0.691666676973303,46.3199989795685,314.139998435974,128.400001525879,1,"26B_2003",0.27
"5546","261-2-D-SAPU",2003,0.477,15.3175732968117,13,1990,21,"261-2","SAPU",122,71,29,0,41,2,0,11,0.048780488,0,0.268292683,"Moose",NA,"Ptarmagin",1,0,0,1,388.99561,"East","26B","Dwarf Shrub-Lichen","Low Shrub","Sandy Loam","Mesic",0,888.892761,295,13.025289,-149.351465,68.301786,2.39454265039821,10.9631829049925,"261-2-D-SAPU_2003",8.19616524378459,-9.05033720533053,159.115050315857,130.304681777954,5.23333334922791,-11.4333334565163,0.766666675607363,9.76666673024496,6.5,0.691666676973303,46.3199989795685,314.139998435974,128.400001525879,1,"26B_2003",0.27
"5547","261-4-A-SAPU",2003,0.20775,3.13002236419616,7,1996,21,"261-4","SAPU",41,27,9,0,9,0,0,0,0,0,0,NA,NA,NA,0,0,0,0,405.679111,"East","26B","Low Shrub","Low Shrub","Sandy Loam","Mesic",0,886.626587,308,9.946874,-149.350886,68.302265,-0.388797930482366,0.677871233288583,"261-4-A-SAPU_2003",8.19616524378459,-9.05033720533053,159.115050315857,130.304681777954,5.23333334922791,-11.4333334565163,0.766666675607363,9.76666673024496,6.5,0.691666676973303,46.3199989795685,314.139998435974,128.400001525879,1,"26B_2003",0.27
"5548","268-1-C-SAPU",2003,0.14575,2.61762624620118,6,1997,22,"268-1","SAPU",61,49,10,0,21,0,0,5,0,0,0.238095238,NA,NA,"Ptarmagin",1,0,1,2,212.091228,"West","26B","Low Shrub","Low Shrub","Sandy Gravel","Mesic",0,818.738892,195,1.432166,-149.327109,68.400098,-0.865238950725038,0.42095095407307,"268-1-C-SAPU_2003",9.22881984710693,-8.45338525871436,168,113,5.23333334922791,-11.4333334565163,0.766666675607363,9.76666673024496,6.5,0.691666676973303,46.3199989795685,314.139998435974,128.400001525879,1,"26B_2003",0.27
"5549","268-1-D-SAPU",2003,0.143,2.43058004090166,7,1996,22,"268-1","SAPU",75,52,13,0,37,0,0,6,0,0,0.162162162,NA,NA,"Ptarmagin",1,0,1,2,212.091228,"West","26B","Low Shrub","Low Shrub","Sandy Gravel","Mesic",0,818.738892,195,1.432166,-149.327109,68.400098,-0.641708151291812,0.526392497631803,"268-1-D-SAPU_2003",9.22881984710693,-8.45338525871436,168,113,5.23333334922791,-11.4333334565163,0.766666675607363,9.76666673024496,6.5,0.691666676973303,46.3199989795685,314.139998435974,128.400001525879,1,"26B_2003",0.27
"5550","268-3-B-SAPU",2003,0.158,2.87126174734105,25,1978,22,"268-3","SAPU",106,41,14,0,42,0,0,4,0,0,0.095238095,NA,NA,"Ptarmagin",1,0,0,0,206.549982,"West","26B","Low Shrub","Low Shrub","Sandy Gravel","Mesic",0,819.661011,150,1.610195,-149.326989,68.400547,1.98304160335609,7.26480607310368,"268-3-B-SAPU_2003",9.22881984710693,-8.45338525871436,168,113,5.23333334922791,-11.4333334565163,0.766666675607363,9.76666673024496,6.5,0.691666676973303,46.3199989795685,314.139998435974,128.400001525879,1,"26B_2003",0.27
"5551","282-1-D-SAPU",2003,0.07,0.87275538311827,12,1991,23,"282-1","SAPU",49,22,10,0,8,0,0,0,0,0,0,NA,NA,NA,0,0,0,0,577.316923,"West","26B","Tussock Tundra (Low shrub or Herbaceous)","Tussock Tundra","Clay Loam","Mesic",0,826.622314,26,2.82316,-149.530032,68.582817,-0.625122508129705,0.535195858658982,"282-1-D-SAPU_2003",9.63333320617676,-8.18333315849304,158,99,9.60000022252401,-7.90000001092752,4.93333331743876,14.266666730245,25.400000333786,0.941666676352421,68.8899985551834,275.049999713898,109.400001525879,1,"26B_2003",0.27
"5552","282-2-B-SAPU",2003,0.121,1.32761349346214,13,1990,23,"282-2","SAPU",68,29,11,0,18,0,0,0,0,0,0,NA,NA,NA,0,0,0,0,604.079816,"West","26B","Low Shrub","Low Shrub-Tussock Tundra","Clay Loam","Mesic",0,826.41803,354,3.355184,-149.530916,68.583004,-0.0510751357630851,0.950207273301649,"282-2-B-SAPU_2003",9.63333320617676,-8.18333315849304,158,99,9.60000022252401,-7.90000001092752,4.93333331743876,14.266666730245,25.400000333786,0.941666676352421,68.8899985551834,275.049999713898,109.400001525879,1,"26B_2003",0.27
"5553","282-2-D-SAPU",2003,0.13325,0.83650186204477,6,1997,23,"282-2","SAPU",41,22,7,0,4,0,0,0,0,0,0,NA,NA,NA,0,0,0,0,604.079816,"West","26B","Low Shrub","Low Shrub-Tussock Tundra","Clay Loam","Mesic",0,826.41803,354,3.355184,-149.530916,68.583004,-2.00603337748276,0.134521212653131,"282-2-D-SAPU_2003",9.63333320617676,-8.18333315849304,158,99,9.60000022252401,-7.90000001092752,4.93333331743876,14.266666730245,25.400000333786,0.941666676352421,68.8899985551834,275.049999713898,109.400001525879,1,"26B_2003",0.27
"5554","282-3-D-SAPU",2003,0.054,0.399233592156243,24,1979,23,"282-3","SAPU",49,26,10,0,9,0,0,0,0,0,0,NA,NA,NA,0,0,0,0,571.732475,"West","26B","Low Shrub","Low Shrub-Tussock Tundra","Clay Loam","Mesic",0,823.876221,27,3.830761,-149.53038,68.583298,-0.0687468306960117,0.93356299965736,"282-3-D-SAPU_2003",9.63333320617676,-8.18333315849304,158,99,9.60000022252401,-7.90000001092752,4.93333331743876,14.266666730245,25.400000333786,0.941666676352421,68.8899985551834,275.049999713898,109.400001525879,1,"26B_2003",0.27
"5555","282-4-C-SAPU",2003,0.17625,2.91622952283682,9,1994,23,"282-4","SAPU",45,23,12,0,10,0,0,0,0,0,0,NA,NA,NA,0,0,0,0,597.547448,"West","26B","Tussock Tundra (Low shrub or Herbaceous)","Low Shrub-Tussock Tundra","Clay Loam","Mesic",0,823.620117,358,4.137664,-149.531178,68.583423,0.0257478020272255,1.02608214000372,"282-4-C-SAPU_2003",9.63333320617676,-8.18333315849304,158,99,9.60000022252401,-7.90000001092752,4.93333331743876,14.266666730245,25.400000333786,0.941666676352421,68.8899985551834,275.049999713898,109.400001525879,1,"26B_2003",0.27
"5556","282-4-D-SAPU",2003,0.035,0.242177523683598,26,1977,23,"282-4","SAPU",59,31,18,0,12,0,0,0,0,0,0,NA,NA,NA,0,0,0,0,597.547448,"West","26B","Tussock Tundra (Low shrub or Herbaceous)","Low Shrub-Tussock Tundra","Clay Loam","Mesic",0,823.620117,358,4.137664,-149.531178,68.583423,-0.414058051380662,0.660962580361825,"282-4-D-SAPU_2003",9.63333320617676,-8.18333315849304,158,99,9.60000022252401,-7.90000001092752,4.93333331743876,14.266666730245,25.400000333786,0.941666676352421,68.8899985551834,275.049999713898,109.400001525879,1,"26B_2003",0.27
"5557","60-2-D-SAPU",2003,0.253,3.42846875754867,9,1994,1,"60-2","SAPU",84,NA,16,7,26,2,1,0,0.076923077,0.038461538,0,"Moose","Hare",NA,1,0,2,0,1432.670461,"West","20F","Low Shrub","Low Shrub","Silt Loam","Mesic",0,110.927505,264,1.953402,-149.84073,65.909949,0.187570014572421,1.2063147060727,"60-2-D-SAPU_2003",14.7576392491659,-4.68483783801397,122.361083984375,71.3159501552582,14.1666669845581,-2.7916667163372,8.86666679382324,19.466667175293,63.9000010490417,0.966666688521703,75.1399976909161,238.439999103546,131.10000038147,1,"20F_2003",0.375
"5558","60-3-B-SAPU",2003,0.227,1.64200837827014,9,1994,1,"60-3","SAPU",81,NA,8,22,16,0,0,0,0,0,0,NA,NA,NA,0,0,3,0,1403.187226,"West","20F","Low Shrub","Black Spruce Woodland","Silt Loam","Mesic",0,111.24585,78,1.323723,-149.840194,65.910114,-0.548623607060868,0.577744466780003,"60-3-B-SAPU_2003",14.7576392491659,-4.68483783801397,122.361083984375,71.3159501552582,14.1666669845581,-2.7916667163372,8.86666679382324,19.466667175293,63.9000010490417,0.966666688521703,75.1399976909161,238.439999103546,131.10000038147,1,"20F_2003",0.375
"5559","60-4-D-SAPU",2003,0.16075,2.26939326692136,8,1995,1,"60-4","SAPU",103,NA,15,13,35,1,4,0,0.028571429,0.114285714,0,"Moose","Hare",NA,1,0,1,0,1406.241796,"West","20F","Tall Shrub (Open-Closed)","Black Spruce Woodland","Silt Loam","Mesic",0,110.670654,252,1.181915,-149.840942,65.910317,-0.452473155000319,0.636053146788578,"60-4-D-SAPU_2003",14.7576392491659,-4.68483783801397,122.361083984375,71.3159501552582,14.1666669845581,-2.7916667163372,8.86666679382324,19.466667175293,63.9000010490417,0.966666688521703,75.1399976909161,238.439999103546,131.10000038147,1,"20F_2003",0.375
"5560","72-1-D-SAPU",2003,0.025,0.0646775387557796,27,1976,2,"72-1","SAPU",68,54,18,0,8,0,1,0,0,0.125,0,NA,"Hare",NA,1,0,0,0,895.937772,"West","20F","Tussock Tundra (Low shrub or Herbaceous)","Black Spruce Woodland","Clay Loam","Mesic",0,130.808105,148,1.606934,-150.14017,66.022623,-1.66143759201218,0.189865834205744,"72-1-D-SAPU_2003",15.0007931391398,-4.39794831474622,117.413417816162,69.2024273872375,12.6000003814697,-4.50833336512248,7.4333332379659,17.8333339691162,54.3000013828278,1.05833334413668,78.0999972820282,252.169998899102,129.000004768372,1,"20F_2003",0.375
"5561","72-2-A-SAGL",2003,0.22875,4.55311906857703,13,1990,2,"72-2","SAGL",129,121,17,0,12,0,0,0,0,0,0,NA,NA,NA,0,0,0,0,855.94066,"West","20F","Tussock Tundra (Low shrub or Herbaceous)","Black Spruce Woodland","Clay Loam","Mesic",0,131.055786,179,2.125059,-150.13956,66.022889,1.18135440730979,3.25878493739013,"72-2-A-SAGL_2003",15.0007931391398,-4.39794831474622,117.413417816162,69.2024273872375,12.6000003814697,-4.50833336512248,7.4333332379659,17.8333339691162,54.3000013828278,1.05833334413668,78.0999972820282,252.169998899102,129.000004768372,1,"20F_2003",0.375
"5562","72-2-C-SAPU",2003,0.465,12.4207970647735,6,1997,2,"72-2","SAPU",97,84,22,5,22,0,0,0,0,0,0,NA,NA,NA,0,0,0,0,855.94066,"West","20F","Tussock Tundra (Low shrub or Herbaceous)","Black Spruce Woodland","Clay Loam","Mesic",0,131.055786,179,2.125059,-150.13956,66.022889,0.691865405433864,1.99743809199357,"72-2-C-SAPU_2003",15.0007931391398,-4.39794831474622,117.413417816162,69.2024273872375,12.6000003814697,-4.50833336512248,7.4333332379659,17.8333339691162,54.3000013828278,1.05833334413668,78.0999972820282,252.169998899102,129.000004768372,1,"20F_2003",0.375
"5563","72-2-D-SAPU",2003,0.187,3.72480524026855,14,1989,2,"72-2","SAPU",79,60,21,0,11,0,0,0,0,0,0,NA,NA,NA,0,0,0,0,855.94066,"West","20F","Tussock Tundra (Low shrub or Herbaceous)","Black Spruce Woodland","Clay Loam","Mesic",0,131.055786,179,2.125059,-150.13956,66.022889,1.12366078766403,3.07609454545244,"72-2-D-SAPU_2003",15.0007931391398,-4.39794831474622,117.413417816162,69.2024273872375,12.6000003814697,-4.50833336512248,7.4333332379659,17.8333339691162,54.3000013828278,1.05833334413668,78.0999972820282,252.169998899102,129.000004768372,1,"20F_2003",0.375
"5564","72-3-B-SAPU",2003,0.17275,2.71178684661273,15,1988,2,"72-3","SAPU",75,59,20,4,12,0,0,0,0,0,0,NA,NA,NA,0,0,1,0,885.368743,"West","20F","Tussock Tundra (Low shrub or Herbaceous)","Black Spruce Woodland","Clay Loam","Mesic",0,132.401993,119,2.284806,-150.140609,66.023021,0.939480928816651,2.5586529505596,"72-3-B-SAPU_2003",15.0007931391398,-4.39794831474622,117.413417816162,69.2024273872375,12.6000003814697,-4.50833336512248,7.4333332379659,17.8333339691162,54.3000013828278,1.05833334413668,78.0999972820282,252.169998899102,129.000004768372,1,"20F_2003",0.375
"5565","72-3-D-SAGL",2003,0.20325,3.41980012166971,16,1987,2,"72-3","SAGL",128,109,19,9,10,0,2,0,0,0.2,0,NA,"Hare",NA,1,0,1,0,885.368743,"West","20F","Tussock Tundra (Low shrub or Herbaceous)","Black Spruce Woodland","Clay Loam","Mesic",0,132.401993,119,2.284806,-150.140609,66.023021,1.2960807397484,3.65494388355882,"72-3-D-SAGL_2003",15.0007931391398,-4.39794831474622,117.413417816162,69.2024273872375,12.6000003814697,-4.50833336512248,7.4333332379659,17.8333339691162,54.3000013828278,1.05833334413668,78.0999972820282,252.169998899102,129.000004768372,1,"20F_2003",0.375
"5566","72-4-B-SAPU",2003,0.03475,0.194368701231426,32,1971,2,"72-4","SAPU",111,93,14,0,13,0,0,0,0,0,0,NA,NA,NA,0,0,0,0,844.255779,"West","20F","Tussock Tundra (Low shrub or Herbaceous)","Low Shrub-Tussock Tundra","Clay Loam","Mesic",0,132.260803,156,1.029158,-150.139994,66.023305,-0.233015465665376,0.792141322436955,"72-4-B-SAPU_2003",15.0007931391398,-4.39794831474622,117.413417816162,69.2024273872375,12.6000003814697,-4.50833336512248,7.4333332379659,17.8333339691162,54.3000013828278,1.05833334413668,78.0999972820282,252.169998899102,129.000004768372,1,"20F_2003",0.375
"5567","147-1-A-SAPU",2002,0.551666666666667,19.1040932079626,14,1988,9,"147-1","SAPU",191,167,22,11,73,23,0,0,0.315068493,0,0,"Moose",NA,NA,1,1,0,0,984.758365,"West","24A","Low Shrub","Tall Shrub","Clay Loam","Mesic - Hydric",0,426.634277,145,7.907337,-150.485282,66.911769,2.75854883786561,15.77693144262,"147-1-A-SAPU_2002",12.3015047709147,-4.46629039446513,249.270812988281,63.1354064941406,10.6333335240682,-5.30833347638448,5.43333347638448,15.8666671117147,33.3000004291534,1.05833334227403,84.2399978637695,259.799998044968,179.200008392334,1,"24A_2002",0.31
"5568","147-1-D-SAPU",2002,0.1875,2.53114193108912,8,1994,9,"147-1","SAPU",211,134,21,18,47,15,0,0,0.319148936,0,0,"Moose",NA,NA,1,1,0,0,984.758365,"West","24A","Low Shrub","Tall Shrub","Clay Loam","Mesic - Hydric",0,426.634277,145,7.907337,-150.485282,66.911769,-0.343315110401943,0.709414632406039,"147-1-D-SAPU_2002",12.3015047709147,-4.46629039446513,249.270812988281,63.1354064941406,10.6333335240682,-5.30833347638448,5.43333347638448,15.8666671117147,33.3000004291534,1.05833334227403,84.2399978637695,259.799998044968,179.200008392334,1,"24A_2002",0.31
"5569","147-2-B-SAPU",2002,0.177,1.9242522038613,10,1992,9,"147-2","SAPU",104,97,14,31,12,5,0,0,0.416666667,0,0,"Moose",NA,NA,1,2,1,0,986.173835,"West","24A","Low Shrub","Tall Shrub","Clay Loam","Mesic - Hydric",0,428.943481,147,8.698308,-150.484958,66.912025,-0.186552539413142,0.829814962814857,"147-2-B-SAPU_2002",12.3015047709147,-4.46629039446513,249.270812988281,63.1354064941406,10.6333335240682,-5.30833347638448,5.43333347638448,15.8666671117147,33.3000004291534,1.05833334227403,84.2399978637695,259.799998044968,179.200008392334,1,"24A_2002",0.31
"5570","147-3-B-SAPU",2002,0.0875,1.05928613792822,13,1989,9,"147-3","SAPU",167,149,20,7,58,18,0,0,0.310344828,0,0,"Moose",NA,NA,1,2,1,0,952.272152,"West","24A","White Spruce or Black Spruce (Woodland)","Black Spruce Woodland","Clay Loam","Mesic - Hydric",0,425.583191,170,6.572863,-150.484233,66.911912,-0.276862873909331,0.7581584532876,"147-3-B-SAPU_2002",12.3015047709147,-4.46629039446513,249.270812988281,63.1354064941406,10.6333335240682,-5.30833347638448,5.43333347638448,15.8666671117147,33.3000004291534,1.05833334227403,84.2399978637695,259.799998044968,179.200008392334,1,"24A_2002",0.31
"5571","147-4-A-SAPU",2002,0.20275,4.09548012513594,11,1991,9,"147-4","SAPU",124,110,21,14,47,16,0,0,0.340425532,0,0,"Moose",NA,NA,1,0,1,0,956.341518,"West","24A","Tall Shrub (Open-Closed)","Tall Shrub","Clay Loam","Mesic - Hydric",0,428.39856,129,7.52786,-150.483929,66.912191,0.752840298936529,2.12302147683395,"147-4-A-SAPU_2002",12.3015047709147,-4.46629039446513,249.270812988281,63.1354064941406,10.6333335240682,-5.30833347638448,5.43333347638448,15.8666671117147,33.3000004291534,1.05833334227403,84.2399978637695,259.799998044968,179.200008392334,1,"24A_2002",0.31
"5572","147-4-C-SAPU",2002,0.07525,0.578659964691287,16,1986,9,"147-4","SAPU",113,101,16,9,12,5,0,0,0.416666667,0,0,"Moose",NA,NA,1,0,1,0,956.341518,"West","24A","Tall Shrub (Open-Closed)","Tall Shrub","Clay Loam","Mesic - Hydric",0,428.39856,129,7.52786,-150.483929,66.912191,-0.480541619913684,0.618448337143211,"147-4-C-SAPU_2002",12.3015047709147,-4.46629039446513,249.270812988281,63.1354064941406,10.6333335240682,-5.30833347638448,5.43333347638448,15.8666671117147,33.3000004291534,1.05833334227403,84.2399978637695,259.799998044968,179.200008392334,1,"24A_2002",0.31
"5573","184-2-D-SAPU",2002,0.17375,4.66744162524114,11,1991,13,"184-2","SAPU",172,139,22,0,38,6,3,0,0.157894737,0.078947368,0,"Moose","Hare",NA,1,1,0,0,706.210196,"East","24A","White Spruce or Black Spruce (Open-Closed)","Tall Shrub","Clay Loam","Mesic",0,429.192566,258,16.706417,-150.109279,67.369156,0.883567431540869,2.41951578557026,"184-2-D-SAPU_2002",12.2621529897054,-4.70225671927134,198.322967529297,58.6840510368347,10.5000003178914,-5.68333339691162,5.40000017484029,15.6666673024495,39.1000003814697,1.04166669150194,89.1799969673157,261.019997358322,159.400007247925,1,"24A_2002",0.31
"5574","184-4-D-SAPU",2002,0.327,5.34658700175384,7,1995,13,"184-4","SAPU",139,114,15,19,23,0,0,0,0,0,0,NA,NA,NA,0,2,1,0,702.330496,"East","24A","White Spruce or Black Spruce (Open-Closed)","Tall Shrub","Clay Loam","Mesic",0,431.246765,263,17.707565,-150.109187,67.369491,0.146620333618406,1.15791425844791,"184-4-D-SAPU_2002",12.2621529897054,-4.70225671927134,198.322967529297,58.6840510368347,10.5000003178914,-5.68333339691162,5.40000017484029,15.6666673024495,39.1000003814697,1.04166669150194,89.1799969673157,261.019997358322,159.400007247925,1,"24A_2002",0.31
"5575","191-4-A-SAPU",2002,0.116,2.37422723202397,11,1991,14,"191-4","SAPU",109,85,19,16,39,13,0,0,0.333333333,0,0,"Moose",NA,NA,1,1,0,0,1634.196324,"East","24A","Low Shrub","Low Shrub","Clay Loam","Mesic",0,497.007599,303,3.553675,-149.85875,67.475963,0.207628350379349,1.23075567466063,"191-4-A-SAPU_2002",11.4120359420776,-5.00645277897517,206.27783203125,59.7743220329285,8.63333336512248,-7.16666668653488,3.70000004768372,13.6333335240682,18.0000002384186,0.950000027815501,71.7499979734421,279.96999835968,160.200004577637,1,"24A_2002",0.31
"5576","203-1-C-SAPU",2002,0.37375,7.2161568402363,6,1996,15,"203-1","SAPU",102,74,13,0,16,1,1,0,0.0625,0.0625,0,"Moose","Hare",NA,1,1,0,0,905.036767,"East","24A","Low Shrub","Low Shrub","Loam","Mesic",0,550.644958,299,23.927214,-149.794431,67.571449,0.148815672670156,1.16045906517279,"203-1-C-SAPU_2002",11.7000001271566,-5.11666655540466,171,52,7.70000028610229,-8.15000012516975,2.86666675408681,12.6333335240682,15.2000000476837,0.866666672130426,67.919999063015,289.149998188019,142.400001525879,1,"24A_2002",0.31
"5577","203-2-A-SAPU",2002,0.54925,12.4189971285325,6,1996,15,"203-2","SAPU",122,97,14,32,16,1,0,0,0.0625,0,0,"Moose",NA,NA,1,0,1,0,933.944119,"East","24A","Low Shrub","Low Shrub","Loam","Mesic",0,566.911377,300,26.508135,-149.793674,67.571447,0.691720481830221,1.99714863704216,"203-2-A-SAPU_2002",11.7000001271566,-5.11666655540466,171,52,7.70000028610229,-8.15000012516975,2.86666675408681,12.6333335240682,15.2000000476837,0.866666672130426,67.919999063015,289.149998188019,142.400001525879,1,"24A_2002",0.31
"5578","203-2-B-SAPU",2002,0.12575,5.16268111305581,7,1995,15,"203-2","SAPU",129,107,22,18,35,2,0,0,0.057142857,0,0,"Moose",NA,NA,1,0,1,0,933.944119,"East","24A","Low Shrub","Low Shrub","Loam","Mesic",0,566.911377,300,26.508135,-149.793674,67.571447,0.111617959984399,1.11808562558995,"203-2-B-SAPU_2002",11.7000001271566,-5.11666655540466,171,52,7.70000028610229,-8.15000012516975,2.86666675408681,12.6333335240682,15.2000000476837,0.866666672130426,67.919999063015,289.149998188019,142.400001525879,1,"24A_2002",0.31
"5579","203-3-D-SAPU",2002,0.1055,1.63349230598443,14,1988,15,"203-3","SAPU",117,104,18,17,39,2,3,0,0.051282051,0.076923077,0,"Moose","Hare",NA,1,0,1,0,922.335664,"East","24A","Low Shrub","Low Shrub","Loam","Mesic",0,556.241272,305,23.609533,-149.79364,67.571701,0.2993664635978,1.34900389372169,"203-3-D-SAPU_2002",11.7000001271566,-5.11666655540466,171,52,7.70000028610229,-8.15000012516975,2.86666675408681,12.6333335240682,15.2000000476837,0.866666672130426,67.919999063015,289.149998188019,142.400001525879,1,"24A_2002",0.31
"5580","203-4-B-SAPU",2002,0.19575,3.56480857727686,6,1996,15,"203-4","SAPU",76,69,15,0,18,3,0,0,0.166666667,0,0,"Moose",NA,NA,1,1,1,0,951.384807,"East","24A","Low Shrub","Low Shrub","Loam","Mesic",0,569.135193,316,29.227108,-149.792864,67.571712,-0.556396487508842,0.573271135965386,"203-4-B-SAPU_2002",11.7000001271566,-5.11666655540466,171,52,7.70000028610229,-8.15000012516975,2.86666675408681,12.6333335240682,15.2000000476837,0.866666672130426,67.919999063015,289.149998188019,142.400001525879,1,"24A_2002",0.31
"5581","203-4-C-SAPU",2002,0.12775,1.01388128835451,10,1992,15,"203-4","SAPU",75,68,9,10,9,1,0,0,0.111111111,0,0,"Moose",NA,NA,1,1,1,0,951.384807,"East","24A","Low Shrub","Low Shrub","Loam","Mesic",0,569.135193,316,29.227108,-149.792864,67.571712,-0.827304140467245,0.437226399900343,"203-4-C-SAPU_2002",11.7000001271566,-5.11666655540466,171,52,7.70000028610229,-8.15000012516975,2.86666675408681,12.6333335240682,15.2000000476837,0.866666672130426,67.919999063015,289.149998188019,142.400001525879,1,"24A_2002",0.31
"5582","209-1-D-SAPU",2002,0.075,0.626512114942146,13,1989,16,"209-1","SAPU",53,47,13,0,9,1,0,0,0.111111111,0,0,"Moose",NA,NA,1,0,1,0,698.873831,"East","24A","Low Shrub","Black Spruce Woodland","Sandy Loam","Mesic - Xeric",0,553.345276,287,19.679848,-149.692986,67.655886,-0.802045267711611,0.448410905253126,"209-1-D-SAPU_2002",11.022801399231,-5.5654797355334,163,52,7.70000028610229,-8.15000012516975,2.86666675408681,12.6333335240682,15.2000000476837,0.866666672130426,67.919999063015,289.149998188019,142.400001525879,1,"24A_2002",0.31
"5583","209-2-D-SAPU",2002,0.094,0.561679067350011,25,1977,16,"209-2","SAPU",53,41,8,0,11,0,0,0,0,0,0,NA,NA,NA,0,0,0,0,728.528855,"East","24A","Low Shrub","Black Spruce Woodland","Sandy Loam","Mesic - Xeric",0,561.911133,287,21.070175,-149.692261,67.656,0.351465390235512,1.42114856069752,"209-2-D-SAPU_2002",11.022801399231,-5.5654797355334,163,52,7.70000028610229,-8.15000012516975,2.86666675408681,12.6333335240682,15.2000000476837,0.866666672130426,67.919999063015,289.149998188019,142.400001525879,1,"24A_2002",0.31
"5584","209-3-A-SAPU",2002,0.04025,0.484774253636919,10,1992,16,"209-3","SAPU",74,55,12,0,9,0,0,0,0,0,0,NA,NA,NA,0,0,1,0,711.058695,"East","24A","Low Shrub","Black Spruce Woodland","Sandy Loam","Mesic - Xeric",0,553.430786,276,18.070417,-149.69261,67.656251,-1.56516191897586,0.209054160597087,"209-3-A-SAPU_2002",11.022801399231,-5.5654797355334,163,52,7.70000028610229,-8.15000012516975,2.86666675408681,12.6333335240682,15.2000000476837,0.866666672130426,67.919999063015,289.149998188019,142.400001525879,1,"24A_2002",0.31
"5585","209-3-B-SAPU",2002,0.0135,0.0558559465845001,26,1976,16,"209-3","SAPU",59,53,15,0,17,0,1,0,0,0.058823529,0,NA,"Hare",NA,1,0,1,0,711.058695,"East","24A","Low Shrub","Black Spruce Woodland","Sandy Loam","Mesic - Xeric",0,553.430786,276,18.070417,-149.69261,67.656251,-1.88095308349272,0.152444743927918,"209-3-B-SAPU_2002",11.022801399231,-5.5654797355334,163,52,7.70000028610229,-8.15000012516975,2.86666675408681,12.6333335240682,15.2000000476837,0.866666672130426,67.919999063015,289.149998188019,142.400001525879,1,"24A_2002",0.31
"5586","222-2-B-SAGL",2002,0.192,4.84569303986182,8,1994,17,"222-2","SAGL",106,74,19,0,21,0,10,0,0,0.476190476,0,NA,"Hare",NA,1,3,13,0,794.735172,"East","24A","Low Shrub","Tall Shrub","Clay Loam","Mesic",0,676.198608,282,15.59229,-149.808768,67.826375,0.306104609923771,1.35812437240408,"222-2-B-SAGL_2002",10.3666667938232,-6.14999997615814,160,54,7.70000028610229,-8.15000012516975,2.86666675408681,12.6333335240682,15.2000000476837,0.866666672130426,67.919999063015,289.149998188019,142.400001525879,1,"24A_2002",0.31
"5587","222-3-B-SAGL",2002,0.29125,5.43572007217195,7,1995,17,"222-3","SAGL",90,74,14,0,22,0,5,0,0,0.227272727,0,NA,"Hare",NA,1,2,11,1,778.440723,"East","24A","Low Shrub","Low Shrub","Clay Loam","Mesic",0,672.469177,278,13.422374,-149.809021,67.826615,0.163153919658039,1.1772178727167,"222-3-B-SAGL_2002",10.3666667938232,-6.14999997615814,160,54,7.70000028610229,-8.15000012516975,2.86666675408681,12.6333335240682,15.2000000476837,0.866666672130426,67.919999063015,289.149998188019,142.400001525879,1,"24A_2002",0.31
"5588","222-3-D-SAGL",2002,0.12375,1.66112595131495,9,1993,17,"222-3","SAGL",89,75,11,0,18,1,6,0,0.055555556,0.333333333,0,"Moose","Hare",NA,1,2,11,1,778.440723,"East","24A","Low Shrub","Low Shrub","Clay Loam","Mesic",0,672.469177,278,13.422374,-149.809021,67.826615,-0.537048064194315,0.584471029318334,"222-3-D-SAGL_2002",10.3666667938232,-6.14999997615814,160,54,7.70000028610229,-8.15000012516975,2.86666675408681,12.6333335240682,15.2000000476837,0.866666672130426,67.919999063015,289.149998188019,142.400001525879,1,"24A_2002",0.31
"5589","222-4-C-SAGL",2002,0.0215,0.376761782167065,11,1991,17,"222-4","SAGL",71,66,12,8,15,1,4,0,0.066666667,0.266666667,0,"Moose","Hare",NA,1,0,15,0,805.061274,"East","24A","Low Shrub","Low Shrub","Clay Loam","Mesic",0,678.755371,278,16.631924,-149.808355,67.826658,-1.63318582696491,0.195306369644356,"222-4-C-SAGL_2002",10.3666667938232,-6.14999997615814,160,54,7.70000028610229,-8.15000012516975,2.86666675408681,12.6333335240682,15.2000000476837,0.866666672130426,67.919999063015,289.149998188019,142.400001525879,1,"24A_2002",0.31
"5590","235-3-B-SAPU",2002,0.1265,2.21556894903603,12,1990,18,"235-3","SAPU",47,41,14,0,11,0,1,4,0,0.090909091,0.363636364,NA,"Hare","Ptarmagin",1,0,1,0,482.982181,"East","24A","Dwarf Shrub-Lichen","Low Shrub","Sandy Gravel","Mesic",0,817.546387,298,18.704132,-149.726784,68.005244,0.306486689271603,1.35864338282383,"235-3-B-SAPU_2002",8.10000022252401,-7.45833325386047,162,66,6.50000031789144,-9.37500010803342,1.76666669050852,11.3000001907349,10.3000003695488,0.816666690011819,57.4299983382225,300.149998664856,129.400001525879,1,"24A_2002",0.31
"5591","235-4-C-SAPU",2002,0.13,1.54663747928879,11,1991,18,"235-4","SAPU",41,39,10,0,15,0,0,0,0,0,0,NA,NA,NA,0,0,0,0,503.848767,"East","24A","Low Shrub","Low Shrub","Sandy Gravel","Mesic",0,825.290771,293,20.728168,-149.726015,68.005351,-0.22096045192859,0.801748387265689,"235-4-C-SAPU_2002",8.10000022252401,-7.45833325386047,162,66,6.50000031789144,-9.37500010803342,1.76666669050852,11.3000001907349,10.3000003695488,0.816666690011819,57.4299983382225,300.149998664856,129.400001525879,1,"24A_2002",0.31
"5592","240-2-A-SAPU",2002,0.269,5.32405707003862,7,1995,19,"240-2","SAPU",59,51,16,0,29,0,0,11,0,0,0.379310345,NA,NA,"Ptarmagin",1,0,0,0,426.292991,"West","24A","Tussock Tundra (Low shrub or Herbaceous)","Low Shrub","Sandy Loam","Mesic",0,1048.270996,87,24.096361,-149.606886,68.069926,0.142397539747093,1.15303493465381,"240-2-A-SAPU_2002",7.05312617619832,-7.9480608055989,201.39920425415,96.8124444484711,6.50000031789144,-9.37500010803342,1.76666669050852,11.3000001907349,10.3000003695488,0.816666690011819,57.4299983382225,300.149998664856,129.400001525879,1,"24A_2002",0.31
"5593","240-3-B-SAPU",2002,0.32275,16.6143153010536,7,1995,19,"240-3","SAPU",122,81,25,0,57,1,3,7,0.01754386,0.052631579,0.122807018,"Moose","Hare","Ptarmagin",1,0,1,3,399.798137,"West","24A","Low Shrub","Low Shrub","Sandy Loam","Mesic",0,1034.808228,93,20.584356,-149.606025,68.07014,1.28042661115111,3.59817441951822,"240-3-B-SAPU_2002",7.05312617619832,-7.9480608055989,201.39920425415,96.8124444484711,6.50000031789144,-9.37500010803342,1.76666669050852,11.3000001907349,10.3000003695488,0.816666690011819,57.4299983382225,300.149998664856,129.400001525879,1,"24A_2002",0.31
"5594","240-3-D-SAPU",2002,0.6355,30.7568054746097,17,1985,19,"240-3","SAPU",167,110,47,0,149,7,11,21,0.046979866,0.073825503,0.140939597,"Moose","Hare","Ptarmagin",1,0,1,3,399.798137,"West","24A","Low Shrub","Low Shrub","Sandy Loam","Mesic",0,1034.808228,93,20.584356,-149.606025,68.07014,3.60967756035652,36.9541354153563,"240-3-D-SAPU_2002",7.05312617619832,-7.9480608055989,201.39920425415,96.8124444484711,6.50000031789144,-9.37500010803342,1.76666669050852,11.3000001907349,10.3000003695488,0.816666690011819,57.4299983382225,300.149998664856,129.400001525879,1,"24A_2002",0.31
"5595","240-4-B-SAPU",2002,0.285,5.12634879036658,11,1991,19,"240-4","SAPU",118,104,19,0,27,3,0,5,0.111111111,0,0.185185185,"Moose",NA,"Ptarmagin",1,0,2,0,431.079046,"West","24A","Low Shrub","Low Shrub","Sandy Loam","Mesic",0,1046.807861,94,24.616484,-149.606605,68.070368,0.977350010836078,2.65740480899751,"240-4-B-SAPU_2002",7.05312617619832,-7.9480608055989,201.39920425415,96.8124444484711,6.50000031789144,-9.37500010803342,1.76666669050852,11.3000001907349,10.3000003695488,0.816666690011819,57.4299983382225,300.149998664856,129.400001525879,1,"24A_2002",0.31
"5596","255-1-C-SAGL",2002,0.205,4.38453237105606,13,1989,20,"255-1","SAGL",69,56,17,0,31,0,0,20,0,0,0.64516129,NA,NA,"Ptarmagin",1,0,0,0,585.543915,"East","26B","Low Shrub","Low Shrub","Sandy Gravel","Mesic - Xeric",0,991.483582,331,1.701594,-149.392735,68.222633,1.14362487690068,3.1381230829007,"255-1-C-SAGL_2002",7.37118021647135,-8.4033849115173,196.819458007812,108,4.5666667620341,-10.9083333859841,-0.0666666626930237,9.23333342870077,6.60000032186508,0.700000010430813,47.4699992537498,317.899996757507,133.800003051758,1,"26B_2002",0.27
"5597","255-3-A-SAPU",2002,0.0185,0.224631728713304,6,1996,20,"255-3","SAPU",54,46,9,0,20,0,0,3,0,0,0.15,NA,NA,"Ptarmagin",1,0,1,0,600.399561,"East","26B","Tussock Tundra (Low shrub or Herbaceous)","Low Shrub","Sandy Gravel","Mesic - Xeric",0,990.277893,304,2.837043,-149.392647,68.223106,-3.32079982392904,0.0361239274148388,"255-3-A-SAPU_2002",7.37118021647135,-8.4033849115173,196.819458007812,108,4.5666667620341,-10.9083333859841,-0.0666666626930237,9.23333342870077,6.60000032186508,0.700000010430813,47.4699992537498,317.899996757507,133.800003051758,1,"26B_2002",0.27
"5598","255-3-C-SAPU",2002,0.06425,0.482667423063605,8,1994,20,"255-3","SAPU",48,42,12,0,11,0,0,3,0,0,0.272727273,NA,NA,"Ptarmagin",1,0,1,0,600.399561,"East","26B","Tussock Tundra (Low shrub or Herbaceous)","Low Shrub","Sandy Gravel","Mesic - Xeric",0,990.277893,304,2.837043,-149.392647,68.223106,-2.00041309505761,0.135279388445713,"255-3-C-SAPU_2002",7.37118021647135,-8.4033849115173,196.819458007812,108,4.5666667620341,-10.9083333859841,-0.0666666626930237,9.23333342870077,6.60000032186508,0.700000010430813,47.4699992537498,317.899996757507,133.800003051758,1,"26B_2002",0.27
"5599","255-4-A-SAPU",2002,0.16625,1.91458375612034,16,1986,20,"255-4","SAPU",72,61,14,0,18,0,2,3,0,0.111111111,0.166666667,NA,"Hare","Ptarmagin",1,0,0,2,644.564014,"East","26B","Low Shrub","Low Shrub","Sandy Gravel","Mesic - Xeric",0,993.003235,239,7.430982,-149.391619,68.223199,0.715998873616301,2.04622958653399,"255-4-A-SAPU_2002",7.37118021647135,-8.4033849115173,196.819458007812,108,4.5666667620341,-10.9083333859841,-0.0666666626930237,9.23333342870077,6.60000032186508,0.700000010430813,47.4699992537498,317.899996757507,133.800003051758,1,"26B_2002",0.27
"5600","261-2-C-SAPU",2002,0.06575,0.802019741078975,33,1969,21,"261-2","SAPU",91,67,27,0,29,0,0,3,0,0,0.103448276,NA,NA,"Ptarmagin",1,0,0,1,388.99561,"East","26B","Dwarf Shrub-Lichen","Low Shrub","Sandy Loam","Mesic",0,888.892761,295,13.025289,-149.351465,68.301786,1.2437817113957,3.468706338713,"261-2-C-SAPU_2002",7.56283187866211,-8.54981052751342,206.735786437988,109.241470813751,4.5666667620341,-10.9083333859841,-0.0666666626930237,9.23333342870077,6.60000032186508,0.700000010430813,47.4699992537498,317.899996757507,133.800003051758,1,"26B_2002",0.27
"5601","261-2-D-SAPU",2002,0.306666666666667,10.6027776115777,12,1990,21,"261-2","SAPU",122,71,29,0,41,2,0,11,0.048780488,0,0.268292683,"Moose",NA,"Ptarmagin",1,0,0,1,388.99561,"East","26B","Dwarf Shrub-Lichen","Low Shrub","Sandy Loam","Mesic",0,888.892761,295,13.025289,-149.351465,68.301786,1.87209346251051,6.50189363223849,"261-2-D-SAPU_2002",7.56283187866211,-8.54981052751342,206.735786437988,109.241470813751,4.5666667620341,-10.9083333859841,-0.0666666626930237,9.23333342870077,6.60000032186508,0.700000010430813,47.4699992537498,317.899996757507,133.800003051758,1,"26B_2002",0.27
"5602","261-4-A-SAPU",2002,0.19025,3.10424206218173,6,1996,21,"261-4","SAPU",41,27,9,0,9,0,0,0,0,0,0,NA,NA,NA,0,0,0,0,405.679111,"East","26B","Low Shrub","Low Shrub","Sandy Loam","Mesic",0,886.626587,308,9.946874,-149.350886,68.302265,-0.694737261689288,0.499205591189937,"261-4-A-SAPU_2002",7.56283187866211,-8.54981052751342,206.735786437988,109.241470813751,4.5666667620341,-10.9083333859841,-0.0666666626930237,9.23333342870077,6.60000032186508,0.700000010430813,47.4699992537498,317.899996757507,133.800003051758,1,"26B_2002",0.27
"5603","268-1-D-SAPU",2002,0.0653333333333333,1.15323530439294,6,1996,22,"268-1","SAPU",75,52,13,0,37,0,0,6,0,0,0.162162162,NA,NA,"Ptarmagin",1,0,1,2,212.091228,"West","26B","Low Shrub","Low Shrub","Sandy Gravel","Mesic",0,818.738892,195,1.432166,-149.327109,68.400098,-1.68493554432192,0.185456385287804,"268-1-D-SAPU_2002",8.59699074427287,-7.95263310273488,205.864593505859,90.9548645019531,4.5666667620341,-10.9083333859841,-0.0666666626930237,9.23333342870077,6.60000032186508,0.700000010430813,47.4699992537498,317.899996757507,133.800003051758,1,"26B_2002",0.27
"5604","268-3-B-SAPU",2002,0.1145,2.17877775746984,24,1978,22,"268-3","SAPU",106,41,14,0,42,0,0,4,0,0,0.095238095,NA,NA,"Ptarmagin",1,0,0,0,206.549982,"West","26B","Low Shrub","Low Shrub","Sandy Gravel","Mesic",0,819.661011,150,1.610195,-149.326989,68.400547,1.6282258165615,5.0948275365923,"268-3-B-SAPU_2002",8.59699074427287,-7.95263310273488,205.864593505859,90.9548645019531,4.5666667620341,-10.9083333859841,-0.0666666626930237,9.23333342870077,6.60000032186508,0.700000010430813,47.4699992537498,317.899996757507,133.800003051758,1,"26B_2002",0.27
"5605","282-1-D-SAPU",2002,0.132,1.72953472039548,11,1991,23,"282-1","SAPU",49,22,10,0,8,0,0,0,0,0,0,NA,NA,NA,0,0,0,0,577.316923,"West","26B","Tussock Tundra (Low shrub or Herbaceous)","Tussock Tundra","Clay Loam","Mesic",0,826.622314,26,2.82316,-149.530032,68.582817,-0.109191233582613,0.896558948923657,"282-1-D-SAPU_2002",9.03333346048991,-7.68333324790001,172,69,8.96666685740153,-7.39166676998138,4.20000004768372,13.8000001907349,24.2999999523163,0.941666682561239,75.6599979400635,275.1399974823,110.000001907349,1,"26B_2002",0.27
"5606","282-2-B-SAPU",2002,0.07025,0.812992146120712,12,1990,23,"282-2","SAPU",68,29,11,0,18,0,0,0,0,0,0,NA,NA,NA,0,0,0,0,604.079816,"West","26B","Low Shrub","Low Shrub-Tussock Tundra","Clay Loam","Mesic",0,826.41803,354,3.355184,-149.530916,68.583004,-0.696056372958533,0.498547517600495,"282-2-B-SAPU_2002",9.03333346048991,-7.68333324790001,172,69,8.96666685740153,-7.39166676998138,4.20000004768372,13.8000001907349,24.2999999523163,0.941666682561239,75.6599979400635,275.1399974823,110.000001907349,1,"26B_2002",0.27
"5607","282-3-D-SAPU",2002,0.036,0.276334488301794,23,1979,23,"282-3","SAPU",49,26,10,0,9,0,0,0,0,0,0,NA,NA,NA,0,0,0,0,571.732475,"West","26B","Low Shrub","Low Shrub-Tussock Tundra","Clay Loam","Mesic",0,823.876221,27,3.830761,-149.53038,68.583298,-0.518865139357638,0.595195628930113,"282-3-D-SAPU_2002",9.03333346048991,-7.68333324790001,172,69,8.96666685740153,-7.39166676998138,4.20000004768372,13.8000001907349,24.2999999523163,0.941666682561239,75.6599979400635,275.1399974823,110.000001907349,1,"26B_2002",0.27
"5608","282-4-C-SAPU",2002,0.0165,0.283000164022516,8,1994,23,"282-4","SAPU",45,23,12,0,10,0,0,0,0,0,0,NA,NA,NA,0,0,0,0,597.547448,"West","26B","Tussock Tundra (Low shrub or Herbaceous)","Low Shrub-Tussock Tundra","Clay Loam","Mesic",0,823.620117,358,4.137664,-149.531178,68.583423,-2.53429346922673,0.0793177398963539,"282-4-C-SAPU_2002",9.03333346048991,-7.68333324790001,172,69,8.96666685740153,-7.39166676998138,4.20000004768372,13.8000001907349,24.2999999523163,0.941666682561239,75.6599979400635,275.1399974823,110.000001907349,1,"26B_2002",0.27
"5609","282-4-D-SAPU",2002,0.06925,0.501845668116529,25,1977,23,"282-4","SAPU",59,31,18,0,12,0,0,0,0,0,0,NA,NA,NA,0,0,0,0,597.547448,"West","26B","Tussock Tundra (Low shrub or Herbaceous)","Low Shrub-Tussock Tundra","Clay Loam","Mesic",0,823.620117,358,4.137664,-149.531178,68.583423,0.238827396386292,1.26975935261561,"282-4-D-SAPU_2002",9.03333346048991,-7.68333324790001,172,69,8.96666685740153,-7.39166676998138,4.20000004768372,13.8000001907349,24.2999999523163,0.941666682561239,75.6599979400635,275.1399974823,110.000001907349,1,"26B_2002",0.27
"5610","60-2-D-SAPU",2002,0.2355,3.55273602575774,8,1994,1,"60-2","SAPU",84,NA,16,7,26,2,1,0,0.076923077,0.038461538,0,"Moose","Hare",NA,1,0,2,0,1432.670461,"West","20F","Low Shrub","Low Shrub","Silt Loam","Mesic",0,110.927505,264,1.953402,-149.84073,65.909949,-0.00426764934973178,0.995741444125234,"60-2-D-SAPU_2002",14.092477162679,-4.0765046676,116.451354980469,47.0451354980469,13.5333337783813,-2.24166682362556,8.1333335240682,19.0000006357829,44.9000012874603,0.950000014156103,83.0599985718727,233.66999745369,200.400001525879,1,"20F_2002",0.375
"5611","60-3-B-SAPU",2002,0.2375,2.0645368822147,8,1994,1,"60-3","SAPU",81,NA,8,22,16,0,0,0,0,0,0,NA,NA,NA,0,0,3,0,1403.187226,"West","20F","Low Shrub","Black Spruce Woodland","Silt Loam","Mesic",0,111.24585,78,1.323723,-149.840194,65.910114,-0.547079736325781,0.57863711844671,"60-3-B-SAPU_2002",14.092477162679,-4.0765046676,116.451354980469,47.0451354980469,13.5333337783813,-2.24166682362556,8.1333335240682,19.0000006357829,44.9000012874603,0.950000014156103,83.0599985718727,233.66999745369,200.400001525879,1,"20F_2002",0.375
"5612","60-4-D-SAPU",2002,0.20575,3.14158146166596,7,1995,1,"60-4","SAPU",103,NA,15,13,35,1,4,0,0.028571429,0.114285714,0,"Moose","Hare",NA,1,0,1,0,1406.241796,"West","20F","Tall Shrub (Open-Closed)","Black Spruce Woodland","Silt Loam","Mesic",0,110.670654,252,1.181915,-149.840942,65.910317,-0.385111756776441,0.68037459548407,"60-4-D-SAPU_2002",14.092477162679,-4.0765046676,116.451354980469,47.0451354980469,13.5333337783813,-2.24166682362556,8.1333335240682,19.0000006357829,44.9000012874603,0.950000014156103,83.0599985718727,233.66999745369,200.400001525879,1,"20F_2002",0.375
"5613","72-1-D-SAPU",2002,0.0155,0.042072208816874,26,1976,2,"72-1","SAPU",68,54,18,0,8,0,1,0,0,0.125,0,NA,"Hare",NA,1,0,0,0,895.937772,"West","20F","Tussock Tundra (Low shrub or Herbaceous)","Black Spruce Woodland","Clay Loam","Mesic",0,130.808105,148,1.606934,-150.14017,66.022623,-2.16434167795114,0.114825501880404,"72-1-D-SAPU_2002",14.3639424641927,-3.80661034584045,111.41056060791,45.0394296646118,11.8666664759318,-3.93333359559377,6.5666667620341,17.2333335876465,37.9000012874603,1.01666668492059,85.669998884201,247.549998879433,193.300006866455,1,"20F_2002",0.375
"5614","72-2-A-SAGL",2002,0.19925,4.23385275166056,12,1990,2,"72-2","SAGL",129,121,17,0,12,0,0,0,0,0,0,NA,NA,NA,0,0,0,0,855.94066,"West","20F","Tussock Tundra (Low shrub or Herbaceous)","Black Spruce Woodland","Clay Loam","Mesic",0,131.055786,179,2.125059,-150.13956,66.022889,0.954089851402979,2.59630648253887,"72-2-A-SAGL_2002",14.3639424641927,-3.80661034584045,111.41056060791,45.0394296646118,11.8666664759318,-3.93333359559377,6.5666667620341,17.2333335876465,37.9000012874603,1.01666668492059,85.669998884201,247.549998879433,193.300006866455,1,"20F_2002",0.375
"5615","72-2-D-SAPU",2002,0.267666666666667,5.71391307873992,13,1989,2,"72-2","SAPU",79,60,21,0,11,0,0,0,0,0,0,NA,NA,NA,0,0,0,0,855.94066,"West","20F","Tussock Tundra (Low shrub or Herbaceous)","Black Spruce Woodland","Clay Loam","Mesic",0,131.055786,179,2.125059,-150.13956,66.022889,1.4084459913357,4.089595197073,"72-2-D-SAPU_2002",14.3639424641927,-3.80661034584045,111.41056060791,45.0394296646118,11.8666664759318,-3.93333359559377,6.5666667620341,17.2333335876465,37.9000012874603,1.01666668492059,85.669998884201,247.549998879433,193.300006866455,1,"20F_2002",0.375
"5616","72-3-B-SAPU",2002,0.0405,0.662891757870712,14,1988,2,"72-3","SAPU",75,59,20,4,12,0,0,0,0,0,0,NA,NA,NA,0,0,1,0,885.368743,"West","20F","Tussock Tundra (Low shrub or Herbaceous)","Black Spruce Woodland","Clay Loam","Mesic",0,132.401993,119,2.284806,-150.140609,66.023021,-0.602497341563915,0.547442775951545,"72-3-B-SAPU_2002",14.3639424641927,-3.80661034584045,111.41056060791,45.0394296646118,11.8666664759318,-3.93333359559377,6.5666667620341,17.2333335876465,37.9000012874603,1.01666668492059,85.669998884201,247.549998879433,193.300006866455,1,"20F_2002",0.375
"5617","72-3-D-SAGL",2002,0.261,4.77214207265597,15,1987,2,"72-3","SAGL",128,109,19,9,10,0,2,0,0,0.2,0,NA,"Hare",NA,1,0,1,0,885.368743,"West","20F","Tussock Tundra (Low shrub or Herbaceous)","Black Spruce Woodland","Clay Loam","Mesic",0,132.401993,119,2.284806,-150.140609,66.023021,1.5046684341424,4.50266045428406,"72-3-D-SAGL_2002",14.3639424641927,-3.80661034584045,111.41056060791,45.0394296646118,11.8666664759318,-3.93333359559377,6.5666667620341,17.2333335876465,37.9000012874603,1.01666668492059,85.669998884201,247.549998879433,193.300006866455,1,"20F_2002",0.375
"5618","72-4-B-SAPU",2002,0.03825,0.222717517039565,31,1971,2,"72-4","SAPU",111,93,14,0,13,0,0,0,0,0,0,NA,NA,NA,0,0,0,0,844.255779,"West","20F","Tussock Tundra (Low shrub or Herbaceous)","Low Shrub-Tussock Tundra","Clay Loam","Mesic",0,132.260803,156,1.029158,-150.139994,66.023305,-0.158175633611476,0.853699830416269,"72-4-B-SAPU_2002",14.3639424641927,-3.80661034584045,111.41056060791,45.0394296646118,11.8666664759318,-3.93333359559377,6.5666667620341,17.2333335876465,37.9000012874603,1.01666668492059,85.669998884201,247.549998879433,193.300006866455,1,"20F_2002",0.375
"5619","147-1-A-SAPU",2001,0.495333333333333,18.7825561839975,13,1988,9,"147-1","SAPU",191,167,22,11,73,23,0,0,0.315068493,0,0,"Moose",NA,NA,1,1,0,0,984.758365,"West","24A","Low Shrub","Tall Shrub","Clay Loam","Mesic - Hydric",0,426.634277,145,7.907337,-150.485282,66.911769,2.59847047617559,13.4431606677099,"147-1-A-SAPU_2001",12.6333335240682,-5.94999996821086,199.270812988281,60.0902709960938,10.966667175293,-6.77500003948808,6.16666682561239,15.766666730245,36.4999997615814,1.03333335369825,84.9599978923798,269.399997353554,153.800003051758,2,"24A_2001",0.44
"5620","147-1-D-SAPU",2001,0.1415,2.05642057759416,7,1994,9,"147-1","SAPU",211,134,21,18,47,15,0,0,0.319148936,0,0,"Moose",NA,NA,1,1,0,0,984.758365,"West","24A","Low Shrub","Tall Shrub","Clay Loam","Mesic - Hydric",0,426.634277,145,7.907337,-150.485282,66.911769,-0.808871192359691,0.445360508934181,"147-1-D-SAPU_2001",12.6333335240682,-5.94999996821086,199.270812988281,60.0902709960938,10.966667175293,-6.77500003948808,6.16666682561239,15.766666730245,36.4999997615814,1.03333335369825,84.9599978923798,269.399997353554,153.800003051758,2,"24A_2001",0.44
"5621","147-2-B-SAPU",2001,0.18225,2.18701795865067,9,1992,9,"147-2","SAPU",104,97,14,31,12,5,0,0,0.416666667,0,0,"Moose",NA,NA,1,2,1,0,986.173835,"West","24A","Low Shrub","Tall Shrub","Clay Loam","Mesic - Hydric",0,428.943481,147,8.698308,-150.484958,66.912025,-0.262004767350139,0.769507355187835,"147-2-B-SAPU_2001",12.6333335240682,-5.94999996821086,199.270812988281,60.0902709960938,10.966667175293,-6.77500003948808,6.16666682561239,15.766666730245,36.4999997615814,1.03333335369825,84.9599978923798,269.399997353554,153.800003051758,2,"24A_2001",0.44
"5622","147-3-B-SAPU",2001,0.09975,1.26626545387055,12,1989,9,"147-3","SAPU",167,149,20,7,58,18,0,0,0.310344828,0,0,"Moose",NA,NA,1,2,1,0,952.272152,"West","24A","White Spruce or Black Spruce (Woodland)","Black Spruce Woodland","Clay Loam","Mesic - Hydric",0,425.583191,170,6.572863,-150.484233,66.911912,-0.252950562164397,0.776506269664128,"147-3-B-SAPU_2001",12.6333335240682,-5.94999996821086,199.270812988281,60.0902709960938,10.966667175293,-6.77500003948808,6.16666682561239,15.766666730245,36.4999997615814,1.03333335369825,84.9599978923798,269.399997353554,153.800003051758,2,"24A_2001",0.44
"5623","147-4-A-SAPU",2001,0.20275,4.35376655784991,10,1991,9,"147-4","SAPU",124,110,21,14,47,16,0,0,0.340425532,0,0,"Moose",NA,NA,1,0,1,0,956.341518,"West","24A","Tall Shrub (Open-Closed)","Tall Shrub","Clay Loam","Mesic - Hydric",0,428.39856,129,7.52786,-150.483929,66.912191,0.62995137966055,1.87751929141987,"147-4-A-SAPU_2001",12.6333335240682,-5.94999996821086,199.270812988281,60.0902709960938,10.966667175293,-6.77500003948808,6.16666682561239,15.766666730245,36.4999997615814,1.03333335369825,84.9599978923798,269.399997353554,153.800003051758,2,"24A_2001",0.44
"5624","147-4-C-SAPU",2001,0.09975,0.821901310187213,15,1986,9,"147-4","SAPU",113,101,16,9,12,5,0,0,0.416666667,0,0,"Moose",NA,NA,1,0,1,0,956.341518,"West","24A","Tall Shrub (Open-Closed)","Tall Shrub","Clay Loam","Mesic - Hydric",0,428.39856,129,7.52786,-150.483929,66.912191,-0.25426179352421,0.775488757534946,"147-4-C-SAPU_2001",12.6333335240682,-5.94999996821086,199.270812988281,60.0902709960938,10.966667175293,-6.77500003948808,6.16666682561239,15.766666730245,36.4999997615814,1.03333335369825,84.9599978923798,269.399997353554,153.800003051758,2,"24A_2001",0.44
"5625","184-2-D-SAPU",2001,0.18875,5.28533988582626,10,1991,13,"184-2","SAPU",172,139,22,0,38,6,3,0,0.157894737,0.078947368,0,"Moose","Hare",NA,1,1,0,0,706.210196,"East","24A","White Spruce or Black Spruce (Open-Closed)","Tall Shrub","Clay Loam","Mesic",0,429.192566,258,16.706417,-150.109279,67.369156,0.823846962514913,2.27925118756258,"184-2-D-SAPU_2001",12.5318288803101,-6.19279512763023,162.368103027344,45.7743210792542,10.8333336512248,-7.14166663897534,6.16666682561239,15.6000000635783,40.4000010490417,0.975000011424224,88.6499972343445,269.689998269081,142.700000762939,2,"24A_2001",0.44
"5626","184-4-D-SAPU",2001,0.2185,3.94701847015388,6,1995,13,"184-4","SAPU",139,114,15,19,23,0,0,0,0,0,0,NA,NA,NA,0,2,1,0,702.330496,"East","24A","White Spruce or Black Spruce (Open-Closed)","Tall Shrub","Clay Loam","Mesic",0,431.246765,263,17.707565,-150.109187,67.369491,-0.454546368707801,0.634735838688413,"184-4-D-SAPU_2001",12.5318288803101,-6.19279512763023,162.368103027344,45.7743210792542,10.8333336512248,-7.14166663897534,6.16666682561239,15.6000000635783,40.4000010490417,0.975000011424224,88.6499972343445,269.689998269081,142.700000762939,2,"24A_2001",0.44
"5627","191-4-A-SAPU",2001,0.1035,2.18975526759964,10,1991,14,"191-4","SAPU",109,85,19,16,39,13,0,0,0.333333333,0,0,"Moose",NA,NA,1,1,0,0,1634.196324,"East","24A","Low Shrub","Low Shrub","Clay Loam","Mesic",0,497.007599,303,3.553675,-149.85875,67.475963,-0.0573001785245988,0.944310565065516,"191-4-A-SAPU_2001",11.7771984736125,-6.46629053105911,166.413238525391,47.8645930290222,9.00000015894572,-8.58333347241084,4.46666669845581,13.5666669209798,20.0000004768372,0.933333355933428,74.6499985456467,282.829998970032,143.800004959106,2,"24A_2001",0.44
"5628","203-2-B-SAPU",2001,0.13625,5.70590685785769,6,1995,15,"203-2","SAPU",129,107,22,18,35,2,0,0,0.057142857,0,0,"Moose",NA,NA,1,0,1,0,933.944119,"East","24A","Low Shrub","Low Shrub","Loam","Mesic",0,566.911377,300,26.508135,-149.793674,67.571447,-0.0860049158059351,0.91758972051607,"203-2-B-SAPU_2001",12.0666666030884,-6.58333340783914,138,45,8.10000038146973,-9.53333348035812,3.70000012715658,12.6000000635783,15.6999998688698,0.783333346247673,68.5699977874756,289.219998836517,134.300003051758,2,"24A_2001",0.44
"5629","203-3-D-SAPU",2001,0.17075,2.79196814511398,13,1988,15,"203-3","SAPU",117,104,18,17,39,2,3,0,0.051282051,0.076923077,0,"Moose","Hare",NA,1,0,1,0,922.335664,"East","24A","Low Shrub","Low Shrub","Loam","Mesic",0,556.241272,305,23.609533,-149.79364,67.571701,0.692288675115839,1.99828372593252,"203-3-D-SAPU_2001",12.0666666030884,-6.58333340783914,138,45,8.10000038146973,-9.53333348035812,3.70000012715658,12.6000000635783,15.6999998688698,0.783333346247673,68.5699977874756,289.219998836517,134.300003051758,2,"24A_2001",0.44
"5630","203-4-C-SAPU",2001,0.18275,1.62865209345295,9,1992,15,"203-4","SAPU",75,68,9,10,9,1,0,0,0.111111111,0,0,"Moose",NA,NA,1,1,1,0,951.384807,"East","24A","Low Shrub","Low Shrub","Loam","Mesic",0,569.135193,316,29.227108,-149.792864,67.571712,-0.556790984370745,0.573045026903818,"203-4-C-SAPU_2001",12.0666666030884,-6.58333340783914,138,45,8.10000038146973,-9.53333348035812,3.70000012715658,12.6000000635783,15.6999998688698,0.783333346247673,68.5699977874756,289.219998836517,134.300003051758,2,"24A_2001",0.44
"5631","209-1-D-SAPU",2001,0.14575,1.31860046048853,12,1989,16,"209-1","SAPU",53,47,13,0,9,1,0,0,0.111111111,0,0,"Moose",NA,NA,1,0,1,0,698.873831,"East","24A","Low Shrub","Black Spruce Woodland","Sandy Loam","Mesic - Xeric",0,553.345276,287,19.679848,-149.692986,67.655886,-0.212451626187076,0.808599430412973,"209-1-D-SAPU_2001",11.3228019078573,-7.05639424423377,129,43.0451354980469,8.10000038146973,-9.53333348035812,3.70000012715658,12.6000000635783,15.6999998688698,0.783333346247673,68.5699977874756,289.219998836517,134.300003051758,2,"24A_2001",0.44
"5632","209-2-D-SAPU",2001,0.069,0.447629829246741,24,1977,16,"209-2","SAPU",53,41,8,0,11,0,0,0,0,0,0,NA,NA,NA,0,0,0,0,728.528855,"East","24A","Low Shrub","Black Spruce Woodland","Sandy Loam","Mesic - Xeric",0,561.911133,287,21.070175,-149.692261,67.656,0.045673096578653,1.04673217469174,"209-2-D-SAPU_2001",11.3228019078573,-7.05639424423377,129,43.0451354980469,8.10000038146973,-9.53333348035812,3.70000012715658,12.6000000635783,15.6999998688698,0.783333346247673,68.5699977874756,289.219998836517,134.300003051758,2,"24A_2001",0.44
"5633","209-3-A-SAPU",2001,0.077,0.955757308223661,9,1992,16,"209-3","SAPU",74,55,12,0,9,0,0,0,0,0,0,NA,NA,NA,0,0,1,0,711.058695,"East","24A","Low Shrub","Black Spruce Woodland","Sandy Loam","Mesic - Xeric",0,553.430786,276,18.070417,-149.69261,67.656251,-1.08979498040666,0.33628543174213,"209-3-A-SAPU_2001",11.3228019078573,-7.05639424423377,129,43.0451354980469,8.10000038146973,-9.53333348035812,3.70000012715658,12.6000000635783,15.6999998688698,0.783333346247673,68.5699977874756,289.219998836517,134.300003051758,2,"24A_2001",0.44
"5634","209-3-B-SAPU",2001,0.0285,0.121678595862512,25,1976,16,"209-3","SAPU",59,53,15,0,17,0,1,0,0,0.058823529,0,NA,"Hare",NA,1,0,1,0,711.058695,"East","24A","Low Shrub","Black Spruce Woodland","Sandy Loam","Mesic - Xeric",0,553.430786,276,18.070417,-149.69261,67.656251,-1.17808213371409,0.307868623613751,"209-3-B-SAPU_2001",11.3228019078573,-7.05639424423377,129,43.0451354980469,8.10000038146973,-9.53333348035812,3.70000012715658,12.6000000635783,15.6999998688698,0.783333346247673,68.5699977874756,289.219998836517,134.300003051758,2,"24A_2001",0.44
"5635","222-2-B-SAGL",2001,0.19825,5.24648623868296,7,1994,17,"222-2","SAGL",106,74,19,0,21,0,10,0,0,0.476190476,0,NA,"Hare",NA,1,3,13,0,794.735172,"East","24A","Low Shrub","Tall Shrub","Clay Loam","Mesic",0,676.198608,282,15.59229,-149.808768,67.826375,0.127720484541013,1.13623536295753,"222-2-B-SAGL_2001",10.7000001271566,-7.63333321611087,134,50,8.10000038146973,-9.53333348035812,3.70000012715658,12.6000000635783,15.6999998688698,0.783333346247673,68.5699977874756,289.219998836517,134.300003051758,2,"24A_2001",0.44
"5636","222-3-B-SAGL",2001,0.294,6.02759789525414,6,1995,17,"222-3","SAGL",90,74,14,0,22,0,5,0,0,0.227272727,0,NA,"Hare",NA,1,2,11,1,778.440723,"East","24A","Low Shrub","Low Shrub","Clay Loam","Mesic",0,672.469177,278,13.422374,-149.809021,67.826615,-0.0311582725428954,0.969322143853937,"222-3-B-SAGL_2001",10.7000001271566,-7.63333321611087,134,50,8.10000038146973,-9.53333348035812,3.70000012715658,12.6000000635783,15.6999998688698,0.783333346247673,68.5699977874756,289.219998836517,134.300003051758,2,"24A_2001",0.44
"5637","222-3-D-SAGL",2001,0.14125,2.01362639151557,8,1993,17,"222-3","SAGL",89,75,11,0,18,1,6,0,0.055555556,0.333333333,0,"Moose","Hare",NA,1,2,11,1,778.440723,"East","24A","Low Shrub","Low Shrub","Clay Loam","Mesic",0,672.469177,278,13.422374,-149.809021,67.826615,-0.572048396086766,0.564368204245841,"222-3-D-SAGL_2001",10.7000001271566,-7.63333321611087,134,50,8.10000038146973,-9.53333348035812,3.70000012715658,12.6000000635783,15.6999998688698,0.783333346247673,68.5699977874756,289.219998836517,134.300003051758,2,"24A_2001",0.44
"5638","222-4-C-SAGL",2001,0.06975,1.24228057205763,10,1991,17,"222-4","SAGL",71,66,12,8,15,1,4,0,0.066666667,0.266666667,0,"Moose","Hare",NA,1,0,15,0,805.061274,"East","24A","Low Shrub","Low Shrub","Clay Loam","Mesic",0,678.755371,278,16.631924,-149.808355,67.826658,-0.62414110472702,0.53572135951776,"222-4-C-SAGL_2001",10.7000001271566,-7.63333321611087,134,50,8.10000038146973,-9.53333348035812,3.70000012715658,12.6000000635783,15.6999998688698,0.783333346247673,68.5699977874756,289.219998836517,134.300003051758,2,"24A_2001",0.44
"5639","235-3-B-SAPU",2001,0.1205,2.20398746771857,11,1990,18,"235-3","SAPU",47,41,14,0,11,0,1,4,0,0.090909091,0.363636364,NA,"Hare","Ptarmagin",1,0,1,0,482.982181,"East","24A","Dwarf Shrub-Lichen","Low Shrub","Sandy Gravel","Mesic",0,817.546387,298,18.704132,-149.726784,68.005244,0.133224546950311,1.14250651588355,"235-3-B-SAPU_2001",8.43333339691162,-8.9500000278155,148,68,6.83333333333333,-10.7083334525426,2.43333339691162,11.2333335876465,7.90000003576279,0.725000003973643,53.9799991250038,300.149998188019,127.600002288818,2,"24A_2001",0.44
"5640","235-4-C-SAPU",2001,0.16025,2.05265164815755,10,1991,18,"235-4","SAPU",41,39,10,0,15,0,0,0,0,0,0,NA,NA,NA,0,0,0,0,503.848767,"East","24A","Low Shrub","Low Shrub","Sandy Gravel","Mesic",0,825.290771,293,20.728168,-149.726015,68.005351,-0.121957521931081,0.885185968694614,"235-4-C-SAPU_2001",8.43333339691162,-8.9500000278155,148,68,6.83333333333333,-10.7083334525426,2.43333339691162,11.2333335876465,7.90000003576279,0.725000003973643,53.9799991250038,300.149998188019,127.600002288818,2,"24A_2001",0.44
"5641","240-2-A-SAPU",2001,0.3205,6.93690282910365,6,1995,19,"240-2","SAPU",59,51,16,0,29,0,0,11,0,0,0.379310345,NA,NA,"Ptarmagin",1,0,0,0,426.292991,"West","24A","Tussock Tundra (Low shrub or Herbaceous)","Low Shrub","Sandy Loam","Mesic",0,1048.270996,87,24.096361,-149.606886,68.069926,0.109348551759839,1.11555110988864,"240-2-A-SAPU_2001",7.38645935058594,-9.43214639027913,185.48948097229,100.767308235168,6.83333333333333,-10.7083334525426,2.43333339691162,11.2333335876465,7.90000003576279,0.725000003973643,53.9799991250038,300.149998188019,127.600002288818,2,"24A_2001",0.44
"5642","240-3-B-SAPU",2001,0.381,20.4552223559922,6,1995,19,"240-3","SAPU",122,81,25,0,57,1,3,7,0.01754386,0.052631579,0.122807018,"Moose","Hare","Ptarmagin",1,0,1,3,399.798137,"West","24A","Low Shrub","Low Shrub","Sandy Loam","Mesic",0,1034.808228,93,20.584356,-149.606025,68.07014,1.19073137689814,3.28948618200474,"240-3-B-SAPU_2001",7.38645935058594,-9.43214639027913,185.48948097229,100.767308235168,6.83333333333333,-10.7083334525426,2.43333339691162,11.2333335876465,7.90000003576279,0.725000003973643,53.9799991250038,300.149998188019,127.600002288818,2,"24A_2001",0.44
"5643","240-3-D-SAPU",2001,0.41575,21.4944433379914,16,1985,19,"240-3","SAPU",167,110,47,0,149,7,11,21,0.046979866,0.073825503,0.140939597,"Moose","Hare","Ptarmagin",1,0,1,3,399.798137,"West","24A","Low Shrub","Low Shrub","Sandy Loam","Mesic",0,1034.808228,93,20.584356,-149.606025,68.07014,3.13429308667209,22.9723906116291,"240-3-D-SAPU_2001",7.38645935058594,-9.43214639027913,185.48948097229,100.767308235168,6.83333333333333,-10.7083334525426,2.43333339691162,11.2333335876465,7.90000003576279,0.725000003973643,53.9799991250038,300.149998188019,127.600002288818,2,"24A_2001",0.44
"5644","240-4-B-SAPU",2001,0.51575,10.5743289278692,10,1991,19,"240-4","SAPU",118,104,19,0,27,3,0,5,0.111111111,0,0.185185185,"Moose",NA,"Ptarmagin",1,0,2,0,431.079046,"West","24A","Low Shrub","Low Shrub","Sandy Loam","Mesic",0,1046.807861,94,24.616484,-149.606605,68.070368,1.51733929840723,4.56007603809104,"240-4-B-SAPU_2001",7.38645935058594,-9.43214639027913,185.48948097229,100.767308235168,6.83333333333333,-10.7083334525426,2.43333339691162,11.2333335876465,7.90000003576279,0.725000003973643,53.9799991250038,300.149998188019,127.600002288818,2,"24A_2001",0.44
"5645","255-1-C-SAGL",2001,0.45175,10.5940812989795,12,1989,20,"255-1","SAGL",69,56,17,0,31,0,0,20,0,0,0.64516129,NA,NA,"Ptarmagin",1,0,0,0,585.543915,"East","26B","Low Shrub","Low Shrub","Sandy Gravel","Mesic - Xeric",0,991.483582,331,1.701594,-149.392735,68.222633,1.87127293404233,6.49656083157274,"255-1-C-SAGL_2001",7.70451370875041,-9.86247050762177,196.864593505859,115,5.03333330154419,-12.1250001986821,0.733333349227905,9.36666679382324,4.40000003576279,0.650000010927518,44.9199987649918,315.529996871948,131.500003814697,2,"26B_2001",0.27
"5646","255-3-C-SAPU",2001,0.24425,2.07160998172472,7,1994,20,"255-3","SAPU",48,42,12,0,11,0,0,3,0,0,0.272727273,NA,NA,"Ptarmagin",1,0,1,0,600.399561,"East","26B","Tussock Tundra (Low shrub or Herbaceous)","Low Shrub","Sandy Gravel","Mesic - Xeric",0,990.277893,304,2.837043,-149.392647,68.223106,-0.801512006198608,0.448650089299064,"255-3-C-SAPU_2001",7.70451370875041,-9.86247050762177,196.864593505859,115,5.03333330154419,-12.1250001986821,0.733333349227905,9.36666679382324,4.40000003576279,0.650000010927518,44.9199987649918,315.529996871948,131.500003814697,2,"26B_2001",0.27
"5647","255-4-A-SAPU",2001,0.18425,2.32475991045007,15,1986,20,"255-4","SAPU",72,61,14,0,18,0,2,3,0,0.111111111,0.166666667,NA,"Hare","Ptarmagin",1,0,0,2,644.564014,"East","26B","Low Shrub","Low Shrub","Sandy Gravel","Mesic - Xeric",0,993.003235,239,7.430982,-149.391619,68.223199,0.785489927593736,2.19348132455383,"255-4-A-SAPU_2001",7.70451370875041,-9.86247050762177,196.864593505859,115,5.03333330154419,-12.1250001986821,0.733333349227905,9.36666679382324,4.40000003576279,0.650000010927518,44.9199987649918,315.529996871948,131.500003814697,2,"26B_2001",0.27
"5648","261-2-C-SAPU",2001,0.051,0.640804790719641,32,1969,21,"261-2","SAPU",91,67,27,0,29,0,0,3,0,0,0.103448276,NA,NA,"Ptarmagin",1,0,0,1,388.99561,"East","26B","Dwarf Shrub-Lichen","Low Shrub","Sandy Loam","Mesic",0,888.892761,295,13.025289,-149.351465,68.301786,0.959952529046888,2.61157249664496,"261-2-C-SAPU_2001",7.89616505304972,-10.0086705933015,219.609363555908,116.241472005844,5.03333330154419,-12.1250001986821,0.733333349227905,9.36666679382324,4.40000003576279,0.650000010927518,44.9199987649918,315.529996871948,131.500003814697,2,"26B_2001",0.27
"5649","261-2-D-SAPU",2001,0.48,17.7819171244083,11,1990,21,"261-2","SAPU",122,71,29,0,41,2,0,11,0.048780488,0,0.268292683,"Moose",NA,"Ptarmagin",1,0,0,1,388.99561,"East","26B","Dwarf Shrub-Lichen","Low Shrub","Sandy Loam","Mesic",0,888.892761,295,13.025289,-149.351465,68.301786,2.22113839087186,9.21781837560427,"261-2-D-SAPU_2001",7.89616505304972,-10.0086705933015,219.609363555908,116.241472005844,5.03333330154419,-12.1250001986821,0.733333349227905,9.36666679382324,4.40000003576279,0.650000010927518,44.9199987649918,315.529996871948,131.500003814697,2,"26B_2001",0.27
"5650","268-3-B-SAPU",2001,0.132,2.61399986653122,23,1978,22,"268-3","SAPU",106,41,14,0,42,0,0,4,0,0,0.095238095,NA,NA,"Ptarmagin",1,0,0,0,206.549982,"West","26B","Low Shrub","Low Shrub","Sandy Gravel","Mesic",0,819.661011,150,1.610195,-149.326989,68.400547,1.72815965768838,5.63028272057049,"268-3-B-SAPU_2001",8.92881965637207,-9.41967590649923,234.045135498047,97.9097285270691,5.03333330154419,-12.1250001986821,0.733333349227905,9.36666679382324,4.40000003576279,0.650000010927518,44.9199987649918,315.529996871948,131.500003814697,2,"26B_2001",0.27
"5651","282-1-D-SAPU",2001,0.1365,1.90363628747028,10,1991,23,"282-1","SAPU",49,22,10,0,8,0,0,0,0,0,0,NA,NA,NA,0,0,0,0,577.316923,"West","26B","Tussock Tundra (Low shrub or Herbaceous)","Tussock Tundra","Clay Loam","Mesic",0,826.622314,26,2.82316,-149.530032,68.582817,-0.197324073520833,0.820924550290405,"282-1-D-SAPU_2001",9.33333333333333,-9.14166684138278,228,78,9.30000034968058,-8.6916669011116,4.79999995231628,13.8333333333333,19.3000003099442,0.858333349227905,68.4899985790253,279.339999675751,113.500005722046,2,"26B_2001",0.27
"5652","282-2-B-SAPU",2001,0.0785,0.945152076823306,11,1990,23,"282-2","SAPU",68,29,11,0,18,0,0,0,0,0,0,NA,NA,NA,0,0,0,0,604.079816,"West","26B","Low Shrub","Low Shrub-Tussock Tundra","Clay Loam","Mesic",0,826.41803,354,3.355184,-149.530916,68.583004,-0.713453094751635,0.489949431241223,"282-2-B-SAPU_2001",9.33333333333333,-9.14166684138278,228,78,9.30000034968058,-8.6916669011116,4.79999995231628,13.8333333333333,19.3000003099442,0.858333349227905,68.4899985790253,279.339999675751,113.500005722046,2,"26B_2001",0.27
"5653","282-3-D-SAPU",2001,0.0506666666666667,0.402710315190521,22,1979,23,"282-3","SAPU",49,26,10,0,9,0,0,0,0,0,0,NA,NA,NA,0,0,0,0,571.732475,"West","26B","Low Shrub","Low Shrub-Tussock Tundra","Clay Loam","Mesic",0,823.876221,27,3.830761,-149.53038,68.583298,-0.22809715273878,0.796046917940251,"282-3-D-SAPU_2001",9.33333333333333,-9.14166684138278,228,78,9.30000034968058,-8.6916669011116,4.79999995231628,13.8333333333333,19.3000003099442,0.858333349227905,68.4899985790253,279.339999675751,113.500005722046,2,"26B_2001",0.27
"5654","282-4-C-SAPU",2001,0.09875,1.72946737250297,7,1994,23,"282-4","SAPU",45,23,12,0,10,0,0,0,0,0,0,NA,NA,NA,0,0,0,0,597.547448,"West","26B","Tussock Tundra (Low shrub or Herbaceous)","Low Shrub-Tussock Tundra","Clay Loam","Mesic",0,823.620117,358,4.137664,-149.531178,68.583423,-0.982024596179628,0.374552014113813,"282-4-C-SAPU_2001",9.33333333333333,-9.14166684138278,228,78,9.30000034968058,-8.6916669011116,4.79999995231628,13.8333333333333,19.3000003099442,0.858333349227905,68.4899985790253,279.339999675751,113.500005722046,2,"26B_2001",0.27
"5655","282-4-D-SAPU",2001,0.088,0.681197818263183,24,1977,23,"282-4","SAPU",59,31,18,0,12,0,0,0,0,0,0,NA,NA,NA,0,0,0,0,597.547448,"West","26B","Tussock Tundra (Low shrub or Herbaceous)","Low Shrub-Tussock Tundra","Clay Loam","Mesic",0,823.620117,358,4.137664,-149.531178,68.583423,0.46555922571788,1.59290473314918,"282-4-D-SAPU_2001",9.33333333333333,-9.14166684138278,228,78,9.30000034968058,-8.6916669011116,4.79999995231628,13.8333333333333,19.3000003099442,0.858333349227905,68.4899985790253,279.339999675751,113.500005722046,2,"26B_2001",0.27
"5656","60-2-D-SAPU",2001,0.429,7.36743846732405,7,1994,1,"60-2","SAPU",84,NA,16,7,26,2,1,0,0.076923077,0.038461538,0,"Moose","Hare",NA,1,0,2,0,1432.670461,"West","20F","Low Shrub","Low Shrub","Silt Loam","Mesic",0,110.927505,264,1.953402,-149.84073,65.909949,0.467232003568187,1.59557153876927,"60-2-D-SAPU_2001",14.4591439565023,-5.53483812014262,99.2708129882812,45.0902714729309,13.8000001907349,-3.65833336114883,8.80000034968058,18.8333333333333,43.4000008106232,0.808333351587256,80.3699988722801,247.349998652935,163.600004196167,2,"20F_2001",0.375
"5657","60-3-B-SAPU",2001,0.15225,1.50989714225368,7,1994,1,"60-3","SAPU",81,NA,8,22,16,0,0,0,0,0,0,NA,NA,NA,0,0,3,0,1403.187226,"West","20F","Low Shrub","Black Spruce Woodland","Silt Loam","Mesic",0,111.24585,78,1.323723,-149.840194,65.910114,-1.11779654932557,0.326999528714634,"60-3-B-SAPU_2001",14.4591439565023,-5.53483812014262,99.2708129882812,45.0902714729309,13.8000001907349,-3.65833336114883,8.80000034968058,18.8333333333333,43.4000008106232,0.808333351587256,80.3699988722801,247.349998652935,163.600004196167,2,"20F_2001",0.375
"5658","60-4-D-SAPU",2001,0.28825,4.84861648817552,6,1995,1,"60-4","SAPU",103,NA,15,13,35,1,4,0,0.028571429,0.114285714,0,"Moose","Hare",NA,1,0,1,0,1406.241796,"West","20F","Tall Shrub (Open-Closed)","Black Spruce Woodland","Silt Loam","Mesic",0,110.670654,252,1.181915,-149.840942,65.910317,-0.248813440834995,0.77972542474081,"60-4-D-SAPU_2001",14.4591439565023,-5.53483812014262,99.2708129882812,45.0902714729309,13.8000001907349,-3.65833336114883,8.80000034968058,18.8333333333333,43.4000008106232,0.808333351587256,80.3699988722801,247.349998652935,163.600004196167,2,"20F_2001",0.375
"5659","72-1-D-SAPU",2001,0.0135,0.0378734702353519,25,1976,2,"72-1","SAPU",68,54,18,0,8,0,1,0,0,0.125,0,NA,"Hare",NA,1,0,0,0,895.937772,"West","20F","Tussock Tundra (Low shrub or Herbaceous)","Black Spruce Woodland","Clay Loam","Mesic",0,130.808105,148,1.606934,-150.14017,66.022623,-2.34521436881894,0.0958266576811028,"72-1-D-SAPU_2001",14.6688687006632,-5.29709299405416,94.2475643157959,44.0394291877747,12.2333335876465,-5.40000019470851,7.30000019073486,17.1666663487752,40.4000005722046,0.891666687404116,83.7099993228912,260.059995949268,160.60000038147,2,"20F_2001",0.375
"5660","72-2-A-SAGL",2001,0.18125,4.06803360091786,11,1990,2,"72-2","SAGL",129,121,17,0,12,0,0,0,0,0,0,NA,NA,NA,0,0,0,0,855.94066,"West","20F","Tussock Tundra (Low shrub or Herbaceous)","Black Spruce Woodland","Clay Loam","Mesic",0,131.055786,179,2.125059,-150.13956,66.022889,0.746116079793758,2.1087937041189,"72-2-A-SAGL_2001",14.6688687006632,-5.29709299405416,94.2475643157959,44.0394291877747,12.2333335876465,-5.40000019470851,7.30000019073486,17.1666663487752,40.4000005722046,0.891666687404116,83.7099993228912,260.059995949268,160.60000038147,2,"20F_2001",0.375
"5661","72-2-D-SAPU",2001,0.336333333333333,7.81794853243113,12,1989,2,"72-2","SAPU",79,60,21,0,11,0,0,0,0,0,0,NA,NA,NA,0,0,0,0,855.94066,"West","20F","Tussock Tundra (Low shrub or Herbaceous)","Black Spruce Woodland","Clay Loam","Mesic",0,131.055786,179,2.125059,-150.13956,66.022889,1.56739964102544,4.79416541988742,"72-2-D-SAPU_2001",14.6688687006632,-5.29709299405416,94.2475643157959,44.0394291877747,12.2333335876465,-5.40000019470851,7.30000019073486,17.1666663487752,40.4000005722046,0.891666687404116,83.7099993228912,260.059995949268,160.60000038147,2,"20F_2001",0.375
"5662","72-3-B-SAPU",2001,0.21325,3.66040999061918,13,1988,2,"72-3","SAPU",75,59,20,4,12,0,0,0,0,0,0,NA,NA,NA,0,0,1,0,885.368743,"West","20F","Tussock Tundra (Low shrub or Herbaceous)","Black Spruce Woodland","Clay Loam","Mesic",0,132.401993,119,2.284806,-150.140609,66.023021,0.963117060058371,2.61984998908234,"72-3-B-SAPU_2001",14.6688687006632,-5.29709299405416,94.2475643157959,44.0394291877747,12.2333335876465,-5.40000019470851,7.30000019073486,17.1666663487752,40.4000005722046,0.891666687404116,83.7099993228912,260.059995949268,160.60000038147,2,"20F_2001",0.375
"5663","72-3-D-SAGL",2001,0.202,3.98720258178594,14,1987,2,"72-3","SAGL",128,109,19,9,10,0,2,0,0,0.2,0,NA,"Hare",NA,1,0,1,0,885.368743,"West","20F","Tussock Tundra (Low shrub or Herbaceous)","Black Spruce Woodland","Clay Loam","Mesic",0,132.401993,119,2.284806,-150.140609,66.023021,1.19173609938033,3.29279286359717,"72-3-D-SAGL_2001",14.6688687006632,-5.29709299405416,94.2475643157959,44.0394291877747,12.2333335876465,-5.40000019470851,7.30000019073486,17.1666663487752,40.4000005722046,0.891666687404116,83.7099993228912,260.059995949268,160.60000038147,2,"20F_2001",0.375
"5664","72-4-B-SAPU",2001,0.03325,0.201072859954186,30,1971,2,"72-4","SAPU",111,93,14,0,13,0,0,0,0,0,0,NA,NA,NA,0,0,0,0,844.255779,"West","20F","Tussock Tundra (Low shrub or Herbaceous)","Low Shrub-Tussock Tundra","Clay Loam","Mesic",0,132.260803,156,1.029158,-150.139994,66.023305,-0.323730489251816,0.723445192363169,"72-4-B-SAPU_2001",14.6688687006632,-5.29709299405416,94.2475643157959,44.0394291877747,12.2333335876465,-5.40000019470851,7.30000019073486,17.1666663487752,40.4000005722046,0.891666687404116,83.7099993228912,260.059995949268,160.60000038147,2,"20F_2001",0.375
"5665","147-1-A-SAPU",2000,0.310666666666667,12.5668231938445,12,1988,9,"147-1","SAPU",191,167,22,11,73,23,0,0,0.315068493,0,0,"Moose",NA,NA,1,1,0,0,984.758365,"West","24A","Low Shrub","Tall Shrub","Clay Loam","Mesic - Hydric",0,426.634277,145,7.907337,-150.485282,66.911769,2.04203771834246,7.70629647200213,"147-1-A-SAPU_2000",12.0333334604899,-5.69924781719844,210.270812988281,159.270812988281,10.5666669209798,-6.41666675607363,5.76666673024495,15.4666668574015,55.0000007152557,1.07500000918905,97.4099972248077,271.599996447563,152.100004196167,3,"24A_2000",0.81
"5666","147-1-D-SAPU",2000,0.26625,4.21047537532703,6,1994,9,"147-1","SAPU",211,134,21,18,47,15,0,0,0.319148936,0,0,"Moose",NA,NA,1,1,0,0,984.758365,"West","24A","Low Shrub","Tall Shrub","Clay Loam","Mesic - Hydric",0,426.634277,145,7.907337,-150.485282,66.911769,-0.389931287845544,0.677103398133052,"147-1-D-SAPU_2000",12.0333334604899,-5.69924781719844,210.270812988281,159.270812988281,10.5666669209798,-6.41666675607363,5.76666673024495,15.4666668574015,55.0000007152557,1.07500000918905,97.4099972248077,271.599996447563,152.100004196167,3,"24A_2000",0.81
"5667","147-2-B-SAPU",2000,0.16,2.09204937987851,8,1992,9,"147-2","SAPU",104,97,14,31,12,5,0,0,0.416666667,0,0,"Moose",NA,NA,1,2,1,0,986.173835,"West","24A","Low Shrub","Tall Shrub","Clay Loam","Mesic - Hydric",0,428.943481,147,8.698308,-150.484958,66.912025,-0.533841517399998,0.586348170986678,"147-2-B-SAPU_2000",12.0333334604899,-5.69924781719844,210.270812988281,159.270812988281,10.5666669209798,-6.41666675607363,5.76666673024495,15.4666668574015,55.0000007152557,1.07500000918905,97.4099972248077,271.599996447563,152.100004196167,3,"24A_2000",0.81
"5668","147-3-B-SAPU",2000,0.11275,1.50656312705006,11,1989,9,"147-3","SAPU",167,149,20,7,58,18,0,0,0.310344828,0,0,"Moose",NA,NA,1,2,1,0,952.272152,"West","24A","White Spruce or Black Spruce (Woodland)","Black Spruce Woodland","Clay Loam","Mesic - Hydric",0,425.583191,170,6.572863,-150.484233,66.911912,-0.247212676340932,0.780974581051647,"147-3-B-SAPU_2000",12.0333334604899,-5.69924781719844,210.270812988281,159.270812988281,10.5666669209798,-6.41666675607363,5.76666673024495,15.4666668574015,55.0000007152557,1.07500000918905,97.4099972248077,271.599996447563,152.100004196167,3,"24A_2000",0.81
"5669","147-4-A-SAPU",2000,0.26725,6.1334194985472,9,1991,9,"147-4","SAPU",124,110,21,14,47,16,0,0,0.340425532,0,0,"Moose",NA,NA,1,0,1,0,956.341518,"West","24A","Tall Shrub (Open-Closed)","Tall Shrub","Clay Loam","Mesic - Hydric",0,428.39856,129,7.52786,-150.483929,66.912191,0.769208703967465,2.15805791530696,"147-4-A-SAPU_2000",12.0333334604899,-5.69924781719844,210.270812988281,159.270812988281,10.5666669209798,-6.41666675607363,5.76666673024495,15.4666668574015,55.0000007152557,1.07500000918905,97.4099972248077,271.599996447563,152.100004196167,3,"24A_2000",0.81
"5670","147-4-C-SAPU",2000,0.088,0.776991261456443,14,1986,9,"147-4","SAPU",113,101,16,9,12,5,0,0,0.416666667,0,0,"Moose",NA,NA,1,0,1,0,956.341518,"West","24A","Tall Shrub (Open-Closed)","Tall Shrub","Clay Loam","Mesic - Hydric",0,428.39856,129,7.52786,-150.483929,66.912191,-0.44367995350348,0.641670752443974,"147-4-C-SAPU_2000",12.0333334604899,-5.69924781719844,210.270812988281,159.270812988281,10.5666669209798,-6.41666675607363,5.76666673024495,15.4666668574015,55.0000007152557,1.07500000918905,97.4099972248077,271.599996447563,152.100004196167,3,"24A_2000",0.81
"5671","184-2-D-SAPU",2000,0.18325,5.34548921147095,9,1991,13,"184-2","SAPU",172,139,22,0,38,6,3,0,0.157894737,0.078947368,0,"Moose","Hare",NA,1,1,0,0,706.210196,"East","24A","White Spruce or Black Spruce (Open-Closed)","Tall Shrub","Clay Loam","Mesic",0,429.192566,258,16.706417,-150.109279,67.369156,0.631709346667449,1.88082281127768,"184-2-D-SAPU_2000",12.163657506307,-5.90983780225118,163.368103027344,136.142418384552,10.5333334604899,-6.78333361446857,5.69999996821086,15.4333337148031,52.8000011444092,1.10833335543672,102.409998416901,272.039997816086,139.099998474121,3,"24A_2000",0.81
"5672","191-4-A-SAPU",2000,0.18425,4.06474828040037,9,1991,14,"191-4","SAPU",109,85,19,16,39,13,0,0,0.333333333,0,0,"Moose",NA,NA,1,1,0,0,1634.196324,"East","24A","Low Shrub","Low Shrub","Clay Loam","Mesic",0,497.007599,303,3.553675,-149.85875,67.475963,0.357808096884823,1.43019113600923,"191-4-A-SAPU_2000",11.3453693389893,-6.19924772779147,164.458374023438,131.729187011719,8.73333342870077,-8.16666688521703,4.06666668256124,13.4333333969116,26.7000002861023,1.00000001862645,81.0399973392487,285.570000171661,138.000003814697,3,"24A_2000",0.81
"5673","203-3-D-SAPU",2000,0.297,5.29274324526396,12,1988,15,"203-3","SAPU",117,104,18,17,39,2,3,0,0.051282051,0.076923077,0,"Moose","Hare",NA,1,0,1,0,922.335664,"East","24A","Low Shrub","Low Shrub","Loam","Mesic",0,556.241272,305,23.609533,-149.79364,67.571701,1.1773141402324,3.24564513791914,"203-3-D-SAPU_2000",11.7000001271566,-6.31666647394498,134,119,7.90000009536743,-9.14166696121295,3.26666680971781,12.5666666030884,17.6000003814697,0.983333338052034,64.3099987506866,293.179998874664,116.700002670288,3,"24A_2000",0.81
"5674","203-4-C-SAPU",2000,0.2135,2.16847019197341,8,1992,15,"203-4","SAPU",75,68,9,10,9,1,0,0,0.111111111,0,0,"Moose",NA,NA,1,1,1,0,951.384807,"East","24A","Low Shrub","Low Shrub","Loam","Mesic",0,569.135193,316,29.227108,-149.792864,67.571712,-0.49796372919329,0.607766978701324,"203-4-C-SAPU_2000",11.7000001271566,-6.31666647394498,134,119,7.90000009536743,-9.14166696121295,3.26666680971781,12.5666666030884,17.6000003814697,0.983333338052034,64.3099987506866,293.179998874664,116.700002670288,3,"24A_2000",0.81
"5675","209-1-D-SAPU",2000,0.21825,2.22408561037038,11,1989,16,"209-1","SAPU",53,47,13,0,9,1,0,0,0.111111111,0,0,"Moose",NA,NA,1,0,1,0,698.873831,"East","24A","Low Shrub","Black Spruce Woodland","Sandy Loam","Mesic - Xeric",0,553.345276,287,19.679848,-149.692986,67.655886,0.142302211347945,1.15292502291826,"209-1-D-SAPU_2000",10.9909728368123,-6.75714679559072,124,114,7.90000009536743,-9.14166696121295,3.26666680971781,12.5666666030884,17.6000003814697,0.983333338052034,64.3099987506866,293.179998874664,116.700002670288,3,"24A_2000",0.81
"5676","209-2-D-SAPU",2000,0.05375,0.369424788874146,23,1977,16,"209-2","SAPU",53,41,8,0,11,0,0,0,0,0,0,NA,NA,NA,0,0,0,0,728.528855,"East","24A","Low Shrub","Black Spruce Woodland","Sandy Loam","Mesic - Xeric",0,561.911133,287,21.070175,-149.692261,67.656,-0.228530014145597,0.795702414517956,"209-2-D-SAPU_2000",10.9909728368123,-6.75714679559072,124,114,7.90000009536743,-9.14166696121295,3.26666680971781,12.5666666030884,17.6000003814697,0.983333338052034,64.3099987506866,293.179998874664,116.700002670288,3,"24A_2000",0.81
"5677","209-3-A-SAPU",2000,0.0955,1.2371411228259,8,1992,16,"209-3","SAPU",74,55,12,0,9,0,0,0,0,0,0,NA,NA,NA,0,0,1,0,711.058695,"East","24A","Low Shrub","Black Spruce Woodland","Sandy Loam","Mesic - Xeric",0,553.430786,276,18.070417,-149.69261,67.656251,-1.05918249582731,0.346739155202683,"209-3-A-SAPU_2000",10.9909728368123,-6.75714679559072,124,114,7.90000009536743,-9.14166696121295,3.26666680971781,12.5666666030884,17.6000003814697,0.983333338052034,64.3099987506866,293.179998874664,116.700002670288,3,"24A_2000",0.81
"5678","209-3-B-SAPU",2000,0.033,0.147266868026003,24,1976,16,"209-3","SAPU",59,53,15,0,17,0,1,0,0,0.058823529,0,NA,"Hare",NA,1,0,1,0,711.058695,"East","24A","Low Shrub","Black Spruce Woodland","Sandy Loam","Mesic - Xeric",0,553.430786,276,18.070417,-149.69261,67.656251,-1.06604715065301,0.344367061704306,"209-3-B-SAPU_2000",10.9909728368123,-6.75714679559072,124,114,7.90000009536743,-9.14166696121295,3.26666680971781,12.5666666030884,17.6000003814697,0.983333338052034,64.3099987506866,293.179998874664,116.700002670288,3,"24A_2000",0.81
"5679","222-2-B-SAGL",2000,0.32975,9.2734774841257,6,1994,17,"222-2","SAGL",106,74,19,0,21,0,10,0,0,0.476190476,0,NA,"Hare",NA,1,3,13,0,794.735172,"East","24A","Low Shrub","Tall Shrub","Clay Loam","Mesic",0,676.198608,282,15.59229,-149.808768,67.826375,0.399651597444097,1.49130503263522,"222-2-B-SAGL_2000",10.4000000953674,-7.3416666885217,127,112,7.90000009536743,-9.14166696121295,3.26666680971781,12.5666666030884,17.6000003814697,0.983333338052034,64.3099987506866,293.179998874664,116.700002670288,3,"24A_2000",0.81
"5680","222-3-D-SAGL",2000,0.101,1.51669810130008,7,1993,17,"222-3","SAGL",89,75,11,0,18,1,6,0,0.055555556,0.333333333,0,"Moose","Hare",NA,1,2,11,1,778.440723,"East","24A","Low Shrub","Low Shrub","Clay Loam","Mesic",0,672.469177,278,13.422374,-149.809021,67.826615,-1.11330240990761,0.328472417390786,"222-3-D-SAGL_2000",10.4000000953674,-7.3416666885217,127,112,7.90000009536743,-9.14166696121295,3.26666680971781,12.5666666030884,17.6000003814697,0.983333338052034,64.3099987506866,293.179998874664,116.700002670288,3,"24A_2000",0.81
"5681","222-4-C-SAGL",2000,0.13175,2.42993179311246,9,1991,17,"222-4","SAGL",71,66,12,8,15,1,4,0,0.066666667,0.266666667,0,"Moose","Hare",NA,1,0,15,0,805.061274,"East","24A","Low Shrub","Low Shrub","Clay Loam","Mesic",0,678.755371,278,16.631924,-149.808355,67.826658,-0.156680532276333,0.854977152797798,"222-4-C-SAGL_2000",10.4000000953674,-7.3416666885217,127,112,7.90000009536743,-9.14166696121295,3.26666680971781,12.5666666030884,17.6000003814697,0.983333338052034,64.3099987506866,293.179998874664,116.700002670288,3,"24A_2000",0.81
"5682","235-3-B-SAPU",2000,0.13525,2.58243844498556,10,1990,18,"235-3","SAPU",47,41,14,0,11,0,1,4,0,0.090909091,0.363636364,NA,"Hare","Ptarmagin",1,0,1,0,482.982181,"East","24A","Dwarf Shrub-Lichen","Low Shrub","Sandy Gravel","Mesic",0,817.546387,298,18.704132,-149.726784,68.005244,0.107644120137199,1.11365134876666,"235-3-B-SAPU_2000",8.16666650772095,-8.65000004569689,135,116,6.73333326975505,-10.3166666726271,2.16666672627131,11.3666667938232,7.90000033378601,0.941666685044765,41.4599993824959,303.559998512268,105.600002288818,3,"24A_2000",0.81
"5683","235-4-C-SAPU",2000,0.1835,2.548628035799,9,1991,18,"235-4","SAPU",41,39,10,0,15,0,0,0,0,0,0,NA,NA,NA,0,0,0,0,503.848767,"East","24A","Low Shrub","Low Shrub","Sandy Gravel","Mesic",0,825.290771,293,20.728168,-149.726015,68.005351,-0.108988531350867,0.896740701843735,"235-4-C-SAPU_2000",8.16666650772095,-8.65000004569689,135,116,6.73333326975505,-10.3166666726271,2.16666672627131,11.3666667938232,7.90000033378601,0.941666685044765,41.4599993824959,303.559998512268,105.600002288818,3,"24A_2000",0.81
"5684","240-3-D-SAPU",2000,0.6355,34.9544091557864,15,1985,19,"240-3","SAPU",167,110,47,0,149,7,11,21,0.046979866,0.073825503,0.140939597,"Moose","Hare","Ptarmagin",1,0,1,3,399.798137,"West","24A","Low Shrub","Low Shrub","Sandy Loam","Mesic",0,1034.808228,93,20.584356,-149.606025,68.07014,3.49591777503452,32.9805427861096,"240-3-D-SAPU_2000",7.15162150065104,-9.13177035252253,168.263807296753,156.038120269775,6.73333326975505,-10.3166666726271,2.16666672627131,11.3666667938232,7.90000033378601,0.941666685044765,41.4599993824959,303.559998512268,105.600002288818,3,"24A_2000",0.81
"5685","240-4-B-SAPU",2000,0.61225,14.7224914019609,9,1991,19,"240-4","SAPU",118,104,19,0,27,3,0,5,0.111111111,0,0.185185185,"Moose",NA,"Ptarmagin",1,0,2,0,431.079046,"West","24A","Low Shrub","Low Shrub","Sandy Loam","Mesic",0,1046.807861,94,24.616484,-149.606605,68.070368,1.64483263127283,5.18014284047684,"240-4-B-SAPU_2000",7.15162150065104,-9.13177035252253,168.263807296753,156.038120269775,6.73333326975505,-10.3166666726271,2.16666672627131,11.3666667938232,7.90000033378601,0.941666685044765,41.4599993824959,303.559998512268,105.600002288818,3,"24A_2000",0.81
"5686","255-1-C-SAGL",2000,0.226,5.7811745090992,11,1989,20,"255-1","SAGL",69,56,17,0,31,0,0,20,0,0,0.64516129,NA,NA,"Ptarmagin",1,0,0,0,585.543915,"East","26B","Low Shrub","Low Shrub","Sandy Gravel","Mesic - Xeric",0,991.483582,331,1.701594,-149.392735,68.222633,1.09756320613671,2.99685440268988,"255-1-C-SAGL_2000",7.50451358159383,-9.54542779922485,170.909729003906,134.819458007812,4.76666665077209,-12.0333333214124,0.266666683057944,9.30000019073486,4.60000002384186,0.816666677594185,31.0399990677834,320.839999198914,105.39999961853,3,"26B_2000",0.27
"5687","255-3-C-SAPU",2000,0.38575,4.0352220218456,6,1994,20,"255-3","SAPU",48,42,12,0,11,0,0,3,0,0,0.272727273,NA,NA,"Ptarmagin",1,0,1,0,600.399561,"East","26B","Tussock Tundra (Low shrub or Herbaceous)","Low Shrub","Sandy Gravel","Mesic - Xeric",0,990.277893,304,2.837043,-149.392647,68.223106,-0.432445520710434,0.648920204883223,"255-3-C-SAPU_2000",7.50451358159383,-9.54542779922485,170.909729003906,134.819458007812,4.76666665077209,-12.0333333214124,0.266666683057944,9.30000019073486,4.60000002384186,0.816666677594185,31.0399990677834,320.839999198914,105.39999961853,3,"26B_2000",0.27
"5688","255-4-A-SAPU",2000,0.151,2.06426670524649,14,1986,20,"255-4","SAPU",72,61,14,0,18,0,2,3,0,0.111111111,0.166666667,NA,"Hare","Ptarmagin",1,0,0,2,644.564014,"East","26B","Low Shrub","Low Shrub","Sandy Gravel","Mesic - Xeric",0,993.003235,239,7.430982,-149.391619,68.223199,0.533421278620674,1.70475478387966,"255-4-A-SAPU_2000",7.50451358159383,-9.54542779922485,170.909729003906,134.819458007812,4.76666665077209,-12.0333333214124,0.266666683057944,9.30000019073486,4.60000002384186,0.816666677594185,31.0399990677834,320.839999198914,105.39999961853,3,"26B_2000",0.27
"5689","261-2-C-SAPU",2000,0.10625,1.3874991216735,31,1969,21,"261-2","SAPU",91,67,27,0,29,0,0,3,0,0,0.103448276,NA,NA,"Ptarmagin",1,0,0,1,388.99561,"East","26B","Dwarf Shrub-Lichen","Low Shrub","Sandy Loam","Mesic",0,888.892761,295,13.025289,-149.351465,68.301786,1.67117835024655,5.31843108086089,"261-2-C-SAPU_2000",7.7294987042745,-9.69981050491333,185.9886302948,138.051839828491,4.76666665077209,-12.0333333214124,0.266666683057944,9.30000019073486,4.60000002384186,0.816666677594185,31.0399990677834,320.839999198914,105.39999961853,3,"26B_2000",0.27
"5690","261-2-D-SAPU",2000,0.596333333333333,24.1080042411118,10,1990,21,"261-2","SAPU",122,71,29,0,41,2,0,11,0.048780488,0,0.268292683,"Moose",NA,"Ptarmagin",1,0,0,1,388.99561,"East","26B","Dwarf Shrub-Lichen","Low Shrub","Sandy Loam","Mesic",0,888.892761,295,13.025289,-149.351465,68.301786,2.34145394538811,10.3963412918198,"261-2-D-SAPU_2000",7.7294987042745,-9.69981050491333,185.9886302948,138.051839828491,4.76666665077209,-12.0333333214124,0.266666683057944,9.30000019073486,4.60000002384186,0.816666677594185,31.0399990677834,320.839999198914,105.39999961853,3,"26B_2000",0.27
"5691","268-3-B-SAPU",2000,0.08525,1.74639231022511,22,1978,22,"268-3","SAPU",106,41,14,0,42,0,0,4,0,0,0.095238095,NA,NA,"Ptarmagin",1,0,0,0,206.549982,"West","26B","Low Shrub","Low Shrub","Sandy Gravel","Mesic",0,819.661011,150,1.610195,-149.326989,68.400547,1.23899276666824,3.45213460800364,"268-3-B-SAPU_2000",8.7621529897054,-9.11134241024653,193,125.045135498047,4.76666665077209,-12.0333333214124,0.266666683057944,9.30000019073486,4.60000002384186,0.816666677594185,31.0399990677834,320.839999198914,105.39999961853,3,"26B_2000",0.27
"5692","282-1-D-SAPU",2000,0.1105,1.62678395847146,9,1991,23,"282-1","SAPU",49,22,10,0,8,0,0,0,0,0,0,NA,NA,NA,0,0,0,0,577.316923,"West","26B","Tussock Tundra (Low shrub or Herbaceous)","Tussock Tundra","Clay Loam","Mesic",0,826.622314,26,2.82316,-149.530032,68.582817,-0.557938686341696,0.572387719265785,"282-1-D-SAPU_2000",9.23333326975504,-8.88333340485891,181,118,9.13333336512248,-8.55000027517478,4.43333347638448,13.8999999364217,28.1000001430511,1.00000001241763,46.4599990844727,283.809998035431,93.5000019073486,3,"26B_2000",0.27
"5693","282-2-B-SAPU",2000,0.12275,1.55553702222779,10,1990,23,"282-2","SAPU",68,29,11,0,18,0,0,0,0,0,0,NA,NA,NA,0,0,0,0,604.079816,"West","26B","Low Shrub","Low Shrub-Tussock Tundra","Clay Loam","Mesic",0,826.41803,354,3.355184,-149.530916,68.583004,-0.399269128228088,0.670810143112677,"282-2-B-SAPU_2000",9.23333326975504,-8.88333340485891,181,118,9.13333336512248,-8.55000027517478,4.43333347638448,13.8999999364217,28.1000001430511,1.00000001241763,46.4599990844727,283.809998035431,93.5000019073486,3,"26B_2000",0.27
"5694","282-3-D-SAPU",2000,0.0876666666666667,0.734893597857166,21,1979,23,"282-3","SAPU",49,26,10,0,9,0,0,0,0,0,0,NA,NA,NA,0,0,0,0,571.732475,"West","26B","Low Shrub","Low Shrub-Tussock Tundra","Clay Loam","Mesic",0,823.876221,27,3.830761,-149.53038,68.583298,0.283579790985247,1.3278748285278,"282-3-D-SAPU_2000",9.23333326975504,-8.88333340485891,181,118,9.13333336512248,-8.55000027517478,4.43333347638448,13.8999999364217,28.1000001430511,1.00000001241763,46.4599990844727,283.809998035431,93.5000019073486,3,"26B_2000",0.27
"5695","282-4-C-SAPU",2000,0.1115,2.02641365536339,6,1994,23,"282-4","SAPU",45,23,12,0,10,0,0,0,0,0,0,NA,NA,NA,0,0,0,0,597.547448,"West","26B","Tussock Tundra (Low shrub or Herbaceous)","Low Shrub-Tussock Tundra","Clay Loam","Mesic",0,823.620117,358,4.137664,-149.531178,68.583423,-1.12123928650689,0.325875690927939,"282-4-C-SAPU_2000",9.23333326975504,-8.88333340485891,181,118,9.13333336512248,-8.55000027517478,4.43333347638448,13.8999999364217,28.1000001430511,1.00000001241763,46.4599990844727,283.809998035431,93.5000019073486,3,"26B_2000",0.27
"5696","282-4-D-SAPU",2000,0.052,0.425396778037283,23,1977,23,"282-4","SAPU",59,31,18,0,12,0,0,0,0,0,0,NA,NA,NA,0,0,0,0,597.547448,"West","26B","Tussock Tundra (Low shrub or Herbaceous)","Low Shrub-Tussock Tundra","Clay Loam","Mesic",0,823.620117,358,4.137664,-149.531178,68.583423,-0.0874548566594334,0.916260233765039,"282-4-D-SAPU_2000",9.23333326975504,-8.88333340485891,181,118,9.13333336512248,-8.55000027517478,4.43333347638448,13.8999999364217,28.1000001430511,1.00000001241763,46.4599990844727,283.809998035431,93.5000019073486,3,"26B_2000",0.27
"5697","60-2-D-SAPU",2000,0.338,6.61909381847937,6,1994,1,"60-2","SAPU",84,NA,16,7,26,2,1,0,0.076923077,0.038461538,0,"Moose","Hare",NA,1,0,2,0,1432.670461,"West","20F","Low Shrub","Low Shrub","Silt Loam","Mesic",0,110.927505,264,1.953402,-149.84073,65.909949,0.0624516302332061,1.06444297081437,"60-2-D-SAPU_2000",13.4939816792806,-5.25946166117986,93.361083984375,80.2708144187927,13.0000003178914,-3.25833336512248,7.96666685740153,18.0333337783813,77.1000008583069,1.17500002495944,106.879997491837,250.239998854697,159.800001144409,3,"20F_2000",0.375
"5698","60-3-B-SAPU",2000,0.12425,1.34014471750869,6,1994,1,"60-3","SAPU",81,NA,8,22,16,0,0,0,0,0,0,NA,NA,NA,0,0,3,0,1403.187226,"West","20F","Low Shrub","Black Spruce Woodland","Silt Loam","Mesic",0,111.24585,78,1.323723,-149.840194,65.910114,-1.53472923864771,0.215514036142466,"60-3-B-SAPU_2000",13.4939816792806,-5.25946166117986,93.361083984375,80.2708144187927,13.0000003178914,-3.25833336512248,7.96666685740153,18.0333337783813,77.1000008583069,1.17500002495944,106.879997491837,250.239998854697,159.800001144409,3,"20F_2000",0.375
"5699","72-1-D-SAPU",2000,0.0125,0.0360890456081133,24,1976,2,"72-1","SAPU",68,54,18,0,8,0,1,0,0,0.125,0,NA,"Hare",NA,1,0,0,0,895.937772,"West","20F","Tussock Tundra (Low shrub or Herbaceous)","Black Spruce Woodland","Clay Loam","Mesic",0,130.808105,148,1.606934,-150.14017,66.022623,-2.47230414674978,0.084390187435671,"72-1-D-SAPU_2000",13.8001899719238,-4.99014188845952,91.3107757568359,80.1026401519775,11.6333338419596,-4.96666653951009,6.73333342870076,16.6333338419596,64.5000014305115,1.1250000204891,106.999997377396,263.369998335838,157.400005340576,3,"20F_2000",0.375
"5700","72-2-A-SAGL",2000,0.1655,3.89482247901081,10,1990,2,"72-2","SAGL",129,121,17,0,12,0,0,0,0,0,0,NA,NA,NA,0,0,0,0,855.94066,"West","20F","Tussock Tundra (Low shrub or Herbaceous)","Black Spruce Woodland","Clay Loam","Mesic",0,131.055786,179,2.125059,-150.13956,66.022889,0.51855813549611,1.67960414134143,"72-2-A-SAGL_2000",13.8001899719238,-4.99014188845952,91.3107757568359,80.1026401519775,11.6333338419596,-4.96666653951009,6.73333342870076,16.6333338419596,64.5000014305115,1.1250000204891,106.999997377396,263.369998335838,157.400005340576,3,"20F_2000",0.375
"5701","72-2-D-SAPU",2000,0.177,4.39974710057032,11,1989,2,"72-2","SAPU",79,60,21,0,11,0,0,0,0,0,0,NA,NA,NA,0,0,0,0,855.94066,"West","20F","Tussock Tundra (Low shrub or Herbaceous)","Black Spruce Woodland","Clay Loam","Mesic",0,131.055786,179,2.125059,-150.13956,66.022889,0.82450340395814,2.28074787369128,"72-2-D-SAPU_2000",13.8001899719238,-4.99014188845952,91.3107757568359,80.1026401519775,11.6333338419596,-4.96666653951009,6.73333342870076,16.6333338419596,64.5000014305115,1.1250000204891,106.999997377396,263.369998335838,157.400005340576,3,"20F_2000",0.375
"5702","72-3-B-SAPU",2000,0.2425,4.50968949538426,12,1988,2,"72-3","SAPU",75,59,20,4,12,0,0,0,0,0,0,NA,NA,NA,0,0,1,0,885.368743,"West","20F","Tussock Tundra (Low shrub or Herbaceous)","Black Spruce Woodland","Clay Loam","Mesic",0,132.401993,119,2.284806,-150.140609,66.023021,1.01720576000494,2.76545660840742,"72-3-B-SAPU_2000",13.8001899719238,-4.99014188845952,91.3107757568359,80.1026401519775,11.6333338419596,-4.96666653951009,6.73333342870076,16.6333338419596,64.5000014305115,1.1250000204891,106.999997377396,263.369998335838,157.400005340576,3,"20F_2000",0.375
"5703","72-3-D-SAGL",2000,0.13375,2.78111944028297,13,1987,2,"72-3","SAGL",128,109,19,9,10,0,2,0,0,0.2,0,NA,"Hare",NA,1,0,1,0,885.368743,"West","20F","Tussock Tundra (Low shrub or Herbaceous)","Black Spruce Woodland","Clay Loam","Mesic",0,132.401993,119,2.284806,-150.140609,66.023021,0.688395422634891,1.99051902763208,"72-3-D-SAGL_2000",13.8001899719238,-4.99014188845952,91.3107757568359,80.1026401519775,11.6333338419596,-4.96666653951009,6.73333342870076,16.6333338419596,64.5000014305115,1.1250000204891,106.999997377396,263.369998335838,157.400005340576,3,"20F_2000",0.375
"5704","72-4-B-SAPU",2000,0.04425,0.278366903907092,29,1971,2,"72-4","SAPU",111,93,14,0,13,0,0,0,0,0,0,NA,NA,NA,0,0,0,0,844.255779,"West","20F","Tussock Tundra (Low shrub or Herbaceous)","Low Shrub-Tussock Tundra","Clay Loam","Mesic",0,132.260803,156,1.029158,-150.139994,66.023305,-0.0639225096646079,0.938077688669059,"72-4-B-SAPU_2000",13.8001899719238,-4.99014188845952,91.3107757568359,80.1026401519775,11.6333338419596,-4.96666653951009,6.73333342870076,16.6333338419596,64.5000014305115,1.1250000204891,106.999997377396,263.369998335838,157.400005340576,3,"20F_2000",0.375
"5705","147-1-A-SAPU",1999,0.361,15.3646113445022,11,1988,9,"147-1","SAPU",191,167,22,11,73,23,0,0,0.315068493,0,0,"Moose",NA,NA,1,1,0,0,984.758365,"West","24A","Low Shrub","Tall Shrub","Clay Loam","Mesic - Hydric",0,426.634277,145,7.907337,-150.485282,66.911769,2.07502324223313,7.96473157503161,"147-1-A-SAPU_1999",13.6666663487752,-7.52424768606822,226.270812988281,92.1354064941406,11.766666730245,-8.30833353598913,6.50000015894572,17.0666669209798,34.4000008106232,1.09166668355465,102.979999065399,263.039999246597,178.200004577637,3,"24A_1999",0.85
"5706","147-2-B-SAPU",1999,0.44425,6.65202890141282,7,1992,9,"147-2","SAPU",104,97,14,31,12,5,0,0,0.416666667,0,0,"Moose",NA,NA,1,2,1,0,986.173835,"West","24A","Low Shrub","Tall Shrub","Clay Loam","Mesic - Hydric",0,428.943481,147,8.698308,-150.484958,66.912025,0.365083825972165,1.44063476569761,"147-2-B-SAPU_1999",13.6666663487752,-7.52424768606822,226.270812988281,92.1354064941406,11.766666730245,-8.30833353598913,6.50000015894572,17.0666669209798,34.4000008106232,1.09166668355465,102.979999065399,263.039999246597,178.200004577637,3,"24A_1999",0.85
"5707","147-3-B-SAPU",1999,0.169,2.40776373360102,10,1989,9,"147-3","SAPU",167,149,20,7,58,18,0,0,0.310344828,0,0,"Moose",NA,NA,1,2,1,0,952.272152,"West","24A","White Spruce or Black Spruce (Woodland)","Black Spruce Woodland","Clay Loam","Mesic - Hydric",0,425.583191,170,6.572863,-150.484233,66.911912,0.0376084392034188,1.03832458606819,"147-3-B-SAPU_1999",13.6666663487752,-7.52424768606822,226.270812988281,92.1354064941406,11.766666730245,-8.30833353598913,6.50000015894572,17.0666669209798,34.4000008106232,1.09166668355465,102.979999065399,263.039999246597,178.200004577637,3,"24A_1999",0.85
"5708","147-4-A-SAPU",1999,0.37025,9.23880568950344,8,1991,9,"147-4","SAPU",124,110,21,14,47,16,0,0,0.340425532,0,0,"Moose",NA,NA,1,0,1,0,956.341518,"West","24A","Tall Shrub (Open-Closed)","Tall Shrub","Clay Loam","Mesic - Hydric",0,428.39856,129,7.52786,-150.483929,66.912191,0.951426955444252,2.58940198555745,"147-4-A-SAPU_1999",13.6666663487752,-7.52424768606822,226.270812988281,92.1354064941406,11.766666730245,-8.30833353598913,6.50000015894572,17.0666669209798,34.4000008106232,1.09166668355465,102.979999065399,263.039999246597,178.200004577637,3,"24A_1999",0.85
"5709","147-4-C-SAPU",1999,0.05125,0.474929287658732,13,1986,9,"147-4","SAPU",113,101,16,9,12,5,0,0,0.416666667,0,0,"Moose",NA,NA,1,0,1,0,956.341518,"West","24A","Tall Shrub (Open-Closed)","Tall Shrub","Clay Loam","Mesic - Hydric",0,428.39856,129,7.52786,-150.483929,66.912191,-1.0790474544924,0.339919159951025,"147-4-C-SAPU_1999",13.6666663487752,-7.52424768606822,226.270812988281,92.1354064941406,11.766666730245,-8.30833353598913,6.50000015894572,17.0666669209798,34.4000008106232,1.09166668355465,102.979999065399,263.039999246597,178.200004577637,3,"24A_1999",0.85
"5710","184-2-D-SAPU",1999,0.1835,5.56420669566433,8,1991,13,"184-2","SAPU",172,139,22,0,38,6,3,0,0.157894737,0.078947368,0,"Moose","Hare",NA,1,1,0,0,706.210196,"East","24A","White Spruce or Black Spruce (Open-Closed)","Tall Shrub","Clay Loam","Mesic",0,429.192566,258,16.706417,-150.109279,67.369156,0.444368754652143,1.55950545449556,"184-2-D-SAPU_1999",13.6621526082357,-7.6098379890124,164.458374023438,82.4583687782288,11.8000001907349,-8.48333362738291,6.6333335240682,17.0000006357829,33.0000002384186,1.1916666974624,99.4599974155426,261.519999265671,163.700008392334,3,"24A_1999",0.85
"5711","191-4-A-SAPU",1999,0.49075,11.8671320039332,8,1991,14,"191-4","SAPU",109,85,19,16,39,13,0,0,0.333333333,0,0,"Moose",NA,NA,1,1,0,0,1634.196324,"East","24A","Low Shrub","Low Shrub","Clay Loam","Mesic",0,497.007599,303,3.553675,-149.85875,67.475963,1.2017868947631,3.32605492599212,"191-4-A-SAPU_1999",12.9120362599691,-7.8568288286527,167.368103027344,82.7743215560913,9.96666685740153,-9.90000021457672,4.96666685740153,15.0333334604899,15.5999999046326,1.02500001341105,80.0199992656708,275.599997520447,162.100006103516,3,"24A_1999",0.85
"5712","203-3-D-SAPU",1999,0.16675,3.21453945325844,11,1988,15,"203-3","SAPU",117,104,18,17,39,2,3,0,0.051282051,0.076923077,0,"Moose","Hare",NA,1,0,1,0,922.335664,"East","24A","Low Shrub","Low Shrub","Loam","Mesic",0,556.241272,305,23.609533,-149.79364,67.571701,0.510640439882027,1.66635805543586,"203-3-D-SAPU_1999",13.2000001271566,-7.94999990860621,136,75,9.06666660308838,-10.816666841507,4.20000004768372,14,9.00000011920929,1.01666668926676,60.6499984264374,282.14999961853,130.600004196167,3,"24A_1999",0.85
"5713","203-4-C-SAPU",1999,0.10975,1.22615870395757,7,1992,15,"203-4","SAPU",75,68,9,10,9,1,0,0,0.111111111,0,0,"Moose",NA,NA,1,1,1,0,951.384807,"East","24A","Low Shrub","Low Shrub","Loam","Mesic",0,569.135193,316,29.227108,-149.792864,67.571712,-1.32595180240445,0.265550087554314,"203-4-C-SAPU_1999",13.2000001271566,-7.94999990860621,136,75,9.06666660308838,-10.816666841507,4.20000004768372,14,9.00000011920929,1.01666668926676,60.6499984264374,282.14999961853,130.600004196167,3,"24A_1999",0.85
"5714","209-1-D-SAPU",1999,0.19925,2.29180460351391,10,1989,16,"209-1","SAPU",53,47,13,0,9,1,0,0,0.111111111,0,0,"Moose",NA,NA,1,0,1,0,698.873831,"East","24A","Low Shrub","Black Spruce Woodland","Sandy Loam","Mesic - Xeric",0,553.345276,287,19.679848,-149.692986,67.655886,-0.0117504224566234,0.988318344148242,"209-1-D-SAPU_1999",12.4909728368123,-8.38972747325897,126.954864501953,74.0451354980469,9.06666660308838,-10.816666841507,4.20000004768372,14,9.00000011920929,1.01666668926676,60.6499984264374,282.14999961853,130.600004196167,3,"24A_1999",0.85
"5715","209-2-D-SAPU",1999,0.04525,0.325077674276988,22,1977,16,"209-2","SAPU",53,41,8,0,11,0,0,0,0,0,0,NA,NA,NA,0,0,0,0,728.528855,"East","24A","Low Shrub","Black Spruce Woodland","Sandy Loam","Mesic - Xeric",0,561.911133,287,21.070175,-149.692261,67.656,-0.44225048379301,0.642588657250944,"209-2-D-SAPU_1999",12.4909728368123,-8.38972747325897,126.954864501953,74.0451354980469,9.06666660308838,-10.816666841507,4.20000004768372,14,9.00000011920929,1.01666668926676,60.6499984264374,282.14999961853,130.600004196167,3,"24A_1999",0.85
"5716","209-3-A-SAPU",1999,0.15725,2.16193509020532,7,1992,16,"209-3","SAPU",74,55,12,0,9,0,0,0,0,0,0,NA,NA,NA,0,0,1,0,711.058695,"East","24A","Low Shrub","Black Spruce Woodland","Sandy Loam","Mesic - Xeric",0,553.430786,276,18.070417,-149.69261,67.656251,-0.758834384384946,0.468211864123121,"209-3-A-SAPU_1999",12.4909728368123,-8.38972747325897,126.954864501953,74.0451354980469,9.06666660308838,-10.816666841507,4.20000004768372,14,9.00000011920929,1.01666668926676,60.6499984264374,282.14999961853,130.600004196167,3,"24A_1999",0.85
"5717","209-3-B-SAPU",1999,0.016,0.0738651264712031,23,1976,16,"209-3","SAPU",59,53,15,0,17,0,1,0,0,0.058823529,0,NA,"Hare",NA,1,0,1,0,711.058695,"East","24A","Low Shrub","Black Spruce Woodland","Sandy Loam","Mesic - Xeric",0,553.430786,276,18.070417,-149.69261,67.656251,-1.83823637047056,0.159097768346654,"209-3-B-SAPU_1999",12.4909728368123,-8.38972747325897,126.954864501953,74.0451354980469,9.06666660308838,-10.816666841507,4.20000004768372,14,9.00000011920929,1.01666668926676,60.6499984264374,282.14999961853,130.600004196167,3,"24A_1999",0.85
"5718","222-3-D-SAGL",1999,0.23625,3.79802942030508,6,1993,17,"222-3","SAGL",89,75,11,0,18,1,6,0,0.055555556,0.333333333,0,"Moose","Hare",NA,1,2,11,1,778.440723,"East","24A","Low Shrub","Low Shrub","Clay Loam","Mesic",0,672.469177,278,13.422374,-149.809021,67.826615,-0.493024486297349,0.610776313232359,"222-3-D-SAGL_1999",11.8666664759318,-8.94166664282481,128,75,9.06666660308838,-10.816666841507,4.20000004768372,14,9.00000011920929,1.01666668926676,60.6499984264374,282.14999961853,130.600004196167,3,"24A_1999",0.85
"5719","222-4-C-SAGL",1999,0.27,5.32052277830333,8,1991,17,"222-4","SAGL",71,66,12,8,15,1,4,0,0.066666667,0.266666667,0,"Moose","Hare",NA,1,0,15,0,805.061274,"East","24A","Low Shrub","Low Shrub","Clay Loam","Mesic",0,678.755371,278,16.631924,-149.808355,67.826658,0.399585897651548,1.49120705742246,"222-4-C-SAGL_1999",11.8666664759318,-8.94166664282481,128,75,9.06666660308838,-10.816666841507,4.20000004768372,14,9.00000011920929,1.01666668926676,60.6499984264374,282.14999961853,130.600004196167,3,"24A_1999",0.85
"5720","235-3-B-SAPU",1999,0.14775,2.95247132838772,9,1990,18,"235-3","SAPU",47,41,14,0,11,0,1,4,0,0.090909091,0.363636364,NA,"Hare","Ptarmagin",1,0,1,0,482.982181,"East","24A","Dwarf Shrub-Lichen","Low Shrub","Sandy Gravel","Mesic",0,817.546387,298,18.704132,-149.726784,68.005244,0.0380988375243947,1.03883390357584,"235-3-B-SAPU_1999",9.60000006357829,-10.2333334765087,132,84,7.90000009536743,-12.0166669289271,3.10000006357829,12.7000001271566,5.19999998807907,0.941666681319475,42.4899986982346,292.129997253418,105.700000762939,3,"24A_1999",0.85
"5721","235-4-C-SAPU",1999,0.1165,1.7278649639001,8,1991,18,"235-4","SAPU",41,39,10,0,15,0,0,0,0,0,0,NA,NA,NA,0,0,0,0,503.848767,"East","24A","Low Shrub","Low Shrub","Sandy Gravel","Mesic",0,825.290771,293,20.728168,-149.726015,68.005351,-0.725099146035358,0.484276552474885,"235-4-C-SAPU_1999",9.60000006357829,-10.2333334765087,132,84,7.90000009536743,-12.0166669289271,3.10000006357829,12.7000001271566,5.19999998807907,0.941666681319475,42.4899986982346,292.129997253418,105.700000762939,3,"24A_1999",0.85
"5722","240-3-D-SAPU",1999,0.65025,38.3922600834454,14,1985,19,"240-3","SAPU",167,110,47,0,149,7,11,21,0.046979866,0.073825503,0.140939597,"Moose","Hare","Ptarmagin",1,0,1,3,399.798137,"West","24A","Low Shrub","Low Shrub","Sandy Loam","Mesic",0,1034.808228,93,20.584356,-149.606025,68.07014,3.45650210064178,31.7058783513103,"240-3-D-SAPU_1999",8.51828813552856,-10.7078986763954,163.218662261963,118.767307281494,7.90000009536743,-12.0166669289271,3.10000006357829,12.7000001271566,5.19999998807907,0.941666681319475,42.4899986982346,292.129997253418,105.700000762939,3,"24A_1999",0.85
"5723","240-4-B-SAPU",1999,0.40275,10.9689977881617,8,1991,19,"240-4","SAPU",118,104,19,0,27,3,0,5,0.111111111,0,0.185185185,"Moose",NA,"Ptarmagin",1,0,2,0,431.079046,"West","24A","Low Shrub","Low Shrub","Sandy Loam","Mesic",0,1046.807861,94,24.616484,-149.606605,68.070368,1.12308724331217,3.07433077464883,"240-4-B-SAPU_1999",8.51828813552856,-10.7078986763954,163.218662261963,118.767307281494,7.90000009536743,-12.0166669289271,3.10000006357829,12.7000001271566,5.19999998807907,0.941666681319475,42.4899986982346,292.129997253418,105.700000762939,3,"24A_1999",0.85
"5724","255-1-C-SAGL",1999,0.459,12.7291757996498,10,1989,20,"255-1","SAGL",69,56,17,0,31,0,0,20,0,0,0.64516129,NA,NA,"Ptarmagin",1,0,0,0,585.543915,"East","26B","Low Shrub","Low Shrub","Sandy Gravel","Mesic - Xeric",0,991.483582,331,1.701594,-149.392735,68.222633,1.7028066995942,5.48933269851748,"255-1-C-SAGL_1999",8.87118053436279,-11.1287612020969,162.864593505859,119.909729003906,6.06666660308838,-13.4916672209899,1.43333333730698,10.7333335876465,3.40000009536743,0.86666668082277,32.0799995660782,308.039999008179,104.400003433228,3,"26B_1999",0.27
"5725","255-4-A-SAPU",1999,0.06,0.860010988920205,13,1986,20,"255-4","SAPU",72,61,14,0,18,0,2,3,0,0.111111111,0.166666667,NA,"Hare","Ptarmagin",1,0,0,2,644.564014,"East","26B","Low Shrub","Low Shrub","Sandy Gravel","Mesic - Xeric",0,993.003235,239,7.430982,-149.391619,68.223199,-0.485268212378096,0.615532081298949,"255-4-A-SAPU_1999",8.87118053436279,-11.1287612020969,162.864593505859,119.909729003906,6.06666660308838,-13.4916672209899,1.43333333730698,10.7333335876465,3.40000009536743,0.86666668082277,32.0799995660782,308.039999008179,104.400003433228,3,"26B_1999",0.27
"5726","261-2-C-SAPU",1999,0.17,2.3675356396718,30,1969,21,"261-2","SAPU",91,67,27,0,29,0,0,3,0,0,0.103448276,NA,NA,"Ptarmagin",1,0,0,1,388.99561,"East","26B","Dwarf Shrub-Lichen","Low Shrub","Sandy Loam","Mesic",0,888.892761,295,13.025289,-149.351465,68.301786,2.14220705970009,8.51821711124653,"261-2-C-SAPU_1999",9.03160603841146,-11.2503371785084,175.988628387451,119.115051269531,6.06666660308838,-13.4916672209899,1.43333333730698,10.7333335876465,3.40000009536743,0.86666668082277,32.0799995660782,308.039999008179,104.400003433228,3,"26B_1999",0.27
"5727","261-2-D-SAPU",1999,0.795,35.6144609805,9,1990,21,"261-2","SAPU",122,71,29,0,41,2,0,11,0.048780488,0,0.268292683,"Moose",NA,"Ptarmagin",1,0,0,1,388.99561,"East","26B","Dwarf Shrub-Lichen","Low Shrub","Sandy Loam","Mesic",0,888.892761,295,13.025289,-149.351465,68.301786,2.52820804213868,12.531030925989,"261-2-D-SAPU_1999",9.03160603841146,-11.2503371785084,175.988628387451,119.115051269531,6.06666660308838,-13.4916672209899,1.43333333730698,10.7333335876465,3.40000009536743,0.86666668082277,32.0799995660782,308.039999008179,104.400003433228,3,"26B_1999",0.27
"5728","268-3-B-SAPU",1999,0.0925,1.94656615108158,21,1978,22,"268-3","SAPU",106,41,14,0,42,0,0,4,0,0,0.095238095,NA,NA,"Ptarmagin",1,0,0,0,206.549982,"West","26B","Low Shrub","Low Shrub","Sandy Gravel","Mesic",0,819.661011,150,1.610195,-149.326989,68.400547,1.25767621817471,3.5172386881888,"268-3-B-SAPU_1999",10.0969909032186,-10.6363423050692,180.954864501953,100.909729003906,6.06666660308838,-13.4916672209899,1.43333333730698,10.7333335876465,3.40000009536743,0.86666668082277,32.0799995660782,308.039999008179,104.400003433228,3,"26B_1999",0.27
"5729","282-1-D-SAPU",1999,0.10275,1.58152506205644,8,1991,23,"282-1","SAPU",49,22,10,0,8,0,0,0,0,0,0,NA,NA,NA,0,0,0,0,577.316923,"West","26B","Tussock Tundra (Low shrub or Herbaceous)","Tussock Tundra","Clay Loam","Mesic",0,826.622314,26,2.82316,-149.530032,68.582817,-0.81359605681812,0.443261204264805,"282-1-D-SAPU_1999",10.4666668574015,-10.3500000952433,167,78,10.266666730245,-9.99166685342789,5.50000015894572,15.1000000635783,15.8000004887581,1.05833335717519,43.6099985837936,270.919998168945,86.0000019073486,3,"26B_1999",0.27
"5730","282-2-B-SAPU",1999,0.126,1.69518768791379,9,1990,23,"282-2","SAPU",68,29,11,0,18,0,0,0,0,0,0,NA,NA,NA,0,0,0,0,604.079816,"West","26B","Low Shrub","Low Shrub-Tussock Tundra","Clay Loam","Mesic",0,826.41803,354,3.355184,-149.530916,68.583004,-0.516750255521977,0.596455730559403,"282-2-B-SAPU_1999",10.4666668574015,-10.3500000952433,167,78,10.266666730245,-9.99166685342789,5.50000015894572,15.1000000635783,15.8000004887581,1.05833335717519,43.6099985837936,270.919998168945,86.0000019073486,3,"26B_1999",0.27
"5731","282-3-D-SAPU",1999,0.082,0.731098875972804,20,1979,23,"282-3","SAPU",49,26,10,0,9,0,0,0,0,0,0,NA,NA,NA,0,0,0,0,571.732475,"West","26B","Low Shrub","Low Shrub-Tussock Tundra","Clay Loam","Mesic",0,823.876221,27,3.830761,-149.53038,68.583298,0.184187768525906,1.20224154502659,"282-3-D-SAPU_1999",10.4666668574015,-10.3500000952433,167,78,10.266666730245,-9.99166685342789,5.50000015894572,15.1000000635783,15.8000004887581,1.05833335717519,43.6099985837936,270.919998168945,86.0000019073486,3,"26B_1999",0.27
"5732","282-4-D-SAPU",1999,0.07175,0.614860144139527,22,1977,23,"282-4","SAPU",59,31,18,0,12,0,0,0,0,0,0,NA,NA,NA,0,0,0,0,597.547448,"West","26B","Tussock Tundra (Low shrub or Herbaceous)","Low Shrub-Tussock Tundra","Clay Loam","Mesic",0,823.620117,358,4.137664,-149.531178,68.583423,0.195080198699533,1.21540845675882,"282-4-D-SAPU_1999",10.4666668574015,-10.3500000952433,167,78,10.266666730245,-9.99166685342789,5.50000015894572,15.1000000635783,15.8000004887581,1.05833335717519,43.6099985837936,270.919998168945,86.0000019073486,3,"26B_1999",0.27
"5733","72-1-D-SAPU",1999,0.0245,0.0735823831323793,23,1976,2,"72-1","SAPU",68,54,18,0,8,0,1,0,0,0.125,0,NA,"Hare",NA,1,0,0,0,895.937772,"West","20F","Tussock Tundra (Low shrub or Herbaceous)","Black Spruce Woodland","Clay Loam","Mesic",0,130.808105,148,1.606934,-150.14017,66.022623,-1.84207154796724,0.158488768723005,"72-1-D-SAPU_1999",15.5285968780518,-7.06647656361262,122.473773956299,49.1449236869812,13.1000003814697,-6.84999986489614,7.70000012715658,18.5000006357829,42.9000010490417,1.20000002533197,112.559998512268,252.189996182919,184.5,3,"20F_1999",0.375
"5734","72-2-A-SAGL",1999,0.2195,5.43112883085828,9,1990,2,"72-2","SAGL",129,121,17,0,12,0,0,0,0,0,0,NA,NA,NA,0,0,0,0,855.94066,"West","20F","Tussock Tundra (Low shrub or Herbaceous)","Black Spruce Woodland","Clay Loam","Mesic",0,131.055786,179,2.125059,-150.13956,66.022889,0.647603279602512,1.91095531053465,"72-2-A-SAGL_1999",15.5285968780518,-7.06647656361262,122.473773956299,49.1449236869812,13.1000003814697,-6.84999986489614,7.70000012715658,18.5000006357829,42.9000010490417,1.20000002533197,112.559998512268,252.189996182919,184.5,3,"20F_1999",0.375
"5735","72-2-D-SAPU",1999,0.12,3.09484575239111,10,1989,2,"72-2","SAPU",79,60,21,0,11,0,0,0,0,0,0,NA,NA,NA,0,0,0,0,855.94066,"West","20F","Tussock Tundra (Low shrub or Herbaceous)","Black Spruce Woodland","Clay Loam","Mesic",0,131.055786,179,2.125059,-150.13956,66.022889,0.288648101064066,1.33462199382428,"72-2-D-SAPU_1999",15.5285968780518,-7.06647656361262,122.473773956299,49.1449236869812,13.1000003814697,-6.84999986489614,7.70000012715658,18.5000006357829,42.9000010490417,1.20000002533197,112.559998512268,252.189996182919,184.5,3,"20F_1999",0.375
"5736","72-3-B-SAPU",1999,0.1435,2.84263634047969,11,1988,2,"72-3","SAPU",75,59,20,4,12,0,0,0,0,0,0,NA,NA,NA,0,0,1,0,885.368743,"West","20F","Tussock Tundra (Low shrub or Herbaceous)","Black Spruce Woodland","Clay Loam","Mesic",0,132.401993,119,2.284806,-150.140609,66.023021,0.387688252309636,1.47357033052791,"72-3-B-SAPU_1999",15.5285968780518,-7.06647656361262,122.473773956299,49.1449236869812,13.1000003814697,-6.84999986489614,7.70000012715658,18.5000006357829,42.9000010490417,1.20000002533197,112.559998512268,252.189996182919,184.5,3,"20F_1999",0.375
"5737","72-3-D-SAGL",1999,0.14575,3.15861988942271,12,1987,2,"72-3","SAGL",128,109,19,9,10,0,2,0,0,0.2,0,NA,"Hare",NA,1,0,1,0,885.368743,"West","20F","Tussock Tundra (Low shrub or Herbaceous)","Black Spruce Woodland","Clay Loam","Mesic",0,132.401993,119,2.284806,-150.140609,66.023021,0.661112645235455,1.93694626993534,"72-3-D-SAGL_1999",15.5285968780518,-7.06647656361262,122.473773956299,49.1449236869812,13.1000003814697,-6.84999986489614,7.70000012715658,18.5000006357829,42.9000010490417,1.20000002533197,112.559998512268,252.189996182919,184.5,3,"20F_1999",0.375
"5738","72-4-B-SAPU",1999,0.04875,0.320918598302717,28,1971,2,"72-4","SAPU",111,93,14,0,13,0,0,0,0,0,0,NA,NA,NA,0,0,0,0,844.255779,"West","20F","Tussock Tundra (Low shrub or Herbaceous)","Low Shrub-Tussock Tundra","Clay Loam","Mesic",0,132.260803,156,1.029158,-150.139994,66.023305,0.0105627476486496,1.01061873040454,"72-4-B-SAPU_1999",15.5285968780518,-7.06647656361262,122.473773956299,49.1449236869812,13.1000003814697,-6.84999986489614,7.70000012715658,18.5000006357829,42.9000010490417,1.20000002533197,112.559998512268,252.189996182919,184.5,3,"20F_1999",0.375
"5739","147-1-A-SAPU",1998,0.466333333333333,21.0597971855167,10,1988,9,"147-1","SAPU",191,167,22,11,73,23,0,0,0.315068493,0,0,"Moose",NA,NA,1,1,0,0,984.758365,"West","24A","Low Shrub","Tall Shrub","Clay Loam","Mesic - Hydric",0,426.634277,145,7.907337,-150.485282,66.911769,2.2062759101881,9.08183178032499,"147-1-A-SAPU_1998",13.3030090332031,-4.10682867467403,366.361083984375,37,11.7333335876465,-5.30000023047129,7.5,16.0000003178914,20.8000005483627,1.08333336624006,94.659997344017,247.50999718532,252.500011444092,3,"24A_1998",0.89
"5740","147-2-B-SAPU",1998,0.50675,9.10187387590959,6,1992,9,"147-2","SAPU",104,97,14,31,12,5,0,0,0.416666667,0,0,"Moose",NA,NA,1,2,1,0,986.173835,"West","24A","Low Shrub","Tall Shrub","Clay Loam","Mesic - Hydric",0,428.943481,147,8.698308,-150.484958,66.912025,0.380973467833759,1.46370876953013,"147-2-B-SAPU_1998",13.3030090332031,-4.10682867467403,366.361083984375,37,11.7333335876465,-5.30000023047129,7.5,16.0000003178914,20.8000005483627,1.08333336624006,94.659997344017,247.50999718532,252.500011444092,3,"24A_1998",0.89
"5741","147-3-B-SAPU",1998,0.1955,3.00918159182445,9,1989,9,"147-3","SAPU",167,149,20,7,58,18,0,0,0.310344828,0,0,"Moose",NA,NA,1,2,1,0,952.272152,"West","24A","White Spruce or Black Spruce (Woodland)","Black Spruce Woodland","Clay Loam","Mesic - Hydric",0,425.583191,170,6.572863,-150.484233,66.911912,0.0571244248295621,1.05878754165942,"147-3-B-SAPU_1998",13.3030090332031,-4.10682867467403,366.361083984375,37,11.7333335876465,-5.30000023047129,7.5,16.0000003178914,20.8000005483627,1.08333336624006,94.659997344017,247.50999718532,252.500011444092,3,"24A_1998",0.89
"5742","147-4-A-SAPU",1998,0.4425,12.1714999067387,7,1991,9,"147-4","SAPU",124,110,21,14,47,16,0,0,0.340425532,0,0,"Moose",NA,NA,1,0,1,0,956.341518,"West","24A","Tall Shrub (Open-Closed)","Tall Shrub","Clay Loam","Mesic - Hydric",0,428.39856,129,7.52786,-150.483929,66.912191,0.969259065525571,2.6359906392783,"147-4-A-SAPU_1998",13.3030090332031,-4.10682867467403,366.361083984375,37,11.7333335876465,-5.30000023047129,7.5,16.0000003178914,20.8000005483627,1.08333336624006,94.659997344017,247.50999718532,252.500011444092,3,"24A_1998",0.89
"5743","147-4-C-SAPU",1998,0.064,0.616254814928175,12,1986,9,"147-4","SAPU",113,101,16,9,12,5,0,0,0.416666667,0,0,"Moose",NA,NA,1,0,1,0,956.341518,"West","24A","Tall Shrub (Open-Closed)","Tall Shrub","Clay Loam","Mesic - Hydric",0,428.39856,129,7.52786,-150.483929,66.912191,-0.973117283494306,0.377903168754815,"147-4-C-SAPU_1998",13.3030090332031,-4.10682867467403,366.361083984375,37,11.7333335876465,-5.30000023047129,7.5,16.0000003178914,20.8000005483627,1.08333336624006,94.659997344017,247.50999718532,252.500011444092,3,"24A_1998",0.89
"5744","184-2-D-SAPU",1998,0.10025,3.12921144059247,7,1991,13,"184-2","SAPU",172,139,22,0,38,6,3,0,0.157894737,0.078947368,0,"Moose","Hare",NA,1,1,0,0,706.210196,"East","24A","White Spruce or Black Spruce (Open-Closed)","Tall Shrub","Clay Loam","Mesic",0,429.192566,258,16.706417,-150.109279,67.369156,-0.389057043221565,0.677695610970473,"184-2-D-SAPU_1998",13.4333333969116,-4.21741886933645,234.097290039062,30.7743203639984,11.7000001271566,-5.60000014305115,7.50000015894572,15.9666668574015,26.5000002384186,1.20833334699273,91.5099971294403,247.829996421933,210.800006866455,3,"24A_1998",0.89
"5745","191-4-A-SAPU",1998,0.4895,13.3443428381217,7,1991,14,"191-4","SAPU",109,85,19,16,39,13,0,0,0.333333333,0,0,"Moose",NA,NA,1,1,0,0,1634.196324,"East","24A","Low Shrub","Low Shrub","Clay Loam","Mesic",0,497.007599,303,3.553675,-149.85875,67.475963,1.06125445747214,2.88999409096118,"191-4-A-SAPU_1998",12.7438650131226,-4.46591431895892,232.097290039062,33.9548642635345,9.93333355585734,-6.89166669050852,5.86666679382324,14.0000003178914,13.1000000238419,1.00833336015542,74.8799984455109,263.889997720718,203.300003051758,3,"24A_1998",0.89
"5746","203-3-D-SAPU",1998,0.21775,4.46072639943128,10,1988,15,"203-3","SAPU",117,104,18,17,39,2,3,0,0.051282051,0.076923077,0,"Moose","Hare",NA,1,0,1,0,922.335664,"East","24A","Low Shrub","Low Shrub","Loam","Mesic",0,556.241272,305,23.609533,-149.79364,67.571701,0.654221656443748,1.92364467809549,"203-3-D-SAPU_1998",13.1000000635783,-4.54999977350235,183,33,9.13333336512248,-7.79166678587596,5.03333338101705,13.3000005086263,12.1000002622604,0.933333344757557,64.0899977087975,272.559997081757,150.900001525879,3,"24A_1998",0.89
"5747","203-4-C-SAPU",1998,0.218,2.66002419890632,6,1992,15,"203-4","SAPU",75,68,9,10,9,1,0,0,0.111111111,0,0,"Moose",NA,NA,1,1,1,0,951.384807,"East","24A","Low Shrub","Low Shrub","Loam","Mesic",0,569.135193,316,29.227108,-149.792864,67.571712,-0.849171624834539,0.427769138551422,"203-4-C-SAPU_1998",13.1000000635783,-4.54999977350235,183,33,9.13333336512248,-7.79166678587596,5.03333338101705,13.3000005086263,12.1000002622604,0.933333344757557,64.0899977087975,272.559997081757,150.900001525879,3,"24A_1998",0.89
"5748","209-1-D-SAPU",1998,0.23275,2.99300769109607,9,1989,16,"209-1","SAPU",53,47,13,0,9,1,0,0,0.111111111,0,0,"Moose",NA,NA,1,0,1,0,698.873831,"East","24A","Low Shrub","Black Spruce Woodland","Sandy Loam","Mesic - Xeric",0,553.345276,287,19.679848,-149.692986,67.655886,0.0517350780050478,1.05309671707184,"209-1-D-SAPU_1998",12.390972773234,-4.96547983090083,166.954864501953,34.0451354980469,9.13333336512248,-7.79166678587596,5.03333338101705,13.3000005086263,12.1000002622604,0.933333344757557,64.0899977087975,272.559997081757,150.900001525879,3,"24A_1998",0.89
"5749","209-2-D-SAPU",1998,0.042,0.313241920304132,21,1977,16,"209-2","SAPU",53,41,8,0,11,0,0,0,0,0,0,NA,NA,NA,0,0,0,0,728.528855,"East","24A","Low Shrub","Black Spruce Woodland","Sandy Loam","Mesic - Xeric",0,561.911133,287,21.070175,-149.692261,67.656,-0.569170132607723,0.565994944607494,"209-2-D-SAPU_1998",12.390972773234,-4.96547983090083,166.954864501953,34.0451354980469,9.13333336512248,-7.79166678587596,5.03333338101705,13.3000005086263,12.1000002622604,0.933333344757557,64.0899977087975,272.559997081757,150.900001525879,3,"24A_1998",0.89
"5750","209-3-A-SAPU",1998,0.32075,4.89146192148426,6,1992,16,"209-3","SAPU",74,55,12,0,9,0,0,0,0,0,0,NA,NA,NA,0,0,1,0,711.058695,"East","24A","Low Shrub","Black Spruce Woodland","Sandy Loam","Mesic - Xeric",0,553.430786,276,18.070417,-149.69261,67.656251,-0.240015624664535,0.78661557036613,"209-3-A-SAPU_1998",12.390972773234,-4.96547983090083,166.954864501953,34.0451354980469,9.13333336512248,-7.79166678587596,5.03333338101705,13.3000005086263,12.1000002622604,0.933333344757557,64.0899977087975,272.559997081757,150.900001525879,3,"24A_1998",0.89
"5751","209-3-B-SAPU",1998,0.0255,0.12104713573914,22,1976,16,"209-3","SAPU",59,53,15,0,17,0,1,0,0,0.058823529,0,NA,"Hare",NA,1,0,1,0,711.058695,"East","24A","Low Shrub","Black Spruce Woodland","Sandy Loam","Mesic - Xeric",0,553.430786,276,18.070417,-149.69261,67.656251,-1.43013461403831,0.239276710071482,"209-3-B-SAPU_1998",12.390972773234,-4.96547983090083,166.954864501953,34.0451354980469,9.13333336512248,-7.79166678587596,5.03333338101705,13.3000005086263,12.1000002622604,0.933333344757557,64.0899977087975,272.559997081757,150.900001525879,3,"24A_1998",0.89
"5752","222-4-C-SAGL",1998,0.21875,4.64648916573712,7,1991,17,"222-4","SAGL",71,66,12,8,15,1,4,0,0.066666667,0.266666667,0,"Moose","Hare",NA,1,0,15,0,805.061274,"East","24A","Low Shrub","Low Shrub","Clay Loam","Mesic",0,678.755371,278,16.631924,-149.808355,67.826658,0.00627383618899091,1.00629355792132,"222-4-C-SAGL_1998",11.8666667938232,-5.50833344459534,163,42,9.13333336512248,-7.79166678587596,5.03333338101705,13.3000005086263,12.1000002622604,0.933333344757557,64.0899977087975,272.559997081757,150.900001525879,3,"24A_1998",0.89
"5753","235-3-B-SAPU",1998,0.136,2.83890648460172,8,1990,18,"235-3","SAPU",47,41,14,0,11,0,1,4,0,0.090909091,0.363636364,NA,"Hare","Ptarmagin",1,0,1,0,482.982181,"East","24A","Dwarf Shrub-Lichen","Low Shrub","Sandy Gravel","Mesic",0,817.546387,298,18.704132,-149.726784,68.005244,-0.228566730079789,0.795673200096789,"235-3-B-SAPU_1998",9.69999980926514,-6.73333335916201,161,57,8.00000015894572,-8.88333328068256,4.03333338101705,12.0333334604899,7.40000003576279,0.858333356678486,43.5299990177155,282.149998188019,117.900001525879,3,"24A_1998",0.89
"5754","235-4-C-SAPU",1998,0.08425,1.30268475940637,7,1991,18,"235-4","SAPU",41,39,10,0,15,0,0,0,0,0,0,NA,NA,NA,0,0,0,0,503.848767,"East","24A","Low Shrub","Low Shrub","Sandy Gravel","Mesic",0,825.290771,293,20.728168,-149.726015,68.005351,-1.2654107457017,0.282123391368105,"235-4-C-SAPU_1998",9.69999980926514,-6.73333335916201,161,57,8.00000015894572,-8.88333328068256,4.03333338101705,12.0333334604899,7.40000003576279,0.858333356678486,43.5299990177155,282.149998188019,117.900001525879,3,"24A_1998",0.89
"5755","240-3-D-SAPU",1998,0.438,27.3579815707385,13,1985,19,"240-3","SAPU",167,110,47,0,149,7,11,21,0.046979866,0.073825503,0.140939597,"Moose","Hare","Ptarmagin",1,0,1,3,399.798137,"West","24A","Low Shrub","Low Shrub","Sandy Loam","Mesic",0,1034.808228,93,20.584356,-149.606025,68.07014,2.97455021665759,19.5808141446172,"240-3-D-SAPU_1998",8.65312608083089,-7.2147274663051,195.444343566895,86.6770343780518,8.00000015894572,-8.88333328068256,4.03333338101705,12.0333334604899,7.40000003576279,0.858333356678486,43.5299990177155,282.149998188019,117.900001525879,3,"24A_1998",0.89
"5756","240-4-B-SAPU",1998,0.415,12.3687801444116,7,1991,19,"240-4","SAPU",118,104,19,0,27,3,0,5,0.111111111,0,0.185185185,"Moose",NA,"Ptarmagin",1,0,2,0,431.079046,"West","24A","Low Shrub","Low Shrub","Sandy Loam","Mesic",0,1046.807861,94,24.616484,-149.606605,68.070368,0.985337487389205,2.67871576467822,"240-4-B-SAPU_1998",8.65312608083089,-7.2147274663051,195.444343566895,86.6770343780518,8.00000015894572,-8.88333328068256,4.03333338101705,12.0333334604899,7.40000003576279,0.858333356678486,43.5299990177155,282.149998188019,117.900001525879,3,"24A_1998",0.89
"5757","255-1-C-SAGL",1998,0.27975,8.40739968709236,9,1989,20,"255-1","SAGL",69,56,17,0,31,0,0,20,0,0,0.64516129,NA,NA,"Ptarmagin",1,0,0,0,585.543915,"East","26B","Low Shrub","Low Shrub","Sandy Gravel","Mesic - Xeric",0,991.483582,331,1.701594,-149.392735,68.222633,1.08456851264444,2.95816313333477,"255-1-C-SAGL_1998",9.10451364517212,-7.57838525560995,186.729187011719,102.045135498047,6.33333333333333,-10.2500002582868,2.46666673819224,10.266666730245,4.10000002384186,0.775000005339583,33.2399991750717,296.57999753952,113.60000038147,3,"26B_1998",0.27
"5758","255-4-A-SAPU",1998,0.02425,0.354006244829413,12,1986,20,"255-4","SAPU",72,61,14,0,18,0,2,3,0,0.111111111,0.166666667,NA,"Hare","Ptarmagin",1,0,0,2,644.564014,"East","26B","Low Shrub","Low Shrub","Sandy Gravel","Mesic - Xeric",0,993.003235,239,7.430982,-149.391619,68.223199,-1.52746326835232,0.217085657489946,"255-4-A-SAPU_1998",9.10451364517212,-7.57838525560995,186.729187011719,102.045135498047,6.33333333333333,-10.2500002582868,2.46666673819224,10.266666730245,4.10000002384186,0.775000005339583,33.2399991750717,296.57999753952,113.60000038147,3,"26B_1998",0.27
"5759","261-2-C-SAPU",1998,0.21675,3.28196156589622,29,1969,21,"261-2","SAPU",91,67,27,0,29,0,0,3,0,0,0.103448276,NA,NA,"Ptarmagin",1,0,0,1,388.99561,"East","26B","Dwarf Shrub-Lichen","Low Shrub","Sandy Loam","Mesic",0,888.892761,295,13.025289,-149.351465,68.301786,2.40333400959343,11.059989089307,"261-2-C-SAPU_1998",9.3294989267985,-7.6982301188012,192.862209320068,101.304681777954,6.33333333333333,-10.2500002582868,2.46666673819224,10.266666730245,4.10000002384186,0.775000005339583,33.2399991750717,296.57999753952,113.60000038147,3,"26B_1998",0.27
"5760","261-2-D-SAPU",1998,0.750333333333333,37.2562047642794,8,1990,21,"261-2","SAPU",122,71,29,0,41,2,0,11,0.048780488,0,0.268292683,"Moose",NA,"Ptarmagin",1,0,0,1,388.99561,"East","26B","Dwarf Shrub-Lichen","Low Shrub","Sandy Loam","Mesic",0,888.892761,295,13.025289,-149.351465,68.301786,2.34583283433479,10.4419655346323,"261-2-D-SAPU_1998",9.3294989267985,-7.6982301188012,192.862209320068,101.304681777954,6.33333333333333,-10.2500002582868,2.46666673819224,10.266666730245,4.10000002384186,0.775000005339583,33.2399991750717,296.57999753952,113.60000038147,3,"26B_1998",0.27
"5761","268-3-B-SAPU",1998,0.12175,2.64405018201052,20,1978,22,"268-3","SAPU",106,41,14,0,42,0,0,4,0,0,0.095238095,NA,NA,"Ptarmagin",1,0,0,0,206.549982,"West","26B","Low Shrub","Low Shrub","Sandy Gravel","Mesic",0,819.661011,150,1.610195,-149.326989,68.400547,1.46970623704624,4.34795768454501,"268-3-B-SAPU_1998",10.3984953562419,-7.06059019267559,190.864593505859,80.9548645019531,6.33333333333333,-10.2500002582868,2.46666673819224,10.266666730245,4.10000002384186,0.775000005339583,33.2399991750717,296.57999753952,113.60000038147,3,"26B_1998",0.27
"5762","282-1-D-SAPU",1998,0.0465,0.737529716134701,7,1991,23,"282-1","SAPU",49,22,10,0,8,0,0,0,0,0,0,NA,NA,NA,0,0,0,0,577.316923,"West","26B","Tussock Tundra (Low shrub or Herbaceous)","Tussock Tundra","Clay Loam","Mesic",0,826.622314,26,2.82316,-149.530032,68.582817,-1.8342869786354,0.159727350188312,"282-1-D-SAPU_1998",10.8999999364217,-6.71666675806046,163,52,10.7333335876465,-6.6666667064031,6.50000031789144,15.0000003178914,14.0000002384186,1.03333336735765,44.3199986219406,256.629999220371,70.8000030517578,3,"26B_1998",0.27
"5763","282-2-B-SAPU",1998,0.10925,1.55057762552501,8,1990,23,"282-2","SAPU",68,29,11,0,18,0,0,0,0,0,0,NA,NA,NA,0,0,0,0,604.079816,"West","26B","Low Shrub","Low Shrub-Tussock Tundra","Clay Loam","Mesic",0,826.41803,354,3.355184,-149.530916,68.583004,-0.833358144333432,0.434587425824649,"282-2-B-SAPU_1998",10.8999999364217,-6.71666675806046,163,52,10.7333335876465,-6.6666667064031,6.50000031789144,15.0000003178914,14.0000002384186,1.03333336735765,44.3199986219406,256.629999220371,70.8000030517578,3,"26B_1998",0.27
"5764","282-3-D-SAPU",1998,0.0946666666666667,0.896574273046945,19,1979,23,"282-3","SAPU",49,26,10,0,9,0,0,0,0,0,0,NA,NA,NA,0,0,0,0,571.732475,"West","26B","Low Shrub","Low Shrub-Tussock Tundra","Clay Loam","Mesic",0,823.876221,27,3.830761,-149.53038,68.583298,0.28917157749413,1.33532081987462,"282-3-D-SAPU_1998",10.8999999364217,-6.71666675806046,163,52,10.7333335876465,-6.6666667064031,6.50000031789144,15.0000003178914,14.0000002384186,1.03333336735765,44.3199986219406,256.629999220371,70.8000030517578,3,"26B_1998",0.27
"5765","282-4-D-SAPU",1998,0.06,0.539003051576397,21,1977,23,"282-4","SAPU",59,31,18,0,12,0,0,0,0,0,0,NA,NA,NA,0,0,0,0,597.547448,"West","26B","Tussock Tundra (Low shrub or Herbaceous)","Low Shrub-Tussock Tundra","Clay Loam","Mesic",0,823.620117,358,4.137664,-149.531178,68.583423,-0.0264247004832405,0.97392137688357,"282-4-D-SAPU_1998",10.8999999364217,-6.71666675806046,163,52,10.7333335876465,-6.6666667064031,6.50000031789144,15.0000003178914,14.0000002384186,1.03333336735765,44.3199986219406,256.629999220371,70.8000030517578,3,"26B_1998",0.27
"5766","72-1-D-SAPU",1998,0.0145,0.0453253280096665,22,1976,2,"72-1","SAPU",68,54,18,0,8,0,1,0,0,0.125,0,NA,"Hare",NA,1,0,0,0,895.937772,"West","20F","Tussock Tundra (Low shrub or Herbaceous)","Black Spruce Woodland","Clay Loam","Mesic",0,130.808105,148,1.606934,-150.14017,66.022623,-2.4124486418903,0.0895956381193168,"72-1-D-SAPU_1998",14.6966740290324,-4.1055532147487,179.518909454346,27.0422830581665,12.7333335876465,-4.12500015397867,8.40000025431315,17.1333335240682,22.3000005483627,0.983333364749948,89.7399986982346,238.399997353554,272.800010681152,3,"20F_1998",0.375
"5767","72-2-A-SAGL",1998,0.3015,7.95355598392634,8,1990,2,"72-2","SAGL",129,121,17,0,12,0,0,0,0,0,0,NA,NA,NA,0,0,0,0,855.94066,"West","20F","Tussock Tundra (Low shrub or Herbaceous)","Black Spruce Woodland","Clay Loam","Mesic",0,131.055786,179,2.125059,-150.13956,66.022889,0.801633454763401,2.22917921960627,"72-2-A-SAGL_1998",14.6966740290324,-4.1055532147487,179.518909454346,27.0422830581665,12.7333335876465,-4.12500015397867,8.40000025431315,17.1333335240682,22.3000005483627,0.983333364749948,89.7399986982346,238.399997353554,272.800010681152,3,"20F_1998",0.375
"5768","72-2-D-SAPU",1998,0.152666666666667,4.06810705742085,9,1989,2,"72-2","SAPU",79,60,21,0,11,0,0,0,0,0,0,NA,NA,NA,0,0,0,0,855.94066,"West","20F","Tussock Tundra (Low shrub or Herbaceous)","Black Spruce Woodland","Clay Loam","Mesic",0,131.055786,179,2.125059,-150.13956,66.022889,0.358634074249948,1.43137292951553,"72-2-D-SAPU_1998",14.6966740290324,-4.1055532147487,179.518909454346,27.0422830581665,12.7333335876465,-4.12500015397867,8.40000025431315,17.1333335240682,22.3000005483627,0.983333364749948,89.7399986982346,238.399997353554,272.800010681152,3,"20F_1998",0.375
"5769","72-3-B-SAPU",1998,0.1885,3.93066255340112,10,1988,2,"72-3","SAPU",75,59,20,4,12,0,0,0,0,0,0,NA,NA,NA,0,0,1,0,885.368743,"West","20F","Tussock Tundra (Low shrub or Herbaceous)","Black Spruce Woodland","Clay Loam","Mesic",0,132.401993,119,2.284806,-150.140609,66.023021,0.52771803416937,1.69505982326182,"72-3-B-SAPU_1998",14.6966740290324,-4.1055532147487,179.518909454346,27.0422830581665,12.7333335876465,-4.12500015397867,8.40000025431315,17.1333335240682,22.3000005483627,0.983333364749948,89.7399986982346,238.399997353554,272.800010681152,3,"20F_1998",0.375
"5770","72-3-D-SAGL",1998,0.277,6.37088914928985,11,1987,2,"72-3","SAGL",128,109,19,9,10,0,2,0,0,0.2,0,NA,"Hare",NA,1,0,1,0,885.368743,"West","20F","Tussock Tundra (Low shrub or Herbaceous)","Black Spruce Woodland","Clay Loam","Mesic",0,132.401993,119,2.284806,-150.140609,66.023021,1.19469538554801,3.30255161231475,"72-3-D-SAGL_1998",14.6966740290324,-4.1055532147487,179.518909454346,27.0422830581665,12.7333335876465,-4.12500015397867,8.40000025431315,17.1333335240682,22.3000005483627,0.983333364749948,89.7399986982346,238.399997353554,272.800010681152,3,"20F_1998",0.375
"5771","72-4-B-SAPU",1998,0.04525,0.311241053033031,27,1971,2,"72-4","SAPU",111,93,14,0,13,0,0,0,0,0,0,NA,NA,NA,0,0,0,0,844.255779,"West","20F","Tussock Tundra (Low shrub or Herbaceous)","Low Shrub-Tussock Tundra","Clay Loam","Mesic",0,132.260803,156,1.029158,-150.139994,66.023305,-0.0902838712749703,0.913671783280559,"72-4-B-SAPU_1998",14.6966740290324,-4.1055532147487,179.518909454346,27.0422830581665,12.7333335876465,-4.12500015397867,8.40000025431315,17.1333335240682,22.3000005483627,0.983333364749948,89.7399986982346,238.399997353554,272.800010681152,3,"20F_1998",0.375
"5772","147-1-A-SAPU",1997,0.666333333333333,32.4629399435627,9,1988,9,"147-1","SAPU",191,167,22,11,73,23,0,0,0.315068493,0,0,"Moose",NA,NA,1,1,0,0,984.758365,"West","24A","Low Shrub","Tall Shrub","Clay Loam","Mesic - Hydric",0,426.634277,145,7.907337,-150.485282,66.911769,2.43555540870252,11.422160919522,"147-1-A-SAPU_1997",13.8333333333333,-5.48333319028219,169.225677490234,110.135406494141,12.1666669845581,-6.3666668732961,7.09999990463257,17.3000008265177,36.2000005245209,1.149999997889,87.3299979269505,255.729999542236,123.60000038147,2,"24A_1997",0.93
"5773","147-3-B-SAPU",1997,0.38725,6.66960532691148,8,1989,9,"147-3","SAPU",167,149,20,7,58,18,0,0,0.310344828,0,0,"Moose",NA,NA,1,2,1,0,952.272152,"West","24A","White Spruce or Black Spruce (Woodland)","Black Spruce Woodland","Clay Loam","Mesic - Hydric",0,425.583191,170,6.572863,-150.484233,66.911912,0.62557501932672,1.86932054388919,"147-3-B-SAPU_1997",13.8333333333333,-5.48333319028219,169.225677490234,110.135406494141,12.1666669845581,-6.3666668732961,7.09999990463257,17.3000008265177,36.2000005245209,1.149999997889,87.3299979269505,255.729999542236,123.60000038147,2,"24A_1997",0.93
"5774","147-4-A-SAPU",1997,0.4035,12.171174751899,6,1991,9,"147-4","SAPU",124,110,21,14,47,16,0,0,0.340425532,0,0,"Moose",NA,NA,1,0,1,0,956.341518,"West","24A","Tall Shrub (Open-Closed)","Tall Shrub","Clay Loam","Mesic - Hydric",0,428.39856,129,7.52786,-150.483929,66.912191,0.671563585925326,1.95729532871141,"147-4-A-SAPU_1997",13.8333333333333,-5.48333319028219,169.225677490234,110.135406494141,12.1666669845581,-6.3666668732961,7.09999990463257,17.3000008265177,36.2000005245209,1.149999997889,87.3299979269505,255.729999542236,123.60000038147,2,"24A_1997",0.93
"5775","147-4-C-SAPU",1997,0.061,0.611322514462037,11,1986,9,"147-4","SAPU",113,101,16,9,12,5,0,0,0.416666667,0,0,"Moose",NA,NA,1,0,1,0,956.341518,"West","24A","Tall Shrub (Open-Closed)","Tall Shrub","Clay Loam","Mesic - Hydric",0,428.39856,129,7.52786,-150.483929,66.912191,-1.14917427033377,0.316898333728809,"147-4-C-SAPU_1997",13.8333333333333,-5.48333319028219,169.225677490234,110.135406494141,12.1666669845581,-6.3666668732961,7.09999990463257,17.3000008265177,36.2000005245209,1.149999997889,87.3299979269505,255.729999542236,123.60000038147,2,"24A_1997",0.93
"5776","184-2-D-SAPU",1997,0.46925,15.4867592131702,6,1991,13,"184-2","SAPU",172,139,22,0,38,6,3,0,0.157894737,0.078947368,0,"Moose","Hare",NA,1,1,0,0,706.210196,"East","24A","White Spruce or Black Spruce (Open-Closed)","Tall Shrub","Clay Loam","Mesic",0,429.192566,258,16.706417,-150.109279,67.369156,0.912478569619039,2.49048773702695,"184-2-D-SAPU_1997",13.7303241093953,-5.7511283159256,123.593780517578,82.5035078525543,12.0666669209798,-6.68333367506663,7.10000006357829,17.0999997456868,35.5000006258488,1.20833334947626,82.7999988980591,256.10000038147,113.900001525879,2,"24A_1997",0.93
"5777","191-4-A-SAPU",1997,0.3675,11.0079168197021,6,1991,14,"191-4","SAPU",109,85,19,16,39,13,0,0,0.333333333,0,0,"Moose",NA,NA,1,1,0,0,1634.196324,"East","24A","Low Shrub","Low Shrub","Clay Loam","Mesic",0,497.007599,303,3.553675,-149.85875,67.475963,0.571107879892731,1.77022716452945,"191-4-A-SAPU_1997",12.9453694025675,-6.01629062493642,125.548645019531,79.774322271347,10.2333335876465,-8.14999989668528,5.39999993642171,15.0666666030884,14.200000166893,1.04166667287548,61.6899991482496,270.720000267029,112,2,"24A_1997",0.93
"5778","203-3-D-SAPU",1997,0.1165,2.5088994551017,9,1988,15,"203-3","SAPU",117,104,18,17,39,2,3,0,0.051282051,0.076923077,0,"Moose","Hare",NA,1,0,1,0,922.335664,"East","24A","Low Shrub","Low Shrub","Loam","Mesic",0,556.241272,305,23.609533,-149.79364,67.571701,-0.124699527669565,0.882762108327015,"203-3-D-SAPU_1997",13.1999998092651,-6.13333340485891,102,71,9.30000019073486,-9.11666692296664,4.60000014305115,14.1000003814697,9.60000011324883,1.04999999826153,49.9599997252226,277.179997444153,92.5,2,"24A_1997",0.93
"5779","209-1-D-SAPU",1997,0.27275,3.9405281360811,8,1989,16,"209-1","SAPU",53,47,13,0,9,1,0,0,0.111111111,0,0,"Moose",NA,NA,1,0,1,0,698.873831,"East","24A","Low Shrub","Black Spruce Woodland","Sandy Loam","Mesic - Xeric",0,553.345276,287,19.679848,-149.692986,67.655886,0.0993290915447609,1.10442969823536,"209-1-D-SAPU_1997",12.5228017171224,-6.59085587660472,94.9097290039062,68,9.30000019073486,-9.11666692296664,4.60000014305115,14.1000003814697,9.60000011324883,1.04999999826153,49.9599997252226,277.179997444153,92.5,2,"24A_1997",0.93
"5780","209-2-D-SAPU",1997,0.04775,0.369589722488458,20,1977,16,"209-2","SAPU",53,41,8,0,11,0,0,0,0,0,0,NA,NA,NA,0,0,0,0,728.528855,"East","24A","Low Shrub","Black Spruce Woodland","Sandy Loam","Mesic - Xeric",0,561.911133,287,21.070175,-149.692261,67.656,-0.497967411064671,0.607764740985598,"209-2-D-SAPU_1997",12.5228017171224,-6.59085587660472,94.9097290039062,68,9.30000019073486,-9.11666692296664,4.60000014305115,14.1000003814697,9.60000011324883,1.04999999826153,49.9599997252226,277.179997444153,92.5,2,"24A_1997",0.93
"5781","209-3-B-SAPU",1997,0.044,0.218472636315941,21,1976,16,"209-3","SAPU",59,53,15,0,17,0,1,0,0,0.058823529,0,NA,"Hare",NA,1,0,1,0,711.058695,"East","24A","Low Shrub","Black Spruce Woodland","Sandy Loam","Mesic - Xeric",0,553.430786,276,18.070417,-149.69261,67.656251,-0.929485160486772,0.394756894510915,"209-3-B-SAPU_1997",12.5228017171224,-6.59085587660472,94.9097290039062,68,9.30000019073486,-9.11666692296664,4.60000014305115,14.1000003814697,9.60000011324883,1.04999999826153,49.9599997252226,277.179997444153,92.5,2,"24A_1997",0.93
"5782","222-4-C-SAGL",1997,0.17275,3.8818698888496,6,1991,17,"222-4","SAGL",71,66,12,8,15,1,4,0,0.066666667,0.266666667,0,"Moose","Hare",NA,1,0,15,0,805.061274,"East","24A","Low Shrub","Low Shrub","Clay Loam","Mesic",0,678.755371,278,16.631924,-149.808355,67.826658,-0.471189877259932,0.624259034562407,"222-4-C-SAGL_1997",11.9000002543132,-7.17499985297521,97,70,9.30000019073486,-9.11666692296664,4.60000014305115,14.1000003814697,9.60000011324883,1.04999999826153,49.9599997252226,277.179997444153,92.5,2,"24A_1997",0.93
"5783","235-3-B-SAPU",1997,0.0855,1.84424997614132,7,1990,18,"235-3","SAPU",47,41,14,0,11,0,1,4,0,0.090909091,0.363636364,NA,"Hare","Ptarmagin",1,0,1,0,482.982181,"East","24A","Dwarf Shrub-Lichen","Low Shrub","Sandy Gravel","Mesic",0,817.546387,298,18.704132,-149.726784,68.005244,-0.917765402274015,0.399410566556899,"235-3-B-SAPU_1997",9.60000006357829,-8.49999992052714,105,83,8.06666692097982,-10.3083335980773,3.53333346048991,12.6666669845581,5.09999996423721,0.950000026573737,40.429998934269,286.879997730255,80.3000030517578,2,"24A_1997",0.93
"5784","235-4-C-SAPU",1997,0.12275,1.97780241778761,6,1991,18,"235-4","SAPU",41,39,10,0,15,0,0,0,0,0,0,NA,NA,NA,0,0,0,0,503.848767,"East","24A","Low Shrub","Low Shrub","Sandy Gravel","Mesic",0,825.290771,293,20.728168,-149.726015,68.005351,-1.14552050660382,0.318058323239984,"235-4-C-SAPU_1997",9.60000006357829,-8.49999992052714,105,83,8.06666692097982,-10.3083335980773,3.53333346048991,12.6666669845581,5.09999996423721,0.950000026573737,40.429998934269,286.879997730255,80.3000030517578,2,"24A_1997",0.93
"5785","240-3-D-SAPU",1997,0.556,36.4646418594054,12,1985,19,"240-3","SAPU",167,110,47,0,149,7,11,21,0.046979866,0.073825503,0.140939597,"Moose","Hare","Ptarmagin",1,0,1,3,399.798137,"West","24A","Low Shrub","Low Shrub","Sandy Loam","Mesic",0,1034.808228,93,20.584356,-149.606025,68.07014,3.1073205317896,22.3610483396951,"240-3-D-SAPU_1997",8.51828829447428,-9.00752262507255,130.992990493774,116.812440872192,8.06666692097982,-10.3083335980773,3.53333346048991,12.6666669845581,5.09999996423721,0.950000026573737,40.429998934269,286.879997730255,80.3000030517578,2,"24A_1997",0.93
"5786","240-4-B-SAPU",1997,0.41525,13.4593308233798,6,1991,19,"240-4","SAPU",118,104,19,0,27,3,0,5,0.111111111,0,0.185185185,"Moose",NA,"Ptarmagin",1,0,2,0,431.079046,"West","24A","Low Shrub","Low Shrub","Sandy Loam","Mesic",0,1046.807861,94,24.616484,-149.606605,68.070368,0.772165762115695,2.16444886259417,"240-4-B-SAPU_1997",8.51828829447428,-9.00752262507255,130.992990493774,116.812440872192,8.06666692097982,-10.3083335980773,3.53333346048991,12.6666669845581,5.09999996423721,0.950000026573737,40.429998934269,286.879997730255,80.3000030517578,2,"24A_1997",0.93
"5787","255-1-C-SAGL",1997,0.2725,8.66228593480739,8,1989,20,"255-1","SAGL",69,56,17,0,31,0,0,20,0,0,0.64516129,NA,NA,"Ptarmagin",1,0,0,0,585.543915,"East","26B","Low Shrub","Low Shrub","Sandy Gravel","Mesic - Xeric",0,991.483582,331,1.701594,-149.392735,68.222633,0.886992985027607,2.42781817833233,"255-1-C-SAGL_1997",8.83784675598145,-9.44618027408918,134.909729003906,122.909729003906,6.10000006357829,-11.9000001586974,1.66666666666667,10.5333334604899,1.60000002384186,0.850000016391277,30.1499997377396,304.329998970032,79.5000019073486,2,"26B_1997",0.4
"5788","255-4-A-SAPU",1997,0.09825,1.47208375497783,11,1986,20,"255-4","SAPU",72,61,14,0,18,0,2,3,0,0.111111111,0.166666667,NA,"Hare","Ptarmagin",1,0,0,2,644.564014,"East","26B","Low Shrub","Low Shrub","Sandy Gravel","Mesic - Xeric",0,993.003235,239,7.430982,-149.391619,68.223199,-0.270364740720973,0.763101109521938,"255-4-A-SAPU_1997",8.83784675598145,-9.44618027408918,134.909729003906,122.909729003906,6.10000006357829,-11.9000001586974,1.66666666666667,10.5333334604899,1.60000002384186,0.850000016391277,30.1499997377396,304.329998970032,79.5000019073486,2,"26B_1997",0.4
"5789","261-2-C-SAPU",1997,0.14425,2.34778503570731,28,1969,21,"261-2","SAPU",91,67,27,0,29,0,0,3,0,0,0.103448276,NA,NA,"Ptarmagin",1,0,0,1,388.99561,"East","26B","Dwarf Shrub-Lichen","Low Shrub","Sandy Loam","Mesic",0,888.892761,295,13.025289,-149.351465,68.301786,2.00060286919254,7.39351207626544,"261-2-C-SAPU_1997",8.99827226003011,-9.60709052284559,146.241472244263,121.115051269531,6.10000006357829,-11.9000001586974,1.66666666666667,10.5333334604899,1.60000002384186,0.850000016391277,30.1499997377396,304.329998970032,79.5000019073486,2,"26B_1997",0.4
"5790","261-2-D-SAPU",1997,0.534333333333333,28.6876982938036,7,1990,21,"261-2","SAPU",122,71,29,0,41,2,0,11,0.048780488,0,0.268292683,"Moose",NA,"Ptarmagin",1,0,0,1,388.99561,"East","26B","Dwarf Shrub-Lichen","Low Shrub","Sandy Loam","Mesic",0,888.892761,295,13.025289,-149.351465,68.301786,1.82663031987968,6.21291580695322,"261-2-D-SAPU_1997",8.99827226003011,-9.60709052284559,146.241472244263,121.115051269531,6.10000006357829,-11.9000001586974,1.66666666666667,10.5333334604899,1.60000002384186,0.850000016391277,30.1499997377396,304.329998970032,79.5000019073486,2,"26B_1997",0.4
"5791","268-3-B-SAPU",1997,0.06325,1.41036363300633,19,1978,22,"268-3","SAPU",106,41,14,0,42,0,0,4,0,0,0.095238095,NA,NA,"Ptarmagin",1,0,0,0,206.549982,"West","26B","Low Shrub","Low Shrub","Sandy Gravel","Mesic",0,819.661011,150,1.610195,-149.326989,68.400547,0.742193285959039,2.10053754536937,"268-3-B-SAPU_1997",10.0621528625488,-9.0037615125378,153,100.954864501953,6.10000006357829,-11.9000001586974,1.66666666666667,10.5333334604899,1.60000002384186,0.850000016391277,30.1499997377396,304.329998970032,79.5000019073486,2,"26B_1997",0.4
"5792","282-1-D-SAPU",1997,0.0405,0.653433993187085,6,1991,23,"282-1","SAPU",49,22,10,0,8,0,0,0,0,0,0,NA,NA,NA,0,0,0,0,577.316923,"West","26B","Tussock Tundra (Low shrub or Herbaceous)","Tussock Tundra","Clay Loam","Mesic",0,826.622314,26,2.82316,-149.530032,68.582817,-2.25302060100868,0.105081335906937,"282-1-D-SAPU_1997",10.4666665395101,-8.74166682735085,146,76,10.4666668574015,-8.35833339889844,5.90000009536743,15.0666666030884,14.2000002861023,1.05833334972461,43.7399988174438,264.039999246597,75.3999996185303,2,"26B_1997",0.4
"5793","282-2-B-SAPU",1997,0.067,0.988024606368678,7,1990,23,"282-2","SAPU",68,29,11,0,18,0,0,0,0,0,0,NA,NA,NA,0,0,0,0,604.079816,"West","26B","Low Shrub","Low Shrub-Tussock Tundra","Clay Loam","Mesic",0,826.41803,354,3.355184,-149.530916,68.583004,-1.54188575643244,0.213977211824365,"282-2-B-SAPU_1997",10.4666665395101,-8.74166682735085,146,76,10.4666668574015,-8.35833339889844,5.90000009536743,15.0666666030884,14.2000002861023,1.05833334972461,43.7399988174438,264.039999246597,75.3999996185303,2,"26B_1997",0.4
"5794","282-3-D-SAPU",1997,0.12,1.21742998763239,18,1979,23,"282-3","SAPU",49,26,10,0,9,0,0,0,0,0,0,NA,NA,NA,0,0,0,0,571.732475,"West","26B","Low Shrub","Low Shrub-Tussock Tundra","Clay Loam","Mesic",0,823.876221,27,3.830761,-149.53038,68.583298,0.490682650550094,1.63343090194671,"282-3-D-SAPU_1997",10.4666665395101,-8.74166682735085,146,76,10.4666668574015,-8.35833339889844,5.90000009536743,15.0666666030884,14.2000002861023,1.05833334972461,43.7399988174438,264.039999246597,75.3999996185303,2,"26B_1997",0.4
"5795","282-4-D-SAPU",1997,0.073,0.686288769158329,20,1977,23,"282-4","SAPU",59,31,18,0,12,0,0,0,0,0,0,NA,NA,NA,0,0,0,0,597.547448,"West","26B","Tussock Tundra (Low shrub or Herbaceous)","Low Shrub-Tussock Tundra","Clay Loam","Mesic",0,823.620117,358,4.137664,-149.531178,68.583423,0.120937542122188,1.1285544230518,"282-4-D-SAPU_1997",10.4666665395101,-8.74166682735085,146,76,10.4666668574015,-8.35833339889844,5.90000009536743,15.0666666030884,14.2000002861023,1.05833334972461,43.7399988174438,264.039999246597,75.3999996185303,2,"26B_1997",0.4
"5796","72-1-D-SAPU",1997,0.01375,0.0442012268883053,21,1976,2,"72-1","SAPU",68,54,18,0,8,0,1,0,0,0.125,0,NA,"Hare",NA,1,0,0,0,895.937772,"West","20F","Tussock Tundra (Low shrub or Herbaceous)","Black Spruce Woodland","Clay Loam","Mesic",0,130.808105,148,1.606934,-150.14017,66.022623,-2.52739338657559,0.0798669314117969,"72-1-D-SAPU_1997",15.9006973902384,-4.8069630463918,81.313627243042,75.0394296646118,13.4333333969116,-4.97500002384186,8.23333358764648,18.6666673024495,49.6000005602837,1.19166668628653,90.919997997582,246.689997151494,128.500005722046,2,"20F_1997",0.375
"5797","72-2-A-SAGL",1997,0.21975,6.15684753306227,7,1990,2,"72-2","SAGL",129,121,17,0,12,0,0,0,0,0,0,NA,NA,NA,0,0,0,0,855.94066,"West","20F","Tussock Tundra (Low shrub or Herbaceous)","Black Spruce Woodland","Clay Loam","Mesic",0,131.055786,179,2.125059,-150.13956,66.022889,0.287726802316716,1.33339297448711,"72-2-A-SAGL_1997",15.9006973902384,-4.8069630463918,81.313627243042,75.0394296646118,13.4333333969116,-4.97500002384186,8.23333358764648,18.6666673024495,49.6000005602837,1.19166668628653,90.919997997582,246.689997151494,128.500005722046,2,"20F_1997",0.375
"5798","72-2-D-SAPU",1997,0.124,3.41200419405,8,1989,2,"72-2","SAPU",79,60,21,0,11,0,0,0,0,0,0,NA,NA,NA,0,0,0,0,855.94066,"West","20F","Tussock Tundra (Low shrub or Herbaceous)","Black Spruce Woodland","Clay Loam","Mesic",0,131.055786,179,2.125059,-150.13956,66.022889,-0.044685808638107,0.95629789517505,"72-2-D-SAPU_1997",15.9006973902384,-4.8069630463918,81.313627243042,75.0394296646118,13.4333333969116,-4.97500002384186,8.23333358764648,18.6666673024495,49.6000005602837,1.19166668628653,90.919997997582,246.689997151494,128.500005722046,2,"20F_1997",0.375
"5799","72-3-B-SAPU",1997,0.07375,1.59862003848096,9,1988,2,"72-3","SAPU",75,59,20,4,12,0,0,0,0,0,0,NA,NA,NA,0,0,1,0,885.368743,"West","20F","Tussock Tundra (Low shrub or Herbaceous)","Black Spruce Woodland","Clay Loam","Mesic",0,132.401993,119,2.284806,-150.140609,66.023021,-0.5754029394069,0.562478178515152,"72-3-B-SAPU_1997",15.9006973902384,-4.8069630463918,81.313627243042,75.0394296646118,13.4333333969116,-4.97500002384186,8.23333358764648,18.6666673024495,49.6000005602837,1.19166668628653,90.919997997582,246.689997151494,128.500005722046,2,"20F_1997",0.375
"5800","72-3-D-SAGL",1997,0.195,4.77407415213792,10,1987,2,"72-3","SAGL",128,109,19,9,10,0,2,0,0,0.2,0,NA,"Hare",NA,1,0,1,0,885.368743,"West","20F","Tussock Tundra (Low shrub or Herbaceous)","Black Spruce Woodland","Clay Loam","Mesic",0,132.401993,119,2.284806,-150.140609,66.023021,0.722110094138418,2.05877283501723,"72-3-D-SAGL_1997",15.9006973902384,-4.8069630463918,81.313627243042,75.0394296646118,13.4333333969116,-4.97500002384186,8.23333358764648,18.6666673024495,49.6000005602837,1.19166668628653,90.919997997582,246.689997151494,128.500005722046,2,"20F_1997",0.375
"5801","72-4-B-SAPU",1997,0.0335,0.238709467193429,26,1971,2,"72-4","SAPU",111,93,14,0,13,0,0,0,0,0,0,NA,NA,NA,0,0,0,0,844.255779,"West","20F","Tussock Tundra (Low shrub or Herbaceous)","Low Shrub-Tussock Tundra","Clay Loam","Mesic",0,132.260803,156,1.029158,-150.139994,66.023305,-0.428481883517104,0.651497393288652,"72-4-B-SAPU_1997",15.9006973902384,-4.8069630463918,81.313627243042,75.0394296646118,13.4333333969116,-4.97500002384186,8.23333358764648,18.6666673024495,49.6000005602837,1.19166668628653,90.919997997582,246.689997151494,128.500005722046,2,"20F_1997",0.375
"5802","147-1-A-SAPU",1996,0.375666666666667,19.5317784095787,8,1988,9,"147-1","SAPU",191,167,22,11,73,23,0,0,0.315068493,0,0,"Moose",NA,NA,1,1,0,0,984.758365,"West","24A","Low Shrub","Tall Shrub","Clay Loam","Mesic - Hydric",0,426.634277,145,7.907337,-150.485282,66.911769,1.70005713366861,5.47426014735781,"147-1-A-SAPU_1996",12.233333269755,-7.59204277396202,198.270812988281,162.135406494141,10.700000445048,-8.2833334505558,5.53333338101705,15.9666665395101,69.8000016212463,1.04166668715576,111.169996500015,273.649998903275,148.900001525879,1,"24A_1996",0.97
"5803","147-3-B-SAPU",1996,0.53225,10.7044474123956,7,1989,9,"147-3","SAPU",167,149,20,7,58,18,0,0,0.310344828,0,0,"Moose",NA,NA,1,2,1,0,952.272152,"West","24A","White Spruce or Black Spruce (Woodland)","Black Spruce Woodland","Clay Loam","Mesic - Hydric",0,425.583191,170,6.572863,-150.484233,66.911912,0.840821221009763,2.31827000730612,"147-3-B-SAPU_1996",12.233333269755,-7.59204277396202,198.270812988281,162.135406494141,10.700000445048,-8.2833334505558,5.53333338101705,15.9666665395101,69.8000016212463,1.04166668715576,111.169996500015,273.649998903275,148.900001525879,1,"24A_1996",0.97
"5804","147-4-C-SAPU",1996,0.067,0.698394896448933,10,1986,9,"147-4","SAPU",113,101,16,9,12,5,0,0,0.416666667,0,0,"Moose",NA,NA,1,0,1,0,956.341518,"West","24A","Tall Shrub (Open-Closed)","Tall Shrub","Clay Loam","Mesic - Hydric",0,428.39856,129,7.52786,-150.483929,66.912191,-1.20006054812753,0.301175975718736,"147-4-C-SAPU_1996",12.233333269755,-7.59204277396202,198.270812988281,162.135406494141,10.700000445048,-8.2833334505558,5.53333338101705,15.9666665395101,69.8000016212463,1.04166668715576,111.169996500015,273.649998903275,148.900001525879,1,"24A_1996",0.97
"5805","203-3-D-SAPU",1996,0.1315,2.93438733932595,8,1988,15,"203-3","SAPU",117,104,18,17,39,2,3,0,0.051282051,0.076923077,0,"Moose","Hare",NA,1,0,1,0,922.335664,"East","24A","Low Shrub","Low Shrub","Loam","Mesic",0,556.241272,305,23.609533,-149.79364,67.571701,-0.195486978971773,0.822434052431474,"203-3-D-SAPU_1996",11.8333336512248,-8.06666665772597,107,117,8.06666707992554,-10.7500002682209,3.16666668653488,13.0333337783813,20.9000002145767,1.00000000124176,66.9099994897842,293.839999198914,121.000003814697,1,"24A_1996",0.97
"5806","209-1-D-SAPU",1996,0.33275,5.44034056956722,7,1989,16,"209-1","SAPU",53,47,13,0,9,1,0,0,0.111111111,0,0,"Moose",NA,NA,1,0,1,0,698.873831,"East","24A","Low Shrub","Black Spruce Woodland","Sandy Loam","Mesic - Xeric",0,553.345276,287,19.679848,-149.692986,67.655886,0.16400358348862,1.17821853721788,"209-1-D-SAPU_1996",11.092477162679,-8.49806114720801,97,115.909728527069,8.06666707992554,-10.7500002682209,3.16666668653488,13.0333337783813,20.9000002145767,1.00000000124176,66.9099994897842,293.839999198914,121.000003814697,1,"24A_1996",0.97
"5807","209-2-D-SAPU",1996,0.0495,0.398258129899253,19,1977,16,"209-2","SAPU",53,41,8,0,11,0,0,0,0,0,0,NA,NA,NA,0,0,0,0,728.528855,"East","24A","Low Shrub","Black Spruce Woodland","Sandy Loam","Mesic - Xeric",0,561.911133,287,21.070175,-149.692261,67.656,-0.522309197271513,0.593149266631876,"209-2-D-SAPU_1996",11.092477162679,-8.49806114720801,97,115.909728527069,8.06666707992554,-10.7500002682209,3.16666668653488,13.0333337783813,20.9000002145767,1.00000000124176,66.9099994897842,293.839999198914,121.000003814697,1,"24A_1996",0.97
"5808","209-3-B-SAPU",1996,0.0865,0.46496042512027,20,1976,16,"209-3","SAPU",59,53,15,0,17,0,1,0,0,0.058823529,0,NA,"Hare",NA,1,0,1,0,711.058695,"East","24A","Low Shrub","Black Spruce Woodland","Sandy Loam","Mesic - Xeric",0,553.430786,276,18.070417,-149.69261,67.656251,-0.26840864862831,0.764595266446024,"209-3-B-SAPU_1996",11.092477162679,-8.49806114720801,97,115.909728527069,8.06666707992554,-10.7500002682209,3.16666668653488,13.0333337783813,20.9000002145767,1.00000000124176,66.9099994897842,293.839999198914,121.000003814697,1,"24A_1996",0.97
"5809","235-3-B-SAPU",1996,0.1465,3.26680711198391,6,1990,18,"235-3","SAPU",47,41,14,0,11,0,1,4,0,0.090909091,0.363636364,NA,"Hare","Ptarmagin",1,0,1,0,482.982181,"East","24A","Dwarf Shrub-Lichen","Low Shrub","Sandy Gravel","Mesic",0,817.546387,298,18.704132,-149.726784,68.005244,-0.643693755371281,0.525348327538366,"235-3-B-SAPU_1996",8.26666673024496,-10.2916665871938,96,117,6.86666663487752,-11.8916667501132,2.10000003129244,11.6666669845581,11.6000000834465,0.94166669373711,43.2699989080429,303.469997406006,107.799999237061,1,"24A_1996",0.97
"5810","240-3-D-SAPU",1996,0.6935,48.20470527623,11,1985,19,"240-3","SAPU",167,110,47,0,149,7,11,21,0.046979866,0.073825503,0.140939597,"Moose","Hare","Ptarmagin",1,0,1,3,399.798137,"West","24A","Low Shrub","Low Shrub","Sandy Loam","Mesic",0,1034.808228,93,20.584356,-149.606025,68.07014,3.21841297795975,24.9884315047164,"240-3-D-SAPU_1996",7.1864595413208,-10.7491893768311,118.812442779541,159.083257675171,6.86666663487752,-11.8916667501132,2.10000003129244,11.6666669845581,11.6000000834465,0.94166669373711,43.2699989080429,303.469997406006,107.799999237061,1,"24A_1996",0.97
"5811","255-1-C-SAGL",1996,0.038,1.24501945180295,7,1989,20,"255-1","SAGL",69,56,17,0,31,0,0,20,0,0,0.64516129,NA,NA,"Ptarmagin",1,0,0,0,585.543915,"East","26B","Low Shrub","Low Shrub","Sandy Gravel","Mesic - Xeric",0,991.483582,331,1.701594,-149.392735,68.222633,-1.31068692638677,0.26963477351341,"255-1-C-SAGL_1996",7.57118050257365,-11.1613421390454,114.864593505859,152.909729003906,4.83333341280619,-13.4583334922791,0.166666713853677,9.50000015894572,7.00000035762787,0.833333345750968,32.4699998497963,320.91999912262,106.299999237061,1,"26B_1996",0.4
"5812","255-4-A-SAPU",1996,0.248,3.98556267042077,10,1986,20,"255-4","SAPU",72,61,14,0,18,0,2,3,0,0.111111111,0.166666667,NA,"Hare","Ptarmagin",1,0,0,2,644.564014,"East","26B","Low Shrub","Low Shrub","Sandy Gravel","Mesic - Xeric",0,993.003235,239,7.430982,-149.391619,68.223199,0.541588533215088,1.71873496234794,"255-4-A-SAPU_1996",7.57118050257365,-11.1613421390454,114.864593505859,152.909729003906,4.83333341280619,-13.4583334922791,0.166666713853677,9.50000015894572,7.00000035762787,0.833333345750968,32.4699998497963,320.91999912262,106.299999237061,1,"26B_1996",0.4
"5813","261-2-C-SAPU",1996,0.16425,2.83248919255815,27,1969,21,"261-2","SAPU",91,67,27,0,29,0,0,3,0,0,0.103448276,NA,NA,"Ptarmagin",1,0,0,1,388.99561,"East","26B","Dwarf Shrub-Lichen","Low Shrub","Sandy Loam","Mesic",0,888.892761,295,13.025289,-149.351465,68.301786,2.1180596040161,8.31498745576105,"261-2-C-SAPU_1996",7.79616483052572,-11.2659505705039,118.304683685303,149.925419807434,4.83333341280619,-13.4583334922791,0.166666713853677,9.50000015894572,7.00000035762787,0.833333345750968,32.4699998497963,320.91999912262,106.299999237061,1,"26B_1996",0.4
"5814","261-2-D-SAPU",1996,0.664333333333333,38.1689349832244,6,1990,21,"261-2","SAPU",122,71,29,0,41,2,0,11,0.048780488,0,0.268292683,"Moose",NA,"Ptarmagin",1,0,0,1,388.99561,"East","26B","Dwarf Shrub-Lichen","Low Shrub","Sandy Loam","Mesic",0,888.892761,295,13.025289,-149.351465,68.301786,1.81451511951509,6.13809921124486,"261-2-D-SAPU_1996",7.79616483052572,-11.2659505705039,118.304683685303,149.925419807434,4.83333341280619,-13.4583334922791,0.166666713853677,9.50000015894572,7.00000035762787,0.833333345750968,32.4699998497963,320.91999912262,106.299999237061,1,"26B_1996",0.4
"5815","268-3-B-SAPU",1996,0.09975,2.27532930624033,18,1978,22,"268-3","SAPU",106,41,14,0,42,0,0,4,0,0,0.095238095,NA,NA,"Ptarmagin",1,0,0,0,206.549982,"West","26B","Low Shrub","Low Shrub","Sandy Gravel","Mesic",0,819.661011,150,1.610195,-149.326989,68.400547,1.11606537317709,3.05281883859769,"268-3-B-SAPU_1996",8.82731517155965,-10.6287612617016,115.954864501953,124.864593505859,4.83333341280619,-13.4583334922791,0.166666713853677,9.50000015894572,7.00000035762787,0.833333345750968,32.4699998497963,320.91999912262,106.299999237061,1,"26B_1996",0.4
"5816","282-2-B-SAPU",1996,0.128,1.96598354987527,6,1990,23,"282-2","SAPU",68,29,11,0,18,0,0,0,0,0,0,NA,NA,NA,0,0,0,0,604.079816,"West","26B","Low Shrub","Low Shrub-Tussock Tundra","Clay Loam","Mesic",0,826.41803,354,3.355184,-149.530916,68.583004,-1.15151419053658,0.316157683784299,"282-2-B-SAPU_1996",9.26666657129923,-10.2749999600152,99,92,9.20000028610229,-9.86666674911976,4.400000055631,14.0000003178914,20.4000002145767,1.00833333904545,42.3099989891052,283.349997997284,75.1000003814697,1,"26B_1996",0.4
"5817","282-3-D-SAPU",1996,0.0823333333333333,0.887627298600376,17,1979,23,"282-3","SAPU",49,26,10,0,9,0,0,0,0,0,0,NA,NA,NA,0,0,0,0,571.732475,"West","26B","Low Shrub","Low Shrub-Tussock Tundra","Clay Loam","Mesic",0,823.876221,27,3.830761,-149.53038,68.583298,0.0643629414676405,1.06647939812616,"282-3-D-SAPU_1996",9.26666657129923,-10.2749999600152,99,92,9.20000028610229,-9.86666674911976,4.400000055631,14.0000003178914,20.4000002145767,1.00833333904545,42.3099989891052,283.349997997284,75.1000003814697,1,"26B_1996",0.4
"5818","282-4-D-SAPU",1996,0.10525,1.04841681639542,19,1977,23,"282-4","SAPU",59,31,18,0,12,0,0,0,0,0,0,NA,NA,NA,0,0,0,0,597.547448,"West","26B","Tussock Tundra (Low shrub or Herbaceous)","Low Shrub-Tussock Tundra","Clay Loam","Mesic",0,823.620117,358,4.137664,-149.531178,68.583423,0.445626951464342,1.56146885419963,"282-4-D-SAPU_1996",9.26666657129923,-10.2749999600152,99,92,9.20000028610229,-9.86666674911976,4.400000055631,14.0000003178914,20.4000002145767,1.00833333904545,42.3099989891052,283.349997997284,75.1000003814697,1,"26B_1996",0.4
"5819","72-1-D-SAPU",1996,0.021,0.0697999055774577,20,1976,2,"72-1","SAPU",68,54,18,0,8,0,1,0,0,0.125,0,NA,"Hare",NA,1,0,0,0,895.937772,"West","20F","Tussock Tundra (Low shrub or Herbaceous)","Black Spruce Woodland","Clay Loam","Mesic",0,130.808105,148,1.606934,-150.14017,66.022623,-2.16472828631667,0.114781117960951,"72-1-D-SAPU_1996",14.1319236755371,-7.26411225398382,96.4162693023682,103.08171081543,11.7666670481364,-7.24166685342789,6.46666701634725,17.1333335240682,92.3000011444092,1.0833333414048,126.36999797821,266.039997369051,153.400001525879,1,"20F_1996",0.375
"5820","72-2-A-SAGL",1996,0.356,10.6181559125326,6,1990,2,"72-2","SAGL",129,121,17,0,12,0,0,0,0,0,0,NA,NA,NA,0,0,0,0,855.94066,"West","20F","Tussock Tundra (Low shrub or Herbaceous)","Black Spruce Woodland","Clay Loam","Mesic",0,131.055786,179,2.125059,-150.13956,66.022889,0.53505851292845,1.70754815297405,"72-2-A-SAGL_1996",14.1319236755371,-7.26411225398382,96.4162693023682,103.08171081543,11.7666670481364,-7.24166685342789,6.46666701634725,17.1333335240682,92.3000011444092,1.0833333414048,126.36999797821,266.039997369051,153.400001525879,1,"20F_1996",0.375
"5821","72-2-D-SAPU",1996,0.0823333333333333,2.31886703873648,7,1989,2,"72-2","SAPU",79,60,21,0,11,0,0,0,0,0,0,NA,NA,NA,0,0,0,0,855.94066,"West","20F","Tussock Tundra (Low shrub or Herbaceous)","Black Spruce Woodland","Clay Loam","Mesic",0,131.055786,179,2.125059,-150.13956,66.022889,-0.688759359092918,0.502198731025435,"72-2-D-SAPU_1996",14.1319236755371,-7.26411225398382,96.4162693023682,103.08171081543,11.7666670481364,-7.24166685342789,6.46666701634725,17.1333335240682,92.3000011444092,1.0833333414048,126.36999797821,266.039997369051,153.400001525879,1,"20F_1996",0.375
"5822","72-3-B-SAPU",1996,0.04725,1.04216190542213,8,1988,2,"72-3","SAPU",75,59,20,4,12,0,0,0,0,0,0,NA,NA,NA,0,0,1,0,885.368743,"West","20F","Tussock Tundra (Low shrub or Herbaceous)","Black Spruce Woodland","Clay Loam","Mesic",0,132.401993,119,2.284806,-150.140609,66.023021,-1.23068835672768,0.292091445351899,"72-3-B-SAPU_1996",14.1319236755371,-7.26411225398382,96.4162693023682,103.08171081543,11.7666670481364,-7.24166685342789,6.46666701634725,17.1333335240682,92.3000011444092,1.0833333414048,126.36999797821,266.039997369051,153.400001525879,1,"20F_1996",0.375
"5823","72-3-D-SAGL",1996,0.25775,6.67695900991537,9,1987,2,"72-3","SAGL",128,109,19,9,10,0,2,0,0,0.2,0,NA,"Hare",NA,1,0,1,0,885.368743,"West","20F","Tussock Tundra (Low shrub or Herbaceous)","Black Spruce Woodland","Clay Loam","Mesic",0,132.401993,119,2.284806,-150.140609,66.023021,0.854118925302782,2.3493035565138,"72-3-D-SAGL_1996",14.1319236755371,-7.26411225398382,96.4162693023682,103.08171081543,11.7666670481364,-7.24166685342789,6.46666701634725,17.1333335240682,92.3000011444092,1.0833333414048,126.36999797821,266.039997369051,153.400001525879,1,"20F_1996",0.375
"5824","72-4-B-SAPU",1996,0.02875,0.210485071544343,25,1971,2,"72-4","SAPU",111,93,14,0,13,0,0,0,0,0,0,NA,NA,NA,0,0,0,0,844.255779,"West","20F","Tussock Tundra (Low shrub or Herbaceous)","Low Shrub-Tussock Tundra","Clay Loam","Mesic",0,132.260803,156,1.029158,-150.139994,66.023305,-0.630050510428776,0.532564900246056,"72-4-B-SAPU_1996",14.1319236755371,-7.26411225398382,96.4162693023682,103.08171081543,11.7666670481364,-7.24166685342789,6.46666701634725,17.1333335240682,92.3000011444092,1.0833333414048,126.36999797821,266.039997369051,153.400001525879,1,"20F_1996",0.375
"5825","147-1-A-SAPU",1995,0.213,11.4682740217255,7,1988,9,"147-1","SAPU",191,167,22,11,73,23,0,0,0.315068493,0,0,"Moose",NA,NA,1,1,0,0,984.758365,"West","24A","Low Shrub","Tall Shrub","Clay Loam","Mesic - Hydric",0,426.634277,145,7.907337,-150.485282,66.911769,0.909746362081239,2.48369249489212,"147-1-A-SAPU_1995",12.6333335240682,-5.79962366819382,197.270812988281,60.0902714729309,11.1000003814697,-6.66666654745738,6.03333346048991,16.1666669845581,23.5000004768372,1.15833336363236,88.6499989032745,251.269996762276,145.100002288818,1,"24A_1995",1.01
"5826","147-3-B-SAPU",1995,0.4765,11.093288029267,6,1989,9,"147-3","SAPU",167,149,20,7,58,18,0,0,0.310344828,0,0,"Moose",NA,NA,1,2,1,0,952.272152,"West","24A","White Spruce or Black Spruce (Woodland)","Black Spruce Woodland","Clay Loam","Mesic - Hydric",0,425.583191,170,6.572863,-150.484233,66.911912,0.578833398456382,1.78395605045001,"147-3-B-SAPU_1995",12.6333335240682,-5.79962366819382,197.270812988281,60.0902714729309,11.1000003814697,-6.66666654745738,6.03333346048991,16.1666669845581,23.5000004768372,1.15833336363236,88.6499989032745,251.269996762276,145.100002288818,1,"24A_1995",1.01
"5827","147-4-C-SAPU",1995,0.052,0.561478005420179,9,1986,9,"147-4","SAPU",113,101,16,9,12,5,0,0,0.416666667,0,0,"Moose",NA,NA,1,0,1,0,956.341518,"West","24A","Tall Shrub (Open-Closed)","Tall Shrub","Clay Loam","Mesic - Hydric",0,428.39856,129,7.52786,-150.483929,66.912191,-1.62172639724048,0.197557342059318,"147-4-C-SAPU_1995",12.6333335240682,-5.79962366819382,197.270812988281,60.0902714729309,11.1000003814697,-6.66666654745738,6.03333346048991,16.1666669845581,23.5000004768372,1.15833336363236,88.6499989032745,251.269996762276,145.100002288818,1,"24A_1995",1.01
"5828","203-3-D-SAPU",1995,0.18175,4.23456353699843,7,1988,15,"203-3","SAPU",117,104,18,17,39,2,3,0,0.051282051,0.076923077,0,"Moose","Hare",NA,1,0,1,0,922.335664,"East","24A","Low Shrub","Low Shrub","Loam","Mesic",0,556.241272,305,23.609533,-149.79364,67.571701,-0.0865578182478886,0.917082523147138,"203-3-D-SAPU_1995",12.2000001271566,-6.39999993642171,121,43,8.4333332379659,-9.300000111262,3.66666674613953,13.2333335876465,8.20000010728836,1.03333334500591,57.8899995684624,281.359998226166,123.299999237061,1,"24A_1995",1.01
"5829","209-1-D-SAPU",1995,0.30525,5.60254924495278,6,1989,16,"209-1","SAPU",53,47,13,0,9,1,0,0,0.111111111,0,0,"Moose",NA,NA,1,0,1,0,698.873831,"East","24A","Low Shrub","Black Spruce Woodland","Sandy Loam","Mesic - Xeric",0,553.345276,287,19.679848,-149.692986,67.655886,-0.104285128448113,0.900968369081281,"209-1-D-SAPU_1995",11.4894682566325,-6.8484371304512,113,43,8.4333332379659,-9.300000111262,3.66666674613953,13.2333335876465,8.20000010728836,1.03333334500591,57.8899995684624,281.359998226166,123.299999237061,1,"24A_1995",1.01
"5830","209-2-D-SAPU",1995,0.10825,0.924585444167039,18,1977,16,"209-2","SAPU",53,41,8,0,11,0,0,0,0,0,0,NA,NA,NA,0,0,0,0,728.528855,"East","24A","Low Shrub","Black Spruce Woodland","Sandy Loam","Mesic - Xeric",0,561.911133,287,21.070175,-149.692261,67.656,0.215530770858413,1.24052015420585,"209-2-D-SAPU_1995",11.4894682566325,-6.8484371304512,113,43,8.4333332379659,-9.300000111262,3.66666674613953,13.2333335876465,8.20000010728836,1.03333334500591,57.8899995684624,281.359998226166,123.299999237061,1,"24A_1995",1.01
"5831","209-3-B-SAPU",1995,0.06,0.350130501242583,19,1976,16,"209-3","SAPU",59,53,15,0,17,0,1,0,0,0.058823529,0,NA,"Hare",NA,1,0,1,0,711.058695,"East","24A","Low Shrub","Black Spruce Woodland","Sandy Loam","Mesic - Xeric",0,553.430786,276,18.070417,-149.69261,67.656251,-0.651103614231671,0.521469957411857,"209-3-B-SAPU_1995",11.4894682566325,-6.8484371304512,113,43,8.4333332379659,-9.300000111262,3.66666674613953,13.2333335876465,8.20000010728836,1.03333334500591,57.8899995684624,281.359998226166,123.299999237061,1,"24A_1995",1.01
"5832","240-3-D-SAPU",1995,0.73775,54.5977145757435,10,1985,19,"240-3","SAPU",167,110,47,0,149,7,11,21,0.046979866,0.073825503,0.140939597,"Moose","Hare","Ptarmagin",1,0,1,3,399.798137,"West","24A","Low Shrub","Low Shrub","Sandy Loam","Mesic",0,1034.808228,93,20.584356,-149.606025,68.07014,3.15890205813368,23.5447309866832,"240-3-D-SAPU_1995",7.58495489756266,-9.17381286869446,153.128387451172,99.8124413490295,7.26666673024495,-10.4500002463659,2.60000006357829,12.0000003178914,6.20000014454126,0.966666704664628,42.6199990510941,292.25999879837,115.100002288818,1,"24A_1995",1.01
"5833","255-1-C-SAGL",1995,0.055,1.81807108455894,6,1989,20,"255-1","SAGL",69,56,17,0,31,0,0,20,0,0,0.64516129,NA,NA,"Ptarmagin",1,0,0,0,585.543915,"East","26B","Low Shrub","Low Shrub","Sandy Gravel","Mesic - Xeric",0,991.483582,331,1.701594,-149.392735,68.222633,-1.22973074951162,0.292371288196095,"255-1-C-SAGL_1995",7.93784681955973,-9.58747082451979,156.909729003906,118.045135498047,5.33333341280619,-11.8750001229346,0.766666700442632,9.90000009536743,5.10000020265579,0.891666675607363,31.569999396801,309.529997825623,118.100002288818,1,"26B_1995",1.06
"5834","255-4-A-SAPU",1995,0.05925,1.00938724006355,9,1986,20,"255-4","SAPU",72,61,14,0,18,0,2,3,0,0.111111111,0.166666667,NA,"Hare","Ptarmagin",1,0,0,2,644.564014,"East","26B","Low Shrub","Low Shrub","Sandy Gravel","Mesic - Xeric",0,993.003235,239,7.430982,-149.391619,68.223199,-1.03520026682275,0.355155247989309,"255-4-A-SAPU_1995",7.93784681955973,-9.58747082451979,156.909729003906,118.045135498047,5.33333341280619,-11.8750001229346,0.766666700442632,9.90000009536743,5.10000020265579,0.891666675607363,31.569999396801,309.529997825623,118.100002288818,1,"26B_1995",1.06
"5835","261-2-C-SAPU",1995,0.10475,1.89493545026661,26,1969,21,"261-2","SAPU",91,67,27,0,29,0,0,3,0,0,0.103448276,NA,NA,"Ptarmagin",1,0,0,1,388.99561,"East","26B","Dwarf Shrub-Lichen","Low Shrub","Sandy Loam","Mesic",0,888.892761,295,13.025289,-149.351465,68.301786,1.64321097620486,5.17174924318603,"261-2-C-SAPU_1995",8.16283178329468,-9.72481052577496,170.988628387451,119.178261756897,5.33333341280619,-11.8750001229346,0.766666700442632,9.90000009536743,5.10000020265579,0.891666675607363,31.569999396801,309.529997825623,118.100002288818,1,"26B_1995",1.06
"5836","268-3-B-SAPU",1995,0.0885,2.07105254537824,17,1978,22,"268-3","SAPU",106,41,14,0,42,0,0,4,0,0,0.095238095,NA,NA,"Ptarmagin",1,0,0,0,206.549982,"West","26B","Low Shrub","Low Shrub","Sandy Gravel","Mesic",0,819.661011,150,1.610195,-149.326989,68.400547,0.911623228418636,2.48835843102777,"268-3-B-SAPU_1995",9.19398148854574,-9.11209478974342,177,96.9548645019531,5.33333341280619,-11.8750001229346,0.766666700442632,9.90000009536743,5.10000020265579,0.891666675607363,31.569999396801,309.529997825623,118.100002288818,1,"26B_1995",1.06
"5837","282-3-D-SAPU",1995,0.054,0.605296939752452,16,1979,23,"282-3","SAPU",49,26,10,0,9,0,0,0,0,0,0,NA,NA,NA,0,0,0,0,571.732475,"West","26B","Low Shrub","Low Shrub-Tussock Tundra","Clay Loam","Mesic",0,823.876221,27,3.830761,-149.53038,68.583298,-0.435537497512676,0.646916857411226,"282-3-D-SAPU_1995",9.6333335240682,-8.83333322405815,165,65,9.70000028610229,-8.38333344459534,5.06666660308838,14.3333339691162,13.9000004529953,1.11666669199864,43.4299988746643,264.50999546051,101.900003433228,1,"26B_1995",1.06
"5838","282-4-D-SAPU",1995,0.087,0.919170320179953,18,1977,23,"282-4","SAPU",59,31,18,0,12,0,0,0,0,0,0,NA,NA,NA,0,0,0,0,597.547448,"West","26B","Tussock Tundra (Low shrub or Herbaceous)","Low Shrub-Tussock Tundra","Clay Loam","Mesic",0,823.620117,358,4.137664,-149.531178,68.583423,0.209656739533671,1.23325465972302,"282-4-D-SAPU_1995",9.6333335240682,-8.83333322405815,165,65,9.70000028610229,-8.38333344459534,5.06666660308838,14.3333339691162,13.9000004529953,1.11666669199864,43.4299988746643,264.50999546051,101.900003433228,1,"26B_1995",1.06
"5839","72-1-D-SAPU",1995,0.0575,0.205299152921275,19,1976,2,"72-1","SAPU",68,54,18,0,8,0,1,0,0,0.125,0,NA,"Hare",NA,1,0,0,0,895.937772,"West","20F","Tussock Tundra (Low shrub or Herbaceous)","Black Spruce Woodland","Clay Loam","Mesic",0,130.808105,148,1.606934,-150.14017,66.022623,-1.18494136194979,0.305764108384189,"72-1-D-SAPU_1995",14.6667617162069,-5.21375967065493,98.2081336975098,37.0394291877747,12.3666667938232,-5.28333341081937,7.20000012715658,17.5666672388713,34.0000009536743,1.16666669336458,94.1099977493286,239.419996440411,154.100002288818,1,"20F_1995",0.375
"5840","72-2-D-SAPU",1995,0.241333333333333,7.04239784189111,6,1989,2,"72-2","SAPU",79,60,21,0,11,0,0,0,0,0,0,NA,NA,NA,0,0,0,0,855.94066,"West","20F","Tussock Tundra (Low shrub or Herbaceous)","Black Spruce Woodland","Clay Loam","Mesic",0,131.055786,179,2.125059,-150.13956,66.022889,0.124441869799454,1.13251618515379,"72-2-D-SAPU_1995",14.6667617162069,-5.21375967065493,98.2081336975098,37.0394291877747,12.3666667938232,-5.28333341081937,7.20000012715658,17.5666672388713,34.0000009536743,1.16666669336458,94.1099977493286,239.419996440411,154.100002288818,1,"20F_1995",0.375
"5841","72-3-B-SAPU",1995,0.48925,11.6156761790463,7,1988,2,"72-3","SAPU",75,59,20,4,12,0,0,0,0,0,0,NA,NA,NA,0,0,1,0,885.368743,"West","20F","Tussock Tundra (Low shrub or Herbaceous)","Black Spruce Woodland","Clay Loam","Mesic",0,132.401993,119,2.284806,-150.140609,66.023021,0.922517500426153,2.51561548794016,"72-3-B-SAPU_1995",14.6667617162069,-5.21375967065493,98.2081336975098,37.0394291877747,12.3666667938232,-5.28333341081937,7.20000012715658,17.5666672388713,34.0000009536743,1.16666669336458,94.1099977493286,239.419996440411,154.100002288818,1,"20F_1995",0.375
"5842","72-3-D-SAGL",1995,0.23725,6.51485557788373,8,1987,2,"72-3","SAGL",128,109,19,9,10,0,2,0,0,0.2,0,NA,"Hare",NA,1,0,1,0,885.368743,"West","20F","Tussock Tundra (Low shrub or Herbaceous)","Black Spruce Woodland","Clay Loam","Mesic",0,132.401993,119,2.284806,-150.140609,66.023021,0.602099375227527,1.82594812965472,"72-3-D-SAGL_1995",14.6667617162069,-5.21375967065493,98.2081336975098,37.0394291877747,12.3666667938232,-5.28333341081937,7.20000012715658,17.5666672388713,34.0000009536743,1.16666669336458,94.1099977493286,239.419996440411,154.100002288818,1,"20F_1995",0.375
"5843","72-4-B-SAPU",1995,0.0535,0.405509449342509,24,1971,2,"72-4","SAPU",111,93,14,0,13,0,0,0,0,0,0,NA,NA,NA,0,0,0,0,844.255779,"West","20F","Tussock Tundra (Low shrub or Herbaceous)","Low Shrub-Tussock Tundra","Clay Loam","Mesic",0,132.260803,156,1.029158,-150.139994,66.023305,-0.0531493440562066,0.948238388140049,"72-4-B-SAPU_1995",14.6667617162069,-5.21375967065493,98.2081336975098,37.0394291877747,12.3666667938232,-5.28333341081937,7.20000012715658,17.5666672388713,34.0000009536743,1.16666669336458,94.1099977493286,239.419996440411,154.100002288818,1,"20F_1995",0.375
"5844","147-1-A-SAPU",1994,0.168,9.24648629097426,6,1988,9,"147-1","SAPU",191,167,22,11,73,23,0,0,0.315068493,0,0,"Moose",NA,NA,1,1,0,0,984.758365,"West","24A","Low Shrub","Tall Shrub","Clay Loam","Mesic - Hydric",0,426.634277,145,7.907337,-150.485282,66.911769,0.396736774003899,1.48696447082844,"147-1-A-SAPU_1994",13.134838104248,-6.5499995748202,224.270812988281,180.180541992188,11.7000001271566,-7.34999999403954,6.53333346048991,16.9333330790202,67.3000020980835,1.10833334426085,108.799996852875,264.919998705387,159.299999237061,1,"24A_1994",1.05
"5845","147-4-C-SAPU",1994,0.05425,0.60388106321339,8,1986,9,"147-4","SAPU",113,101,16,9,12,5,0,0,0.416666667,0,0,"Moose",NA,NA,1,0,1,0,956.341518,"West","24A","Tall Shrub (Open-Closed)","Tall Shrub","Clay Loam","Mesic - Hydric",0,428.39856,129,7.52786,-150.483929,66.912191,-1.77636368311982,0.169252485297084,"147-4-C-SAPU_1994",13.134838104248,-6.5499995748202,224.270812988281,180.180541992188,11.7000001271566,-7.34999999403954,6.53333346048991,16.9333330790202,67.3000020980835,1.10833334426085,108.799996852875,264.919998705387,159.299999237061,1,"24A_1994",1.05
"5846","203-3-D-SAPU",1994,0.30075,7.46300748299213,6,1988,15,"203-3","SAPU",117,104,18,17,39,2,3,0,0.051282051,0.076923077,0,"Moose","Hare",NA,1,0,1,0,922.335664,"East","24A","Low Shrub","Low Shrub","Loam","Mesic",0,556.241272,305,23.609533,-149.79364,67.571701,0.182451635907611,1.20015610508917,"203-3-D-SAPU_1994",12.7000001271566,-7.20833333333333,144,117,8.93333371480306,-10.1166666696469,4.10000014305115,13.8666667938232,24.6000006198883,1.03333336611589,69.4999984502792,285.589998722076,136.700004577637,1,"24A_1994",1.05
"5847","209-2-D-SAPU",1994,0.1565,1.46686537323068,17,1977,16,"209-2","SAPU",53,41,8,0,11,0,0,0,0,0,0,NA,NA,NA,0,0,0,0,728.528855,"East","24A","Low Shrub","Black Spruce Woodland","Sandy Loam","Mesic - Xeric",0,561.911133,287,21.070175,-149.692261,67.656,0.566693999170823,1.76243081171782,"209-2-D-SAPU_1994",12.0228017171224,-7.66510372360547,136,111.954864501953,8.93333371480306,-10.1166666696469,4.10000014305115,13.8666667938232,24.6000006198883,1.03333336611589,69.4999984502792,285.589998722076,136.700004577637,1,"24A_1994",1.05
"5848","209-3-B-SAPU",1994,0.04075,0.250694970416108,18,1976,16,"209-3","SAPU",59,53,15,0,17,0,1,0,0,0.058823529,0,NA,"Hare",NA,1,0,1,0,711.058695,"East","24A","Low Shrub","Black Spruce Woodland","Sandy Loam","Mesic - Xeric",0,553.430786,276,18.070417,-149.69261,67.656251,-1.08957775492696,0.336358489441066,"209-3-B-SAPU_1994",12.0228017171224,-7.66510372360547,136,111.954864501953,8.93333371480306,-10.1166666696469,4.10000014305115,13.8666667938232,24.6000006198883,1.03333336611589,69.4999984502792,285.589998722076,136.700004577637,1,"24A_1994",1.05
"5849","240-3-D-SAPU",1994,0.63325,49.5916035683087,9,1985,19,"240-3","SAPU",167,110,47,0,149,7,11,21,0.046979866,0.073825503,0.140939597,"Moose","Hare","Ptarmagin",1,0,1,3,399.798137,"West","24A","Low Shrub","Low Shrub","Sandy Loam","Mesic",0,1034.808228,93,20.584356,-149.606025,68.07014,2.85927781594706,17.4489210527184,"240-3-D-SAPU_1994",8.11828851699829,-10.0658558011055,194.444347381592,163.128391265869,7.76666688919067,-11.3166667601715,2.96666665871938,12.5666666030884,14.5000002384186,0.966666683554649,57.4999982714653,295.469997882843,122.900001525879,1,"24A_1994",1.05
"5850","255-4-A-SAPU",1994,0.201,3.5885878811205,8,1986,20,"255-4","SAPU",72,61,14,0,18,0,2,3,0,0.111111111,0.166666667,NA,"Hare","Ptarmagin",1,0,0,2,644.564014,"East","26B","Low Shrub","Low Shrub","Sandy Gravel","Mesic - Xeric",0,993.003235,239,7.430982,-149.391619,68.223199,0.00577310976879208,1.0057898062818,"255-4-A-SAPU_1994",8.47118043899536,-10.5037612502929,202.909729003906,148.819458007812,6.00000007947286,-12.8500003715356,1.36666665474574,10.6666669845581,11.299999833107,0.883333360155424,47.7099999785423,309.979998588562,125,1,"26B_1994",0.92
"5851","261-2-C-SAPU",1994,0.06675,1.24347634076142,25,1969,21,"261-2","SAPU",91,67,27,0,29,0,0,3,0,0,0.103448276,NA,NA,"Ptarmagin",1,0,0,1,388.99561,"East","26B","Dwarf Shrub-Lichen","Low Shrub","Sandy Loam","Mesic",0,888.892761,295,13.025289,-149.351465,68.301786,1.1462009947276,3.14621767955845,"261-2-C-SAPU_1994",8.66493892669678,-10.6498106693228,224.735790252686,152.988629341125,6.00000007947286,-12.8500003715356,1.36666665474574,10.6666669845581,11.299999833107,0.883333360155424,47.7099999785423,309.979998588562,125,1,"26B_1994",0.92
"5852","268-3-B-SAPU",1994,0.20075,4.88031869234197,16,1978,22,"268-3","SAPU",106,41,14,0,42,0,0,4,0,0,0.095238095,NA,NA,"Ptarmagin",1,0,0,0,206.549982,"West","26B","Low Shrub","Low Shrub","Sandy Gravel","Mesic",0,819.661011,150,1.610195,-149.326989,68.400547,1.65170915787853,5.2158869874781,"268-3-B-SAPU_1994",9.73032410939535,-10.0613423511386,241.045135498047,137.954864501953,6.00000007947286,-12.8500003715356,1.36666665474574,10.6666669845581,11.299999833107,0.883333360155424,47.7099999785423,309.979998588562,125,1,"26B_1994",0.92
"5853","282-3-D-SAPU",1994,0.118666666666667,1.39452964659913,15,1979,23,"282-3","SAPU",49,26,10,0,9,0,0,0,0,0,0,NA,NA,NA,0,0,0,0,571.732475,"West","26B","Low Shrub","Low Shrub-Tussock Tundra","Clay Loam","Mesic",0,823.876221,27,3.830761,-149.53038,68.583298,0.274430345730856,1.31578092111871,"282-3-D-SAPU_1994",10.1999998092651,-9.79166669150194,236,132,10.3333336512248,-9.36666669820746,5.56666668256124,15.1333335240682,31.7000000476837,1.09166669969757,72.5199983119965,273.599998474121,104.300001144409,1,"26B_1994",0.92
"5854","282-4-D-SAPU",1994,0.092,1.02373194846939,17,1977,23,"282-4","SAPU",59,31,18,0,12,0,0,0,0,0,0,NA,NA,NA,0,0,0,0,597.547448,"West","26B","Tussock Tundra (Low shrub or Herbaceous)","Low Shrub-Tussock Tundra","Clay Loam","Mesic",0,823.620117,358,4.137664,-149.531178,68.583423,0.207020997620299,1.23000839875892,"282-4-D-SAPU_1994",10.1999998092651,-9.79166669150194,236,132,10.3333336512248,-9.36666669820746,5.56666668256124,15.1333335240682,31.7000000476837,1.09166669969757,72.5199983119965,273.599998474121,104.300001144409,1,"26B_1994",0.92
"5855","72-1-D-SAPU",1994,0.0525,0.205589750241734,18,1976,2,"72-1","SAPU",68,54,18,0,8,0,1,0,0,0.125,0,NA,"Hare",NA,1,0,0,0,895.937772,"West","20F","Tussock Tundra (Low shrub or Herbaceous)","Black Spruce Woodland","Clay Loam","Mesic",0,130.808105,148,1.606934,-150.14017,66.022623,-1.28793201829999,0.275840627042083,"72-1-D-SAPU_1994",15.133428255717,-5.80560080210368,112.373983383179,117.187206745148,12.9666668574015,-5.8666667342186,7.70000012715658,18.2666670481364,87.7000021934509,1.17500002371768,112.509996414185,254.129995957017,163.000003814697,1,"20F_1994",0.375
"5856","72-3-B-SAPU",1994,0.14125,3.63331375398198,6,1988,2,"72-3","SAPU",75,59,20,4,12,0,0,0,0,0,0,NA,NA,NA,0,0,1,0,885.368743,"West","20F","Tussock Tundra (Low shrub or Herbaceous)","Black Spruce Woodland","Clay Loam","Mesic",0,132.401993,119,2.284806,-150.140609,66.023021,-0.5373617331798,0.584287727633052,"72-3-B-SAPU_1994",15.133428255717,-5.80560080210368,112.373983383179,117.187206745148,12.9666668574015,-5.8666667342186,7.70000012715658,18.2666670481364,87.7000021934509,1.17500002371768,112.509996414185,254.129995957017,163.000003814697,1,"20F_1994",0.375
"5857","72-3-D-SAGL",1994,0.2795,8.12878067037479,7,1987,2,"72-3","SAGL",128,109,19,9,10,0,2,0,0,0.2,0,NA,"Hare",NA,1,0,1,0,885.368743,"West","20F","Tussock Tundra (Low shrub or Herbaceous)","Black Spruce Woodland","Clay Loam","Mesic",0,132.401993,119,2.284806,-150.140609,66.023021,0.56557285314855,1.76045597666983,"72-3-D-SAGL_1994",15.133428255717,-5.80560080210368,112.373983383179,117.187206745148,12.9666668574015,-5.8666667342186,7.70000012715658,18.2666670481364,87.7000021934509,1.17500002371768,112.509996414185,254.129995957017,163.000003814697,1,"20F_1994",0.375
"5858","72-4-B-SAPU",1994,0.06425,0.510757842875989,23,1971,2,"72-4","SAPU",111,93,14,0,13,0,0,0,0,0,0,NA,NA,NA,0,0,0,0,844.255779,"West","20F","Tussock Tundra (Low shrub or Herbaceous)","Low Shrub-Tussock Tundra","Clay Loam","Mesic",0,132.260803,156,1.029158,-150.139994,66.023305,0.0954184037496991,1.10011905278198,"72-4-B-SAPU_1994",15.133428255717,-5.80560080210368,112.373983383179,117.187206745148,12.9666668574015,-5.8666667342186,7.70000012715658,18.2666670481364,87.7000021934509,1.17500002371768,112.509996414185,254.129995957017,163.000003814697,1,"20F_1994",0.375
"5859","147-4-C-SAPU",1993,0.0705,0.812397010662399,7,1986,9,"147-4","SAPU",113,101,16,9,12,5,0,0,0.416666667,0,0,"Moose",NA,NA,1,0,1,0,956.341518,"West","24A","Tall Shrub (Open-Closed)","Tall Shrub","Clay Loam","Mesic - Hydric",0,428.39856,129,7.52786,-150.483929,66.912191,-1.73760420903979,0.175941414935898,"147-4-C-SAPU_1993",13.6015040079753,-4.4496239622434,195.225677490234,228.406219482422,11.9666665395101,-5.25000017881393,6.50000015894572,17.5000006357829,88.1000018119812,1.19166669249535,118.959998369217,259.389997541904,130.200000762939,1,"24A_1993",1.09
"5860","209-2-D-SAPU",1993,0.139,1.43187824124581,16,1977,16,"209-2","SAPU",53,41,8,0,11,0,0,0,0,0,0,NA,NA,NA,0,0,0,0,728.528855,"East","24A","Low Shrub","Black Spruce Woodland","Sandy Loam","Mesic - Xeric",0,561.911133,287,21.070175,-149.692261,67.656,0.42548567219849,1.53033347963246,"209-2-D-SAPU_1993",12.3894681930542,-5.44956562916438,113,158,9.10000022252401,-7.90833333631357,4.03333346048991,14.2333339055379,27.2000002861023,1.09166667610407,81.3199995756149,283.209996700287,118.400005340576,1,"24A_1993",1.09
"5861","209-3-B-SAPU",1993,0.04225,0.270939786174921,17,1976,16,"209-3","SAPU",59,53,15,0,17,0,1,0,0,0.058823529,0,NA,"Hare",NA,1,0,1,0,711.058695,"East","24A","Low Shrub","Black Spruce Woodland","Sandy Loam","Mesic - Xeric",0,553.430786,276,18.070417,-149.69261,67.656251,-1.12229239968367,0.325532687586202,"209-3-B-SAPU_1993",12.3894681930542,-5.44956562916438,113,158,9.10000022252401,-7.90833333631357,4.03333346048991,14.2333339055379,27.2000002861023,1.09166667610407,81.3199995756149,283.209996700287,118.400005340576,1,"24A_1993",1.09
"5862","240-3-D-SAPU",1993,0.459,37.5206065485005,8,1985,19,"240-3","SAPU",167,110,47,0,149,7,11,21,0.046979866,0.073825503,0.140939597,"Moose","Hare","Ptarmagin",1,0,1,3,399.798137,"West","24A","Low Shrub","Low Shrub","Sandy Loam","Mesic",0,1034.808228,93,20.584356,-149.606025,68.07014,2.35290462253964,10.5160706222439,"240-3-D-SAPU_1993",8.38645950953166,-7.84085593620936,157.173526763916,198.218662261963,7.90000025431315,-9.08333344757557,3.00000011920929,12.8000001907349,14.0000007152557,1.00833337629835,57.8299991488457,292.859997272491,117.200004577637,1,"24A_1993",1.09
"5863","255-4-A-SAPU",1993,0.1925,3.67480339371114,7,1986,20,"255-4","SAPU",72,61,14,0,18,0,2,3,0,0.111111111,0.166666667,NA,"Hare","Ptarmagin",1,0,0,2,644.564014,"East","26B","Low Shrub","Low Shrub","Sandy Gravel","Mesic - Xeric",0,993.003235,239,7.430982,-149.391619,68.223199,-0.228338447195676,0.795854859403785,"255-4-A-SAPU_1993",8.70451370875041,-8.28671839895348,162.819458007812,158.72918510437,5.93333355585734,-10.6666669547558,1.19999998807907,10.6999999682109,9.70000058412552,0.808333359658718,47.3399989008904,309.819997787476,118.800003051758,1,"26B_1993",0.78
"5864","261-2-C-SAPU",1993,0.1395,2.68911534687857,24,1969,21,"261-2","SAPU",91,67,27,0,29,0,0,3,0,0,0.103448276,NA,NA,"Ptarmagin",1,0,0,1,388.99561,"East","26B","Dwarf Shrub-Lichen","Low Shrub","Sandy Loam","Mesic",0,888.892761,295,13.025289,-149.351465,68.301786,1.83867403089478,6.28819477864506,"261-2-C-SAPU_1993",8.89827235539754,-8.41753054658572,177.92541885376,166.051839828491,5.93333355585734,-10.6666669547558,1.19999998807907,10.6999999682109,9.70000058412552,0.808333359658718,47.3399989008904,309.819997787476,118.800003051758,1,"26B_1993",0.78
"5865","268-3-B-SAPU",1993,0.0865,2.1809116842798,15,1978,22,"268-3","SAPU",106,41,14,0,42,0,0,4,0,0,0.095238095,NA,NA,"Ptarmagin",1,0,0,0,206.549982,"West","26B","Low Shrub","Low Shrub","Sandy Gravel","Mesic",0,819.661011,150,1.610195,-149.326989,68.400547,0.721616151385331,2.0577561702029,"268-3-B-SAPU_1993",9.96215279897054,-7.83634263773759,187,163.180541992188,5.93333355585734,-10.6666669547558,1.19999998807907,10.6999999682109,9.70000058412552,0.808333359658718,47.3399989008904,309.819997787476,118.800003051758,1,"26B_1993",0.78
"5866","282-3-D-SAPU",1993,0.0516666666666667,0.634816443841122,14,1979,23,"282-3","SAPU",49,26,10,0,9,0,0,0,0,0,0,NA,NA,NA,0,0,0,0,571.732475,"West","26B","Low Shrub","Low Shrub-Tussock Tundra","Clay Loam","Mesic",0,823.876221,27,3.830761,-149.53038,68.583298,-0.645773165002806,0.524257048167814,"282-3-D-SAPU_1993",10.3666667938232,-7.58333313961824,178,179,10.3333336512248,-7.13333351413409,5.53333346048991,15.1666669845581,44.2000014781952,1.03333336487412,81.4199986457825,270.309995532036,106.400003433228,1,"26B_1993",0.78
"5867","282-4-D-SAPU",1993,0.07,0.81455214322276,16,1977,23,"282-4","SAPU",59,31,18,0,12,0,0,0,0,0,0,NA,NA,NA,0,0,0,0,597.547448,"West","26B","Tussock Tundra (Low shrub or Herbaceous)","Low Shrub-Tussock Tundra","Clay Loam","Mesic",0,823.620117,358,4.137664,-149.531178,68.583423,-0.138618199961423,0.870560344988283,"282-4-D-SAPU_1993",10.3666667938232,-7.58333313961824,178,179,10.3333336512248,-7.13333351413409,5.53333346048991,15.1666669845581,44.2000014781952,1.03333336487412,81.4199986457825,270.309995532036,106.400003433228,1,"26B_1993",0.78
"5868","72-1-D-SAPU",1993,0.06475,0.277411467041317,17,1976,2,"72-1","SAPU",68,54,18,0,8,0,1,0,0,0.125,0,NA,"Hare",NA,1,0,0,0,895.937772,"West","20F","Tussock Tundra (Low shrub or Herbaceous)","Black Spruce Woodland","Clay Loam","Mesic",0,130.808105,148,1.606934,-150.14017,66.022623,-1.09868716004459,0.333308377142103,"72-1-D-SAPU_1993",15.6000951131185,-3.82226752241453,92.3107738494873,128.244709014893,13.2000001271566,-3.8750001390775,7.59999990463257,18.8333339691162,107.300002098083,1.25833335643013,124.719997644424,246.729997534305,135.500003814697,1,"20F_1993",0.375
"5869","72-3-D-SAGL",1993,0.454,14.2499940997151,6,1987,2,"72-3","SAGL",128,109,19,9,10,0,2,0,0,0.2,0,NA,"Hare",NA,1,0,1,0,885.368743,"West","20F","Tussock Tundra (Low shrub or Herbaceous)","Black Spruce Woodland","Clay Loam","Mesic",0,132.401993,119,2.284806,-150.140609,66.023021,0.829249647739525,2.29159858880391,"72-3-D-SAGL_1993",15.6000951131185,-3.82226752241453,92.3107738494873,128.244709014893,13.2000001271566,-3.8750001390775,7.59999990463257,18.8333339691162,107.300002098083,1.25833335643013,124.719997644424,246.729997534305,135.500003814697,1,"20F_1993",0.375
"5870","72-4-B-SAPU",1993,0.06175,0.515327158490937,22,1971,2,"72-4","SAPU",111,93,14,0,13,0,0,0,0,0,0,NA,NA,NA,0,0,0,0,844.255779,"West","20F","Tussock Tundra (Low shrub or Herbaceous)","Low Shrub-Tussock Tundra","Clay Loam","Mesic",0,132.260803,156,1.029158,-150.139994,66.023305,0.0184873228350455,1.0186592713761,"72-4-B-SAPU_1993",15.6000951131185,-3.82226752241453,92.3107738494873,128.244709014893,13.2000001271566,-3.8750001390775,7.59999990463257,18.8333339691162,107.300002098083,1.25833335643013,124.719997644424,246.729997534305,135.500003814697,1,"20F_1993",0.375
"5871","147-4-C-SAPU",1992,0.0605,0.722062084704752,6,1986,9,"147-4","SAPU",113,101,16,9,12,5,0,0,0.416666667,0,0,"Moose",NA,NA,1,0,1,0,956.341518,"West","24A","Tall Shrub (Open-Closed)","Tall Shrub","Clay Loam","Mesic - Hydric",0,428.39856,129,7.52786,-150.483929,66.912191,-2.15315099881042,0.116117693997593,"147-4-C-SAPU_1992",13.2681709925334,-7.19962401812275,309.406219482422,201.225677490234,11.466667175293,-7.9583334599932,6.20000012715658,16.8000001907349,68.5000014305115,1.01666668305794,113.989996910095,274.469998955727,187.500003814697,1,"24A_1992",1.13
"5872","209-2-D-SAPU",1992,0.08825,0.972092215575542,15,1977,16,"209-2","SAPU",53,41,8,0,11,0,0,0,0,0,0,NA,NA,NA,0,0,0,0,728.528855,"East","24A","Low Shrub","Black Spruce Woodland","Sandy Loam","Mesic - Xeric",0,561.911133,287,21.070175,-149.692261,67.656,-0.0864314488213667,0.917198421662522,"209-2-D-SAPU_1992",12.0576394399007,-8.22988994171222,166,126,8.73333342870077,-10.6500001947085,3.66666674613953,13.8333333333333,25.2000002264977,0.974999997764826,79.6099972724915,293.549999713898,180.600002288818,1,"24A_1992",1.13
"5873","209-3-B-SAPU",1992,0.0585,0.393663550643376,16,1976,16,"209-3","SAPU",59,53,15,0,17,0,1,0,0,0.058823529,0,NA,"Hare",NA,1,0,1,0,711.058695,"East","24A","Low Shrub","Black Spruce Woodland","Sandy Loam","Mesic - Xeric",0,553.430786,276,18.070417,-149.69261,67.656251,-0.865760032531345,0.420731661329247,"209-3-B-SAPU_1992",12.0576394399007,-8.22988994171222,166,126,8.73333342870077,-10.6500001947085,3.66666674613953,13.8333333333333,25.2000002264977,0.974999997764826,79.6099972724915,293.549999713898,180.600002288818,1,"24A_1992",1.13
"5874","240-3-D-SAPU",1992,0.6955,59.3756762524406,7,1985,19,"240-3","SAPU",167,110,47,0,149,7,11,21,0.046979866,0.073825503,0.140939597,"Moose","Hare","Ptarmagin",1,0,1,3,399.798137,"West","24A","Low Shrub","Low Shrub","Sandy Loam","Mesic",0,1034.808228,93,20.584356,-149.606025,68.07014,2.55404657168524,12.8590336442922,"240-3-D-SAPU_1992",8.15162150065104,-10.5741893649101,216.579746246338,187.30893611908,7.53333361943563,-11.8000001509984,2.50000003973643,12.6333335240682,12.1000003814697,0.925000018129746,58.0599985122681,303.81999874115,176.800006866455,1,"24A_1992",1.13
"5875","255-4-A-SAPU",1992,0.19925,4.04888088130525,6,1986,20,"255-4","SAPU",72,61,14,0,18,0,2,3,0,0.111111111,0.166666667,NA,"Hare","Ptarmagin",1,0,0,2,644.564014,"East","26B","Low Shrub","Low Shrub","Sandy Gravel","Mesic - Xeric",0,993.003235,239,7.430982,-149.391619,68.223199,-0.429066327590118,0.651116740744457,"255-4-A-SAPU_1992",8.47118043899536,-10.9950513839722,218.864593505859,156.864593505859,5.66666682561239,-13.3250002066294,0.733333379030228,10.6000000635783,5.50000023841858,0.758333353946606,47.7399995326996,319.339995384216,186.700008392334,1,"26B_1992",1.48
"5876","261-2-C-SAPU",1992,0.31825,6.59250946509515,23,1969,21,"261-2","SAPU",91,67,27,0,29,0,0,3,0,0,0.103448276,NA,NA,"Ptarmagin",1,0,0,1,388.99561,"East","26B","Dwarf Shrub-Lichen","Low Shrub","Sandy Loam","Mesic",0,888.892761,295,13.025289,-149.351465,68.301786,2.65321216852668,14.1995769019598,"261-2-C-SAPU_1992",8.63371260960897,-11.1414772669474,235.609367370605,157.304682731628,5.66666682561239,-13.3250002066294,0.733333379030228,10.6000000635783,5.50000023841858,0.758333353946606,47.7399995326996,319.339995384216,186.700008392334,1,"26B_1992",1.48
"5877","268-3-B-SAPU",1992,0.153,3.97268528213371,14,1978,22,"268-3","SAPU",106,41,14,0,42,0,0,4,0,0,0.095238095,NA,NA,"Ptarmagin",1,0,0,0,206.549982,"West","26B","Low Shrub","Low Shrub","Sandy Gravel","Mesic",0,819.661011,150,1.610195,-149.326989,68.400547,1.18808848122374,3.28080389145115,"268-3-B-SAPU_1992",9.72731494903564,-10.5120944976807,242,145.045135498047,5.66666682561239,-13.3250002066294,0.733333379030228,10.6000000635783,5.50000023841858,0.758333353946606,47.7399995326996,319.339995384216,186.700008392334,1,"26B_1992",1.48
"5878","282-3-D-SAPU",1992,0.0726666666666667,0.921222538074526,13,1979,23,"282-3","SAPU",49,26,10,0,9,0,0,0,0,0,0,NA,NA,NA,0,0,0,0,571.732475,"West","26B","Low Shrub","Low Shrub-Tussock Tundra","Clay Loam","Mesic",0,823.876221,27,3.830761,-149.53038,68.583298,-0.416511745716037,0.65934276829703,"282-3-D-SAPU_1992",10.1000000635783,-10.2583330869675,223,147,9.96666685740153,-9.85833356777827,4.86666679382324,15.1333338419596,37.0000003576279,0.950000026573737,76.219998717308,284.410000085831,142.700000762939,1,"26B_1992",1.48
"5879","282-4-D-SAPU",1992,0.12,1.46800341516944,15,1977,23,"282-4","SAPU",59,31,18,0,12,0,0,0,0,0,0,NA,NA,NA,0,0,0,0,597.547448,"West","26B","Tussock Tundra (Low shrub or Herbaceous)","Low Shrub-Tussock Tundra","Clay Loam","Mesic",0,823.620117,358,4.137664,-149.531178,68.583423,0.325776414808413,1.38510564513822,"282-4-D-SAPU_1992",10.1000000635783,-10.2583330869675,223,147,9.96666685740153,-9.85833356777827,4.86666679382324,15.1333338419596,37.0000003576279,0.950000026573737,76.219998717308,284.410000085831,142.700000762939,1,"26B_1992",1.48
"5880","72-1-D-SAPU",1992,0.051,0.23704730288029,16,1976,2,"72-1","SAPU",68,54,18,0,8,0,1,0,0,0.125,0,NA,"Hare",NA,1,0,0,0,895.937772,"West","20F","Tussock Tundra (Low shrub or Herbaceous)","Black Spruce Woodland","Clay Loam","Mesic",0,130.808105,148,1.606934,-150.14017,66.022623,-1.37299693321227,0.253346557971761,"72-1-D-SAPU_1992",15.1668567657471,-6.55766382316748,136.416265487671,120.353057861328,12.6333335240682,-6.59166682263215,7.26666657129924,18.1000006993612,87.8000025749207,1.07500003402432,124.489998340607,268.139998570085,191.700008392334,1,"20F_1992",0.375
"5881","72-4-B-SAPU",1992,0.05125,0.445894426554869,21,1971,2,"72-4","SAPU",111,93,14,0,13,0,0,0,0,0,0,NA,NA,NA,0,0,0,0,844.255779,"West","20F","Tussock Tundra (Low shrub or Herbaceous)","Low Shrub-Tussock Tundra","Clay Loam","Mesic",0,132.260803,156,1.029158,-150.139994,66.023305,-0.216063720688939,0.805683961500681,"72-4-B-SAPU_1992",15.1668567657471,-6.55766382316748,136.416265487671,120.353057861328,12.6333335240682,-6.59166682263215,7.26666657129924,18.1000006993612,87.8000025749207,1.07500003402432,124.489998340607,268.139998570085,191.700008392334,1,"20F_1992",0.375
"5882","209-2-D-SAPU",1991,0.051,0.58408647695174,14,1977,16,"209-2","SAPU",53,41,8,0,11,0,0,0,0,0,0,NA,NA,NA,0,0,0,0,728.528855,"East","24A","Low Shrub","Black Spruce Woodland","Sandy Loam","Mesic - Xeric",0,561.911133,287,21.070175,-149.692261,67.656,-0.72906000845301,0.482362193437593,"209-2-D-SAPU_1991",11.1894680658976,-7.18252273400625,68,116,7.70000028610229,-9.79166683554649,2.73333340883255,12.6666669845581,33.7000004053116,1.03333335121473,65.6599980592728,290.289998054504,77.7000017166138,1,"24A_1991",1.17
"5883","209-3-B-SAPU",1991,0.038,0.267233295892309,15,1976,16,"209-3","SAPU",59,53,15,0,17,0,1,0,0,0.058823529,0,NA,"Hare",NA,1,0,1,0,711.058695,"East","24A","Low Shrub","Black Spruce Woodland","Sandy Loam","Mesic - Xeric",0,553.430786,276,18.070417,-149.69261,67.656251,-1.37776007649837,0.252142701361908,"209-3-B-SAPU_1991",11.1894680658976,-7.18252273400625,68,116,7.70000028610229,-9.79166683554649,2.73333340883255,12.6666669845581,33.7000004053116,1.03333335121473,65.6599980592728,290.289998054504,77.7000017166138,1,"24A_1991",1.17
"5884","240-3-D-SAPU",1991,0.333,29.5045784238614,6,1985,19,"240-3","SAPU",167,110,47,0,149,7,11,21,0.046979866,0.073825503,0.140939597,"Moose","Hare","Ptarmagin",1,0,1,3,399.798137,"West","24A","Low Shrub","Low Shrub","Sandy Loam","Mesic",0,1034.808228,93,20.584356,-149.606025,68.07014,1.55703860719227,4.74474935261389,"240-3-D-SAPU_1991",7.15162150065104,-9.60789864261945,87.6770391464233,172.173530578613,6.50000015894572,-10.9916670024395,1.66666671385368,11.3333333333333,21.9000011086464,0.950000017881393,57.4999989271164,300.170000076294,76.8000030517578,1,"24A_1991",1.17
"5885","261-2-C-SAPU",1991,0.07975,1.75172712724998,22,1969,21,"261-2","SAPU",91,67,27,0,29,0,0,3,0,0,0.103448276,NA,NA,"Ptarmagin",1,0,0,1,388.99561,"East","26B","Dwarf Shrub-Lichen","Low Shrub","Sandy Loam","Mesic",0,888.892761,295,13.025289,-149.351465,68.301786,1.24204287473694,3.46268006584326,"261-2-C-SAPU_1991",7.62949864069621,-10.2253373463949,96.3678903579712,169.798996925354,4.53333346048991,-12.5416667641451,-0.133333345254262,9.26666704813639,19.9999996423721,0.791666677842538,47.5899984240532,317.549998283386,80.5,1,"26B_1991",1.54
"5886","268-3-B-SAPU",1991,0.08875,2.37182096840084,13,1978,22,"268-3","SAPU",106,41,14,0,42,0,0,4,0,0,0.095238095,NA,NA,"Ptarmagin",1,0,0,0,206.549982,"West","26B","Low Shrub","Low Shrub","Sandy Gravel","Mesic",0,819.661011,150,1.610195,-149.326989,68.400547,0.529199900845461,1.69757353796292,"268-3-B-SAPU_1991",8.66365766525269,-9.63634236653646,99,149,4.53333346048991,-12.5416667641451,-0.133333345254262,9.26666704813639,19.9999996423721,0.791666677842538,47.5899984240532,317.549998283386,80.5,1,"26B_1991",1.54
"5887","282-3-D-SAPU",1991,0.099,1.30845137395299,12,1979,23,"282-3","SAPU",49,26,10,0,9,0,0,0,0,0,0,NA,NA,NA,0,0,0,0,571.732475,"West","26B","Low Shrub","Low Shrub-Tussock Tundra","Clay Loam","Mesic",0,823.876221,27,3.830761,-149.53038,68.583298,-0.220178262483255,0.802375751718963,"282-3-D-SAPU_1991",9.09999974568685,-9.38333335705101,92,129,8.83333365122477,-9.07500032583872,4,13.700000445048,32.8000000715256,1.00000004718701,74.8199994564056,273.159998416901,68.3000030517578,1,"26B_1991",1.54
"5888","282-4-D-SAPU",1991,0.18,2.37165112604801,14,1977,23,"282-4","SAPU",59,31,18,0,12,0,0,0,0,0,0,NA,NA,NA,0,0,0,0,597.547448,"West","26B","Tussock Tundra (Low shrub or Herbaceous)","Low Shrub-Tussock Tundra","Clay Loam","Mesic",0,823.620117,358,4.137664,-149.531178,68.583423,0.672232611928259,1.95860524831801,"282-4-D-SAPU_1991",9.09999974568685,-9.38333335705101,92,129,8.83333365122477,-9.07500032583872,4,13.700000445048,32.8000000715256,1.00000004718701,74.8199994564056,273.159998416901,68.3000030517578,1,"26B_1991",1.54
"5889","72-1-D-SAPU",1991,0.08425,0.427390707624614,15,1976,2,"72-1","SAPU",68,54,18,0,8,0,1,0,0,0.125,0,NA,"Hare",NA,1,0,0,0,895.937772,"West","20F","Tussock Tundra (Low shrub or Herbaceous)","Black Spruce Woodland","Clay Loam","Mesic",0,130.808105,148,1.606934,-150.14017,66.022623,-0.908183519760721,0.403256065819263,"72-1-D-SAPU_1991",14.7619311014811,-5.20711312691371,58.1629981994629,92.93678855896,12.1666669845581,-5.3416668176651,6.80000019073486,17.5666669209798,96.1000008583069,1.2333333765467,104.109996795654,249.819996953011,91.600001335144,1,"20F_1991",0.375
"5890","72-4-B-SAPU",1991,0.061,0.55223439263577,20,1971,2,"72-4","SAPU",111,93,14,0,13,0,0,0,0,0,0,NA,NA,NA,0,0,0,0,844.255779,"West","20F","Tussock Tundra (Low shrub or Herbaceous)","Low Shrub-Tussock Tundra","Clay Loam","Mesic",0,132.260803,156,1.029158,-150.139994,66.023305,-0.0963883628357449,0.908111270908243,"72-4-B-SAPU_1991",14.7619311014811,-5.20711312691371,58.1629981994629,92.93678855896,12.1666669845581,-5.3416668176651,6.80000019073486,17.5666669209798,96.1000008583069,1.2333333765467,104.109996795654,249.819996953011,91.600001335144,1,"20F_1991",0.375
"5891","209-2-D-SAPU",1990,0.0425,0.499222634600321,13,1977,16,"209-2","SAPU",53,41,8,0,11,0,0,0,0,0,0,NA,NA,NA,0,0,0,0,728.528855,"East","24A","Low Shrub","Black Spruce Woodland","Sandy Loam","Mesic - Xeric",0,561.911133,287,21.070175,-149.692261,67.656,-1.02916122158346,0.357306535923335,"209-2-D-SAPU_1990",12.6909726460775,-8.0488133529822,167,134,9.36666695276896,-10.5250000674278,4.46666677792867,14.3333336512248,20.4000005125999,1.01666668429971,67.499998986721,278.729996681213,153.200000762939,2,"24A_1990",1.21
"5892","209-3-B-SAPU",1990,0.07875,0.58268984266768,14,1976,16,"209-3","SAPU",59,53,15,0,17,0,1,0,0,0.058823529,0,NA,"Hare",NA,1,0,1,0,711.058695,"East","24A","Low Shrub","Black Spruce Woodland","Sandy Loam","Mesic - Xeric",0,553.430786,276,18.070417,-149.69261,67.656251,-0.731454014789298,0.481208796460822,"209-3-B-SAPU_1990",12.6909726460775,-8.0488133529822,167,134,9.36666695276896,-10.5250000674278,4.46666677792867,14.3333336512248,20.4000005125999,1.01666668429971,67.499998986721,278.729996681213,153.200000762939,2,"24A_1990",1.21
"5893","261-2-C-SAPU",1990,0.12675,2.86632061114558,21,1969,21,"261-2","SAPU",91,67,27,0,29,0,0,3,0,0,0.103448276,NA,NA,"Ptarmagin",1,0,0,1,388.99561,"East","26B","Dwarf Shrub-Lichen","Low Shrub","Sandy Loam","Mesic",0,888.892761,295,13.025289,-149.351465,68.301786,1.64463853631639,5.17913749844695,"261-2-C-SAPU_1990",9.29616514841715,-10.9570902585983,254.419727325439,150.115049362183,6.33333349227905,-13.0666667384406,1.70000004768372,11.0333334604899,7.10000002384186,0.825000014776985,32.4599995017052,304.229997634888,137.700004577637,2,"26B_1990",1.35
"5894","268-3-B-SAPU",1990,0.09525,2.60059135273617,12,1978,22,"268-3","SAPU",106,41,14,0,42,0,0,4,0,0,0.095238095,NA,NA,"Ptarmagin",1,0,0,0,206.549982,"West","26B","Low Shrub","Low Shrub","Sandy Gravel","Mesic",0,819.661011,150,1.610195,-149.326989,68.400547,0.466716319416765,1.59474893993309,"268-3-B-SAPU_1990",10.3273150126139,-10.3280091981093,258.909729003906,136,6.33333349227905,-13.0666667384406,1.70000004768372,11.0333334604899,7.10000002384186,0.825000014776985,32.4599995017052,304.229997634888,137.700004577637,2,"26B_1990",1.35
"5895","282-3-D-SAPU",1990,0.120333333333333,1.67332315342544,11,1979,23,"282-3","SAPU",49,26,10,0,9,0,0,0,0,0,0,NA,NA,NA,0,0,0,0,571.732475,"West","26B","Low Shrub","Low Shrub-Tussock Tundra","Clay Loam","Mesic",0,823.876221,27,3.830761,-149.53038,68.583298,-0.142232096764366,0.867419907766685,"282-3-D-SAPU_1990",10.8000001907349,-10.0416665176551,229,123,10.7333335876465,-9.53333351016045,5.76666688919067,15.7333335876465,25.8000001907349,1.08333333954215,48.979999423027,266.829995989799,113.400001525879,2,"26B_1990",1.35
"5896","282-4-D-SAPU",1990,0.198,2.84394559921808,13,1977,23,"282-4","SAPU",59,31,18,0,12,0,0,0,0,0,0,NA,NA,NA,0,0,0,0,597.547448,"West","26B","Tussock Tundra (Low shrub or Herbaceous)","Low Shrub-Tussock Tundra","Clay Loam","Mesic",0,823.620117,358,4.137664,-149.531178,68.583423,0.710734283118294,2.03548533256023,"282-4-D-SAPU_1990",10.8000001907349,-10.0416665176551,229,123,10.7333335876465,-9.53333351016045,5.76666688919067,15.7333335876465,25.8000001907349,1.08333333954215,48.979999423027,266.829995989799,113.400001525879,2,"26B_1990",1.35
"5897","72-1-D-SAPU",1990,0.168,0.98537938535436,14,1976,2,"72-1","SAPU",68,54,18,0,8,0,1,0,0,0.125,0,NA,"Hare",NA,1,0,0,0,895.937772,"West","20F","Tussock Tundra (Low shrub or Herbaceous)","Black Spruce Woodland","Clay Loam","Mesic",0,130.808105,148,1.606934,-150.14017,66.022623,-0.206082327478837,0.813766078215485,"72-1-D-SAPU_1990",15.9673643112183,-6.4961108888189,120.413414001465,139.329273223877,13.5000003178914,-6.47500020265579,8.03333361943563,19.0333340962728,104.400001049042,1.28333334252238,132.119996070862,242.47999663651,223.200008392334,2,"20F_1990",0.375
"5898","72-4-B-SAPU",1990,0.06325,0.597292881619422,19,1971,2,"72-4","SAPU",111,93,14,0,13,0,0,0,0,0,0,NA,NA,NA,0,0,0,0,844.255779,"West","20F","Tussock Tundra (Low shrub or Herbaceous)","Low Shrub-Tussock Tundra","Clay Loam","Mesic",0,132.260803,156,1.029158,-150.139994,66.023305,-0.117001977842521,0.88958343370573,"72-4-B-SAPU_1990",15.9673643112183,-6.4961108888189,120.413414001465,139.329273223877,13.5000003178914,-6.47500020265579,8.03333361943563,19.0333340962728,104.400001049042,1.28333334252238,132.119996070862,242.47999663651,223.200008392334,2,"20F_1990",0.375
"5899","209-2-D-SAPU",1989,0.03375,0.404526196291787,12,1977,16,"209-2","SAPU",53,41,8,0,11,0,0,0,0,0,0,NA,NA,NA,0,0,0,0,728.528855,"East","24A","Low Shrub","Black Spruce Woodland","Sandy Loam","Mesic - Xeric",0,561.911133,287,21.070175,-149.692261,67.656,-1.39406132553477,0.248065780128332,"209-2-D-SAPU_1989",12.4273147583008,-7.41397500038147,134,109,9.53333346048991,-9.75000001986822,4.86666679382324,14.2666670481364,23.0999997854233,0.891666666294138,70.2799980044365,277.849996805191,139.400001525879,2,"24A_1989",1.25
"5900","209-3-B-SAPU",1989,0.09625,0.765092675630511,13,1976,16,"209-3","SAPU",59,53,15,0,17,0,1,0,0,0.058823529,0,NA,"Hare",NA,1,0,1,0,711.058695,"East","24A","Low Shrub","Black Spruce Woodland","Sandy Loam","Mesic - Xeric",0,553.430786,276,18.070417,-149.69261,67.656251,-0.602216408254039,0.547596592467641,"209-3-B-SAPU_1989",12.4273147583008,-7.41397500038147,134,109,9.53333346048991,-9.75000001986822,4.86666679382324,14.2666670481364,23.0999997854233,0.891666666294138,70.2799980044365,277.849996805191,139.400001525879,2,"24A_1989",1.25
"5901","261-2-C-SAPU",1989,0.17575,4.1414259176947,20,1969,21,"261-2","SAPU",91,67,27,0,29,0,0,3,0,0,0.103448276,NA,NA,"Ptarmagin",1,0,0,1,388.99561,"East","26B","Dwarf Shrub-Lichen","Low Shrub","Sandy Loam","Mesic",0,888.892761,295,13.025289,-149.351465,68.301786,1.91843448875717,6.81028853624945,"261-2-C-SAPU_1989",9.19827238718669,-10.2508640487989,236.546157836914,171.798996448517,6.53333330154419,-12.5083335389694,1.96666673074166,11.1666666666667,4.80000007152557,0.69166668318212,40.7999997138977,303.449998855591,139.500003814697,2,"26B_1989",1.42
"5902","268-3-B-SAPU",1989,0.1165,3.25827533173492,11,1978,22,"268-3","SAPU",106,41,14,0,42,0,0,4,0,0,0.095238095,NA,NA,"Ptarmagin",1,0,0,0,206.549982,"West","26B","Low Shrub","Low Shrub","Sandy Gravel","Mesic",0,819.661011,150,1.610195,-149.326989,68.400547,0.524154357871715,1.68902992942296,"268-3-B-SAPU_1989",10.3273150126139,-9.62876140574614,251.045135498047,150,6.53333330154419,-12.5083335389694,1.96666673074166,11.1666666666667,4.80000007152557,0.69166668318212,40.7999997138977,303.449998855591,139.500003814697,2,"26B_1989",1.42
"5903","282-3-D-SAPU",1989,0.0843333333333333,1.22694163463033,10,1979,23,"282-3","SAPU",49,26,10,0,9,0,0,0,0,0,0,NA,NA,NA,0,0,0,0,571.732475,"West","26B","Low Shrub","Low Shrub-Tussock Tundra","Clay Loam","Mesic",0,823.876221,27,3.830761,-149.53038,68.583298,-0.63656536909506,0.529106592614898,"282-3-D-SAPU_1989",10.7999998728434,-9.32499993592501,249,131,10.9333337148031,-8.96666665375233,5.96666669845581,16,26.8000000715256,0.966666686659058,61.6599998474121,267.889997005463,135.700000762939,2,"26B_1989",1.42
"5904","282-4-D-SAPU",1989,0.1795,2.79110165459021,12,1977,23,"282-4","SAPU",59,31,18,0,12,0,0,0,0,0,0,NA,NA,NA,0,0,0,0,597.547448,"West","26B","Tussock Tundra (Low shrub or Herbaceous)","Low Shrub-Tussock Tundra","Clay Loam","Mesic",0,823.620117,358,4.137664,-149.531178,68.583423,0.537413833063904,1.71157471558154,"282-4-D-SAPU_1989",10.7999998728434,-9.32499993592501,249,131,10.9333337148031,-8.96666665375233,5.96666669845581,16,26.8000000715256,0.966666686659058,61.6599998474121,267.889997005463,135.700000762939,2,"26B_1989",1.42
"5905","72-1-D-SAPU",1989,0.14475,0.991231583419375,13,1976,2,"72-1","SAPU",68,54,18,0,8,0,1,0,0,0.125,0,NA,"Hare",NA,1,0,0,0,895.937772,"West","20F","Tussock Tundra (Low shrub or Herbaceous)","Black Spruce Woodland","Clay Loam","Mesic",0,130.808105,148,1.606934,-150.14017,66.022623,-0.343265185729914,0.709450050583007,"72-1-D-SAPU_1989",15.2668568293254,-6.00592929124832,110.310771942139,110.247561454773,13.0000003178914,-6.14166694879532,7.9333332379659,18.1666673024495,89.5000019073486,1.04166667784254,116.649997234344,247.429996982217,159.400001525879,2,"20F_1989",0.375
"5906","72-4-B-SAPU",1989,0.064,0.629960536478232,18,1971,2,"72-4","SAPU",111,93,14,0,13,0,0,0,0,0,0,NA,NA,NA,0,0,0,0,844.255779,"West","20F","Tussock Tundra (Low shrub or Herbaceous)","Low Shrub-Tussock Tundra","Clay Loam","Mesic",0,132.260803,156,1.029158,-150.139994,66.023305,-0.168157520815606,0.845220684346394,"72-4-B-SAPU_1989",15.2668568293254,-6.00592929124832,110.310771942139,110.247561454773,13.0000003178914,-6.14166694879532,7.9333332379659,18.1666673024495,89.5000019073486,1.04166667784254,116.649997234344,247.429996982217,159.400001525879,2,"20F_1989",0.375
"5907","209-2-D-SAPU",1988,0.0315,0.384014934206041,11,1977,16,"209-2","SAPU",53,41,8,0,11,0,0,0,0,0,0,NA,NA,NA,0,0,0,0,728.528855,"East","24A","Low Shrub","Black Spruce Woodland","Sandy Loam","Mesic - Xeric",0,561.911133,287,21.070175,-149.692261,67.656,-1.61411749416018,0.199066270091431,"209-2-D-SAPU_1988",11.9894682566325,-6.99047974745433,115,82,8.5666667620341,-9.65000016490618,3.70000004768372,13.4666668574015,9.70000028610229,0.883333356430133,69.9599993228912,287.159999370575,120.000001907349,2,"24A_1988",1.29
"5908","209-3-B-SAPU",1988,0.10325,0.885447482888619,12,1976,16,"209-3","SAPU",59,53,15,0,17,0,1,0,0,0.058823529,0,NA,"Hare",NA,1,0,1,0,711.058695,"East","24A","Low Shrub","Black Spruce Woodland","Sandy Loam","Mesic - Xeric",0,553.430786,276,18.070417,-149.69261,67.656251,-0.610684674488972,0.542978977922604,"209-3-B-SAPU_1988",11.9894682566325,-6.99047974745433,115,82,8.5666667620341,-9.65000016490618,3.70000004768372,13.4666668574015,9.70000028610229,0.883333356430133,69.9599993228912,287.159999370575,120.000001907349,2,"24A_1988",1.29
"5909","261-2-C-SAPU",1988,0.2775,6.93423326074626,19,1969,21,"261-2","SAPU",91,67,27,0,29,0,0,3,0,0,0.103448276,NA,NA,"Ptarmagin",1,0,0,1,388.99561,"East","26B","Dwarf Shrub-Lichen","Low Shrub","Sandy Loam","Mesic",0,888.892761,295,13.025289,-149.351465,68.301786,2.33481620590844,10.3275616101208,"261-2-C-SAPU_1988",8.46283181508382,-10.0758641262849,185.862201690674,122.178261756897,5.56666668256124,-12.3416667580605,0.966666678587596,10.2000002861023,2.80000013113022,0.716666675483187,48.8199987411499,312.729996681213,120.200000762939,2,"26B_1988",1.465
"5910","268-3-B-SAPU",1988,0.04475,1.27423881602538,10,1978,22,"268-3","SAPU",106,41,14,0,42,0,0,4,0,0,0.095238095,NA,NA,"Ptarmagin",1,0,0,0,206.549982,"West","26B","Low Shrub","Low Shrub","Sandy Gravel","Mesic",0,819.661011,150,1.610195,-149.326989,68.400547,-0.598740972862206,0.549503039994211,"268-3-B-SAPU_1988",9.49548625946045,-9.50338528801998,194.045135498047,109,5.56666668256124,-12.3416667580605,0.966666678587596,10.2000002861023,2.80000013113022,0.716666675483187,48.8199987411499,312.729996681213,120.200000762939,2,"26B_1988",1.465
"5911","282-3-D-SAPU",1988,0.124,1.8851985445828,9,1979,23,"282-3","SAPU",49,26,10,0,9,0,0,0,0,0,0,NA,NA,NA,0,0,0,0,571.732475,"West","26B","Low Shrub","Low Shrub-Tussock Tundra","Clay Loam","Mesic",0,823.876221,27,3.830761,-149.53038,68.583298,-0.410510576512419,0.663311492394371,"282-3-D-SAPU_1988",9.8666664759318,-9.27500009909272,185,95,9.90000025431315,-8.8833335340023,5.06666668256124,14.8333333333333,20.4000004529953,0.941666682561239,75.67999792099,276.449998140335,111.300001144409,2,"26B_1988",1.465
"5912","282-4-D-SAPU",1988,0.141,2.33442325310297,11,1977,23,"282-4","SAPU",59,31,18,0,12,0,0,0,0,0,0,NA,NA,NA,0,0,0,0,597.547448,"West","26B","Tussock Tundra (Low shrub or Herbaceous)","Low Shrub-Tussock Tundra","Clay Loam","Mesic",0,823.620117,358,4.137664,-149.531178,68.583423,0.190721201627609,1.21012202499546,"282-4-D-SAPU_1988",9.8666664759318,-9.27500009909272,185,95,9.90000025431315,-8.8833335340023,5.06666668256124,14.8333333333333,20.4000004529953,0.941666682561239,75.67999792099,276.449998140335,111.300001144409,2,"26B_1988",1.465
"5913","72-1-D-SAPU",1988,0.16475,1.28837951725825,12,1976,2,"72-1","SAPU",68,54,18,0,8,0,1,0,0,0.125,0,NA,"Hare",NA,1,0,0,0,895.937772,"West","20F","Tussock Tundra (Low shrub or Herbaceous)","Black Spruce Woodland","Clay Loam","Mesic",0,130.808105,148,1.606934,-150.14017,66.022623,-0.235637302573482,0.790067177304629,"72-1-D-SAPU_1988",15.532621383667,-4.81496725479762,82.2081317901611,68.144923210144,12.9666668574015,-5.1666667064031,7.70000012715658,18.3000001907349,53.3000011444092,1.11666669572393,110.719996452332,250.58999799192,137,2,"20F_1988",0.375
"5914","72-4-B-SAPU",1988,0.06725,0.689680183877721,17,1971,2,"72-4","SAPU",111,93,14,0,13,0,0,0,0,0,0,NA,NA,NA,0,0,0,0,844.255779,"West","20F","Tussock Tundra (Low shrub or Herbaceous)","Low Shrub-Tussock Tundra","Clay Loam","Mesic",0,132.260803,156,1.029158,-150.139994,66.023305,-0.187961016124054,0.828647010475284,"72-4-B-SAPU_1988",15.532621383667,-4.81496725479762,82.2081317901611,68.144923210144,12.9666668574015,-5.1666667064031,7.70000012715658,18.3000001907349,53.3000011444092,1.11666669572393,110.719996452332,250.58999799192,137,2,"20F_1988",0.375
"5915","209-2-D-SAPU",1987,0.0275,0.340348367117465,10,1977,16,"209-2","SAPU",53,41,8,0,11,0,0,0,0,0,0,NA,NA,NA,0,0,0,0,728.528855,"East","24A","Low Shrub","Black Spruce Woodland","Sandy Loam","Mesic - Xeric",0,561.911133,287,21.070175,-149.692261,67.656,-1.91887554291063,0.146771908088215,"209-2-D-SAPU_1987",11.9894682566325,-6.79956531524658,111,77,8.66666682561239,-9.4166669373711,3.83333349227905,13.5333331425985,9.00000035762787,0.90833335245649,70.1099984645844,286.639998912811,118.400003433228,1,"24A_1987",1.33
"5916","209-3-B-SAPU",1987,0.123,1.1422453897334,11,1976,16,"209-3","SAPU",59,53,15,0,17,0,1,0,0,0.058823529,0,NA,"Hare",NA,1,0,1,0,711.058695,"East","24A","Low Shrub","Black Spruce Woodland","Sandy Loam","Mesic - Xeric",0,553.430786,276,18.070417,-149.69261,67.656251,-0.524047692845459,0.592118975095279,"209-3-B-SAPU_1987",11.9894682566325,-6.79956531524658,111,77,8.66666682561239,-9.4166669373711,3.83333349227905,13.5333331425985,9.00000035762787,0.90833335245649,70.1099984645844,286.639998912811,118.400003433228,1,"24A_1987",1.33
"5917","261-2-C-SAPU",1987,0.0915,2.39249402250826,18,1969,21,"261-2","SAPU",91,67,27,0,29,0,0,3,0,0,0.103448276,NA,NA,"Ptarmagin",1,0,0,1,388.99561,"East","26B","Dwarf Shrub-Lichen","Low Shrub","Sandy Loam","Mesic",0,888.892761,295,13.025289,-149.351465,68.301786,1.16627692716639,3.21001922803614,"261-2-C-SAPU_1987",8.56283203760783,-9.85761699080467,174.925415039062,121.178259372711,5.69999996821086,-12.1666669050852,1.16666671882073,10.266666730245,2.40000000596046,0.750000013659398,47.4199985861778,311.639996528625,124.900003433228,1,"26B_1987",1.33
"5918","268-3-B-SAPU",1987,0.043,1.23626226228107,9,1978,22,"268-3","SAPU",106,41,14,0,42,0,0,4,0,0,0.095238095,NA,NA,"Ptarmagin",1,0,0,0,206.549982,"West","26B","Low Shrub","Low Shrub","Sandy Gravel","Mesic",0,819.661011,150,1.610195,-149.326989,68.400547,-0.832451197718147,0.434981752209006,"268-3-B-SAPU_1987",9.59699090321859,-9.2946757376194,184,111,5.69999996821086,-12.1666669050852,1.16666671882073,10.266666730245,2.40000000596046,0.750000013659398,47.4199985861778,311.639996528625,124.900003433228,1,"26B_1987",1.33
"5919","282-3-D-SAPU",1987,0.124666666666667,1.99272533502282,8,1979,23,"282-3","SAPU",49,26,10,0,9,0,0,0,0,0,0,NA,NA,NA,0,0,0,0,571.732475,"West","26B","Low Shrub","Low Shrub-Tussock Tundra","Clay Loam","Mesic",0,823.876221,27,3.830761,-149.53038,68.583298,-0.582482450579742,0.558510170317918,"282-3-D-SAPU_1987",10.1000000635783,-9.06666661798954,175,103,10.0000003178914,-8.70833326876163,5.36666663487752,14.7000001271566,23.7000002861023,0.941666688770056,82.1499977111816,273.529998421669,109.39999961853,1,"26B_1987",1.33
"5920","282-4-D-SAPU",1987,0.125,2.17398211628414,10,1977,23,"282-4","SAPU",59,31,18,0,12,0,0,0,0,0,0,NA,NA,NA,0,0,0,0,597.547448,"West","26B","Tussock Tundra (Low shrub or Herbaceous)","Low Shrub-Tussock Tundra","Clay Loam","Mesic",0,823.620117,358,4.137664,-149.531178,68.583423,-0.0645294036690814,0.937508547665676,"282-4-D-SAPU_1987",10.1000000635783,-9.06666661798954,175,103,10.0000003178914,-8.70833326876163,5.36666663487752,14.7000001271566,23.7000002861023,0.941666688770056,82.1499977111816,273.529998421669,109.39999961853,1,"26B_1987",1.33
"5921","72-1-D-SAPU",1987,0.05325,0.452895334883699,11,1976,2,"72-1","SAPU",68,54,18,0,8,0,1,0,0,0.125,0,NA,"Hare",NA,1,0,0,0,895.937772,"West","20F","Tussock Tundra (Low shrub or Herbaceous)","Black Spruce Woodland","Clay Loam","Mesic",0,130.808105,148,1.606934,-150.14017,66.022623,-1.44913788718794,0.234772601340381,"72-1-D-SAPU_1987",15.0356308619181,-4.71446434656779,89.3107738494873,69.0422821044922,12.6000000635783,-5.04166682561239,7.30000019073486,18,50.8000001013279,1.13333333966633,99.8899972438812,254.819999158382,126.200000762939,1,"20F_1987",0.375
"5922","72-4-B-SAPU",1987,0.09775,1.05314190264612,16,1971,2,"72-4","SAPU",111,93,14,0,13,0,0,0,0,0,0,NA,NA,NA,0,0,0,0,844.255779,"West","20F","Tussock Tundra (Low shrub or Herbaceous)","Low Shrub-Tussock Tundra","Clay Loam","Mesic",0,132.260803,156,1.029158,-150.139994,66.023305,0.118276618758193,1.12555541805074,"72-4-B-SAPU_1987",15.0356308619181,-4.71446434656779,89.3107738494873,69.0422821044922,12.6000000635783,-5.04166682561239,7.30000019073486,18,50.8000001013279,1.13333333966633,99.8899972438812,254.819999158382,126.200000762939,1,"20F_1987",0.375
"5923","209-2-D-SAPU",1986,0.06275,0.794404520486667,9,1977,16,"209-2","SAPU",53,41,8,0,11,0,0,0,0,0,0,NA,NA,NA,0,0,0,0,728.528855,"East","24A","Low Shrub","Black Spruce Woodland","Sandy Loam","Mesic - Xeric",0,561.911133,287,21.070175,-149.692261,67.656,-1.2747061963828,0.27951307811213,"209-2-D-SAPU_1986",11.1909729639689,-7.59047977129618,122,66,7.96666685740153,-10.1166666845481,3.0666667620341,12.9333333969116,8.40000033378601,0.891666687404116,67.9999982714653,291.439998149872,130.900001525879,NA,"24A_1986",NA
"5924","209-3-B-SAPU",1986,0.164,1.67086233599704,10,1976,16,"209-3","SAPU",59,53,15,0,17,0,1,0,0,0.058823529,0,NA,"Hare",NA,1,0,1,0,711.058695,"East","24A","Low Shrub","Black Spruce Woodland","Sandy Loam","Mesic - Xeric",0,553.430786,276,18.070417,-149.69261,67.656251,-0.327750104137374,0.720543057937982,"209-3-B-SAPU_1986",11.1909729639689,-7.59047977129618,122,66,7.96666685740153,-10.1166666845481,3.0666667620341,12.9333333969116,8.40000033378601,0.891666687404116,67.9999982714653,291.439998149872,130.900001525879,NA,"24A_1986",NA
"5925","261-2-C-SAPU",1986,0.3445,9.47967886318719,17,1969,21,"261-2","SAPU",91,67,27,0,29,0,0,3,0,0,0.103448276,NA,NA,"Ptarmagin",1,0,0,1,388.99561,"East","26B","Dwarf Shrub-Lichen","Low Shrub","Sandy Loam","Mesic",0,888.892761,295,13.025289,-149.351465,68.301786,2.43271671484528,11.3897828788981,"261-2-C-SAPU_1986",7.79827229181925,-10.5914771457513,180.988628387451,120.178262233734,4.86666679382324,-12.8916666209698,0.233333356678486,9.53333377838135,2.60000014305115,0.741666677718361,46.7099987268448,317.779998779297,128.100002288818,NA,"26B_1986",NA
"5926","268-3-B-SAPU",1986,0.0385,1.11674351136785,8,1978,22,"268-3","SAPU",106,41,14,0,42,0,0,4,0,0,0.095238095,NA,NA,"Ptarmagin",1,0,0,0,206.549982,"West","26B","Low Shrub","Low Shrub","Sandy Gravel","Mesic",0,819.661011,150,1.610195,-149.326989,68.400547,-1.16156879652107,0.312994770414935,"268-3-B-SAPU_1986",8.86215321222941,-10.0026329793036,188,108.045135498047,4.86666679382324,-12.8916666209698,0.233333356678486,9.53333377838135,2.60000014305115,0.741666677718361,46.7099987268448,317.779998779297,128.100002288818,NA,"26B_1986",NA
"5927","282-3-D-SAPU",1986,0.158666666666667,2.67742732040801,7,1979,23,"282-3","SAPU",49,26,10,0,9,0,0,0,0,0,0,NA,NA,NA,0,0,0,0,571.732475,"West","26B","Low Shrub","Low Shrub-Tussock Tundra","Clay Loam","Mesic",0,823.876221,27,3.830761,-149.53038,68.583298,-0.544981701720321,0.579852393544042,"282-3-D-SAPU_1986",9.30000019073486,-9.7333332374692,174,95,9.23333342870077,-9.36666675905387,4.50000007947286,14.0333337783813,17.900000333786,0.950000002980232,74.9199979305267,278.70999956131,108.200000762939,NA,"26B_1986",NA
"5928","282-4-D-SAPU",1986,0.1605,2.93534945207611,9,1977,23,"282-4","SAPU",59,31,18,0,12,0,0,0,0,0,0,NA,NA,NA,0,0,0,0,597.547448,"West","26B","Tussock Tundra (Low shrub or Herbaceous)","Low Shrub-Tussock Tundra","Clay Loam","Mesic",0,823.620117,358,4.137664,-149.531178,68.583423,0.0322827893754076,1.03280953157456,"282-4-D-SAPU_1986",9.30000019073486,-9.7333332374692,174,95,9.23333342870077,-9.36666675905387,4.50000007947286,14.0333337783813,17.900000333786,0.950000002980232,74.9199979305267,278.70999956131,108.200000762939,NA,"26B_1986",NA
"5929","72-1-D-SAPU",1986,0.044,0.387666250267673,10,1976,2,"72-1","SAPU",68,54,18,0,8,0,1,0,0,0.125,0,NA,"Hare",NA,1,0,0,0,895.937772,"West","20F","Tussock Tundra (Low shrub or Herbaceous)","Black Spruce Woodland","Clay Loam","Mesic",0,130.808105,148,1.606934,-150.14017,66.022623,-1.78870045540224,0.16717728289718,"72-1-D-SAPU_1986",14.3002856572469,-5.68163418769836,101.310773849487,75.0394296646118,11.9333333969116,-5.90000019470851,6.6333335240682,17.3000001907349,53.5000014305115,1.07500000608464,107.149996757507,258.449998021126,161.200000762939,NA,"20F_1986",NA
"5930","72-4-B-SAPU",1986,0.0685,0.773784218955906,15,1971,2,"72-4","SAPU",111,93,14,0,13,0,0,0,0,0,0,NA,NA,NA,0,0,0,0,844.255779,"West","20F","Tussock Tundra (Low shrub or Herbaceous)","Low Shrub-Tussock Tundra","Clay Loam","Mesic",0,132.260803,156,1.029158,-150.139994,66.023305,-0.314589072930275,0.730088825897579,"72-4-B-SAPU_1986",14.3002856572469,-5.68163418769836,101.310773849487,75.0394296646118,11.9333333969116,-5.90000019470851,6.6333335240682,17.3000001907349,53.5000014305115,1.07500000608464,107.149996757507,258.449998021126,161.200000762939,NA,"20F_1986",NA
"5931","209-2-D-SAPU",1985,0.0805,1.05534422454613,8,1977,16,"209-2","SAPU",53,41,8,0,11,0,0,0,0,0,0,NA,NA,NA,0,0,0,0,728.528855,"East","24A","Low Shrub","Black Spruce Woodland","Sandy Loam","Mesic - Xeric",0,561.911133,287,21.070175,-149.692261,67.656,-1.21811867457133,0.295786113738822,"209-2-D-SAPU_1985",11.0576394399007,-7.51510378718376,108,98,7.66666682561239,-10.1000001039356,2.96666661898295,12.3999999364217,25.8999999761581,0.883333349600434,76.7399994134903,291.86999797821,115.600002288818,NA,"24A_1985",NA
"5932","209-3-B-SAPU",1985,0.15025,1.67910842766409,9,1976,16,"209-3","SAPU",59,53,15,0,17,0,1,0,0,0.058823529,0,NA,"Hare",NA,1,0,1,0,711.058695,"East","24A","Low Shrub","Black Spruce Woodland","Sandy Loam","Mesic - Xeric",0,553.430786,276,18.070417,-149.69261,67.656251,-0.526280765830614,0.590798205444357,"209-3-B-SAPU_1985",11.0576394399007,-7.51510378718376,108,98,7.66666682561239,-10.1000001039356,2.96666661898295,12.3999999364217,25.8999999761581,0.883333349600434,76.7399994134903,291.86999797821,115.600002288818,NA,"24A_1985",NA
"5933","261-2-C-SAPU",1985,0.14625,4.24987094720305,16,1969,21,"261-2","SAPU",91,67,27,0,29,0,0,3,0,0,0.103448276,NA,NA,"Ptarmagin",1,0,0,1,388.99561,"East","26B","Dwarf Shrub-Lichen","Low Shrub","Sandy Loam","Mesic",0,888.892761,295,13.025289,-149.351465,68.301786,1.51338725144932,4.54208996776401,"261-2-C-SAPU_1985",7.66283162434896,-10.499810496966,156.115047454834,151.925417900085,4.60000014305115,-12.7750002543132,0.166666669150194,9.06666660308838,9.90000039339066,0.725000023841858,44.519998550415,318.599997520447,104.499998092651,NA,"26B_1985",NA
"5934","268-3-B-SAPU",1985,0.03325,0.971955163596054,7,1978,22,"268-3","SAPU",106,41,14,0,42,0,0,4,0,0,0.095238095,NA,NA,"Ptarmagin",1,0,0,0,206.549982,"West","26B","Low Shrub","Low Shrub","Sandy Gravel","Mesic",0,819.661011,150,1.610195,-149.326989,68.400547,-1.55828368369272,0.210497040846949,"268-3-B-SAPU_1985",8.69548638661703,-9.89505181709925,161,137,4.60000014305115,-12.7750002543132,0.166666669150194,9.06666660308838,9.90000039339066,0.725000023841858,44.519998550415,318.599997520447,104.499998092651,NA,"26B_1985",NA
"5935","282-3-D-SAPU",1985,0.170333333333333,3.05035066135183,6,1979,23,"282-3","SAPU",49,26,10,0,9,0,0,0,0,0,0,NA,NA,NA,0,0,0,0,571.732475,"West","26B","Low Shrub","Low Shrub-Tussock Tundra","Clay Loam","Mesic",0,823.876221,27,3.830761,-149.53038,68.583298,-0.712250289974274,0.490539099314482,"282-3-D-SAPU_1985",9.16666666666667,-9.61666670938333,149,124,9.00000015894572,-9.25833338002364,4.20000004768372,13.8666671117147,28.5000009536743,0.925000026201208,76.3699980974197,281.169999599457,88.5999984741211,NA,"26B_1985",NA
"5936","282-4-D-SAPU",1985,0.258,5.05771284486728,8,1977,23,"282-4","SAPU",59,31,18,0,12,0,0,0,0,0,0,NA,NA,NA,0,0,0,0,597.547448,"West","26B","Tussock Tundra (Low shrub or Herbaceous)","Low Shrub-Tussock Tundra","Clay Loam","Mesic",0,823.620117,358,4.137664,-149.531178,68.583423,0.348928706697688,1.41754812505237,"282-4-D-SAPU_1985",9.16666666666667,-9.61666670938333,149,124,9.00000015894572,-9.25833338002364,4.20000004768372,13.8666671117147,28.5000009536743,0.925000026201208,76.3699980974197,281.169999599457,88.5999984741211,NA,"26B_1985",NA
"5937","72-1-D-SAPU",1985,0.0975,0.902375365853864,9,1976,2,"72-1","SAPU",68,54,18,0,8,0,1,0,0,0.125,0,NA,"Hare",NA,1,0,0,0,895.937772,"West","20F","Tussock Tundra (Low shrub or Herbaceous)","Black Spruce Woodland","Clay Loam","Mesic",0,130.808105,148,1.606934,-150.14017,66.022623,-1.14726841764535,0.317502871166763,"72-1-D-SAPU_1985",14.1986853281657,-5.91599718729655,101.371131896973,107.2024269104,11.6333335240682,-6.11666689316432,6.69999996821086,16.6000006993612,85.5000019073486,1.04166666852931,119.029996871948,258.200000166893,147.400001525879,NA,"20F_1985",NA
"5938","72-4-B-SAPU",1985,0.06975,0.818198550545874,14,1971,2,"72-4","SAPU",111,93,14,0,13,0,0,0,0,0,0,NA,NA,NA,0,0,0,0,844.255779,"West","20F","Tussock Tundra (Low shrub or Herbaceous)","Low Shrub-Tussock Tundra","Clay Loam","Mesic",0,132.260803,156,1.029158,-150.139994,66.023305,-0.392004023313028,0.67570139539693,"72-4-B-SAPU_1985",14.1986853281657,-5.91599718729655,101.371131896973,107.2024269104,11.6333335240682,-6.11666689316432,6.69999996821086,16.6000006993612,85.5000019073486,1.04166666852931,119.029996871948,258.200000166893,147.400001525879,NA,"20F_1985",NA
"5939","209-2-D-SAPU",1984,0.0945,1.2908364390629,7,1977,16,"209-2","SAPU",53,41,8,0,11,0,0,0,0,0,0,NA,NA,NA,0,0,0,0,728.528855,"East","24A","Low Shrub","Black Spruce Woodland","Sandy Loam","Mesic - Xeric",0,561.911133,287,21.070175,-149.692261,67.656,-1.27454766949357,0.279557391963277,"209-2-D-SAPU_1984",10.924306233724,-9.01510373751322,166,68,7.63333368301392,-11.500000278155,3.03333330154419,12.3000001907349,7.40000021457672,0.90833335618178,68.9299991130829,294.769998073578,161.300001144409,NA,"24A_1984",NA
"5940","209-3-B-SAPU",1984,0.13,1.56726203505961,8,1976,16,"209-3","SAPU",59,53,15,0,17,0,1,0,0,0.058823529,0,NA,"Hare",NA,1,0,1,0,711.058695,"East","24A","Low Shrub","Black Spruce Woodland","Sandy Loam","Mesic - Xeric",0,553.430786,276,18.070417,-149.69261,67.656251,-0.822655497236369,0.439263640979365,"209-3-B-SAPU_1984",10.924306233724,-9.01510373751322,166,68,7.63333368301392,-11.500000278155,3.03333330154419,12.3000001907349,7.40000021457672,0.90833335618178,68.9299991130829,294.769998073578,161.300001144409,NA,"24A_1984",NA
"5941","261-2-C-SAPU",1984,0.33575,10.2649499884317,15,1969,21,"261-2","SAPU",91,67,27,0,29,0,0,3,0,0,0.103448276,NA,NA,"Ptarmagin",1,0,0,1,388.99561,"East","26B","Dwarf Shrub-Lichen","Low Shrub","Sandy Loam","Mesic",0,888.892761,295,13.025289,-149.351465,68.301786,2.27060833662056,9.68529093946091,"261-2-C-SAPU_1984",7.52949889500936,-12.0341969430447,255.482944488525,120.115050792694,4.70000004768372,-14.2416666150093,0.333333333333333,9.10000022252401,2.60000014305115,0.775000024586916,50.7299995422363,319.48999786377,173.100004196167,NA,"26B_1984",NA
"5942","268-3-B-SAPU",1984,0.0735,2.17318179555561,6,1978,22,"268-3","SAPU",106,41,14,0,42,0,0,4,0,0,0.095238095,NA,NA,"Ptarmagin",1,0,0,0,206.549982,"West","26B","Low Shrub","Low Shrub","Sandy Gravel","Mesic",0,819.661011,150,1.610195,-149.326989,68.400547,-1.05131448605183,0.349478063012613,"268-3-B-SAPU_1984",8.56516218185425,-11.4530088504155,269,106.045135498047,4.70000004768372,-14.2416666150093,0.333333333333333,9.10000022252401,2.60000014305115,0.775000024586916,50.7299995422363,319.48999786377,173.100004196167,NA,"26B_1984",NA
"5943","282-4-D-SAPU",1984,0.23425,4.95438448804393,7,1977,23,"282-4","SAPU",59,31,18,0,12,0,0,0,0,0,0,NA,NA,NA,0,0,0,0,597.547448,"West","26B","Tussock Tundra (Low shrub or Herbaceous)","Low Shrub-Tussock Tundra","Clay Loam","Mesic",0,823.620117,358,4.137664,-149.531178,68.583423,0.0704348595718807,1.07297467312463,"282-4-D-SAPU_1984",9.06666644414266,-11.1916669433316,257,88,9.0666667620341,-10.7333336311082,4.40000001589457,13.7999998728434,17.8000001907349,0.950000026573737,79.7099974155426,282.139997959137,150.500007629395,NA,"26B_1984",NA
"5944","72-1-D-SAPU",1984,0.107,1.05904187909941,8,1976,2,"72-1","SAPU",68,54,18,0,8,0,1,0,0,0.125,0,NA,"Hare",NA,1,0,0,0,895.937772,"West","20F","Tussock Tundra (Low shrub or Herbaceous)","Black Spruce Woodland","Clay Loam","Mesic",0,130.808105,148,1.606934,-150.14017,66.022623,-1.21462105574339,0.296822472156127,"72-1-D-SAPU_1984",14.0326210657756,-6.78098078568776,114.313627243042,62.0817131996155,11.5333334604899,-7.01666667064031,6.46666669845581,16.6333335240682,57.8000012636185,1.12500001986821,105.389998435974,265.599997758865,170.200004577637,NA,"20F_1984",NA
"5945","72-4-B-SAPU",1984,0.1035,1.27043415097232,13,1971,2,"72-4","SAPU",111,93,14,0,13,0,0,0,0,0,0,NA,NA,NA,0,0,0,0,844.255779,"West","20F","Tussock Tundra (Low shrub or Herbaceous)","Low Shrub-Tussock Tundra","Clay Loam","Mesic",0,132.260803,156,1.029158,-150.139994,66.023305,-0.0950994071640567,0.909282540776711,"72-4-B-SAPU_1984",14.0326210657756,-6.78098078568776,114.313627243042,62.0817131996155,11.5333334604899,-7.01666667064031,6.46666669845581,16.6333335240682,57.8000012636185,1.12500001986821,105.389998435974,265.599997758865,170.200004577637,NA,"20F_1984",NA
"5946","209-2-D-SAPU",1983,0.128,1.83790710057371,6,1977,16,"209-2","SAPU",53,41,8,0,11,0,0,0,0,0,0,NA,NA,NA,0,0,0,0,728.528855,"East","24A","Low Shrub","Black Spruce Woodland","Sandy Loam","Mesic - Xeric",0,561.911133,287,21.070175,-149.692261,67.656,-1.21887936602136,0.295561197327906,"209-2-D-SAPU_1983",10.9894682566325,-7.96547988057137,124,39,7.70000012715658,-10.6000000933806,2.96666665871938,12.4666668574015,5.30000001192093,0.875000022351742,62.9899986684322,297.519999504089,120.600004196167,NA,"24A_1983",NA
"5947","209-3-B-SAPU",1983,0.1185,1.5211308885343,7,1976,16,"209-3","SAPU",59,53,15,0,17,0,1,0,0,0.058823529,0,NA,"Hare",NA,1,0,1,0,711.058695,"East","24A","Low Shrub","Black Spruce Woodland","Sandy Loam","Mesic - Xeric",0,553.430786,276,18.070417,-149.69261,67.656251,-1.11038401628162,0.329432429365057,"209-3-B-SAPU_1983",10.9894682566325,-7.96547988057137,124,39,7.70000012715658,-10.6000000933806,2.96666665871938,12.4666668574015,5.30000001192093,0.875000022351742,62.9899986684322,297.519999504089,120.600004196167,NA,"24A_1983",NA
"5948","261-2-C-SAPU",1983,0.32125,10.4847071434439,14,1969,21,"261-2","SAPU",91,67,27,0,29,0,0,3,0,0,0.103448276,NA,NA,"Ptarmagin",1,0,0,1,388.99561,"East","26B","Dwarf Shrub-Lichen","Low Shrub","Sandy Loam","Mesic",0,888.892761,295,13.025289,-149.351465,68.301786,2.15856395465285,8.65869444821999,"261-2-C-SAPU_1983",7.5961651802063,-10.9841974774996,181.925413131714,109.2414727211,4.83333333333333,-13.3333334922791,0.366666662196318,9.30000019073486,2.00000002980232,0.783333349972963,47.9899995326996,321.189999580383,117.10000038147,NA,"26B_1983",NA
"5949","282-4-D-SAPU",1983,0.3055,6.97934967284447,6,1977,23,"282-4","SAPU",59,31,18,0,12,0,0,0,0,0,0,NA,NA,NA,0,0,0,0,597.547448,"West","26B","Tussock Tundra (Low shrub or Herbaceous)","Low Shrub-Tussock Tundra","Clay Loam","Mesic",0,823.620117,358,4.137664,-149.531178,68.583423,0.115448897434122,1.12237715673013,"282-4-D-SAPU_1983",9.06666692097982,-10.1000000635783,178,62,9.13333320617676,-9.82500000794729,4.33333341280619,13.9333337148031,12.2000005245209,0.966666671137015,75.8899981975555,286.899998188019,105.100004196167,NA,"26B_1983",NA
"5950","72-1-D-SAPU",1983,0.09425,0.992436776901111,7,1976,2,"72-1","SAPU",68,54,18,0,8,0,1,0,0,0.125,0,NA,"Hare",NA,1,0,0,0,895.937772,"West","20F","Tussock Tundra (Low shrub or Herbaceous)","Black Spruce Woodland","Clay Loam","Mesic",0,130.808105,148,1.606934,-150.14017,66.022623,-1.53743004942458,0.214932758824448,"72-1-D-SAPU_1983",14.2000951766968,-5.85678455233574,86.3079204559326,47.0997869968414,11.766666730245,-6.22500010828177,6.56666660308838,17.0333331425985,33.300000667572,1.15833333320916,95.0299973487854,266.64999628067,149.900007247925,NA,"20F_1983",NA
"5951","72-4-B-SAPU",1983,0.0185,0.234173007401644,12,1971,2,"72-4","SAPU",111,93,14,0,13,0,0,0,0,0,0,NA,NA,NA,0,0,0,0,844.255779,"West","20F","Tussock Tundra (Low shrub or Herbaceous)","Low Shrub-Tussock Tundra","Clay Loam","Mesic",0,132.260803,156,1.029158,-150.139994,66.023305,-1.94071763204657,0.143600860212735,"72-4-B-SAPU_1983",14.2000951766968,-5.85678455233574,86.3079204559326,47.0997869968414,11.766666730245,-6.22500010828177,6.56666660308838,17.0333331425985,33.300000667572,1.15833333320916,95.0299973487854,266.64999628067,149.900007247925,NA,"20F_1983",NA
"5952","209-3-B-SAPU",1982,0.08625,1.16263177351117,6,1976,16,"209-3","SAPU",59,53,15,0,17,0,1,0,0,0.058823529,0,NA,"Hare",NA,1,0,1,0,711.058695,"East","24A","Low Shrub","Black Spruce Woodland","Sandy Loam","Mesic - Xeric",0,553.430786,276,18.070417,-149.69261,67.656251,-1.67682063930662,0.186967469097413,"209-3-B-SAPU_1982",11.2909723917643,-8.390479773283,171,80.0451354980469,7.96666653951009,-10.9916667540868,2.93333339691162,13.0333334604899,19.4000007212162,0.883333341528972,86.0499970912933,293.149998188019,184.900005340576,NA,"24A_1982",NA
"5953","261-2-C-SAPU",1982,0.3165,10.9638041464567,13,1969,21,"261-2","SAPU",91,67,27,0,29,0,0,3,0,0,0.103448276,NA,NA,"Ptarmagin",1,0,0,1,388.99561,"East","26B","Dwarf Shrub-Lichen","Low Shrub","Sandy Loam","Mesic",0,888.892761,295,13.025289,-149.351465,68.301786,2.06014121457554,7.847077853849,"261-2-C-SAPU_1982",7.92949835459391,-11.3331439197063,248.54615020752,144.988629341125,4.96666677792867,-13.608333637317,0.26666663090388,9.70000028610229,8.89999979734421,0.775000024586916,50.1099984645844,317.939997673035,176.800003051758,NA,"26B_1982",NA
"5954","72-1-D-SAPU",1982,0.16875,1.91633715752012,6,1976,2,"72-1","SAPU",68,54,18,0,8,0,1,0,0,0.125,0,NA,"Hare",NA,1,0,0,0,895.937772,"West","20F","Tussock Tundra (Low shrub or Herbaceous)","Black Spruce Woodland","Clay Loam","Mesic",0,130.808105,148,1.606934,-150.14017,66.022623,-1.17709121137397,0.30817384871292,"72-1-D-SAPU_1982",14.3335234324137,-6.70502670605977,136.521760940552,76.1420698165894,11.9333337148031,-6.92499999205271,6.50000015894572,17.4000005722046,62.3000001907349,1.10000002446274,127.029995918274,259.419999063015,202.200004577637,NA,"20F_1982",NA
"5955","72-4-B-SAPU",1982,0.139,1.82823937278107,11,1971,2,"72-4","SAPU",111,93,14,0,13,0,0,0,0,0,0,NA,NA,NA,0,0,0,0,844.255779,"West","20F","Tussock Tundra (Low shrub or Herbaceous)","Low Shrub-Tussock Tundra","Clay Loam","Mesic",0,132.260803,156,1.029158,-150.139994,66.023305,-0.0536902458011934,0.947725623031513,"72-4-B-SAPU_1982",14.3335234324137,-6.70502670605977,136.521760940552,76.1420698165894,11.9333337148031,-6.92499999205271,6.50000015894572,17.4000005722046,62.3000001907349,1.10000002446274,127.029995918274,259.419999063015,202.200004577637,NA,"20F_1982",NA
"5956","261-2-C-SAPU",1981,0.1205,4.33964450982341,12,1969,21,"261-2","SAPU",91,67,27,0,29,0,0,3,0,0,0.103448276,NA,NA,"Ptarmagin",1,0,0,1,388.99561,"East","26B","Dwarf Shrub-Lichen","Low Shrub","Sandy Loam","Mesic",0,888.892761,295,13.025289,-149.351465,68.301786,0.978769891469135,2.6611806866334,"261-2-C-SAPU_1981",6.76283168792725,-8.75814379254977,245.54615020752,142.051840782166,3.83333341280619,-11.0833335071802,-0.666666706403097,8.33333365122477,5.50000035762787,0.73333334363997,47.7499994039536,323.359998703003,158.900005340576,NA,"26B_1981",NA
"5957","72-4-B-SAPU",1981,0.08125,1.12488488327982,10,1971,2,"72-4","SAPU",111,93,14,0,13,0,0,0,0,0,0,NA,NA,NA,0,0,0,0,844.255779,"West","20F","Tussock Tundra (Low shrub or Herbaceous)","Low Shrub-Tussock Tundra","Clay Loam","Mesic",0,132.260803,156,1.029158,-150.139994,66.023305,-0.723409261706785,0.485095615697743,"72-4-B-SAPU_1981",13.2000948588053,-3.74897825717926,144.413412094116,94.0940799713135,10.9000002543132,-3.95833341280619,5.70000004768372,16.1333332061768,69.7000024318695,1.16666670019428,117.259996414185,258.659997701645,207.800003051758,NA,"20F_1981",NA
"5958","261-2-C-SAPU",1980,0.24375,9.05725579894607,11,1969,21,"261-2","SAPU",91,67,27,0,29,0,0,3,0,0,0.103448276,NA,NA,"Ptarmagin",1,0,0,1,388.99561,"East","26B","Dwarf Shrub-Lichen","Low Shrub","Sandy Loam","Mesic",0,888.892761,295,13.025289,-149.351465,68.301786,1.54652252405421,4.69511461289366,"261-2-C-SAPU_1980",7.42949835459391,-10.6003372073174,190.79899597168,134.051840782166,4.5,-12.9166667461395,-0.0333333015441895,9.0666667620341,6.10000014305115,0.775000015894572,49.1899989843369,323.939997673035,131.500003814697,NA,"26B_1980",NA
"5959","72-4-B-SAPU",1980,0.0925,1.33112945924028,9,1971,2,"72-4","SAPU",111,93,14,0,13,0,0,0,0,0,0,NA,NA,NA,0,0,0,0,844.255779,"West","20F","Tussock Tundra (Low shrub or Herbaceous)","Low Shrub-Tussock Tundra","Clay Loam","Mesic",0,132.260803,156,1.029158,-150.139994,66.023305,-0.758515921230443,0.468360996095605,"72-4-B-SAPU_1980",13.8987808227539,-5.62310266494751,110.313629150391,65.1420693397522,11.5666666030884,-5.82500013709068,6.23333342870076,16.9666668574015,51.2000007629395,1.23333337157965,101.739997386932,263.229997158051,155.800003051758,NA,"20F_1980",NA
"5960","261-2-C-SAPU",1979,0.109,4.1710124555585,10,1969,21,"261-2","SAPU",91,67,27,0,29,0,0,3,0,0,0.103448276,NA,NA,"Ptarmagin",1,0,0,1,388.99561,"East","26B","Dwarf Shrub-Lichen","Low Shrub","Sandy Loam","Mesic",0,888.892761,295,13.025289,-149.351465,68.301786,0.587068835284697,1.79870837032912,"261-2-C-SAPU_1979",8.82949876785278,-9.65033713728189,169.988628387451,133.304682731628,6.06666684150696,-11.7166667729616,1.1666667064031,11.0000003178914,5.20000000298023,0.816666669522723,50.3999991416931,309.349998474121,134.000001907349,NA,"26B_1979",NA
"5961","72-4-B-SAPU",1979,0.1305,1.9693968902934,8,1971,2,"72-4","SAPU",111,93,14,0,13,0,0,0,0,0,0,NA,NA,NA,0,0,0,0,844.255779,"West","20F","Tussock Tundra (Low shrub or Herbaceous)","Low Shrub-Tussock Tundra","Clay Loam","Mesic",0,132.260803,156,1.029158,-150.139994,66.023305,-0.5942583186544,0.55197180127624,"72-4-B-SAPU_1979",14.9000949859619,-5.46584655841192,94.3136291503906,104.2024269104,12.6666666666667,-5.33333335320155,7.13333368301392,18.2666670481364,74.8000032901764,1.25000003787378,110.879996657372,253.109997093678,139.100002288818,NA,"20F_1979",NA
"5962","261-2-C-SAPU",1978,0.247,9.72799034652693,9,1969,21,"261-2","SAPU",91,67,27,0,29,0,0,3,0,0,0.103448276,NA,NA,"Ptarmagin",1,0,0,1,388.99561,"East","26B","Dwarf Shrub-Lichen","Low Shrub","Sandy Loam","Mesic",0,888.892761,295,13.025289,-149.351465,68.301786,1.23046361232754,3.42281602820822,"261-2-C-SAPU_1978",7.73160552978516,-9.24200409650803,124.241470336914,130.178262710571,4.56666668256124,-11.7000002426406,-0.433333357175191,9.60000022252401,4.20000010728836,0.833333346992731,44.2299985289574,322.539999008179,98.5,NA,"26B_1978",NA
"5963","72-4-B-SAPU",1978,0.162,2.59363292135801,7,1971,2,"72-4","SAPU",111,93,14,0,13,0,0,0,0,0,0,NA,NA,NA,0,0,0,0,844.255779,"West","20F","Tussock Tundra (Low shrub or Herbaceous)","Low Shrub-Tussock Tundra","Clay Loam","Mesic",0,132.260803,156,1.029158,-150.139994,66.023305,-0.576778514894947,0.561704979239132,"72-4-B-SAPU_1978",14.6952648162842,-4.05763999621073,86.313627243042,90.142068862915,11.9666668574015,-4.400000055631,6.10000006357829,17.8666664759318,64.3000011444092,1.26666668492059,101.909997940063,259.649998784065,116.800001144409,NA,"20F_1978",NA
"5964","261-2-C-SAPU",1977,0.295,12.1207592583924,8,1969,21,"261-2","SAPU",91,67,27,0,29,0,0,3,0,0,0.103448276,NA,NA,"Ptarmagin",1,0,0,1,388.99561,"East","26B","Dwarf Shrub-Lichen","Low Shrub","Sandy Loam","Mesic",0,888.892761,295,13.025289,-149.351465,68.301786,1.2229339562884,3.39714018726504,"261-2-C-SAPU_1977",8.99827226003011,-10.2326171994209,131.241470336914,138.9886302948,5.86666663487752,-12.6083336422841,0.73333336909612,11.0000003178914,5.99999994039536,0.775000016515454,42.8999991416931,312.499997138977,99.3000011444092,NA,"26B_1977",NA
"5965","72-4-B-SAPU",1977,0.237,4.09146732956961,6,1971,2,"72-4","SAPU",111,93,14,0,13,0,0,0,0,0,0,NA,NA,NA,0,0,0,0,844.255779,"West","20F","Tussock Tundra (Low shrub or Herbaceous)","Low Shrub-Tussock Tundra","Clay Loam","Mesic",0,132.260803,156,1.029158,-150.139994,66.023305,-0.418603178918374,0.657965237948167,"72-4-B-SAPU_1977",16.1022974650065,-5.44586499532064,91.2081317901611,75.0394287109375,13.3666667938232,-5.70833333333333,7.23333326975505,19.5666675567627,61.3000013828278,1.24166668392718,117.419998168945,251.349999547005,130.300004959106,NA,"20F_1977",NA
"5966","261-2-C-SAPU",1976,0.2295,9.80770197692645,7,1969,21,"261-2","SAPU",91,67,27,0,29,0,0,3,0,0,0.103448276,NA,NA,"Ptarmagin",1,0,0,1,388.99561,"East","26B","Dwarf Shrub-Lichen","Low Shrub","Sandy Loam","Mesic",0,888.892761,295,13.025289,-149.351465,68.301786,0.753329912899659,2.12406119230187,"261-2-C-SAPU_1976",7.99827226003011,-10.8091973140836,160.05184173584,171.925416946411,5.00000007947286,-13.1500001301368,-0.133333350221316,10.1333335240682,15.5000002384186,0.783333353698254,50.0199986696243,321.779997825623,118.100002288818,NA,"26B_1976",NA
"5967","261-2-C-SAPU",1975,0.38475,17.1847849373475,6,1969,21,"261-2","SAPU",91,67,27,0,29,0,0,3,0,0,0.103448276,NA,NA,"Ptarmagin",1,0,0,1,388.99561,"East","26B","Dwarf Shrub-Lichen","Low Shrub","Sandy Loam","Mesic",0,888.892761,295,13.025289,-149.351465,68.301786,1.01651755074708,2.76355405032144,"261-2-C-SAPU_1975",7.89827187856038,-12.2758640348911,128.178260803223,128.178262710571,4.93333347638448,-14.5250000754992,0.233333316942056,9.66666682561239,3.40000015497208,0.708333338921269,44.8199977278709,319.510000228882,87.6000003814697,NA,"26B_1975",NA
